290.982 84.040
291.167 79.025
291.352 78.997
291.537 79.389
291.722 76.173
291.907 79.689
292.091 81.820
292.276 81.990
292.461 74.363
292.646 73.420
292.831 73.464
293.016 77.438
293.201 69.416
293.386 73.291
293.571 73.852
293.756 73.901
293.940 64.095
294.125 66.326
294.310 69.359
294.495 76.424
294.680 74.375
294.865 69.847
295.050 72.093
295.235 67.387
295.420 70.808
295.605 71.126
295.789 67.242
295.974 65.706
296.159 68.160
296.344 69.514
296.529 64.016
296.714 71.310
296.899 70.620
297.084 66.758
297.269 68.723
297.454 67.718
297.638 68.127
297.823 69.692
298.008 74.646
298.193 68.991
298.378 69.784
298.563 71.962
298.748 74.130
298.933 67.092
299.118 64.751
299.303 67.374
299.487 66.495
299.672 75.492
299.857 75.610
300.042 69.984
300.227 67.265
300.412 64.467
300.597 65.718
300.782 62.607
300.967 66.493
301.152 63.523
301.336 63.479
301.521 64.373
301.706 62.568
301.891 68.036
302.076 67.718
302.261 63.328
302.446 62.778
302.631 67.352
302.816 67.530
303.001 71.070
303.185 70.944
303.370 69.579
303.555 65.052
303.740 69.486
303.925 66.805
304.110 55.011
304.295 57.437
304.480 61.507
304.665 60.737
304.850 59.867
305.034 59.594
305.219 64.268
305.404 63.785
305.589 59.658
305.774 62.266
305.959 60.355
306.144 58.234
306.329 61.383
306.514 61.280
306.699 58.845
306.883 61.556
307.068 56.954
307.253 54.051
307.438 53.368
307.623 57.511
307.808 58.664
307.993 58.412
308.178 56.945
308.363 56.961
308.548 57.481
308.732 51.882
308.917 55.195
309.102 55.617
309.287 55.230
309.472 63.312
309.657 64.332
309.842 60.847
310.027 57.514
310.212 56.165
310.397 58.534
310.581 58.727
310.766 50.917
310.951 50.522
311.136 51.500
311.321 50.024
311.506 51.836
311.691 55.295
311.876 56.144
312.061 51.432
312.245 52.881
312.430 54.928
312.615 55.387
312.800 52.783
312.985 51.883
313.170 59.109
313.347 57.469
313.523 57.265
313.700 56.595
313.877 52.236
314.054 49.494
314.230 53.060
314.407 50.364
314.584 54.676
314.761 50.513
314.937 51.392
315.114 54.496
315.291 51.429
315.467 52.652
315.644 50.254
315.821 49.515
315.998 52.962
316.174 53.226
316.351 50.504
316.528 46.047
316.704 45.987
316.881 47.721
317.058 50.877
317.235 52.399
317.411 49.486
317.588 48.374
317.765 49.242
317.942 53.073
318.118 55.381
318.295 53.115
318.472 51.637
318.648 50.158
318.825 48.689
319.002 50.081
319.179 48.407
319.355 47.111
319.532 46.552
319.709 48.015
319.885 47.067
320.062 48.883
320.239 51.163
320.416 51.085
320.592 48.226
320.769 50.282
320.946 50.995
321.123 49.113
321.299 50.532
321.476 49.816
321.653 47.725
321.829 47.913
322.006 48.906
322.183 48.319
322.360 45.035
322.536 44.958
322.713 45.201
322.890 46.447
323.066 48.732
323.243 47.004
323.420 48.514
323.597 51.518
323.773 50.445
323.950 48.365
324.127 49.886
324.304 53.998
324.480 49.643
324.657 46.283
324.834 50.605
325.010 51.344
325.187 49.116
325.364 47.519
325.541 48.079
325.717 48.468
325.894 49.018
326.071 47.480
326.248 49.188
326.424 45.358
326.601 46.725
326.778 46.285
326.954 44.903
327.131 47.061
327.308 48.434
327.485 46.362
327.661 43.647
327.838 43.828
328.015 44.721
328.191 47.067
328.368 47.080
328.545 46.661
328.722 46.798
328.898 45.199
329.075 45.683
329.252 46.054
329.429 43.652
329.605 44.455
329.782 48.684
329.959 47.364
330.135 45.663
330.312 44.212
330.489 47.592
330.666 46.853
330.842 46.231
331.019 45.334
331.196 46.153
331.372 44.388
331.549 44.497
331.726 45.137
331.903 45.716
332.079 47.047
332.256 46.393
332.433 46.266
332.610 47.036
332.786 47.185
332.963 47.413
333.140 43.722
333.316 41.861
333.493 43.525
333.670 47.041
333.847 46.306
334.023 46.981
334.200 50.707
334.377 44.151
334.553 44.300
334.730 50.087
334.907 46.302
335.084 44.287
335.260 44.636
335.437 46.312
335.614 45.598
335.791 43.446
335.967 47.523
336.144 47.326
336.321 46.225
336.497 47.917
336.674 46.687
336.851 45.950
337.028 47.863
337.204 46.137
337.381 43.669
337.558 43.862
337.734 44.883
337.911 45.117
338.088 45.725
338.265 48.949
338.441 49.678
338.618 46.362
338.795 46.015
338.972 47.881
339.148 49.230
339.325 47.486
339.502 43.681
339.678 45.413
339.855 47.975
340.032 46.168
340.209 46.125
340.385 44.403
340.562 45.042
340.739 46.332
340.916 45.450
341.092 46.828
341.269 46.801
341.446 45.442
341.622 46.601
341.799 46.359
341.976 47.353
342.153 48.256
342.329 47.633
342.506 46.350
342.683 47.094
342.859 47.567
343.036 48.019
343.213 47.448
343.390 47.612
343.566 45.786
343.743 45.725
343.920 47.464
344.097 46.434
344.273 44.649
344.450 47.309
344.627 47.140
344.803 45.860
344.980 46.639
345.157 48.021
345.334 47.172
345.510 47.732
345.687 48.760
345.864 47.047
346.040 46.715
346.217 45.688
346.394 46.458
346.571 47.131
346.747 48.750
346.924 49.615
347.101 47.394
347.278 46.247
347.454 46.029
347.631 45.296
347.808 47.061
347.984 48.603
348.161 48.184
348.338 48.982
348.515 47.558
348.691 46.047
348.868 48.201
349.045 48.310
349.221 47.515
349.398 46.996
349.575 48.105
349.752 47.502
349.928 46.227
350.105 46.657
350.282 48.076
350.459 48.792
350.635 47.881
350.812 47.713
350.989 48.023
351.165 46.945
351.342 48.786
351.519 48.747
351.696 48.130
351.872 49.225
352.049 49.996
352.226 48.578
352.402 47.659
352.579 48.361
352.756 48.098
352.933 48.149
353.109 48.684
353.286 49.100
353.463 48.974
353.640 48.191
353.816 48.688
353.993 47.011
354.170 47.049
354.346 48.443
354.523 49.316
354.700 47.747
354.877 47.580
355.053 48.694
355.230 49.215
355.407 49.532
355.584 49.576
355.760 49.789
355.937 48.492
356.114 48.639
356.290 48.737
356.467 49.009
356.644 50.144
356.821 49.302
356.997 48.199
357.174 49.100
357.351 50.069
357.527 48.802
357.704 48.185
357.881 51.451
358.058 50.579
358.234 49.421
358.411 50.897
358.588 49.663
358.765 50.110
358.941 51.888
359.118 51.242
359.295 50.742
359.471 49.641
359.648 49.269
359.825 49.148
360.002 49.314
360.178 49.066
360.355 49.926
360.532 50.649
360.708 50.416
360.885 49.264
361.062 50.082
361.239 50.362
361.415 49.516
361.592 49.754
361.769 49.864
361.946 48.481
362.122 49.148
362.299 50.318
362.476 50.249
362.652 50.681
362.829 51.155
363.006 50.426
363.183 49.118
363.359 50.118
363.536 50.466
363.713 51.371
363.889 51.417
364.066 51.842
364.243 51.264
364.420 50.465
364.596 50.875
364.773 51.461
364.950 50.614
365.127 50.095
365.303 50.911
365.480 51.056
365.661 50.876
365.841 50.995
366.022 51.083
366.202 50.951
366.383 52.647
366.563 52.122
366.744 51.115
366.924 50.335
367.105 50.961
367.286 51.154
367.466 50.875
367.647 49.976
367.827 50.681
368.008 51.772
368.188 50.309
368.369 50.069
368.549 51.738
368.730 51.994
368.911 51.658
369.091 50.772
369.272 50.753
369.452 51.368
369.633 50.012
369.813 50.825
369.994 50.970
370.174 50.326
370.355 52.333
370.535 52.197
370.716 51.711
370.897 52.545
371.077 52.333
371.258 51.340
371.438 51.573
371.619 52.191
371.799 52.470
371.980 52.060
372.160 52.883
372.341 53.487
372.522 52.653
372.702 51.451
372.883 51.238
373.063 52.012
373.244 52.561
373.424 52.363
373.605 53.021
373.785 52.484
373.966 52.319
374.147 53.165
374.327 53.113
374.508 53.560
374.688 52.738
374.869 51.855
375.049 52.297
375.230 52.591
375.410 53.411
375.591 52.516
375.772 53.263
375.952 53.938
376.133 54.539
376.313 53.778
376.494 52.800
376.674 52.955
376.855 53.396
377.035 53.008
377.216 52.659
377.397 52.170
377.577 52.789
377.758 53.468
377.938 52.568
378.119 53.438
378.299 53.549
378.480 52.738
378.660 52.694
378.841 53.593
379.021 53.666
379.202 53.505
379.383 53.350
379.563 53.583
379.744 53.956
379.924 53.152
380.105 53.286
380.285 53.819
380.466 53.846
380.646 53.641
380.827 53.027
381.008 53.967
381.188 53.495
381.369 52.935
381.549 53.244
381.730 53.261
381.910 53.618
382.091 54.348
382.271 54.757
382.452 53.383
382.633 52.766
382.813 53.517
382.994 53.593
383.174 53.792
383.355 53.196
383.535 54.155
383.716 55.014
383.896 55.010
384.077 54.773
384.258 54.452
384.438 54.083
384.619 54.549
384.799 54.414
384.980 54.272
385.160 54.691
385.341 54.403
385.521 54.330
385.702 54.774
385.882 54.869
386.063 54.454
386.244 54.722
386.424 54.578
386.605 54.166
386.785 54.886
386.966 55.243
387.146 55.002
387.327 54.510
387.507 53.968
387.688 54.500
387.869 55.071
388.049 54.661
388.230 54.911
388.410 55.411
388.591 55.530
388.771 55.472
388.952 55.697
389.132 55.332
389.313 55.322
389.494 55.573
389.674 55.410
389.855 55.140
390.035 54.940
390.216 55.235
390.396 54.935
390.577 54.760
390.757 55.327
390.938 55.595
391.119 55.643
391.299 55.839
391.480 55.528
391.660 54.964
391.841 55.166
392.021 54.951
392.202 55.270
392.382 55.683
392.563 55.698
392.743 55.277
392.924 55.575
393.105 55.915
393.285 55.466
393.466 55.204
393.646 54.664
393.827 55.315
394.007 56.094
394.188 56.415
394.368 55.900
394.549 55.611
394.730 55.672
394.910 55.468
395.091 55.724
395.271 55.810
395.452 55.742
395.632 55.764
395.813 55.557
395.993 55.823
396.174 56.572
396.355 56.455
396.535 55.437
396.716 55.750
396.896 56.016
397.077 56.012
397.257 55.892
397.438 56.003
397.618 56.180
397.799 56.647
397.980 56.440
398.160 56.403
398.341 55.843
398.521 55.573
398.702 55.997
398.882 56.564
399.063 56.763
399.243 56.355
399.424 56.380
399.605 56.039
399.785 55.945
399.966 56.362
400.146 56.718
400.327 55.860
400.507 55.980
400.688 56.413
400.868 56.226
401.049 56.608
401.229 56.748
401.410 56.786
401.591 56.028
401.771 55.964
401.952 56.430
402.132 56.953
402.313 56.725
402.493 56.953
402.674 56.865
402.854 56.492
403.035 56.642
403.216 57.111
403.396 57.221
403.577 57.006
403.757 56.639
403.938 56.952
404.118 56.763
404.299 57.154
404.479 57.519
404.660 56.854
404.841 56.735
405.023 56.975
405.204 56.763
405.385 56.447
405.566 56.551
405.748 57.201
405.929 57.282
406.110 56.991
406.292 57.293
406.473 57.193
406.654 57.188
406.835 57.248
407.017 57.720
407.198 57.354
407.379 57.415
407.560 57.331
407.742 56.902
407.923 56.541
408.104 56.888
408.286 57.331
408.467 57.261
408.648 56.992
408.829 56.644
409.011 56.778
409.192 57.091
409.373 57.338
409.555 57.751
409.736 57.748
409.917 57.294
410.098 57.471
410.280 57.458
410.461 57.228
410.642 57.477
410.823 57.460
411.005 57.396
411.186 57.459
411.367 57.211
411.549 57.368
411.730 57.225
411.911 57.225
412.092 57.502
412.274 57.686
412.455 57.545
412.636 57.311
412.818 57.580
412.999 57.844
413.180 57.592
413.361 56.979
413.543 57.214
413.724 57.441
413.905 57.549
414.087 57.771
414.268 57.712
414.449 57.682
414.630 57.575
414.812 57.371
414.993 57.664
415.174 57.744
415.355 57.686
415.537 57.372
415.718 58.185
415.899 58.042
416.081 57.453
416.262 57.366
416.443 57.152
416.624 57.583
416.806 57.552
416.987 57.556
417.168 57.175
417.350 57.385
417.531 57.564
417.712 57.448
417.893 57.313
418.075 57.191
418.256 57.339
418.437 57.383
418.618 57.843
418.800 57.852
418.981 57.729
419.162 57.377
419.344 57.485
419.525 57.390
419.706 57.474
419.887 57.901
420.069 58.177
420.250 58.248
420.431 58.144
420.613 58.002
420.794 57.501
420.975 57.476
421.156 57.780
421.338 57.963
421.519 58.015
421.700 57.723
421.882 57.492
422.063 57.378
422.244 57.782
422.425 57.982
422.607 58.207
422.788 57.825
422.969 57.690
423.150 57.789
423.332 57.702
423.513 57.694
423.694 58.130
423.876 58.121
424.057 58.298
424.238 58.619
424.419 58.204
424.601 57.723
424.782 57.927
424.963 58.110
425.145 57.989
425.326 58.179
425.507 58.618
425.688 58.116
425.870 58.225
426.051 58.198
426.232 58.343
426.413 58.024
426.595 58.158
426.776 58.012
426.957 57.749
427.139 57.750
427.320 58.110
427.501 58.036
427.682 58.056
427.864 58.384
428.045 58.586
428.226 58.270
428.408 58.112
428.589 58.141
428.770 58.325
428.951 58.451
429.133 58.279
429.314 58.239
429.495 58.190
429.677 58.081
429.858 58.126
430.039 58.315
430.220 58.249
430.402 58.262
430.583 58.157
430.764 58.196
430.945 58.192
431.127 58.276
431.308 58.163
431.489 58.441
431.671 58.510
431.852 58.549
432.033 58.414
432.214 58.609
432.396 58.766
432.577 58.353
432.758 58.201
432.940 58.268
433.121 58.111
433.302 58.247
433.483 58.292
433.665 58.514
433.846 58.685
434.027 58.342
434.208 58.232
434.390 58.765
434.571 58.705
434.752 58.760
434.934 58.676
435.115 58.485
435.296 58.753
435.477 58.620
435.659 58.757
435.840 58.603
436.030 58.500
436.220 58.674
436.410 58.559
436.600 58.902
436.790 58.903
436.980 58.860
437.170 58.846
437.360 58.850
437.550 58.756
437.741 58.721
437.931 58.721
438.121 58.706
438.311 58.599
438.501 58.588
438.691 58.663
438.881 58.449
439.071 58.728
439.261 58.757
439.451 58.635
439.641 58.877
439.831 58.785
440.021 58.787
440.211 58.569
440.401 58.379
440.591 58.879
440.781 58.770
440.971 58.562
441.161 58.832
441.351 58.945
441.542 58.495
441.732 58.703
441.922 59.007
442.112 59.083
442.302 58.990
442.492 58.848
442.682 59.244
442.872 59.305
443.062 58.904
443.252 58.983
443.442 58.888
443.632 58.824
443.822 58.896
444.012 58.843
444.202 59.108
444.392 59.404
444.582 59.562
444.772 59.168
444.962 58.853
445.153 59.047
445.343 59.019
445.533 58.650
445.723 58.981
445.913 59.203
446.103 59.226
446.293 59.060
446.483 59.154
446.673 59.211
446.863 59.192
447.053 59.423
447.243 59.430
447.433 59.225
447.623 59.367
447.813 59.295
448.003 59.158
448.193 59.020
448.383 58.947
448.573 59.222
448.764 59.253
448.954 59.353
449.144 59.085
449.334 59.179
449.524 59.232
449.714 59.284
449.904 59.633
450.094 59.377
450.284 59.240
450.474 59.360
450.664 59.361
450.854 59.470
451.044 59.270
451.234 59.431
451.424 59.673
451.614 59.286
451.804 59.238
451.994 59.292
452.184 59.341
452.375 59.154
452.565 59.643
452.755 59.754
452.945 59.255
453.135 59.454
453.325 59.378
453.515 59.318
453.705 59.625
453.895 59.525
454.085 59.804
454.275 59.853
454.465 60.020
454.655 59.967
454.845 59.844
455.035 59.954
455.225 60.074
455.415 59.849
455.605 59.640
455.795 59.811
455.985 59.809
456.176 59.785
456.366 59.694
456.556 59.659
456.746 59.893
456.936 59.479
457.126 59.323
457.316 59.500
457.506 59.596
457.696 59.853
457.886 59.811
458.076 59.936
458.266 59.837
458.456 59.989
458.646 60.315
458.836 59.923
459.026 59.943
459.216 60.171
459.406 59.946
459.596 59.829
459.787 59.898
459.977 59.813
460.167 60.130
460.357 60.046
460.547 59.980
460.737 59.874
460.927 60.073
461.117 60.230
461.307 60.033
461.497 60.262
461.687 60.286
461.877 60.207
462.067 60.069
462.257 60.320
462.447 60.279
462.637 60.080
462.827 60.145
463.017 60.279
463.207 60.706
463.397 60.308
463.588 60.101
463.778 60.346
463.968 60.553
464.158 60.652
464.348 60.468
464.538 60.461
464.728 60.581
464.918 60.263
465.108 60.040
465.298 60.102
465.488 60.490
465.678 60.444
465.868 60.362
466.058 60.425
466.248 60.402
466.438 60.595
466.628 60.409
466.818 60.392
467.008 60.432
467.199 60.472
467.389 60.563
467.579 60.473
467.769 60.427
467.959 60.694
468.149 60.669
468.339 60.564
468.529 60.373
468.719 60.539
468.909 60.539
469.099 60.235
469.289 60.514
469.479 60.785
469.669 60.909
469.859 60.720
470.049 60.498
470.239 60.496
470.429 60.811
470.619 60.773
470.810 60.661
471.000 60.675
471.190 60.673
471.380 60.691
471.570 60.954
471.760 60.885
471.950 60.641
472.140 60.769
472.330 60.897
472.520 61.004
472.710 61.006
472.900 60.610
473.090 60.810
473.280 61.041
473.470 60.706
473.660 60.885
473.850 61.093
474.040 61.126
474.230 60.901
474.421 61.081
474.611 61.046
474.801 61.009
474.991 61.038
475.181 61.045
475.371 61.066
475.561 61.151
475.751 61.200
475.941 61.183
476.131 60.990
476.321 61.277
476.511 61.095
476.701 60.919
476.891 61.114
477.081 61.018
477.271 61.282
477.461 61.219
477.651 61.205
477.841 61.064
478.031 61.106
478.222 61.433
478.412 61.274
478.602 61.387
478.792 61.407
478.982 61.365
479.172 61.200
479.362 61.279
479.552 61.468
479.742 61.538
479.932 61.651
480.122 61.534
480.312 61.514
480.502 61.440
480.692 61.460
480.882 61.613
481.072 61.584
481.262 61.622
481.452 61.583
481.642 61.509
481.833 61.618
482.023 61.875
482.213 61.750
482.403 61.682
482.593 61.413
482.783 61.766
482.973 61.865
483.163 61.726
483.353 61.862
483.543 61.860
483.733 61.756
483.923 61.957
484.113 61.894
484.303 61.922
484.493 61.944
484.683 61.918
484.873 61.924
485.063 62.095
485.253 62.025
485.443 62.035
485.634 62.139
485.824 62.218
486.014 62.231
486.204 61.940
486.394 61.918
486.584 62.227
486.774 62.120
486.964 61.994
487.154 61.819
487.344 62.050
487.534 62.116
487.724 62.150
487.914 61.994
488.104 62.067
488.294 62.236
488.484 62.149
488.674 62.096
488.864 62.003
489.054 62.099
489.245 62.264
489.435 62.114
489.625 62.194
489.815 62.396
490.005 62.669
490.195 62.476
490.385 62.360
490.575 62.400
490.765 62.359
490.955 62.585
491.145 62.499
491.335 62.502
491.525 62.376
491.715 62.498
491.905 62.576
492.095 62.583
492.285 62.630
492.475 62.383
492.665 62.420
492.856 62.474
493.046 62.662
493.236 62.549
493.426 62.748
493.616 62.632
493.806 62.749
493.996 62.638
494.186 62.576
494.376 62.767
494.566 62.654
494.756 62.728
494.946 62.662
495.136 62.526
495.326 62.565
495.516 62.680
495.706 62.812
495.896 62.896
496.086 62.753
496.276 62.791
496.467 63.026
496.657 63.148
496.847 62.938
497.037 62.811
497.227 62.830
497.417 62.925
497.607 63.031
497.797 62.912
497.987 63.095
498.177 63.212
498.367 63.285
498.557 63.153
498.747 63.081
498.937 63.019
499.127 63.053
499.317 62.958
499.507 63.103
499.697 62.971
499.887 62.919
500.077 63.012
500.268 63.145
500.458 63.154
500.648 63.319
500.838 63.369
501.028 63.309
501.218 63.223
501.408 63.255
501.598 63.189
501.788 63.225
501.978 63.448
502.168 63.406
502.358 63.261
502.548 63.295
502.738 63.320
502.928 63.438
503.118 63.388
503.308 63.346
503.498 63.310
503.688 63.464
503.879 63.473
504.069 63.550
504.259 63.584
504.449 63.443
504.639 63.396
504.829 63.513
505.019 63.737
505.209 63.896
505.399 63.558
505.589 63.367
505.779 63.543
505.969 63.517
506.159 63.599
506.349 63.759
506.539 63.633
506.729 63.584
506.919 63.557
507.109 63.579
507.299 63.628
507.490 63.683
507.680 63.669
507.870 63.902
508.060 63.757
508.250 63.736
508.440 63.868
508.630 63.908
508.820 63.976
509.010 63.783
509.200 63.692
509.390 64.008
509.580 64.192
509.770 63.823
509.960 63.906
510.150 64.065
510.340 63.965
510.530 63.903
510.720 63.982
510.910 64.060
511.100 63.926
511.291 63.894
511.481 64.109
511.671 63.946
511.861 63.943
512.051 63.974
512.241 64.017
512.431 64.014
512.621 64.007
512.811 64.226
513.001 64.631
513.191 64.399
513.381 64.359
513.571 64.333
513.761 64.035
513.951 64.136
514.141 64.151
514.331 64.301
514.521 64.161
514.711 64.095
514.902 64.214
515.092 64.153
515.282 64.036
515.472 64.322
515.662 64.495
515.852 64.473
516.042 64.223
516.232 64.264
516.422 64.241
516.612 64.335
516.802 64.524
516.992 64.400
517.182 64.548
517.372 64.371
517.562 64.448
517.752 64.308
517.942 64.283
518.132 64.461
518.322 64.445
518.513 64.399
518.703 64.486
518.893 64.465
519.083 64.616
519.273 64.511
519.463 64.285
519.653 64.500
519.843 64.617
520.033 64.637
520.223 64.431
520.413 64.424
520.603 64.521
520.793 64.505
520.983 64.515
521.173 64.344
521.363 64.327
521.553 64.561
521.743 64.419
521.933 64.585
522.123 64.688
522.314 64.671
522.504 64.691
522.694 64.558
522.884 64.405
523.074 64.570
523.264 64.738
523.454 64.577
523.644 64.650
523.834 64.694
524.024 64.547
524.214 64.633
524.404 64.527
524.594 64.430
524.784 64.529
524.974 64.640
525.164 64.518
525.354 64.557
525.544 64.587
525.734 64.749
525.925 64.728
526.115 64.594
526.305 64.702
526.495 64.731
526.685 64.669
526.875 64.758
527.065 64.711
527.255 64.801
527.445 64.816
527.635 64.692
527.825 64.574
528.015 64.634
528.205 64.752
528.395 64.639
528.585 64.738
528.775 64.892
528.965 64.927
529.155 64.812
529.345 64.705
529.535 64.698
529.726 64.596
529.916 64.867
530.106 65.002
530.296 64.779
530.486 64.724
530.676 64.830
530.866 65.012
531.056 65.025
531.246 65.070
531.436 64.953
531.626 64.993
531.816 64.952
532.006 64.995
532.196 64.935
532.386 64.857
532.576 64.929
532.766 64.915
532.956 65.055
533.146 64.956
533.337 64.939
533.527 64.847
533.717 64.958
533.907 65.193
534.097 65.131
534.287 65.059
534.477 65.133
534.667 65.030
534.857 65.162
535.047 65.209
535.237 65.140
535.427 65.237
535.617 65.327
535.807 65.199
535.997 65.010
536.187 65.071
536.377 65.083
536.567 65.311
536.757 65.355
536.948 65.196
537.138 65.307
537.328 65.412
537.518 65.424
537.708 65.619
537.898 65.523
538.088 65.341
538.278 65.373
538.468 65.420
538.658 65.526
538.848 65.423
539.038 65.370
539.228 65.571
539.418 65.693
539.608 65.546
539.798 65.618
539.988 65.688
540.178 65.649
540.368 65.771
540.558 65.783
540.749 65.798
540.939 65.739
541.129 65.658
541.319 65.948
541.509 65.942
541.699 65.934
541.889 65.959
542.079 66.008
542.269 66.152
542.459 66.488
542.649 67.057
542.839 66.329
543.029 66.203
543.219 66.243
543.409 66.243
543.599 66.127
543.789 66.208
543.979 66.364
544.169 66.442
544.360 66.351
544.550 66.343
544.740 66.376
544.930 66.376
545.120 66.477
545.310 66.399
545.500 66.550
545.690 66.403
545.880 66.361
546.070 66.602
546.267 66.621
546.463 66.599
546.660 66.748
546.857 66.791
547.054 66.774
547.251 66.723
547.447 66.733
547.644 66.827
547.841 66.833
548.038 66.887
548.234 66.915
548.431 66.999
548.628 66.996
548.825 66.936
549.021 66.960
549.218 67.050
549.415 67.128
549.612 67.077
549.808 67.201
550.005 67.181
550.202 67.221
550.399 67.241
550.595 67.293
550.792 67.267
550.989 67.145
551.186 67.131
551.382 67.291
551.579 67.375
551.776 67.319
551.973 67.355
552.169 67.460
552.366 67.578
552.563 67.445
552.760 67.618
552.956 67.625
553.153 67.420
553.350 67.572
553.547 67.620
553.743 67.567
553.940 67.626
554.137 67.713
554.334 67.657
554.530 67.639
554.727 67.616
554.924 67.728
555.121 67.780
555.317 67.833
555.514 67.946
555.711 67.875
555.908 67.761
556.104 67.831
556.301 67.974
556.498 67.912
556.695 67.958
556.891 68.007
557.088 67.986
557.285 67.904
557.482 68.104
557.678 67.942
557.875 68.077
558.072 68.182
558.269 67.949
558.465 67.988
558.662 67.994
558.859 68.133
559.056 68.152
559.252 68.196
559.449 68.117
559.646 68.166
559.843 68.150
560.039 68.184
560.236 68.217
560.433 68.252
560.630 68.349
560.826 68.227
561.023 68.252
561.220 68.286
561.417 68.166
561.613 67.970
561.810 68.282
562.007 68.299
562.204 68.046
562.400 68.272
562.597 68.514
562.794 68.380
562.991 68.348
563.187 68.423
563.384 68.396
563.581 68.458
563.778 68.309
563.974 68.171
564.171 68.389
564.368 68.432
564.565 68.316
564.761 68.503
564.958 68.528
565.155 68.434
565.352 68.465
565.548 68.551
565.745 68.617
565.942 68.668
566.139 68.461
566.335 68.526
566.532 68.777
566.729 68.757
566.926 68.534
567.122 68.558
567.319 68.666
567.516 68.677
567.713 68.677
567.909 68.603
568.106 68.608
568.303 68.633
568.500 68.634
568.696 68.702
568.893 68.773
569.090 68.739
569.287 68.768
569.483 68.762
569.680 68.702
569.877 68.742
570.074 68.699
570.270 68.668
570.467 68.773
570.664 68.748
570.861 68.884
571.057 68.767
571.254 68.848
571.451 68.826
571.648 68.761
571.844 68.690
572.041 68.691
572.238 68.849
572.435 68.946
572.631 68.846
572.828 68.775
573.025 68.859
573.222 68.804
573.418 68.811
573.615 69.111
573.812 69.093
574.009 68.944
574.205 68.997
574.402 69.091
574.599 68.957
574.796 68.898
574.992 69.080
575.189 69.112
575.386 69.054
575.583 68.976
575.779 68.905
575.976 69.006
576.173 69.128
576.370 69.026
576.567 69.100
576.763 69.022
576.960 69.056
577.158 69.121
577.356 69.056
577.554 69.104
577.752 69.146
577.950 69.155
578.148 69.044
578.346 69.054
578.544 69.115
578.742 69.220
578.940 69.160
579.138 69.046
579.336 68.897
579.534 69.281
579.732 69.287
579.930 69.215
580.128 69.259
580.326 69.352
580.524 69.353
580.722 69.296
580.920 69.209
581.118 69.210
581.316 69.334
581.514 69.348
581.712 69.290
581.909 69.322
582.107 69.397
582.305 69.369
582.503 69.233
582.701 69.277
582.899 69.561
583.097 69.460
583.295 69.434
583.493 69.687
583.691 69.494
583.889 69.312
584.087 69.452
584.285 69.498
584.483 69.438
584.681 69.556
584.879 69.564
585.077 69.551
585.275 69.735
585.473 69.698
585.671 69.650
585.869 69.618
586.067 69.544
586.265 69.453
586.463 69.553
586.661 69.736
586.859 69.613
587.057 69.348
587.255 69.441
587.453 69.558
587.651 69.680
587.849 69.551
588.047 69.628
588.245 69.712
588.443 69.695
588.641 69.599
588.839 69.645
589.037 69.745
589.235 69.702
589.433 69.827
589.631 69.843
589.829 69.782
590.027 69.646
590.225 69.690
590.423 69.848
590.621 69.798
590.819 69.864
591.017 69.697
591.215 69.646
591.413 69.698
591.611 69.933
591.809 69.776
592.006 69.900
592.204 69.821
592.402 69.701
592.600 69.771
592.798 69.851
592.996 69.820
593.194 69.892
593.392 69.927
593.590 69.947
593.788 69.879
593.986 69.934
594.184 69.854
594.382 69.901
594.580 69.917
594.778 69.875
594.976 69.895
595.174 69.865
595.372 69.895
595.570 69.936
595.768 69.989
595.966 69.817
596.164 69.831
596.362 69.933
596.560 69.868
596.758 69.887
596.956 69.839
597.154 69.903
597.352 69.842
597.550 69.867
597.748 69.930
597.946 69.843
598.144 69.896
598.342 69.879
598.540 69.891
598.738 69.890
598.936 69.970
599.134 70.062
599.332 69.891
599.530 69.887
599.728 69.909
599.926 70.067
600.124 69.743
600.322 69.916
600.520 69.844
600.718 69.895
600.916 69.820
601.114 69.817
601.312 70.019
601.510 69.823
601.708 69.828
601.905 69.797
602.103 69.879
602.301 69.807
602.499 69.903
602.697 69.897
602.895 69.954
603.093 69.917
603.291 69.798
603.489 69.858
603.687 69.918
603.885 69.991
604.083 70.138
604.281 69.894
604.479 69.788
604.677 69.645
604.875 69.761
605.073 69.918
605.271 69.825
605.469 69.690
605.667 69.754
605.865 69.825
606.063 69.723
606.261 69.765
606.459 69.805
606.657 69.776
606.855 69.763
607.053 69.868
607.251 69.962
607.449 69.544
607.647 69.657
607.845 69.854
608.043 69.829
608.241 69.739
608.439 69.689
608.637 69.694
608.835 69.581
609.033 69.580
609.231 69.635
609.429 69.628
609.627 69.593
609.825 69.780
610.023 69.757
610.221 69.918
610.419 69.845
610.617 69.588
610.815 69.529
611.013 69.718
611.211 69.663
611.409 69.723
611.607 69.742
611.804 69.802
612.002 69.835
612.200 69.578
612.398 69.650
612.596 69.671
612.794 69.639
612.992 69.648
613.190 69.666
613.388 69.686
613.586 69.744
613.784 69.463
613.982 69.534
614.180 69.682
614.378 69.696
614.576 69.658
614.774 69.609
614.972 69.748
615.170 69.822
615.368 69.698
615.566 69.576
615.764 69.628
615.962 69.530
616.160 69.620
616.358 69.686
616.556 69.560
616.754 69.561
616.952 69.618
617.150 69.694
617.348 69.766
617.546 69.712
617.744 69.706
617.942 69.664
618.140 69.532
618.338 69.538
618.536 69.493
618.734 69.481
618.932 69.495
619.130 69.601
619.328 69.456
619.526 69.542
619.724 69.644
619.922 69.662
620.120 69.523
620.318 69.473
620.516 69.586
620.714 69.484
620.912 69.578
621.110 69.615
621.308 69.476
621.506 69.352
621.704 69.459
621.901 69.522
622.099 69.466
622.297 69.433
622.495 69.536
622.693 69.421
622.891 69.539
623.089 69.588
623.287 69.559
623.485 69.558
623.683 69.566
623.881 69.592
624.079 69.638
624.277 69.496
624.475 69.474
624.673 69.332
624.871 69.305
625.069 69.547
625.267 69.612
625.465 69.381
625.663 69.503
625.861 69.462
626.059 69.445
626.257 69.441
626.455 69.438
626.653 69.440
626.851 69.370
627.049 69.376
627.247 69.406
627.445 69.376
627.643 69.326
627.841 69.318
628.039 69.210
628.237 69.300
628.435 69.544
628.633 69.572
628.831 69.334
629.029 69.362
629.227 69.463
629.425 69.486
629.623 69.390
629.821 69.427
630.019 69.388
630.217 69.191
630.415 69.392
630.613 69.470
630.811 69.502
631.009 69.465
631.207 69.434
631.405 69.393
631.603 69.414
631.801 69.426
631.998 69.448
632.196 69.411
632.394 69.301
632.592 69.456
632.790 69.446
632.988 69.244
633.186 69.139
633.384 69.302
633.582 69.375
633.780 69.343
633.978 69.366
634.176 69.510
634.374 69.305
634.572 69.243
634.770 69.220
634.968 69.264
635.166 69.518
635.364 69.390
635.562 69.121
635.760 69.322
635.958 69.374
636.156 69.309
636.354 69.288
636.552 69.221
636.750 69.185
636.948 69.167
637.146 69.264
637.344 69.307
637.542 69.326
637.740 69.189
637.938 69.109
638.136 69.251
638.334 69.389
638.532 69.413
638.730 69.401
638.928 69.253
639.126 69.511
639.324 69.735
639.522 69.189
639.720 69.461
639.918 69.336
640.116 69.347
640.314 69.227
640.512 69.366
640.710 69.408
640.908 69.267
641.106 69.223
641.304 69.262
641.502 69.276
641.699 69.317
641.897 69.206
642.095 69.200
642.293 69.213
642.491 69.216
642.689 69.277
642.887 69.231
643.085 69.242
643.283 69.197
643.481 69.287
643.679 69.272
643.877 69.323
644.075 69.198
644.273 69.136
644.471 69.104
644.669 69.124
644.867 69.235
645.065 69.327
645.263 69.169
645.461 69.236
645.659 69.450
645.857 69.215
646.055 69.017
646.253 69.190
646.451 69.237
646.649 69.138
646.847 69.116
647.045 69.185
647.243 69.056
647.441 69.114
647.639 69.172
647.837 69.140
648.035 69.013
648.233 69.231
648.431 69.299
648.629 69.246
648.827 69.268
649.025 69.225
649.223 69.281
649.421 69.329
649.619 69.292
649.817 69.119
650.015 69.179
650.213 69.137
650.411 69.153
650.609 69.237
650.807 69.160
651.005 69.150
651.203 69.080
651.401 69.192
651.599 69.256
651.796 69.134
651.994 68.961
652.192 68.984
652.390 68.962
652.588 69.002
652.786 69.153
652.984 69.232
653.182 69.019
653.380 68.947
653.578 69.013
653.776 68.983
653.974 69.000
654.172 68.955
654.370 69.115
654.568 69.125
654.766 69.006
654.964 69.007
655.162 69.007
655.360 69.195
655.558 69.110
655.756 68.963
655.954 69.142
656.152 69.129
656.350 69.003
656.548 68.886
656.746 69.049
656.944 68.961
657.142 68.932
657.340 68.976
657.538 68.933
657.736 69.075
657.934 69.034
658.132 69.020
658.330 68.991
658.528 69.056
658.726 68.981
658.924 68.974
659.122 69.053
659.320 68.713
659.518 68.904
659.716 68.870
659.914 68.881
660.112 68.875
660.310 68.993
660.508 68.853
660.706 68.778
660.904 68.988
661.102 69.068
661.300 68.879
661.498 68.854
661.696 68.927
661.893 68.812
662.091 68.958
662.289 68.981
662.487 68.885
662.685 68.786
662.883 68.797
663.081 68.868
663.279 68.891
663.477 68.865
663.675 68.759
663.873 68.750
664.071 68.755
664.269 68.833
664.467 69.084
664.665 68.892
664.863 68.780
665.061 68.874
665.259 68.809
665.457 68.751
665.655 68.833
665.853 68.630
666.051 68.838
666.249 68.740
666.447 68.833
666.645 68.897
666.843 68.863
667.041 68.604
667.239 68.751
667.437 68.752
667.635 68.714
667.833 68.625
668.031 68.669
668.229 68.717
668.427 68.712
668.625 68.653
668.823 68.672
669.021 68.542
669.219 68.669
669.417 68.801
669.615 68.813
669.813 68.637
670.011 68.607
670.209 68.575
670.407 68.641
670.605 68.706
670.803 68.589
671.001 68.501
671.199 68.607
671.397 68.742
671.595 68.514
671.792 68.701
671.990 68.653
672.188 68.489
672.386 68.403
672.584 68.542
672.782 68.695
672.980 68.730
673.178 68.727
673.376 68.798
673.574 68.636
673.772 68.626
673.970 68.592
674.168 68.531
674.366 68.478
674.564 68.343
674.762 68.362
674.960 68.501
675.158 68.533
675.356 68.530
675.554 68.619
675.752 68.643
675.950 68.472
676.148 68.413
676.346 68.374
676.544 68.369
676.742 68.397
676.940 68.388
677.138 68.472
677.336 68.637
677.534 68.484
677.732 68.229
677.930 68.401
678.128 68.509
678.326 68.430
678.524 68.341
678.722 68.502
678.920 68.432
679.118 68.325
679.316 68.517
679.514 68.570
679.712 68.639
679.910 68.402
680.108 68.489
680.306 68.310
680.504 68.375
680.702 68.385
680.900 68.336
681.098 68.434
681.296 68.411
681.494 68.273
681.691 68.345
681.889 68.382
682.087 68.485
682.285 68.350
682.483 68.311
682.681 68.383
682.879 68.375
683.077 68.265
683.275 68.218
683.473 68.177
683.671 68.263
683.869 68.328
684.067 68.294
684.265 68.280
684.463 68.373
684.661 68.362
684.859 68.283
685.057 68.226
685.255 68.158
685.453 68.303
685.651 68.329
685.849 68.324
686.047 68.271
686.245 68.364
686.443 68.345
686.641 68.335
686.839 68.415
687.037 68.309
687.235 68.178
687.433 68.382
687.631 68.511
687.829 68.501
688.027 68.260
688.225 68.281
688.423 68.092
688.621 68.123
688.819 68.273
689.017 68.153
689.215 68.272
689.413 68.286
689.611 68.306
689.809 68.445
690.007 68.297
690.205 68.185
690.403 68.241
690.601 68.216
690.799 68.179
690.997 68.341
691.195 68.335
691.393 68.238
691.591 68.335
691.788 68.362
691.986 68.253
692.184 68.381
692.382 68.365
692.580 68.403
692.778 68.288
692.976 68.296
693.174 68.200
693.372 68.225
693.570 68.311
693.768 68.260
693.966 68.149
694.164 68.203
694.362 68.281
694.560 68.279
694.758 68.206
694.956 68.382
695.154 68.391
695.352 68.273
695.550 68.262
695.748 68.175
695.946 68.212
696.144 68.280
696.342 68.327
696.540 68.258
696.744 68.329
696.948 68.217
697.152 68.284
697.357 68.322
697.561 68.264
697.765 68.256
697.969 68.281
698.173 68.206
698.377 68.437
698.581 68.428
698.786 68.376
698.990 68.276
699.194 68.348
699.398 68.448
699.602 68.405
699.806 68.307
700.010 68.126
700.215 68.270
700.419 68.396
700.623 68.381
700.827 68.114
701.031 68.006
701.235 68.166
701.440 68.252
701.644 68.099
701.848 68.204
702.052 68.182
702.256 68.159
702.460 68.228
702.664 68.336
702.869 68.297
703.073 68.372
703.277 68.489
703.481 68.081
703.685 68.124
703.889 68.229
704.093 68.196
704.298 68.193
704.502 68.235
704.706 68.313
704.910 68.144
705.114 68.051
705.318 67.946
705.522 68.084
705.727 68.129
705.931 68.180
706.135 67.989
706.339 68.119
706.543 68.198
706.747 68.370
706.951 68.333
707.156 68.147
707.360 68.078
707.564 68.056
707.768 68.356
707.972 68.556
708.176 68.328
708.380 68.265
708.585 68.188
708.789 68.228
708.993 68.223
709.197 68.216
709.401 68.212
709.605 68.198
709.810 68.013
710.014 68.180
710.218 68.134
710.422 68.015
710.626 68.318
710.830 68.254
711.034 68.232
711.239 68.381
711.443 68.350
711.647 68.412
711.851 68.039
712.055 68.097
712.259 68.070
712.463 68.034
712.668 68.044
712.872 68.030
713.076 68.007
713.280 68.261
713.484 68.128
713.688 68.199
713.892 68.210
714.097 68.202
714.301 68.466
714.505 68.418
714.709 68.098
714.913 68.165
715.117 68.277
715.321 68.312
715.526 68.171
715.730 68.178
715.934 68.117
716.138 68.057
716.342 67.966
716.546 68.161
716.750 68.225
716.955 67.991
717.159 68.153
717.363 68.172
717.567 68.101
717.771 68.240
717.975 68.303
718.180 68.273
718.384 68.136
718.588 68.075
718.792 68.375
718.996 68.348
719.200 68.153
719.404 68.271
719.609 68.296
719.813 68.397
720.017 68.379
720.221 68.168
720.425 68.058
720.629 68.163
720.833 68.084
721.038 67.990
721.242 68.149
721.446 68.230
721.650 68.234
721.854 68.364
722.058 68.122
722.262 68.080
722.467 68.080
722.671 68.006
722.875 68.184
723.079 68.323
723.283 68.262
723.487 67.955
723.691 68.023
723.896 68.173
724.100 67.932
724.304 68.086
724.508 68.172
724.712 68.212
724.916 68.220
725.120 68.164
725.325 68.043
725.529 68.293
725.733 68.179
725.937 68.039
726.141 67.897
726.345 67.943
726.550 67.950
726.754 68.241
726.958 68.070
727.162 68.130
727.366 68.097
727.570 68.007
727.774 67.955
727.979 68.158
728.183 68.242
728.387 68.045
728.591 68.290
728.795 68.075
728.999 68.018
729.203 68.282
729.408 68.197
729.612 68.095
729.816 68.005
730.020 67.838
730.224 67.892
730.428 67.958
730.632 68.206
730.837 68.052
731.041 67.726
731.245 67.799
731.449 67.858
731.653 67.828
731.857 67.877
732.061 68.018
732.266 68.080
732.470 68.180
732.674 68.026
732.878 67.926
733.082 68.028
733.286 68.069
733.490 67.917
733.695 67.931
733.899 68.228
734.103 68.340
734.307 68.474
734.511 68.167
734.715 67.956
734.920 67.943
735.124 68.104
735.328 68.195
735.532 67.907
735.736 68.000
735.940 67.919
736.144 68.003
736.349 68.198
736.553 68.040
736.757 68.268
736.961 68.354
737.165 68.126
737.369 68.235
737.573 68.141
737.778 68.036
737.982 68.330
738.186 68.110
738.390 68.115
738.594 68.050
738.798 67.975
739.002 67.989
739.207 68.047
739.411 68.061
739.615 67.988
739.819 68.184
740.023 68.193
740.227 68.117
740.431 68.198
740.636 68.106
740.840 68.108
741.044 68.253
741.248 68.254
741.452 68.083
741.656 68.083
741.860 68.096
742.065 68.091
742.269 68.089
742.473 68.320
742.677 68.426
742.881 68.131
743.085 67.847
743.290 67.822
743.494 68.018
743.698 67.993
743.902 67.824
744.106 67.859
744.310 68.102
744.514 68.252
744.719 68.175
744.923 67.924
745.127 68.013
745.331 68.143
745.535 68.248
745.739 68.023
745.943 68.193
746.148 67.991
746.352 68.219
746.556 68.089
746.760 67.911
746.964 67.982
747.168 67.915
747.372 67.995
747.577 68.128
747.781 68.015
747.985 68.205
748.189 68.511
748.393 68.320
748.597 67.995
748.801 68.248
749.006 68.216
749.210 68.152
749.414 68.054
749.618 68.081
749.822 68.147
750.026 68.276
750.230 68.364
750.435 68.003
750.639 68.245
750.843 68.359
751.047 68.013
751.251 68.089
751.455 68.085
751.660 68.043
751.864 68.146
752.068 68.297
752.272 68.162
752.476 68.031
752.680 67.914
752.884 68.081
753.089 67.902
753.293 68.048
753.497 68.139
753.701 68.067
753.905 68.355
754.109 68.197
754.313 68.224
754.518 68.202
754.722 67.915
754.926 68.183
755.130 67.942
755.334 68.119
755.538 68.199
755.742 68.051
755.947 68.257
756.151 68.143
756.355 68.158
756.559 68.076
756.763 68.084
756.967 68.139
757.171 68.143
757.376 68.137
757.580 67.979
757.784 68.147
757.988 68.257
758.192 68.415
758.396 68.078
758.600 67.788
758.805 68.224
759.009 67.875
759.213 67.935
759.417 68.346
759.621 68.145
759.825 68.021
760.030 68.171
760.234 68.490
760.438 68.486
760.642 68.342
760.846 68.262
761.050 68.196
761.254 68.075
761.459 67.869
761.663 68.024
761.867 68.124
762.071 68.146
762.275 68.057
762.479 67.936
762.683 68.209
762.888 68.152
763.092 68.038
763.296 68.073
763.500 68.013
763.709 68.066
763.918 68.137
764.126 68.225
764.335 68.005
764.544 68.284
764.753 68.255
764.962 68.327
765.171 68.199
765.379 68.186
765.588 68.176
765.797 68.294
766.006 68.170
766.215 68.210
766.424 68.173
766.632 68.196
766.841 68.098
767.050 68.193
767.259 68.099
767.468 68.073
767.677 67.997
767.885 68.032
768.094 68.282
768.303 68.210
768.512 68.416
768.721 68.277
768.929 67.909
769.138 68.042
769.347 68.245
769.556 68.431
769.765 68.195
769.974 68.035
770.182 68.420
770.391 68.305
770.600 68.330
770.809 68.118
771.018 68.134
771.227 68.158
771.435 68.240
771.644 68.015
771.853 68.178
772.062 68.270
772.271 68.073
772.480 67.931
772.688 68.156
772.897 68.193
773.106 68.130
773.315 67.864
773.524 68.091
773.732 68.147
773.941 68.206
774.150 68.438
774.359 68.396
774.568 68.345
774.777 68.397
774.985 68.559
775.194 68.445
775.403 68.057
775.612 67.996
775.821 68.319
776.030 68.162
776.238 68.247
776.447 68.132
776.656 68.419
776.865 68.397
777.074 68.221
777.283 68.336
777.491 68.303
777.700 68.323
777.909 68.271
778.118 68.233
778.327 68.274
778.535 68.182
778.744 67.932
778.953 67.920
779.162 67.970
779.371 68.140
779.580 68.311
779.788 68.301
779.997 68.503
780.206 68.353
780.415 67.842
780.624 68.133
780.833 68.395
781.041 68.490
781.250 68.147
781.459 67.796
781.668 68.052
781.877 68.071
782.086 68.424
782.294 68.321
782.503 68.213
782.712 68.328
782.921 68.315
783.130 67.963
783.338 68.234
783.547 68.299
783.756 68.106
783.965 68.156
784.174 68.377
784.383 68.480
784.591 68.220
784.800 68.531
785.009 68.699
785.218 68.543
785.427 68.508
785.636 68.530
785.844 68.237
786.053 68.231
786.262 68.200
786.471 68.095
786.680 68.315
786.889 68.297
787.097 68.336
787.306 68.498
787.515 68.206
787.724 68.252
787.933 68.322
788.141 68.353
788.350 68.355
788.559 68.373
788.768 68.469
788.977 68.563
789.186 68.537
789.394 68.645
789.603 68.418
789.812 68.149
790.021 68.197
790.230 68.512
790.439 68.570
790.647 68.380
790.856 68.203
791.065 68.358
791.274 68.189
791.483 68.381
791.692 68.338
791.900 68.071
792.109 68.202
792.318 68.266
792.527 68.437
792.736 68.360
792.944 68.170
793.153 68.231
793.362 68.695
793.571 68.836
793.780 68.482
793.989 68.320
794.197 68.266
794.406 68.608
794.615 68.577
794.824 68.462
795.033 68.677
795.242 68.478
795.450 68.450
795.659 68.360
795.868 68.509
796.077 68.367
796.286 68.384
796.495 68.447
796.703 68.598
796.912 68.470
797.121 68.537
797.330 68.331
797.539 68.350
797.747 68.500
797.956 68.321
798.165 68.595
798.374 68.626
798.583 68.342
798.792 68.177
799.000 68.460
799.209 68.724
799.418 68.362
799.627 68.134
799.836 68.505
800.045 68.372
800.253 68.125
800.462 68.316
800.671 68.407
800.880 68.226
801.089 68.674
801.298 68.237
801.506 68.324
801.715 68.219
801.924 68.487
802.133 68.686
802.342 68.498
802.550 68.488
802.759 68.478
802.968 68.663
803.177 68.426
803.386 68.565
803.595 68.474
803.803 68.581
804.012 68.490
804.221 68.383
804.430 68.738
804.639 68.578
804.848 68.676
805.056 68.722
805.265 68.540
805.474 68.272
805.683 68.182
805.892 68.665
806.101 68.758
806.309 68.618
806.518 68.504
806.727 68.696
806.936 68.637
807.145 68.783
807.353 68.334
807.562 68.337
807.771 68.560
807.980 68.710
808.189 68.922
808.398 68.625
808.606 68.743
808.815 68.750
809.024 68.621
809.233 68.167
809.442 68.139
809.651 68.380
809.859 68.442
810.068 68.126
810.277 68.169
810.486 68.308
810.695 68.196
810.904 68.332
811.112 68.779
811.321 68.527
811.530 68.344
811.740 68.412
811.949 68.426
812.159 68.755
812.368 68.297
812.578 68.323
812.787 68.312
812.997 68.261
813.206 68.268
813.416 68.439
813.625 68.734
813.835 69.057
814.044 69.211
814.254 68.758
814.463 68.911
814.673 68.875
814.882 68.508
815.092 68.371
815.301 68.664
815.511 68.565
815.720 68.877
815.930 68.616
816.139 68.824
816.349 68.501
816.558 68.333
816.768 68.221
816.977 68.480
817.187 68.239
817.396 68.290
817.606 68.704
817.815 68.618
818.025 68.527
818.234 68.657
818.444 68.577
818.653 68.711
818.863 68.726
819.072 68.796
819.282 68.631
819.491 68.705
819.701 68.633
819.910 68.161
820.120 68.230
820.329 68.339
820.539 68.173
820.748 68.551
820.958 68.710
821.167 68.411
821.377 68.436
821.586 68.287
821.796 68.205
822.005 68.439
822.215 68.647
822.424 68.700
822.634 68.544
822.843 68.088
823.053 68.380
823.262 68.820
823.472 68.563
823.681 68.917
823.891 68.727
824.100 68.189
824.310 68.184
824.519 68.415
824.729 68.613
824.938 68.751
825.148 68.928
825.357 68.606
825.567 68.167
825.776 68.020
825.986 68.201
826.195 68.773
826.405 68.744
826.614 68.624
826.824 68.559
827.033 68.423
827.243 68.462
827.452 68.787
827.662 68.973
827.871 68.690
828.081 68.536
828.290 68.632
828.500 68.504
828.709 68.622
828.919 68.870
829.128 68.939
829.338 68.525
829.547 68.246
829.757 68.420
829.966 68.521
830.176 68.279
830.385 67.939
830.595 68.046
830.804 68.320
831.014 68.389
831.223 68.368
831.433 68.324
831.642 68.571
831.852 68.290
832.061 68.136
832.271 68.371
832.480 68.132
832.690 68.537
832.899 68.398
833.109 68.006
833.318 68.602
833.528 69.103
833.737 68.503
833.947 68.464
834.156 68.558
834.366 68.285
834.575 68.121
834.785 68.124
834.994 68.510
835.204 68.458
835.413 67.966
835.623 68.074
835.832 68.545
836.042 68.899
836.251 68.071
836.461 67.984
836.670 68.273
836.880 68.575
837.089 68.883
837.299 68.660
837.508 68.140
837.718 68.751
837.927 68.248
838.137 68.401
838.346 68.535
838.556 68.564
838.765 68.451
838.975 68.758
839.184 68.390
839.394 68.498
839.603 68.524
839.813 68.681
840.022 68.785
840.232 68.505
840.441 68.628
840.651 68.584
840.860 68.226
841.070 68.383
841.279 68.551
841.489 68.672
841.698 68.808
841.908 68.793
842.117 68.682
842.327 68.495
842.536 68.472
842.746 68.470
842.955 67.967
843.165 68.062
843.374 68.114
843.584 68.326
843.793 68.487
844.003 68.238
844.212 68.340
844.422 68.284
844.631 68.348
844.841 68.430
845.050 68.646
845.260 68.524
845.469 68.078
845.679 68.019
845.888 68.710
846.098 68.837
846.307 68.498
846.517 68.757
846.726 68.493
846.936 68.328
847.145 68.262
847.355 68.168
847.564 68.192
847.774 68.179
847.983 68.555
848.193 68.763
848.402 68.644
848.612 68.524
848.821 69.213
849.031 70.106
849.240 68.448
849.450 68.343
849.659 68.597
849.869 68.352
850.078 68.547
850.288 68.456
850.497 68.232
850.707 68.032
850.916 68.518
851.126 67.750
851.335 67.918
851.545 68.007
851.754 68.225
851.964 68.281
852.173 68.503
852.383 68.557
852.592 68.081
852.802 68.512
853.011 68.626
853.221 68.525
853.430 68.699
853.640 68.392
853.849 68.392
854.059 68.421
854.268 68.106
854.478 68.396
854.687 68.148
854.897 68.360
855.106 68.324
855.316 68.539
855.525 68.508
855.735 68.304
855.944 68.260
856.154 68.011
856.363 68.114
856.573 68.317
856.782 68.264
856.992 67.904
857.201 68.603
857.411 68.480
857.620 68.771
857.830 68.636
858.039 69.035
858.249 68.223
858.458 67.658
858.668 68.376
858.877 68.561
859.087 68.101
859.296 67.620
859.506 68.330
859.715 68.266
859.925 68.495
860.134 68.995
860.344 68.783
860.553 68.235
860.763 68.208
860.972 68.119
861.182 67.786
861.391 67.863
861.601 67.693
861.810 68.005
862.020 67.923
862.229 68.419
862.439 68.382
862.648 67.408
862.858 67.505
863.067 68.176
863.277 68.343
863.486 68.213
863.696 68.731
863.905 68.370
864.115 68.135
864.324 67.963
864.534 67.964
864.743 68.180
864.953 68.093
865.162 68.705
865.372 68.618
865.581 68.458
865.791 68.552
866.000 68.253
866.210 68.252
866.419 67.345
866.629 67.398
866.838 68.204
867.048 68.009
867.257 68.927
867.467 68.865
867.676 68.068
867.886 67.979
868.095 68.595
868.305 68.850
868.514 68.407
868.724 68.456
868.933 68.598
869.143 68.403
869.352 67.654
869.562 68.157
869.771 67.594
869.981 67.693
870.190 67.804
870.400 67.820
870.609 68.370
870.819 68.429
871.028 67.768
871.238 68.235
871.447 68.517
871.657 68.258
871.866 68.302
872.076 68.716
872.285 68.691
872.495 68.326
872.704 67.944
872.914 67.525
873.123 68.037
873.333 67.788
873.542 67.897
873.752 68.420
873.961 68.262
874.171 68.138
874.380 68.104
874.590 67.676
874.799 68.413
875.009 68.337
875.218 68.110
875.428 68.408
875.637 67.932
875.847 68.364
876.056 68.728
876.266 68.508
876.475 68.381
876.685 68.897
876.894 69.121
877.104 68.448
877.313 68.501
877.523 68.288
877.732 68.539
877.942 68.860
878.151 68.758
878.361 68.560
878.570 68.202
878.780 67.861
878.989 67.802
879.199 68.302
879.408 67.745
879.618 67.791
879.827 67.987
880.037 68.363
880.246 69.156
880.456 68.651
880.665 68.077
880.875 69.015
881.084 68.723
881.294 68.591
881.503 68.084
881.713 68.067
881.922 68.485
882.132 68.683
882.341 68.725
882.551 68.435
882.760 68.139
882.970 67.579
883.179 67.670
883.389 68.453
883.598 68.279
883.808 68.247
884.017 68.022
884.227 68.675
884.436 68.263
884.646 68.241
884.855 67.826
885.065 68.072
885.274 67.169
885.484 67.344
885.693 68.350
885.903 68.146
886.112 67.839
886.322 68.211
886.531 68.814
886.741 68.632
886.950 67.361
887.160 68.042
887.369 68.022
887.579 67.833
887.788 68.083
887.998 67.778
888.207 67.815
888.417 67.390
888.626 67.305
888.836 67.280
889.045 67.611
889.255 68.071
889.464 67.934
889.674 66.760
889.883 66.482
890.093 67.823
890.302 68.112
890.512 67.990
890.721 67.249
890.931 66.944
891.140 67.577
891.350 67.582
891.559 68.482
891.769 68.643
891.978 67.529
892.188 67.582
892.397 67.569
892.607 68.350
892.816 67.910
893.026 67.772
893.235 68.147
893.445 68.045
893.654 68.021
893.864 67.403
894.073 66.242
894.283 66.722
894.492 67.849
894.702 67.853
894.911 67.694
895.121 67.316
895.330 67.037
895.540 67.753
895.749 68.065
895.959 68.161
896.168 68.016
896.378 67.558
896.587 67.801
896.797 68.285
897.006 67.745
897.216 66.823
897.425 67.233
897.635 68.453
897.844 67.809
898.054 67.067
898.263 67.537
898.473 67.172
898.682 67.054
898.892 67.354
899.101 66.849
899.311 67.267
899.520 67.128
899.730 67.350
899.939 68.470
900.149 68.465
900.358 67.298
900.568 66.974
900.777 67.087
900.987 66.874
901.196 67.469
901.406 67.228
901.615 67.555
901.825 67.907
902.034 67.149
902.244 67.253
902.453 67.137
902.663 66.833
902.872 67.291
903.082 67.134
903.291 67.351
903.501 67.563
903.710 67.096
903.920 66.623
904.129 67.032
904.339 67.628
904.548 68.048
904.758 66.930
904.967 67.659
905.177 67.283
905.386 67.043
905.596 67.391
905.805 67.463
906.015 67.712
906.224 67.585
906.434 67.755
906.643 67.631
906.853 68.245
907.062 68.008
907.272 67.330
907.481 68.076
907.691 67.455
907.900 66.663
908.110 67.421
908.319 67.334
908.529 67.592
908.738 68.102
908.948 67.441
909.157 67.400
909.367 66.475
909.576 66.939
909.786 66.582
909.995 66.797
910.205 66.366
910.414 66.726
910.624 67.923
910.833 67.957
911.043 67.756
911.252 66.658
911.462 66.846
911.672 67.666
911.881 67.440
912.091 66.482
912.300 67.452
912.512 67.516
912.724 66.922
912.937 66.866
913.149 67.277
913.361 67.688
913.573 66.487
913.786 67.364
913.998 68.301
914.210 68.273
914.422 67.397
914.634 66.906
914.847 66.822
915.059 66.953
915.271 66.984
915.483 67.083
915.696 67.163
915.908 68.120
916.120 67.274
916.332 67.401
916.544 67.148
916.757 66.605
916.969 66.984
917.181 66.710
917.393 67.776
917.606 68.269
917.818 67.695
918.030 67.374
918.242 67.788
918.454 67.622
918.667 67.018
918.879 67.021
919.091 67.241
919.303 66.942
919.516 66.988
919.728 66.649
919.940 66.448
920.152 66.921
920.364 66.482
920.577 66.641
920.789 66.671
921.001 67.898
921.213 67.078
921.426 66.413
921.638 66.996
921.850 66.784
922.062 66.927
922.274 68.212
922.487 68.116
922.699 67.260
922.911 66.251
923.123 67.015
923.336 67.664
923.548 67.352
923.760 66.827
923.972 67.611
924.184 67.161
924.397 67.760
924.609 67.646
924.821 67.625
925.033 67.179
925.246 67.687
925.458 66.695
925.670 66.840
925.882 67.564
926.094 67.491
926.307 67.321
926.519 67.568
926.731 68.136
926.943 67.885
927.156 66.943
927.368 65.898
927.580 66.251
927.792 67.590
928.004 67.325
928.217 66.716
928.429 67.248
928.641 67.681
928.853 68.099
929.066 68.437
929.278 67.708
929.490 67.856
929.702 68.177
929.914 68.401
930.127 68.286
930.339 68.422
930.551 67.767
930.763 67.898
930.976 67.736
931.188 67.304
931.400 67.550
931.612 67.630
931.824 67.804
932.037 67.346
932.249 67.489
932.461 67.346
932.673 67.642
932.886 67.850
933.098 67.744
933.310 68.906
933.522 67.876
933.734 67.571
933.947 67.971
934.159 68.243
934.371 68.216
934.583 67.415
934.796 68.238
935.008 68.332
935.220 66.229
935.432 65.662
935.644 65.626
935.857 65.940
936.069 65.861
936.281 66.435
936.493 66.068
936.706 67.467
936.918 67.514
937.130 67.471
937.342 68.160
937.554 68.062
937.767 67.558
937.979 68.703
938.191 67.061
938.403 67.355
938.616 69.105
938.828 69.827
939.040 68.974
939.252 67.545
939.464 67.805
939.677 65.818
939.889 68.559
940.101 69.328
940.313 68.301
940.526 68.887
940.738 68.613
940.950 67.320
941.162 65.945
941.374 67.390
941.587 68.707
941.799 68.252
942.011 66.615
942.223 65.926
942.436 69.146
942.648 71.420
942.860 67.998
943.072 67.298
943.284 66.711
943.497 65.809
943.709 67.707
943.921 68.880
944.133 68.282
944.346 68.962
944.558 68.465
944.770 68.582
944.982 68.545
945.194 69.303
945.407 69.462
945.619 68.996
945.831 68.231
946.043 67.952
946.256 68.461
946.468 67.976
946.680 66.892
946.892 68.187
947.104 68.586
947.317 69.279
947.529 68.918
947.741 67.749
947.953 68.431
948.166 68.307
948.378 70.102
948.590 69.166
948.802 69.614
949.014 68.960
949.227 66.900
949.439 69.766
949.651 70.353
949.863 69.406
950.076 68.736
950.288 69.996
950.500 68.945
950.712 69.566
950.924 70.150
951.137 69.032
951.349 69.031
951.561 69.620
951.773 70.113
951.986 68.881
952.198 72.257
952.410 73.270
952.622 70.203
952.834 75.647
953.047 74.766
953.259 68.167
953.471 67.611
953.683 66.388
953.896 65.318
954.108 67.943
954.320 66.515
954.532 67.109
954.744 68.237
954.957 69.614
955.169 70.235
955.381 68.084
955.593 66.526
955.806 67.901
956.018 69.104
956.230 68.060
956.442 69.182
956.654 67.055
956.867 65.904
957.079 68.121
957.291 69.556
957.503 68.613
957.716 68.595
957.928 67.437
958.140 69.231
958.352 70.703
958.564 70.596
958.777 68.614
958.989 69.352
959.201 66.723
959.413 67.945
959.626 67.783
959.838 65.465
960.050 67.200
960.262 70.383
960.474 71.563
960.687 66.915
960.899 65.241
961.111 68.392
961.323 68.700
961.536 68.813
961.748 72.063
961.960 70.992
962.172 69.424
962.384 69.989
962.597 67.826
962.809 67.447
963.021 65.757
963.233 65.265
963.446 66.680
963.658 69.486
963.870 70.785
964.082 69.804
964.294 67.870
964.507 67.204
964.719 65.978
964.931 70.174
965.143 71.768
965.356 69.070
965.568 69.323
965.780 69.738
966.000 69.277
966.221 70.132
966.441 69.902
966.662 68.251
966.882 71.130
967.103 70.823
967.323 67.136
967.543 68.045
967.764 69.321
967.984 69.006
968.205 67.937
968.425 67.239
968.645 67.960
968.866 69.296
969.086 65.575
969.307 64.561
969.527 66.934
969.748 65.404
969.968 65.130
970.188 71.832
970.409 70.795
970.629 70.630
970.850 69.353
971.070 67.423
971.290 67.956
971.511 66.662
971.731 68.172
971.952 71.654
972.172 67.450
972.393 68.428
972.613 69.966
972.833 70.195
973.054 68.834
973.274 66.011
973.495 68.846
973.715 69.525
973.936 68.657
974.156 70.948
974.376 68.830
974.597 67.307
974.817 69.712
975.038 70.698
975.258 67.470
975.478 68.440
975.699 69.425
975.919 67.987
976.140 68.717
976.360 70.762
976.581 72.215
976.801 73.155
977.021 70.233
977.242 68.038
977.462 66.005
977.683 63.860
977.903 67.784
978.123 67.794
978.344 64.285
978.564 67.965
978.785 73.740
979.005 73.180
979.226 73.782
979.446 69.329
979.666 68.424
979.887 70.721
980.107 71.164
980.328 71.710
980.548 69.672
980.769 68.739
980.989 71.143
981.209 71.338
981.430 72.213
981.650 71.890
981.871 71.143
982.091 66.855
982.311 68.000
982.532 71.657
982.752 67.846
982.973 66.345
983.193 65.040
983.414 69.964
983.634 67.219
983.854 68.094
984.075 68.775
984.295 69.271
984.516 70.664
984.736 69.756
984.956 67.130
985.177 67.106
985.397 68.706
985.618 65.159
985.838 70.725
986.059 70.037
986.279 69.563
986.499 70.418
986.720 71.616
986.940 71.482
987.161 68.455
987.381 66.916
987.602 65.737
987.822 67.791
988.042 72.787
988.263 67.320
988.483 64.509
988.704 66.306
988.924 68.833
989.144 67.455
989.365 66.956
989.585 66.089
989.806 66.218
990.026 69.704
990.247 70.494
990.467 69.466
990.687 68.892
990.908 67.627
991.128 68.639
991.349 71.938
991.569 69.317
991.789 74.465
992.010 72.267
992.230 69.677
992.451 69.876
992.671 70.360
992.892 73.444
993.112 74.099
993.332 69.230
993.553 65.442
993.773 70.642
993.994 76.052
994.214 72.811
994.435 69.582
994.655 69.292
994.875 71.278
995.096 68.716
995.316 68.452
995.537 68.531
995.757 69.763
995.977 71.227
996.198 75.334
996.418 70.664
996.639 63.300
996.859 62.106
997.080 65.683
997.300 60.676
997.520 64.912
997.741 68.864
997.961 63.956
998.182 61.475
998.402 66.726
998.622 65.649
998.843 61.091
999.063 61.541
999.284 62.552
999.504 65.029
999.725 71.729
999.945 72.757
1000.165 69.382
1000.386 72.422
1000.606 69.969
1000.827 66.640
1001.047 67.007
1001.268 70.161
1001.488 70.308
1001.708 68.902
1001.929 71.032
1002.149 68.730
1002.370 66.451
1002.590 74.658
1002.810 75.522
1003.031 67.970
1003.251 67.164
1003.472 60.754
1003.692 65.854
1003.913 72.354
1004.133 65.633
1004.353 71.851
1004.574 74.739
1004.794 73.612
1005.015 69.109
1005.235 64.862
1005.455 73.363
1005.676 75.562
1005.896 74.336
1006.117 76.043
1006.337 68.537
1006.558 64.994
1006.778 64.108
1006.998 62.732
1007.219 62.622
1007.439 65.177
1007.660 75.376
1007.880 66.890
1008.101 61.747
1008.321 70.024
1008.541 67.068
1008.762 70.493
1008.982 70.809
1009.203 64.421
1009.423 59.221
1009.643 71.754
1009.864 77.417
1010.084 76.847
1010.305 72.376
1010.525 65.199
1010.746 66.275
1010.966 66.145
1011.186 54.967
1011.407 65.576
1011.627 70.641
1011.848 66.627
1012.068 58.205
1012.288 55.429
1012.509 68.148
1012.729 62.512
1012.950 63.830
