200.182 78.520
200.437 77.783
200.691 77.068
200.946 76.454
201.201 75.724
201.455 75.047
201.710 74.313
201.964 73.614
202.219 72.845
202.474 71.997
202.728 71.229
202.983 70.661
203.237 70.200
203.492 69.551
203.747 68.636
204.001 67.644
204.256 66.634
204.510 65.604
204.765 64.704
205.020 64.050
205.274 63.194
205.529 62.132
205.783 61.204
206.038 60.300
206.293 59.382
206.547 58.521
206.802 57.484
207.057 56.491
207.311 55.424
207.566 54.494
207.820 53.834
208.075 53.063
208.330 52.098
208.584 51.113
208.839 50.438
209.093 49.756
209.348 48.852
209.603 48.054
209.857 47.221
210.112 46.430
210.366 45.611
210.621 44.697
210.876 43.886
211.130 43.222
211.385 42.618
211.639 41.934
211.894 41.079
212.149 40.306
212.403 39.679
212.658 38.930
212.913 38.218
213.167 37.648
213.422 37.120
213.676 36.383
213.931 35.619
214.186 34.854
214.440 34.187
214.695 33.625
214.949 33.216
215.204 32.722
215.459 32.155
215.713 31.700
215.968 31.223
216.222 30.714
216.477 30.203
216.732 29.792
216.986 29.291
217.241 28.705
217.495 28.269
217.750 27.887
218.005 27.580
218.259 27.198
218.514 26.647
218.769 26.035
219.023 25.522
219.278 25.106
219.532 24.630
219.787 24.198
220.042 23.793
220.296 23.423
220.551 22.989
220.805 22.615
221.060 22.271
221.315 21.924
221.569 21.545
221.824 21.152
222.078 20.861
222.333 20.529
222.588 20.189
222.842 19.850
223.097 19.528
223.351 19.206
223.606 18.781
223.861 18.326
224.115 17.947
224.370 17.570
224.625 17.189
224.879 16.840
225.134 16.493
225.388 16.182
225.643 15.894
225.898 15.635
226.152 15.342
226.407 15.034
226.661 14.686
226.916 14.362
227.171 14.057
227.425 13.763
227.680 13.475
227.934 13.247
228.189 12.984
228.444 12.756
228.698 12.535
228.953 12.274
229.208 12.029
229.462 11.782
229.717 11.555
229.971 11.340
230.226 11.163
230.481 10.933
230.735 10.720
230.990 10.544
231.244 10.380
231.499 10.201
231.754 10.024
232.008 9.854
232.263 9.714
232.517 9.569
232.772 9.447
233.027 9.297
233.281 9.131
233.536 8.980
233.790 8.827
234.045 8.698
234.300 8.584
234.554 8.468
234.809 8.333
235.064 8.237
235.318 8.165
235.573 8.087
235.827 8.003
236.082 7.915
236.337 7.848
236.591 7.776
236.846 7.693
237.100 7.613
237.355 7.560
237.610 7.499
237.864 7.420
238.119 7.372
238.373 7.332
238.628 7.279
238.883 7.233
239.137 7.184
239.392 7.139
239.646 7.106
239.901 7.074
240.156 7.033
240.410 7.008
240.665 6.977
240.920 6.942
241.174 6.912
241.429 6.879
241.683 6.842
241.938 6.810
242.193 6.792
242.447 6.775
242.702 6.757
242.956 6.739
243.211 6.718
243.466 6.700
243.720 6.691
243.975 6.680
244.229 6.666
244.484 6.644
244.739 6.632
244.993 6.632
245.248 6.627
245.503 6.623
245.757 6.612
246.012 6.601
246.266 6.590
246.521 6.585
246.776 6.586
247.030 6.573
247.285 6.565
247.539 6.563
247.794 6.556
248.049 6.548
248.303 6.546
248.558 6.558
248.812 6.556
249.067 6.529
249.322 6.520
249.576 6.521
249.831 6.522
250.085 6.515
250.340 6.515
250.595 6.522
250.849 6.533
251.104 6.539
251.359 6.543
251.613 6.548
251.868 6.552
252.122 6.552
252.377 6.557
252.632 6.571
252.886 6.565
253.141 6.548
253.395 6.547
253.650 6.553
253.905 6.554
254.161 6.552
254.416 6.553
254.672 6.562
254.927 6.575
255.183 6.579
255.438 6.581
255.694 6.592
255.949 6.602
256.205 6.603
256.460 6.604
256.715 6.604
256.971 6.612
257.226 6.628
257.482 6.642
257.737 6.647
257.993 6.656
258.248 6.665
258.504 6.666
258.759 6.664
259.014 6.673
259.270 6.679
259.525 6.680
259.781 6.688
260.036 6.710
260.292 6.724
260.547 6.724
260.803 6.728
261.058 6.740
261.314 6.748
261.569 6.753
261.824 6.759
262.080 6.767
262.335 6.773
262.591 6.787
262.846 6.797
263.102 6.795
263.357 6.797
263.613 6.808
263.868 6.812
264.123 6.812
264.379 6.816
264.634 6.830
264.890 6.832
265.145 6.842
265.401 6.847
265.656 6.854
265.912 6.857
266.167 6.849
266.423 6.845
266.678 6.847
266.933 6.847
267.189 6.847
267.444 6.844
267.700 6.841
267.955 6.836
268.211 6.832
268.466 6.842
268.722 6.850
268.977 6.856
269.232 6.860
269.488 6.860
269.743 6.865
269.999 6.872
270.254 6.878
270.510 6.875
270.765 6.874
271.021 6.879
271.276 6.883
271.532 6.889
271.787 6.895
272.042 6.898
272.298 6.901
272.553 6.898
272.809 6.894
273.064 6.898
273.320 6.912
273.575 6.919
273.831 6.921
274.086 6.927
274.342 6.933
274.597 6.933
274.852 6.939
275.108 6.946
275.363 6.943
275.619 6.927
275.874 6.917
276.130 6.914
276.385 6.920
276.641 6.926
276.896 6.930
277.151 6.935
277.407 6.938
277.662 6.930
277.918 6.922
278.173 6.916
278.429 6.911
278.684 6.913
278.940 6.917
279.195 6.914
279.451 6.919
279.706 6.919
279.961 6.923
280.217 6.923
280.472 6.924
280.728 6.924
280.983 6.926
281.239 6.923
281.494 6.927
281.750 6.942
282.005 6.946
282.260 6.946
282.516 6.943
282.771 6.940
283.027 6.940
283.282 6.945
283.538 6.947
283.793 6.942
284.049 6.937
284.304 6.935
284.560 6.932
284.815 6.934
285.070 6.935
285.326 6.936
285.581 6.938
285.837 6.929
286.092 6.922
286.348 6.924
286.603 6.929
286.859 6.929
287.114 6.933
287.369 6.934
287.625 6.934
287.880 6.934
288.136 6.943
288.391 6.951
288.647 6.950
288.902 6.941
289.158 6.935
289.413 6.935
289.669 6.939
289.924 6.943
290.179 6.947
290.435 6.947
290.690 6.944
290.946 6.939
291.201 6.947
291.457 6.957
291.712 6.962
291.968 6.962
292.223 6.954
292.479 6.948
292.734 6.941
292.989 6.943
293.245 6.956
293.500 6.963
293.756 6.961
294.011 6.967
294.267 6.974
294.522 6.972
294.778 6.975
295.033 6.979
295.288 6.978
295.544 6.974
295.799 6.972
296.055 6.974
296.310 6.974
296.566 6.973
296.821 6.985
297.077 6.992
297.332 6.988
297.588 6.981
297.843 6.977
298.098 6.979
298.354 6.985
298.609 6.988
298.865 6.988
299.120 6.990
299.376 6.993
299.631 6.997
299.887 7.004
300.142 7.012
300.397 7.014
300.653 7.017
300.908 7.020
301.164 7.027
301.419 7.034
301.675 7.036
301.930 7.033
302.186 7.032
302.441 7.032
302.697 7.024
302.952 7.020
303.207 7.023
303.463 7.028
303.718 7.027
303.974 7.024
304.229 7.030
304.485 7.036
304.740 7.039
304.996 7.043
305.251 7.045
305.506 7.046
305.762 7.044
306.017 7.041
306.273 7.049
306.528 7.062
306.784 7.073
307.039 7.082
307.295 7.077
307.550 7.074
307.806 7.087
308.061 7.099
308.316 7.106
308.572 7.108
308.827 7.105
309.083 7.110
309.338 7.115
309.594 7.111
309.849 7.115
310.105 7.122
310.360 7.125
310.615 7.124
310.871 7.127
311.126 7.131
311.382 7.139
311.637 7.146
311.893 7.148
312.148 7.151
312.404 7.145
312.659 7.143
312.915 7.147
313.170 7.155
313.429 7.163
313.688 7.170
313.947 7.174
314.206 7.179
314.465 7.188
314.724 7.200
314.983 7.212
315.242 7.212
315.501 7.213
315.760 7.219
316.019 7.229
316.278 7.236
316.536 7.242
316.795 7.246
317.054 7.255
317.313 7.267
317.572 7.281
317.831 7.293
318.090 7.305
318.349 7.319
318.608 7.330
318.867 7.334
319.126 7.342
319.385 7.353
319.644 7.367
319.903 7.372
320.162 7.373
320.421 7.375
320.680 7.375
320.939 7.382
321.198 7.385
321.457 7.394
321.716 7.403
321.975 7.403
322.234 7.408
322.493 7.412
322.752 7.417
323.010 7.432
323.269 7.440
323.528 7.443
323.787 7.444
324.046 7.450
324.305 7.463
324.564 7.479
324.823 7.489
325.082 7.500
325.341 7.518
325.600 7.537
325.859 7.556
326.118 7.582
326.377 7.603
326.636 7.611
326.895 7.619
327.154 7.625
327.413 7.636
327.672 7.648
327.931 7.660
328.190 7.672
328.449 7.685
328.708 7.699
328.967 7.713
329.226 7.732
329.485 7.749
329.743 7.764
330.002 7.774
330.261 7.783
330.520 7.794
330.779 7.799
331.038 7.814
331.297 7.834
331.556 7.847
331.815 7.858
332.074 7.865
332.333 7.879
332.592 7.899
332.851 7.916
333.110 7.929
333.369 7.934
333.628 7.943
333.887 7.952
334.146 7.961
334.405 7.980
334.664 8.001
334.923 8.027
335.182 8.051
335.441 8.060
335.700 8.073
335.959 8.099
336.217 8.134
336.476 8.168
336.735 8.186
336.994 8.208
337.253 8.246
337.512 8.283
337.771 8.311
338.030 8.328
338.289 8.348
338.548 8.372
338.807 8.394
339.066 8.422
339.325 8.440
339.584 8.463
339.843 8.489
340.102 8.510
340.361 8.533
340.620 8.562
340.879 8.585
341.138 8.598
341.397 8.603
341.656 8.612
341.915 8.628
342.174 8.642
342.433 8.678
342.691 8.719
342.950 8.750
343.209 8.781
343.468 8.815
343.727 8.844
343.986 8.872
344.245 8.899
344.504 8.925
344.763 8.954
345.022 8.976
345.281 8.997
345.540 9.023
345.799 9.049
346.058 9.074
346.317 9.096
346.576 9.127
346.835 9.159
347.094 9.194
347.353 9.234
347.612 9.261
347.871 9.293
348.130 9.324
348.389 9.343
348.648 9.361
348.907 9.390
349.166 9.434
349.424 9.468
349.683 9.499
349.942 9.536
350.201 9.565
350.460 9.594
350.719 9.613
350.978 9.630
351.237 9.667
351.496 9.705
351.755 9.729
352.014 9.751
352.273 9.773
352.532 9.800
352.791 9.828
353.050 9.858
353.309 9.894
353.568 9.925
353.827 9.955
354.086 9.984
354.345 10.002
354.604 10.031
354.863 10.048
355.122 10.084
355.381 10.127
355.640 10.161
355.898 10.192
356.157 10.218
356.416 10.252
356.675 10.300
356.934 10.344
357.193 10.400
357.452 10.456
357.711 10.491
357.970 10.536
358.229 10.574
358.488 10.602
358.747 10.631
359.006 10.662
359.265 10.706
359.524 10.762
359.783 10.815
360.042 10.859
360.301 10.903
360.560 10.946
360.819 10.989
361.078 11.029
361.337 11.072
361.596 11.127
361.855 11.185
362.114 11.243
362.372 11.298
362.631 11.345
362.890 11.386
363.149 11.419
363.408 11.472
363.667 11.524
363.926 11.573
364.185 11.629
364.444 11.684
364.703 11.736
364.962 11.777
365.221 11.828
365.480 11.881
365.745 11.927
366.009 11.984
366.274 12.051
366.539 12.112
366.804 12.170
367.068 12.227
367.333 12.283
367.598 12.341
367.863 12.399
368.127 12.459
368.392 12.533
368.657 12.610
368.921 12.653
369.186 12.693
369.451 12.748
369.716 12.810
369.980 12.877
370.245 12.950
370.510 13.020
370.775 13.095
371.039 13.165
371.304 13.228
371.569 13.289
371.834 13.358
372.098 13.430
372.363 13.497
372.628 13.557
372.892 13.625
373.157 13.679
373.422 13.729
373.687 13.794
373.951 13.862
374.216 13.925
374.481 13.995
374.746 14.072
375.010 14.143
375.275 14.206
375.540 14.263
375.804 14.331
376.069 14.402
376.334 14.477
376.599 14.553
376.863 14.634
377.128 14.718
377.393 14.794
377.658 14.869
377.922 14.945
378.187 15.021
378.452 15.097
378.716 15.169
378.981 15.247
379.246 15.328
379.511 15.408
379.775 15.493
380.040 15.578
380.305 15.653
380.570 15.728
380.834 15.811
381.099 15.905
381.364 15.997
381.629 16.083
381.893 16.170
382.158 16.258
382.423 16.327
382.687 16.406
382.952 16.494
383.217 16.582
383.482 16.672
383.746 16.754
384.011 16.839
384.276 16.925
384.541 16.997
384.805 17.066
385.070 17.160
385.335 17.256
385.599 17.354
385.864 17.444
386.129 17.528
386.394 17.620
386.658 17.716
386.923 17.805
387.188 17.888
387.453 17.972
387.717 18.066
387.982 18.150
388.247 18.239
388.511 18.320
388.776 18.404
389.041 18.497
389.306 18.596
389.570 18.694
389.835 18.786
390.100 18.872
390.365 18.969
390.629 19.061
390.894 19.158
391.159 19.246
391.424 19.335
391.688 19.424
391.953 19.504
392.218 19.592
392.482 19.686
392.747 19.770
393.012 19.849
393.277 19.940
393.541 20.036
393.806 20.126
394.071 20.216
394.336 20.302
394.600 20.390
394.865 20.484
395.130 20.570
395.394 20.658
395.659 20.745
395.924 20.822
396.189 20.907
396.453 21.001
396.718 21.103
396.983 21.191
397.248 21.277
397.512 21.360
397.777 21.441
398.042 21.522
398.306 21.600
398.571 21.692
398.836 21.781
399.101 21.856
399.365 21.930
399.630 22.012
399.895 22.098
400.160 22.185
400.424 22.265
400.689 22.351
400.954 22.438
401.219 22.521
401.483 22.602
401.748 22.675
402.013 22.761
402.277 22.842
402.542 22.918
402.807 22.989
403.072 23.067
403.336 23.148
403.601 23.227
403.866 23.308
404.131 23.394
404.395 23.475
404.660 23.567
404.929 23.651
405.198 23.727
405.466 23.802
405.735 23.876
406.004 23.954
406.273 24.029
406.542 24.100
406.810 24.168
407.079 24.233
407.348 24.304
407.617 24.368
407.886 24.440
408.154 24.520
408.423 24.601
408.692 24.676
408.961 24.750
409.229 24.821
409.498 24.896
409.767 24.966
410.036 25.026
410.305 25.079
410.573 25.153
410.842 25.220
411.111 25.287
411.380 25.352
411.649 25.406
411.917 25.459
412.186 25.524
412.455 25.578
412.724 25.632
412.993 25.689
413.261 25.750
413.530 25.803
413.799 25.861
414.068 25.931
414.337 25.997
414.605 26.064
414.874 26.125
415.143 26.179
415.412 26.238
415.681 26.291
415.949 26.333
416.218 26.394
416.487 26.448
416.756 26.508
417.024 26.565
417.293 26.613
417.562 26.659
417.831 26.712
418.100 26.779
418.368 26.834
418.637 26.887
418.906 26.935
419.175 26.994
419.444 27.045
419.712 27.092
419.981 27.142
420.250 27.189
420.519 27.238
420.788 27.280
421.056 27.313
421.325 27.351
421.594 27.390
421.863 27.428
422.132 27.465
422.400 27.499
422.669 27.541
422.938 27.580
423.207 27.619
423.476 27.655
423.744 27.702
424.013 27.755
424.282 27.800
424.551 27.846
424.819 27.880
425.088 27.912
425.357 27.951
425.626 27.993
425.895 28.029
426.163 28.056
426.432 28.103
426.701 28.155
426.970 28.187
427.239 28.225
427.507 28.251
427.776 28.288
428.045 28.336
428.314 28.381
428.583 28.428
428.851 28.479
429.120 28.520
429.389 28.555
429.658 28.593
429.927 28.635
430.195 28.663
430.464 28.690
430.733 28.728
431.002 28.754
431.271 28.770
431.539 28.800
431.808 28.845
432.077 28.891
432.346 28.946
432.614 28.975
432.883 29.005
433.152 29.046
433.421 29.086
433.690 29.119
433.958 29.155
434.227 29.180
434.496 29.198
434.765 29.219
435.034 29.251
435.302 29.284
435.571 29.308
435.840 29.330
436.116 29.355
436.393 29.386
436.669 29.421
436.945 29.456
437.221 29.491
437.498 29.526
437.774 29.565
438.050 29.605
438.326 29.634
438.603 29.668
438.879 29.701
439.155 29.726
439.431 29.753
439.708 29.791
439.984 29.827
440.260 29.854
440.537 29.880
440.813 29.900
441.089 29.917
441.365 29.936
441.642 29.949
441.918 29.979
442.194 30.006
442.470 30.018
442.747 30.045
443.023 30.058
443.299 30.074
443.575 30.102
443.852 30.122
444.128 30.153
444.404 30.184
444.680 30.205
444.957 30.226
445.233 30.242
445.509 30.253
445.786 30.266
446.062 30.277
446.338 30.288
446.614 30.301
446.891 30.332
447.167 30.350
447.443 30.362
447.719 30.378
447.996 30.402
448.272 30.421
448.548 30.429
448.824 30.431
449.101 30.433
449.377 30.448
449.653 30.463
449.930 30.470
450.206 30.475
450.482 30.492
450.758 30.503
451.035 30.512
451.311 30.518
451.587 30.526
451.863 30.541
452.140 30.556
452.416 30.561
452.692 30.582
452.968 30.600
453.245 30.609
453.521 30.616
453.797 30.624
454.074 30.627
454.350 30.629
454.626 30.623
454.902 30.627
455.179 30.644
455.455 30.652
455.731 30.657
456.007 30.667
456.284 30.677
456.560 30.677
456.836 30.685
457.112 30.695
457.389 30.698
457.665 30.708
457.941 30.711
458.218 30.711
458.494 30.725
458.770 30.725
459.046 30.725
459.323 30.730
459.599 30.739
459.875 30.748
460.151 30.750
460.428 30.743
460.704 30.740
460.980 30.740
461.256 30.735
461.533 30.735
461.809 30.735
462.085 30.733
462.361 30.739
462.638 30.735
462.914 30.734
463.190 30.736
463.467 30.733
463.743 30.718
464.019 30.706
464.295 30.698
464.572 30.702
464.848 30.703
465.124 30.702
465.400 30.701
465.677 30.702
465.953 30.705
466.229 30.704
466.505 30.700
466.782 30.692
467.058 30.687
467.334 30.686
467.611 30.690
467.887 30.702
468.163 30.706
468.439 30.713
468.716 30.709
468.992 30.703
469.268 30.700
469.544 30.690
469.821 30.675
470.097 30.658
470.373 30.646
470.649 30.633
470.926 30.626
471.202 30.622
471.478 30.629
471.755 30.622
472.031 30.605
472.307 30.595
472.583 30.584
472.860 30.574
473.136 30.562
473.412 30.547
473.688 30.525
473.965 30.507
474.241 30.498
474.517 30.485
474.793 30.468
475.070 30.461
475.346 30.444
475.622 30.426
475.899 30.412
476.175 30.399
476.451 30.377
476.727 30.350
477.004 30.330
477.280 30.305
477.556 30.285
477.832 30.269
478.109 30.252
478.385 30.229
478.661 30.207
478.937 30.181
479.214 30.156
479.490 30.145
479.766 30.134
480.043 30.125
480.319 30.104
480.595 30.088
480.871 30.080
481.148 30.065
481.424 30.035
481.700 30.000
481.976 29.981
482.253 29.971
482.529 29.957
482.805 29.929
483.081 29.902
483.358 29.873
483.634 29.850
483.910 29.825
484.186 29.794
484.463 29.761
484.739 29.720
485.015 29.694
485.292 29.666
485.568 29.638
485.844 29.606
486.120 29.580
486.397 29.549
486.673 29.520
486.949 29.500
487.225 29.473
487.502 29.440
487.778 29.412
488.054 29.385
488.330 29.353
488.607 29.314
488.883 29.277
489.159 29.243
489.436 29.211
489.712 29.178
489.988 29.146
490.264 29.118
490.541 29.091
490.817 29.055
491.093 29.020
491.369 28.997
491.646 28.972
491.922 28.940
492.198 28.909
492.474 28.873
492.751 28.839
493.027 28.809
493.303 28.783
493.580 28.754
493.856 28.723
494.132 28.700
494.408 28.668
494.685 28.627
494.961 28.583
495.237 28.551
495.513 28.516
495.790 28.487
496.066 28.463
496.342 28.434
496.618 28.396
496.895 28.355
497.171 28.318
497.447 28.271
497.724 28.223
498.000 28.180
498.276 28.152
498.552 28.128
498.829 28.085
499.105 28.026
499.381 27.976
499.657 27.936
499.934 27.890
500.210 27.853
500.486 27.817
500.762 27.780
501.039 27.740
501.315 27.698
501.591 27.663
501.867 27.629
502.144 27.596
502.420 27.552
502.696 27.507
502.973 27.459
503.249 27.420
503.525 27.380
503.801 27.337
504.078 27.290
504.354 27.237
504.630 27.190
504.906 27.140
505.183 27.090
505.459 27.055
505.735 27.016
506.011 26.975
506.288 26.936
506.564 26.894
506.840 26.846
507.117 26.802
507.393 26.764
507.669 26.731
507.945 26.685
508.222 26.629
508.498 26.575
508.774 26.526
509.050 26.474
509.327 26.437
509.603 26.402
509.879 26.362
510.155 26.314
510.432 26.273
510.708 26.234
510.984 26.185
511.261 26.139
511.537 26.094
511.813 26.054
512.089 26.011
512.366 25.969
512.642 25.917
512.918 25.860
513.194 25.804
513.471 25.755
513.747 25.704
514.023 25.661
514.299 25.623
514.576 25.574
514.852 25.529
515.128 25.483
515.405 25.436
515.681 25.390
515.957 25.351
516.233 25.308
516.510 25.263
516.786 25.227
517.062 25.188
517.338 25.137
517.615 25.091
517.891 25.048
518.167 24.998
518.443 24.949
518.720 24.894
518.996 24.834
519.272 24.783
519.548 24.735
519.825 24.687
520.101 24.641
520.377 24.604
520.654 24.563
520.930 24.516
521.206 24.476
521.482 24.433
521.759 24.387
522.035 24.337
522.311 24.285
522.587 24.237
522.864 24.196
523.140 24.149
523.416 24.102
523.692 24.056
523.969 24.009
524.245 23.954
524.521 23.902
524.798 23.851
525.074 23.795
525.350 23.748
525.626 23.709
525.903 23.672
526.179 23.617
526.455 23.560
526.731 23.507
527.008 23.462
527.284 23.416
527.560 23.367
527.836 23.322
528.113 23.283
528.389 23.245
528.665 23.199
528.942 23.147
529.218 23.097
529.494 23.057
529.770 23.014
530.047 22.974
530.323 22.934
530.599 22.892
530.875 22.846
531.152 22.797
531.428 22.760
531.704 22.716
531.980 22.665
532.257 22.622
532.533 22.586
532.809 22.549
533.086 22.506
533.362 22.463
533.638 22.415
533.914 22.363
534.191 22.320
534.467 22.272
534.743 22.230
535.019 22.197
535.296 22.162
535.572 22.129
535.848 22.095
536.124 22.053
536.401 22.017
536.677 21.981
536.953 21.938
537.230 21.892
537.506 21.850
537.782 21.816
538.058 21.780
538.335 21.740
538.611 21.706
538.887 21.670
539.163 21.629
539.440 21.591
539.716 21.548
539.992 21.508
540.268 21.472
540.545 21.437
540.821 21.403
541.097 21.366
541.373 21.330
541.650 21.303
541.926 21.275
542.202 21.240
542.479 21.204
542.755 21.160
543.031 21.121
543.307 21.087
543.584 21.049
543.860 21.012
544.136 20.972
544.412 20.926
544.689 20.889
544.965 20.852
545.241 20.807
545.517 20.766
545.794 20.736
546.070 20.709
546.356 20.678
546.642 20.645
546.928 20.608
547.214 20.564
547.500 20.524
547.786 20.492
548.072 20.462
548.358 20.431
548.644 20.402
548.930 20.372
549.216 20.338
549.502 20.298
549.788 20.255
550.074 20.221
550.360 20.185
550.646 20.151
550.932 20.115
551.218 20.083
551.504 20.056
551.790 20.026
552.076 19.988
552.362 19.948
552.648 19.903
552.934 19.862
553.220 19.832
553.506 19.798
553.793 19.767
554.079 19.737
554.365 19.704
554.651 19.676
554.937 19.648
555.223 19.617
555.509 19.585
555.795 19.547
556.081 19.512
556.367 19.481
556.653 19.453
556.939 19.418
557.225 19.387
557.511 19.355
557.797 19.322
558.083 19.288
558.369 19.255
558.655 19.223
558.941 19.190
559.227 19.157
559.513 19.125
559.799 19.094
560.085 19.068
560.371 19.044
560.657 19.014
560.943 18.983
561.229 18.955
561.515 18.931
561.801 18.908
562.087 18.878
562.373 18.844
562.659 18.817
562.945 18.789
563.231 18.759
563.517 18.725
563.803 18.688
564.089 18.653
564.375 18.620
564.661 18.594
564.947 18.562
565.233 18.529
565.519 18.502
565.805 18.475
566.091 18.444
566.377 18.411
566.663 18.380
566.949 18.347
567.235 18.321
567.521 18.295
567.807 18.271
568.093 18.246
568.379 18.226
568.665 18.204
568.951 18.176
569.237 18.145
569.524 18.116
569.810 18.087
570.096 18.064
570.382 18.042
570.668 18.022
570.954 17.998
571.240 17.966
571.526 17.939
571.812 17.914
572.098 17.885
572.384 17.858
572.670 17.833
572.956 17.805
573.242 17.779
573.528 17.755
573.814 17.734
574.100 17.706
574.386 17.683
574.672 17.655
574.958 17.624
575.244 17.599
575.530 17.578
575.816 17.563
576.102 17.538
576.388 17.511
576.674 17.492
576.960 17.473
577.248 17.452
577.536 17.428
577.824 17.403
578.113 17.380
578.401 17.359
578.689 17.329
578.977 17.304
579.265 17.278
579.553 17.248
579.841 17.224
580.130 17.205
580.418 17.189
580.706 17.162
580.994 17.139
581.282 17.127
581.570 17.111
581.858 17.092
582.147 17.072
582.435 17.055
582.723 17.038
583.011 17.017
583.299 16.994
583.587 16.975
583.875 16.956
584.164 16.933
584.452 16.918
584.740 16.900
585.028 16.884
585.316 16.863
585.604 16.843
585.892 16.818
586.181 16.788
586.469 16.766
586.757 16.745
587.045 16.727
587.333 16.711
587.621 16.688
587.909 16.657
588.198 16.621
588.486 16.595
588.774 16.573
589.062 16.547
589.350 16.526
589.638 16.505
589.927 16.477
590.215 16.452
590.503 16.437
590.791 16.426
591.079 16.411
591.367 16.391
591.655 16.372
591.944 16.352
592.232 16.335
592.520 16.321
592.808 16.308
593.096 16.294
593.384 16.271
593.672 16.253
593.961 16.234
594.249 16.205
594.537 16.184
594.825 16.162
595.113 16.144
595.401 16.127
595.689 16.113
595.978 16.096
596.266 16.083
596.554 16.062
596.842 16.045
597.130 16.034
597.418 16.029
597.706 16.020
597.995 16.001
598.283 15.985
598.571 15.969
598.859 15.948
599.147 15.931
599.435 15.918
599.723 15.900
600.012 15.880
600.300 15.858
600.588 15.840
600.876 15.824
601.164 15.807
601.452 15.792
601.740 15.775
602.029 15.756
602.317 15.737
602.605 15.715
602.893 15.698
603.181 15.682
603.469 15.672
603.757 15.661
604.046 15.639
604.334 15.618
604.622 15.595
604.910 15.574
605.198 15.560
605.486 15.556
605.774 15.549
606.063 15.537
606.351 15.529
606.639 15.525
606.927 15.516
607.215 15.499
607.503 15.485
607.791 15.481
608.080 15.476
608.368 15.460
608.656 15.445
608.944 15.434
609.232 15.420
609.520 15.401
609.808 15.387
610.097 15.381
610.385 15.367
610.673 15.357
610.961 15.348
611.249 15.335
611.537 15.327
611.825 15.317
612.114 15.302
612.402 15.291
612.690 15.278
612.978 15.265
613.266 15.246
613.554 15.233
613.843 15.226
614.131 15.214
614.419 15.202
614.707 15.191
614.995 15.177
615.283 15.159
615.571 15.155
615.860 15.158
616.148 15.147
616.436 15.138
616.724 15.128
617.012 15.115
617.300 15.113
617.588 15.110
617.877 15.106
618.165 15.092
618.453 15.085
618.741 15.077
619.029 15.061
619.317 15.051
619.605 15.043
619.894 15.040
620.182 15.039
620.470 15.029
620.758 15.024
621.046 15.018
621.334 15.016
621.622 15.020
621.911 15.019
622.199 15.025
622.487 15.023
622.775 15.014
623.063 15.007
623.351 15.001
623.639 15.000
623.928 14.997
624.216 14.987
624.504 14.973
624.792 14.962
625.080 14.960
625.368 14.952
625.656 14.940
625.945 14.941
626.233 14.938
626.521 14.930
626.809 14.918
627.097 14.915
627.385 14.913
627.673 14.906
627.962 14.900
628.250 14.887
628.538 14.877
628.826 14.875
629.114 14.869
629.402 14.868
629.690 14.873
629.979 14.871
630.267 14.864
630.555 14.860
630.843 14.860
631.131 14.854
631.419 14.842
631.707 14.839
631.996 14.844
632.284 14.842
632.572 14.833
632.860 14.827
633.148 14.812
633.436 14.792
633.724 14.787
634.013 14.784
634.301 14.783
634.589 14.776
634.877 14.763
635.165 14.753
635.453 14.744
635.741 14.741
636.030 14.734
636.318 14.733
636.606 14.738
636.894 14.736
637.182 14.730
637.470 14.713
637.759 14.703
638.047 14.705
638.335 14.700
638.623 14.689
638.911 14.678
639.199 14.673
639.487 14.671
639.776 14.661
640.064 14.659
640.352 14.657
640.640 14.658
640.928 14.656
641.216 14.648
641.504 14.645
641.793 14.648
642.081 14.649
642.369 14.648
642.657 14.640
642.945 14.635
643.233 14.632
643.521 14.622
643.810 14.613
644.098 14.612
644.386 14.612
644.674 14.611
644.962 14.608
645.250 14.602
645.538 14.591
645.827 14.577
646.115 14.570
646.403 14.557
646.691 14.545
646.979 14.538
647.267 14.521
647.555 14.505
647.844 14.505
648.132 14.498
648.420 14.483
648.708 14.472
648.996 14.466
649.284 14.463
649.572 14.450
649.861 14.443
650.149 14.441
650.437 14.446
650.725 14.450
651.013 14.451
651.301 14.451
651.589 14.445
651.878 14.434
652.166 14.433
652.454 14.442
652.742 14.453
653.030 14.460
653.318 14.464
653.606 14.472
653.895 14.469
654.183 14.470
654.471 14.482
654.759 14.487
655.047 14.495
655.335 14.503
655.623 14.502
655.912 14.500
656.200 14.506
656.488 14.515
656.776 14.513
657.064 14.515
657.352 14.524
657.640 14.531
657.929 14.534
658.217 14.528
658.505 14.531
658.793 14.539
659.081 14.540
659.369 14.539
659.657 14.542
659.946 14.544
660.234 14.554
660.522 14.562
660.810 14.565
661.098 14.570
661.386 14.574
661.675 14.580
661.963 14.591
662.251 14.600
662.539 14.607
662.827 14.611
663.115 14.628
663.403 14.647
663.692 14.660
663.980 14.677
664.268 14.689
664.556 14.698
664.844 14.711
665.132 14.726
665.420 14.735
665.709 14.747
665.997 14.761
666.285 14.778
666.573 14.796
666.861 14.805
667.149 14.816
667.437 14.827
667.726 14.845
668.014 14.851
668.302 14.855
668.590 14.867
668.878 14.875
669.166 14.882
669.454 14.893
669.743 14.899
670.031 14.903
670.319 14.909
670.607 14.920
670.895 14.933
671.183 14.934
671.471 14.936
671.760 14.938
672.048 14.938
672.336 14.951
672.624 14.968
672.912 14.975
673.200 14.981
673.488 14.992
673.777 15.001
674.065 15.006
674.353 15.009
674.641 15.010
674.929 15.010
675.217 15.005
675.505 15.010
675.794 15.017
676.082 15.029
676.370 15.041
676.658 15.056
676.946 15.075
677.234 15.090
677.522 15.103
677.811 15.111
678.099 15.116
678.387 15.121
678.675 15.124
678.963 15.128
679.251 15.133
679.539 15.144
679.828 15.151
680.116 15.166
680.404 15.184
680.692 15.192
680.980 15.199
681.268 15.202
681.556 15.203
681.845 15.211
682.133 15.218
682.421 15.228
682.709 15.228
682.997 15.231
683.285 15.237
683.573 15.241
683.862 15.245
684.150 15.251
684.438 15.258
684.726 15.267
685.014 15.283
685.302 15.285
685.591 15.299
685.879 15.316
686.167 15.325
686.455 15.333
686.743 15.345
687.031 15.354
687.319 15.369
687.608 15.376
687.896 15.382
688.184 15.390
688.472 15.398
688.760 15.410
689.048 15.424
689.336 15.438
689.625 15.455
689.913 15.459
690.201 15.452
690.489 15.451
690.777 15.457
691.065 15.468
691.353 15.473
691.642 15.492
691.930 15.503
692.218 15.507
692.506 15.516
692.794 15.539
693.082 15.562
693.370 15.574
693.659 15.575
693.947 15.570
694.235 15.570
694.523 15.568
694.811 15.579
695.099 15.596
695.387 15.610
695.676 15.620
695.964 15.636
696.252 15.656
696.540 15.677
696.836 15.690
697.133 15.692
697.429 15.699
697.725 15.707
698.021 15.717
698.318 15.724
698.614 15.724
698.910 15.738
699.207 15.746
699.503 15.760
699.799 15.775
700.095 15.784
700.392 15.796
700.688 15.805
700.984 15.822
701.281 15.843
701.577 15.862
701.873 15.870
702.169 15.892
702.466 15.910
702.762 15.920
703.058 15.933
703.355 15.948
703.651 15.964
703.947 15.977
704.243 15.989
704.540 16.001
704.836 16.016
705.132 16.023
705.428 16.027
705.725 16.035
706.021 16.041
706.317 16.047
706.614 16.057
706.910 16.065
707.206 16.074
707.502 16.090
707.799 16.103
708.095 16.119
708.391 16.142
708.688 16.159
708.984 16.170
709.280 16.175
709.576 16.164
709.873 16.175
710.169 16.196
710.465 16.211
710.762 16.213
711.058 16.209
711.354 16.216
711.650 16.233
711.947 16.262
712.243 16.279
712.539 16.300
712.836 16.307
713.132 16.307
713.428 16.317
713.724 16.325
714.021 16.330
714.317 16.343
714.613 16.351
714.910 16.363
715.206 16.384
715.502 16.394
715.798 16.397
716.095 16.401
716.391 16.416
716.687 16.435
716.984 16.449
717.280 16.472
717.576 16.471
717.872 16.477
718.169 16.483
718.465 16.493
718.761 16.509
719.058 16.509
719.354 16.503
719.650 16.502
719.946 16.509
720.243 16.509
720.539 16.512
720.835 16.513
721.131 16.522
721.428 16.525
721.724 16.521
722.020 16.527
722.317 16.536
722.613 16.547
722.909 16.549
723.205 16.560
723.502 16.575
723.798 16.594
724.094 16.611
724.391 16.612
724.687 16.616
724.983 16.631
725.279 16.641
725.576 16.641
725.872 16.656
726.168 16.661
726.465 16.651
726.761 16.650
727.057 16.655
727.353 16.667
727.650 16.677
727.946 16.688
728.242 16.695
728.539 16.704
728.835 16.710
729.131 16.723
729.427 16.740
729.724 16.747
730.020 16.747
730.316 16.753
730.613 16.749
730.909 16.760
731.205 16.769
731.501 16.776
731.798 16.804
732.094 16.825
732.390 16.820
732.687 16.827
732.983 16.836
733.279 16.844
733.575 16.853
733.872 16.850
734.168 16.853
734.464 16.860
734.761 16.868
735.057 16.873
735.353 16.884
735.649 16.903
735.946 16.919
736.242 16.941
736.538 16.964
736.835 16.976
737.131 16.983
737.427 17.008
737.723 17.020
738.020 17.033
738.316 17.058
738.612 17.076
738.909 17.083
739.205 17.086
739.501 17.089
739.797 17.104
740.094 17.127
740.390 17.147
740.686 17.163
740.982 17.178
741.279 17.192
741.575 17.207
741.871 17.203
742.168 17.194
742.464 17.201
742.760 17.211
743.056 17.209
743.353 17.224
743.649 17.244
743.945 17.252
744.242 17.262
744.538 17.273
744.834 17.279
745.130 17.279
745.427 17.289
745.723 17.311
746.019 17.322
746.316 17.316
746.612 17.319
746.908 17.324
747.204 17.320
747.501 17.323
747.797 17.322
748.093 17.310
748.390 17.306
748.686 17.316
748.982 17.329
749.278 17.341
749.575 17.331
749.871 17.314
750.167 17.318
750.464 17.342
750.760 17.350
751.056 17.349
751.352 17.358
751.649 17.365
751.945 17.384
752.241 17.399
752.538 17.401
752.834 17.402
753.130 17.406
753.426 17.408
753.723 17.421
754.019 17.424
754.315 17.421
754.611 17.420
754.908 17.437
755.204 17.475
755.500 17.481
755.797 17.492
756.093 17.494
756.389 17.487
756.685 17.490
756.982 17.506
757.278 17.514
757.574 17.515
757.871 17.511
758.167 17.503
758.463 17.503
758.759 17.511
759.056 17.513
759.352 17.516
759.648 17.518
759.945 17.526
760.241 17.534
760.537 17.553
760.833 17.573
761.130 17.580
761.426 17.572
761.722 17.576
762.019 17.582
762.315 17.594
762.611 17.608
762.907 17.631
763.204 17.664
763.500 17.681
763.804 17.692
764.108 17.703
764.412 17.733
764.716 17.750
765.020 17.763
765.324 17.790
765.628 17.795
765.932 17.820
766.236 17.849
766.540 17.866
766.844 17.879
767.148 17.880
767.452 17.880
767.756 17.901
768.060 17.907
768.364 17.893
768.668 17.890
768.972 17.910
769.276 17.927
769.580 17.933
769.884 17.954
770.188 17.973
770.492 17.976
770.796 17.987
771.100 18.013
771.404 18.036
771.708 18.045
772.012 18.048
772.316 18.067
772.620 18.081
772.924 18.082
773.228 18.078
773.532 18.060
773.836 18.070
774.140 18.074
774.444 18.087
774.748 18.112
775.052 18.128
775.356 18.141
775.659 18.156
775.963 18.186
776.267 18.213
776.571 18.220
776.875 18.229
777.179 18.247
777.483 18.273
777.787 18.293
778.091 18.303
778.395 18.328
778.699 18.355
779.003 18.362
779.307 18.355
779.611 18.359
779.915 18.373
780.219 18.376
780.523 18.390
780.827 18.411
781.131 18.432
781.435 18.458
781.739 18.463
782.043 18.476
782.347 18.494
782.651 18.494
782.955 18.500
783.259 18.509
783.563 18.535
783.867 18.543
784.171 18.567
784.475 18.571
784.779 18.577
785.083 18.582
785.387 18.585
785.691 18.581
785.995 18.594
786.299 18.612
786.603 18.631
786.907 18.655
787.211 18.679
787.515 18.702
787.819 18.721
788.123 18.718
788.427 18.706
788.731 18.698
789.035 18.720
789.339 18.756
789.643 18.762
789.947 18.766
790.251 18.777
790.555 18.789
790.859 18.797
791.163 18.822
791.467 18.851
791.771 18.844
792.075 18.844
792.379 18.867
792.683 18.894
792.987 18.926
793.291 18.932
793.595 18.945
793.899 18.974
794.203 18.988
794.507 18.989
794.811 18.984
795.115 19.000
795.419 19.016
795.723 19.011
796.027 19.000
796.331 19.016
796.635 19.046
796.939 19.034
797.243 19.040
797.547 19.051
797.851 19.072
798.155 19.099
798.459 19.104
798.763 19.110
799.067 19.114
799.371 19.095
799.674 19.100
799.978 19.115
800.282 19.144
800.586 19.145
800.890 19.140
801.194 19.164
801.498 19.186
801.802 19.210
802.106 19.221
802.410 19.252
802.714 19.270
803.018 19.281
803.322 19.282
803.626 19.291
803.930 19.316
804.234 19.357
804.538 19.382
804.842 19.395
805.146 19.410
805.450 19.432
805.754 19.437
806.058 19.437
806.362 19.459
806.666 19.486
806.970 19.515
807.274 19.547
807.578 19.574
807.882 19.556
808.186 19.552
808.490 19.555
808.794 19.565
809.098 19.585
809.402 19.595
809.706 19.608
810.010 19.614
810.314 19.648
810.618 19.684
810.922 19.677
811.226 19.676
811.530 19.664
811.834 19.660
812.137 19.667
812.441 19.670
812.744 19.697
813.048 19.708
813.351 19.729
813.655 19.722
813.958 19.707
814.262 19.724
814.565 19.738
814.869 19.727
815.172 19.714
815.476 19.738
815.779 19.759
816.083 19.780
816.386 19.785
816.690 19.813
816.993 19.862
817.297 19.902
817.600 19.945
817.904 19.978
818.208 19.994
818.511 19.997
818.815 19.987
819.118 20.001
819.422 20.009
819.725 20.011
820.029 20.012
820.332 20.021
820.636 20.044
820.939 20.069
821.243 20.078
821.546 20.117
821.850 20.184
822.153 20.259
822.457 20.292
822.760 20.306
823.064 20.322
823.367 20.341
823.671 20.344
823.974 20.338
824.278 20.343
824.582 20.363
824.885 20.383
825.189 20.411
825.492 20.434
825.796 20.457
826.099 20.461
826.403 20.479
826.706 20.520
827.010 20.571
827.313 20.606
827.617 20.631
827.920 20.650
828.224 20.656
828.527 20.683
828.831 20.694
829.134 20.707
829.438 20.744
829.741 20.782
830.045 20.806
830.348 20.798
830.652 20.803
830.956 20.824
831.259 20.843
831.563 20.860
831.866 20.881
832.170 20.944
832.473 20.991
832.777 21.001
833.080 20.991
833.384 21.013
833.687 21.037
833.991 21.057
834.294 21.056
834.598 21.049
834.901 21.060
835.205 21.077
835.508 21.075
835.812 21.074
836.115 21.080
836.419 21.113
836.722 21.130
837.026 21.141
837.330 21.153
837.633 21.182
837.937 21.216
838.240 21.254
838.544 21.268
838.847 21.277
839.151 21.301
839.454 21.330
839.758 21.360
840.061 21.395
840.365 21.428
840.668 21.436
840.972 21.447
841.275 21.483
841.579 21.557
841.882 21.597
842.186 21.642
842.489 21.684
842.793 21.740
843.097 21.765
843.400 21.779
843.704 21.797
844.007 21.832
844.311 21.861
844.614 21.882
844.918 21.915
845.221 21.956
845.525 21.969
845.828 21.956
846.132 21.965
846.435 22.008
846.739 22.029
847.042 22.050
847.346 22.119
847.649 22.183
847.953 22.197
848.256 22.228
848.560 22.276
848.863 22.351
849.167 22.404
849.471 22.422
849.774 22.441
850.078 22.492
850.381 22.546
850.685 22.595
850.988 22.661
851.292 22.686
851.595 22.744
851.899 22.781
852.202 22.809
852.506 22.860
852.809 22.906
853.113 22.948
853.416 22.978
853.720 22.986
854.023 23.024
854.327 23.061
854.630 23.087
854.934 23.083
855.237 23.076
855.541 23.083
855.845 23.128
856.148 23.128
856.452 23.132
856.755 23.119
857.059 23.131
857.362 23.184
857.666 23.227
857.969 23.212
858.273 23.200
858.576 23.198
858.880 23.185
859.183 23.160
859.487 23.171
859.790 23.170
860.094 23.133
860.397 23.127
860.701 23.139
861.004 23.175
861.308 23.187
861.611 23.192
861.915 23.177
862.219 23.155
862.522 23.147
862.826 23.157
863.129 23.163
863.433 23.164
863.736 23.124
864.040 23.121
864.343 23.148
864.647 23.156
864.950 23.158
865.254 23.185
865.557 23.172
865.861 23.145
866.164 23.134
866.468 23.144
866.771 23.129
867.075 23.144
867.378 23.135
867.682 23.116
867.985 23.133
868.289 23.147
868.593 23.145
868.896 23.146
869.200 23.132
869.503 23.112
869.807 23.160
870.110 23.193
870.414 23.227
870.717 23.242
871.021 23.230
871.324 23.235
871.628 23.255
871.931 23.292
872.235 23.307
872.538 23.277
872.842 23.257
873.145 23.223
873.449 23.219
873.752 23.272
874.056 23.309
874.359 23.294
874.663 23.338
874.967 23.383
875.270 23.438
875.574 23.492
875.877 23.478
876.181 23.443
876.484 23.447
876.788 23.467
877.091 23.440
877.395 23.411
877.698 23.416
878.002 23.407
878.305 23.412
878.609 23.411
878.912 23.419
879.216 23.419
879.519 23.387
879.823 23.357
880.126 23.356
880.430 23.412
880.733 23.476
881.037 23.495
881.341 23.487
881.644 23.513
881.948 23.558
882.251 23.606
882.555 23.630
882.858 23.654
883.162 23.691
883.465 23.711
883.769 23.740
884.072 23.782
884.376 23.822
884.679 23.873
884.983 23.890
885.286 23.918
885.590 23.932
885.893 23.958
886.197 24.009
886.500 24.041
886.804 24.054
887.107 24.083
887.411 24.132
887.715 24.189
888.018 24.204
888.322 24.208
888.625 24.229
888.929 24.216
889.232 24.221
889.536 24.250
889.839 24.287
890.143 24.328
890.446 24.366
890.750 24.384
891.053 24.434
891.357 24.482
891.660 24.549
891.964 24.610
892.267 24.636
892.571 24.666
892.874 24.713
893.178 24.736
893.482 24.776
893.785 24.806
894.089 24.845
894.392 24.932
894.696 24.991
894.999 25.024
895.303 25.077
895.606 25.136
895.910 25.201
896.213 25.253
896.517 25.290
896.820 25.329
897.124 25.379
897.427 25.442
897.731 25.510
898.034 25.596
898.338 25.695
898.641 25.763
898.945 25.824
899.248 25.877
899.552 25.955
899.856 26.032
900.159 26.090
900.463 26.146
900.766 26.188
901.070 26.243
901.373 26.287
901.677 26.331
901.980 26.383
902.284 26.419
902.587 26.472
902.891 26.477
903.194 26.425
903.498 26.439
903.801 26.497
904.105 26.550
904.408 26.613
904.712 26.646
905.015 26.668
905.319 26.708
905.622 26.758
905.926 26.756
906.230 26.732
906.533 26.766
906.837 26.785
907.140 26.854
907.444 26.946
907.747 27.008
908.051 27.061
908.354 27.095
908.658 27.157
908.961 27.194
909.265 27.225
909.568 27.275
909.872 27.335
910.175 27.372
910.479 27.412
910.782 27.455
911.086 27.493
911.389 27.551
911.693 27.614
911.996 27.656
912.300 27.708
912.613 27.748
912.926 27.744
913.238 27.799
913.551 27.891
913.864 27.921
914.176 27.977
914.489 28.034
914.802 28.085
915.115 28.166
915.427 28.199
915.740 28.263
916.053 28.327
916.366 28.356
916.678 28.387
916.991 28.420
917.304 28.467
917.617 28.490
917.929 28.555
918.242 28.596
918.555 28.635
918.868 28.676
919.180 28.725
919.493 28.788
919.806 28.830
920.119 28.873
920.431 28.899
920.744 28.929
921.057 28.982
921.370 29.059
921.682 29.162
921.995 29.266
922.308 29.345
922.621 29.433
922.933 29.530
923.246 29.582
923.559 29.629
923.872 29.693
924.184 29.791
924.497 29.881
924.810 29.982
925.123 30.103
925.435 30.202
925.748 30.341
926.061 30.429
926.374 30.446
926.686 30.543
926.999 30.679
927.312 30.830
927.625 30.928
927.937 30.992
928.250 31.106
928.563 31.228
928.876 31.337
929.188 31.465
929.501 31.583
929.814 31.725
930.127 31.809
930.439 31.902
930.752 32.010
931.065 32.095
931.378 32.197
931.690 32.291
932.003 32.366
932.316 32.474
932.629 32.559
932.941 32.672
933.254 32.813
933.567 32.881
933.880 32.997
934.192 33.186
934.505 33.356
934.818 33.478
935.131 33.629
935.443 33.818
935.756 33.963
936.069 34.138
936.382 34.293
936.694 34.485
937.007 34.623
937.320 34.725
937.633 34.825
937.945 34.920
938.258 34.967
938.571 35.033
938.884 35.179
939.196 35.364
939.509 35.551
939.822 35.664
940.135 35.749
940.447 35.862
940.760 35.978
941.073 36.088
941.386 36.222
941.698 36.284
942.011 36.396
942.324 36.554
942.637 36.655
942.949 36.772
943.262 36.880
943.575 36.975
943.888 37.076
944.200 37.143
944.513 37.222
944.826 37.308
945.139 37.405
945.451 37.495
945.764 37.558
946.077 37.602
946.390 37.689
946.702 37.753
947.015 37.773
947.328 37.819
947.641 37.874
947.953 37.888
948.266 37.856
948.579 37.879
948.892 37.915
949.204 37.949
949.517 38.018
949.830 38.088
950.143 38.185
950.455 38.266
950.768 38.355
951.081 38.446
951.394 38.506
951.706 38.581
952.019 38.642
952.332 38.692
952.645 38.780
952.957 38.823
953.270 38.815
953.583 38.854
953.896 38.887
954.208 38.855
954.521 38.835
954.834 38.863
955.147 38.820
955.459 38.769
955.772 38.679
956.085 38.658
956.398 38.673
956.710 38.690
957.023 38.735
957.336 38.823
957.649 38.875
957.961 38.956
958.274 39.036
958.587 38.979
958.900 38.969
959.212 38.923
959.525 38.792
959.838 38.811
960.151 38.910
960.463 38.919
960.776 38.966
961.089 38.952
961.402 38.918
961.714 38.974
962.027 38.976
962.340 39.008
962.653 39.079
962.965 39.140
963.278 39.177
963.591 39.204
963.904 39.224
964.216 39.163
964.529 39.165
964.842 39.155
965.154 39.101
965.467 39.055
965.780 39.050
966.094 39.129
966.409 39.215
966.723 39.251
967.037 39.291
967.352 39.369
967.666 39.432
967.980 39.472
968.295 39.540
968.609 39.521
968.923 39.477
969.238 39.495
969.552 39.460
969.866 39.526
970.181 39.617
970.495 39.615
970.809 39.636
971.124 39.671
971.438 39.613
971.752 39.684
972.067 39.757
972.381 39.769
972.695 39.773
973.010 39.750
973.324 39.738
973.638 39.733
973.953 39.783
974.267 39.885
974.581 39.974
974.896 40.043
975.210 40.100
975.524 40.119
975.839 40.176
976.153 40.312
976.467 40.425
976.781 40.502
977.096 40.462
977.410 40.426
977.724 40.563
978.039 40.716
978.353 40.899
978.667 41.148
978.982 41.243
979.296 41.256
979.610 41.368
979.925 41.404
980.239 41.396
980.553 41.355
980.868 41.394
981.182 41.448
981.496 41.466
981.811 41.380
982.125 41.323
982.439 41.350
982.754 41.438
983.068 41.497
983.382 41.614
983.697 41.711
984.011 41.769
984.325 41.885
984.640 41.946
984.954 42.022
985.268 42.084
985.583 42.064
985.897 42.052
986.211 42.146
986.526 42.230
986.840 42.310
987.154 42.429
987.469 42.538
987.783 42.613
988.097 42.751
988.412 42.760
988.726 42.747
989.040 42.664
989.355 42.633
989.669 42.665
989.983 42.725
990.298 42.804
990.612 43.040
990.926 43.116
991.241 43.187
991.555 43.313
991.869 43.367
992.184 43.485
992.498 43.650
992.812 43.758
993.127 43.816
993.441 43.847
993.755 43.928
994.070 43.997
994.384 44.063
994.698 44.169
995.013 44.303
995.327 44.338
995.641 44.306
995.956 44.371
996.270 44.491
996.584 44.591
996.899 44.668
997.213 44.784
997.527 44.785
997.841 44.708
998.156 44.721
998.470 44.707
998.784 44.670
999.099 44.786
999.413 44.866
999.727 45.010
