290.982 90.022
291.167 90.886
291.352 90.899
291.537 90.380
291.722 89.848
291.907 93.424
292.091 91.769
292.276 88.573
292.461 86.904
292.646 85.355
292.831 85.405
293.016 82.326
293.201 78.603
293.386 77.678
293.571 79.316
293.756 79.797
293.940 79.557
294.125 79.186
294.310 81.301
294.495 82.398
294.680 80.768
294.865 78.904
295.050 79.760
295.235 80.870
295.420 80.304
295.605 78.229
295.789 79.556
295.974 80.463
296.159 78.961
296.344 77.885
296.529 77.388
296.714 78.595
296.899 78.941
297.084 80.169
297.269 80.609
297.454 81.060
297.638 81.922
297.823 80.755
298.008 79.866
298.193 81.127
298.378 82.036
298.563 81.436
298.748 83.282
298.933 84.713
299.118 84.212
299.303 85.531
299.487 85.339
299.672 83.408
299.857 80.684
300.042 81.866
300.227 81.818
300.412 80.488
300.597 80.384
300.782 77.548
300.967 77.314
301.152 77.187
301.336 76.298
301.521 76.522
301.706 78.530
301.891 80.874
302.076 80.955
302.261 80.967
302.446 81.784
302.631 81.539
302.816 84.555
303.001 84.794
303.185 83.348
303.370 82.312
303.555 81.263
303.740 79.867
303.925 78.455
304.110 76.903
304.295 77.941
304.480 77.725
304.665 77.436
304.850 75.378
305.034 74.136
305.219 74.934
305.404 75.027
305.589 76.269
305.774 76.691
305.959 77.862
306.144 78.353
306.329 76.325
306.514 75.409
306.699 74.858
306.883 73.267
307.068 72.909
307.253 72.864
307.438 73.844
307.623 73.996
307.808 72.816
307.993 71.366
308.178 70.489
308.363 70.727
308.548 72.186
308.732 74.486
308.917 76.108
309.102 76.206
309.287 76.020
309.472 76.443
309.657 77.173
309.842 76.922
310.027 76.131
310.212 76.261
310.397 76.682
310.581 75.731
310.766 74.203
310.951 73.437
311.136 72.784
311.321 72.137
311.506 70.585
311.691 68.887
311.876 68.838
312.061 68.428
312.245 69.563
312.430 70.818
312.615 72.072
312.800 71.452
312.985 69.899
313.170 69.791
313.347 70.981
313.523 70.665
313.700 70.547
313.877 70.713
314.054 72.503
314.230 71.751
314.407 69.194
314.584 67.248
314.761 67.017
314.937 67.153
315.114 68.128
315.291 68.234
315.467 68.904
315.644 67.650
315.821 67.079
315.998 65.796
316.174 65.240
316.351 66.085
316.528 65.937
316.704 65.299
316.881 65.085
317.058 64.793
317.235 64.600
317.411 64.472
317.588 65.541
317.765 65.643
317.942 66.257
318.118 67.238
318.295 66.068
318.472 65.093
318.648 66.079
318.825 67.156
319.002 66.591
319.179 65.684
319.355 65.831
319.532 66.190
319.709 65.705
319.885 65.405
320.062 64.733
320.239 64.809
320.416 66.207
320.592 65.877
320.769 65.579
320.946 65.802
321.123 65.907
321.299 65.431
321.476 64.254
321.653 64.882
321.829 64.508
322.006 63.700
322.183 63.928
322.360 63.036
322.536 63.047
322.713 63.558
322.890 63.284
323.066 62.320
323.243 62.205
323.420 63.904
323.597 63.960
323.773 62.700
323.950 62.737
324.127 64.211
324.304 65.353
324.480 64.698
324.657 64.221
324.834 64.102
325.010 64.383
325.187 63.812
325.364 62.296
325.541 61.558
325.717 62.326
325.894 61.668
326.071 59.328
326.248 58.041
326.424 58.405
326.601 57.453
326.778 56.706
326.954 55.981
327.131 55.148
327.308 54.451
327.485 54.539
327.661 54.697
327.838 54.861
328.015 55.218
328.191 54.878
328.368 54.279
328.545 53.549
328.722 53.711
328.898 55.334
329.075 56.396
329.252 56.231
329.429 56.080
329.605 56.753
329.782 56.949
329.959 56.737
330.135 56.913
330.312 57.446
330.489 58.407
330.666 58.192
330.842 57.035
331.019 56.769
331.196 57.339
331.372 57.136
331.549 55.574
331.726 54.803
331.903 54.719
332.079 54.524
332.256 53.362
332.433 52.023
332.610 50.944
332.786 50.878
332.963 50.885
333.140 50.173
333.316 51.203
333.493 51.540
333.670 51.222
333.847 52.334
334.023 52.406
334.200 51.990
334.377 52.018
334.553 53.086
334.730 52.810
334.907 51.797
335.084 51.817
335.260 50.700
335.437 50.281
335.614 51.077
335.791 50.277
335.967 50.237
336.144 50.956
336.321 51.225
336.497 50.889
336.674 50.613
336.851 50.965
337.028 50.353
337.204 49.710
337.381 50.754
337.558 51.206
337.734 50.542
337.911 49.356
338.088 48.928
338.265 50.449
338.441 51.150
338.618 50.268
338.795 49.578
338.972 50.431
339.148 51.238
339.325 50.592
339.502 48.919
339.678 48.874
339.855 49.619
340.032 49.167
340.209 47.720
340.385 47.044
340.562 47.249
340.739 47.106
340.916 45.941
341.092 45.912
341.269 46.148
341.446 46.329
341.622 45.899
341.799 45.918
341.976 46.368
342.153 46.587
342.329 46.345
342.506 46.737
342.683 47.003
342.859 47.152
343.036 46.481
343.213 45.535
343.390 45.019
343.566 45.268
343.743 44.629
343.920 43.734
344.097 42.870
344.273 42.539
344.450 42.072
344.627 42.309
344.803 43.280
344.980 43.480
345.157 43.097
345.334 42.900
345.510 42.677
345.687 42.376
345.864 43.030
346.040 43.697
346.217 44.162
346.394 44.304
346.571 43.595
346.747 41.838
346.924 41.643
347.101 43.003
347.278 43.784
347.454 44.518
347.631 44.535
347.808 43.360
347.984 43.125
348.161 43.327
348.338 43.266
348.515 42.992
348.691 43.171
348.868 42.547
349.045 40.708
349.221 39.995
349.398 38.805
349.575 39.050
349.752 40.119
349.928 39.367
350.105 38.296
350.282 37.574
350.459 38.003
350.635 38.282
350.812 37.958
350.989 39.437
351.165 40.644
351.342 40.801
351.519 40.166
351.696 39.651
351.872 39.813
352.049 39.865
352.226 40.573
352.402 40.697
352.579 40.730
352.756 41.394
352.933 40.548
353.109 39.136
353.286 38.629
353.463 38.819
353.640 38.753
353.816 38.314
353.993 38.254
354.170 37.967
354.346 37.978
354.523 38.131
354.700 37.759
354.877 37.629
355.053 37.510
355.230 37.758
355.407 37.790
355.584 37.804
355.760 38.224
355.937 38.400
356.114 38.469
356.290 38.105
356.467 38.068
356.644 37.590
356.821 36.814
356.997 37.255
357.174 37.400
357.351 37.268
357.527 37.359
357.704 37.086
357.881 37.299
358.058 37.713
358.234 37.891
358.411 37.486
358.588 37.316
358.765 37.513
358.941 37.233
359.118 36.833
359.295 36.468
359.471 35.675
359.648 35.511
359.825 35.260
360.002 34.530
360.178 34.260
360.355 34.327
360.532 34.667
360.708 34.622
360.885 34.371
361.062 34.103
361.239 34.139
361.415 34.388
361.592 34.229
361.769 33.756
361.946 34.081
362.122 34.245
362.299 33.456
362.476 33.184
362.652 33.406
362.829 33.771
363.006 33.763
363.183 34.258
363.359 34.377
363.536 33.997
363.713 33.947
363.889 33.785
364.066 33.196
364.243 33.130
364.420 32.892
364.596 32.426
364.773 31.787
364.950 32.039
365.127 31.762
365.303 31.664
365.480 32.491
365.661 32.723
365.841 32.566
366.022 32.444
366.202 32.632
366.383 32.689
366.563 32.961
366.744 33.354
366.924 33.283
367.105 33.147
367.286 32.694
367.466 31.908
367.647 31.927
367.827 31.846
368.008 32.280
368.188 32.504
368.369 32.568
368.549 32.673
368.730 32.068
368.911 31.759
369.091 31.601
369.272 31.618
369.452 31.854
369.633 31.396
369.813 31.146
369.994 31.164
370.174 30.716
370.355 30.353
370.535 30.141
370.716 30.646
370.897 30.734
371.077 30.244
371.258 30.569
371.438 31.242
371.619 31.634
371.799 31.432
371.980 30.639
372.160 30.721
372.341 31.097
372.522 31.039
372.702 30.884
372.883 30.848
373.063 31.070
373.244 30.983
373.424 30.395
373.605 30.129
373.785 30.228
373.966 30.399
374.147 30.602
374.327 30.651
374.508 30.967
374.688 30.854
374.869 30.811
375.049 31.221
375.230 31.629
375.410 31.604
375.591 31.252
375.772 31.221
375.952 31.627
376.133 31.647
376.313 31.388
376.494 30.591
376.674 30.522
376.855 30.706
377.035 30.255
377.216 29.841
377.397 29.907
377.577 30.137
377.758 30.114
377.938 30.029
378.119 29.977
378.299 29.972
378.480 30.339
378.660 30.592
378.841 30.544
379.021 30.401
379.202 29.978
379.383 29.477
379.563 29.146
379.744 28.811
379.924 28.252
380.105 28.122
380.285 28.083
380.466 27.773
380.646 27.223
380.827 26.779
381.008 26.846
381.188 27.117
381.369 27.528
381.549 27.492
381.730 27.406
381.910 27.726
382.091 27.867
382.271 28.161
382.452 28.395
382.633 28.557
382.813 28.990
382.994 29.311
383.174 29.025
383.355 28.653
383.535 28.893
383.716 29.349
383.896 29.228
384.077 28.944
384.258 28.817
384.438 28.936
384.619 28.966
384.799 28.717
384.980 28.591
385.160 28.655
385.341 28.717
385.521 28.634
385.702 28.424
385.882 28.623
386.063 28.765
386.244 28.676
386.424 28.631
386.605 28.465
386.785 28.409
386.966 28.260
387.146 28.193
387.327 28.075
387.507 28.114
387.688 28.392
387.869 28.445
388.049 28.663
388.230 28.606
388.410 28.561
388.591 28.692
388.771 28.854
388.952 28.957
389.132 28.976
389.313 29.136
389.494 29.123
389.674 28.974
389.855 28.645
390.035 28.355
390.216 28.363
390.396 28.481
390.577 28.474
390.757 28.266
390.938 28.208
391.119 28.315
391.299 28.322
391.480 28.390
391.660 28.332
391.841 28.553
392.021 28.614
392.202 28.468
392.382 28.246
392.563 28.304
392.743 28.522
392.924 28.518
393.105 28.398
393.285 28.313
393.466 28.337
393.646 28.527
393.827 28.484
394.007 28.154
394.188 28.318
394.368 28.504
394.549 28.438
394.730 28.255
394.910 28.204
395.091 28.217
395.271 28.403
395.452 28.420
395.632 28.016
395.813 27.901
395.993 28.252
396.174 28.393
396.355 28.324
396.535 28.555
396.716 28.899
396.896 29.117
397.077 29.181
397.257 29.007
397.438 28.838
397.618 28.993
397.799 29.070
397.980 29.146
398.160 29.123
398.341 29.127
398.521 29.026
398.702 28.793
398.882 28.562
399.063 28.576
399.243 28.683
399.424 28.763
399.605 29.026
399.785 29.016
399.966 28.870
400.146 28.837
400.327 28.853
400.507 28.865
400.688 28.780
400.868 28.797
401.049 28.798
401.229 28.707
401.410 28.774
401.591 28.796
401.771 29.041
401.952 29.106
402.132 28.966
402.313 28.947
402.493 29.004
402.674 29.257
402.854 29.413
403.035 29.625
403.216 29.499
403.396 29.539
403.577 29.530
403.757 29.326
403.938 29.214
404.118 29.187
404.299 29.077
404.479 29.000
404.660 28.917
404.841 28.891
405.023 28.726
405.204 28.814
405.385 28.801
405.566 28.714
405.748 28.627
405.929 28.688
406.110 29.127
406.292 29.461
406.473 29.626
406.654 29.708
406.835 29.613
407.017 29.484
407.198 29.568
407.379 29.515
407.560 29.388
407.742 29.341
407.923 29.180
408.104 28.713
408.286 28.396
408.467 28.080
408.648 28.143
408.829 28.557
409.011 28.680
409.192 28.566
409.373 28.461
409.555 28.535
409.736 28.770
409.917 29.001
410.098 29.259
410.280 29.455
410.461 29.788
410.642 29.647
410.823 29.159
411.005 29.137
411.186 29.442
411.367 29.770
411.549 29.849
411.730 29.774
411.911 29.634
412.092 29.513
412.274 29.533
412.455 29.405
412.636 29.353
412.818 29.528
412.999 29.549
413.180 29.437
413.361 29.307
413.543 29.279
413.724 29.306
413.905 29.346
414.087 29.344
414.268 29.262
414.449 29.241
414.630 29.251
414.812 29.251
414.993 29.343
415.174 29.246
415.355 29.112
415.537 29.012
415.718 29.041
415.899 29.073
416.081 28.990
416.262 28.789
416.443 28.746
416.624 28.762
416.806 28.726
416.987 28.551
417.168 28.409
417.350 28.363
417.531 28.381
417.712 28.278
417.893 28.287
418.075 28.539
418.256 28.663
418.437 28.521
418.618 28.408
418.800 28.429
418.981 28.643
419.162 28.817
419.344 28.948
419.525 29.098
419.706 29.137
419.887 29.098
420.069 29.003
420.250 29.117
420.431 29.281
420.613 29.404
420.794 29.324
420.975 29.062
421.156 29.046
421.338 29.018
421.519 28.883
421.700 28.850
421.882 28.843
422.063 28.690
422.244 28.556
422.425 28.551
422.607 28.488
422.788 28.470
422.969 28.541
423.150 28.631
423.332 28.812
423.513 28.820
423.694 28.642
423.876 28.571
424.057 28.595
424.238 28.624
424.419 28.763
424.601 29.069
424.782 29.116
424.963 29.171
425.145 29.000
425.326 28.740
425.507 28.663
425.688 28.871
425.870 28.884
426.051 28.803
426.232 28.759
426.413 28.616
426.595 28.257
426.776 28.079
426.957 28.026
427.139 28.141
427.320 28.131
427.501 28.082
427.682 27.863
427.864 27.853
428.045 27.952
428.226 27.930
428.408 27.804
428.589 27.779
428.770 27.835
428.951 27.770
429.133 27.662
429.314 27.695
429.495 27.764
429.677 27.818
429.858 27.768
430.039 27.619
430.220 27.598
430.402 27.637
430.583 27.671
430.764 27.608
430.945 27.545
431.127 27.381
431.308 27.259
431.489 27.226
431.671 27.237
431.852 27.250
432.033 27.303
432.214 27.274
432.396 27.183
432.577 27.049
432.758 27.080
432.940 27.177
433.121 27.236
433.302 27.171
433.483 27.140
433.665 27.225
433.846 27.261
434.027 27.246
434.208 27.231
434.390 27.232
434.571 27.284
434.752 27.297
434.934 27.243
435.115 27.268
435.296 27.274
435.477 27.203
435.659 27.147
435.840 27.183
436.030 27.242
436.220 27.163
436.410 27.150
436.600 27.141
436.790 27.131
436.980 27.197
437.170 27.137
437.360 27.116
437.550 27.102
437.741 27.034
437.931 26.890
438.121 26.841
438.311 26.856
438.501 26.815
438.691 26.842
438.881 26.770
439.071 26.575
439.261 26.573
439.451 26.579
439.641 26.546
439.831 26.434
440.021 26.351
440.211 26.265
440.401 26.266
440.591 26.212
440.781 26.171
440.971 26.143
441.161 26.081
441.351 25.940
441.542 25.822
441.732 25.751
441.922 25.720
442.112 25.699
442.302 25.683
442.492 25.582
442.682 25.478
442.872 25.291
443.062 25.151
443.252 25.156
443.442 25.266
443.632 25.269
443.822 25.203
444.012 25.090
444.202 25.043
444.392 24.978
444.582 24.909
444.772 24.856
444.962 24.864
445.153 24.918
445.343 24.846
445.533 24.681
445.723 24.652
445.913 24.632
446.103 24.651
446.293 24.658
446.483 24.639
446.673 24.673
446.863 24.722
447.053 24.682
447.243 24.682
447.433 24.715
447.623 24.702
447.813 24.636
448.003 24.710
448.193 24.723
448.383 24.643
448.573 24.566
448.764 24.382
448.954 24.232
449.144 24.122
449.334 23.967
449.524 23.789
449.714 23.697
449.904 23.676
450.094 23.563
450.284 23.451
450.474 23.379
450.664 23.313
450.854 23.306
451.044 23.309
451.234 23.303
451.424 23.154
451.614 23.133
451.804 23.119
451.994 23.008
452.184 22.912
452.375 22.898
452.565 22.866
452.755 22.830
452.945 22.837
453.135 22.835
453.325 22.769
453.515 22.846
453.705 22.832
453.895 22.745
454.085 22.732
454.275 22.764
454.465 22.728
454.655 22.617
454.845 22.537
455.035 22.505
455.225 22.317
455.415 22.174
455.605 22.102
455.795 22.077
455.985 22.025
456.176 21.926
456.366 21.787
456.556 21.655
456.746 21.559
456.936 21.470
457.126 21.369
457.316 21.380
457.506 21.368
457.696 21.233
457.886 20.992
458.076 20.842
458.266 20.750
458.456 20.633
458.646 20.520
458.836 20.469
459.026 20.439
459.216 20.328
459.406 20.220
459.596 20.173
459.787 20.136
459.977 20.187
460.167 20.257
460.357 20.192
460.547 20.139
460.737 20.119
460.927 20.064
461.117 19.858
461.307 19.813
461.497 19.818
461.687 19.736
461.877 19.701
462.067 19.638
462.257 19.576
462.447 19.529
462.637 19.382
462.827 19.263
463.017 19.260
463.207 19.360
463.397 19.265
463.588 19.148
463.778 19.127
463.968 19.008
464.158 18.884
464.348 18.757
464.538 18.704
464.728 18.650
464.918 18.561
465.108 18.468
465.298 18.357
465.488 18.267
465.678 18.179
465.868 18.096
466.058 18.061
466.248 17.973
466.438 17.876
466.628 17.810
466.818 17.782
467.008 17.754
467.199 17.656
467.389 17.529
467.579 17.469
467.769 17.452
467.959 17.378
468.149 17.214
468.339 17.178
468.529 17.173
468.719 17.122
468.909 17.030
469.099 16.939
469.289 16.891
469.479 16.868
469.669 16.765
469.859 16.663
470.049 16.576
470.239 16.589
470.429 16.591
470.619 16.465
470.810 16.339
471.000 16.356
471.190 16.403
471.380 16.347
471.570 16.296
471.760 16.302
471.950 16.256
472.140 16.214
472.330 16.164
472.520 16.038
472.710 15.958
472.900 15.914
473.090 15.833
473.280 15.684
473.470 15.576
473.660 15.496
473.850 15.461
474.040 15.448
474.230 15.378
474.421 15.318
474.611 15.263
474.801 15.222
474.991 15.173
475.181 15.068
475.371 15.024
475.561 15.004
475.751 14.897
475.941 14.769
476.131 14.688
476.321 14.657
476.511 14.582
476.701 14.509
476.891 14.405
477.081 14.300
477.271 14.198
477.461 14.102
477.651 14.007
477.841 13.967
478.031 13.964
478.222 13.890
478.412 13.791
478.602 13.754
478.792 13.735
478.982 13.743
479.172 13.698
479.362 13.675
479.552 13.645
479.742 13.580
479.932 13.524
480.122 13.444
480.312 13.401
480.502 13.405
480.692 13.363
480.882 13.268
481.072 13.199
481.262 13.190
481.452 13.183
481.642 13.169
481.833 13.178
482.023 13.166
482.213 13.142
482.403 13.098
482.593 13.026
482.783 13.000
482.973 13.024
483.163 12.992
483.353 12.913
483.543 12.891
483.733 12.859
483.923 12.800
484.113 12.779
484.303 12.718
484.493 12.638
484.683 12.640
484.873 12.616
485.063 12.540
485.253 12.507
485.443 12.498
485.634 12.395
485.824 12.306
486.014 12.274
486.204 12.229
486.394 12.239
486.584 12.245
486.774 12.144
486.964 12.089
487.154 12.061
487.344 12.007
487.534 11.955
487.724 11.937
487.914 11.938
488.104 11.923
488.294 11.906
488.484 11.847
488.674 11.788
488.864 11.771
489.054 11.708
489.245 11.667
489.435 11.684
489.625 11.708
489.815 11.744
490.005 11.791
490.195 11.754
490.385 11.683
490.575 11.656
490.765 11.670
490.955 11.701
491.145 11.690
491.335 11.686
491.525 11.615
491.715 11.550
491.905 11.507
492.095 11.400
492.285 11.317
492.475 11.289
492.665 11.257
492.856 11.231
493.046 11.145
493.236 11.087
493.426 11.048
493.616 10.995
493.806 10.960
493.996 10.923
494.186 10.909
494.376 10.981
494.566 10.968
494.756 10.905
494.946 10.868
495.136 10.866
495.326 10.905
495.516 10.948
495.706 10.963
495.896 10.949
496.086 10.923
496.276 10.918
496.467 10.871
496.657 10.879
496.847 10.896
497.037 10.875
497.227 10.859
497.417 10.791
497.607 10.671
497.797 10.644
497.987 10.633
498.177 10.565
498.367 10.530
498.557 10.505
498.747 10.462
498.937 10.445
499.127 10.399
499.317 10.340
499.507 10.319
499.697 10.300
499.887 10.314
500.077 10.310
500.268 10.320
500.458 10.279
500.648 10.214
500.838 10.179
501.028 10.147
501.218 10.156
501.408 10.141
501.598 10.144
501.788 10.151
501.978 10.131
502.168 10.064
502.358 10.039
502.548 10.005
502.738 10.016
502.928 10.026
503.118 10.015
503.308 10.008
503.498 10.025
503.688 10.007
503.879 10.021
504.069 9.987
504.259 10.017
504.449 10.012
504.639 10.006
504.829 9.994
505.019 9.964
505.209 9.931
505.399 9.869
505.589 9.827
505.779 9.804
505.969 9.742
506.159 9.725
506.349 9.712
506.539 9.702
506.729 9.713
506.919 9.732
507.109 9.738
507.299 9.733
507.490 9.737
507.680 9.696
507.870 9.658
508.060 9.661
508.250 9.638
508.440 9.617
508.630 9.610
508.820 9.590
509.010 9.523
509.200 9.471
509.390 9.471
509.580 9.456
509.770 9.480
509.960 9.489
510.150 9.466
510.340 9.461
510.530 9.451
510.720 9.458
510.910 9.480
511.100 9.526
511.291 9.521
511.481 9.506
511.671 9.500
511.861 9.568
512.051 9.727
512.241 9.752
512.431 9.771
512.621 9.777
512.811 9.753
513.001 9.744
513.191 9.713
513.381 9.730
513.571 9.713
513.761 9.708
513.951 9.620
514.141 9.451
514.331 9.462
514.521 9.404
514.711 9.368
514.902 9.394
515.092 9.401
515.282 9.413
515.472 9.400
515.662 9.394
515.852 9.393
516.042 9.373
516.232 9.347
516.422 9.283
516.612 9.304
516.802 9.323
516.992 9.283
517.182 9.243
517.372 9.190
517.562 9.182
517.752 9.192
517.942 9.170
518.132 9.201
518.322 9.258
518.513 9.311
518.703 9.316
518.893 9.332
519.083 9.390
519.273 9.448
519.463 9.466
519.653 9.482
519.843 9.496
520.033 9.500
520.223 9.500
520.413 9.490
520.603 9.492
520.793 9.485
520.983 9.459
521.173 9.409
521.363 9.366
521.553 9.387
521.743 9.363
521.933 9.338
522.123 9.388
522.314 9.440
522.504 9.411
522.694 9.347
522.884 9.325
523.074 9.310
523.264 9.297
523.454 9.275
523.644 9.261
523.834 9.280
524.024 9.314
524.214 9.302
524.404 9.247
524.594 9.245
524.784 9.298
524.974 9.306
525.164 9.299
525.354 9.275
525.544 9.279
525.734 9.265
525.925 9.239
526.115 9.232
526.305 9.282
526.495 9.338
526.685 9.347
526.875 9.348
527.065 9.362
527.255 9.384
527.445 9.414
527.635 9.404
527.825 9.431
528.015 9.484
528.205 9.464
528.395 9.377
528.585 9.331
528.775 9.329
528.965 9.325
529.155 9.317
529.345 9.314
529.535 9.301
529.726 9.312
529.916 9.296
530.106 9.276
530.296 9.284
530.486 9.303
530.676 9.269
530.866 9.260
531.056 9.247
531.246 9.218
531.436 9.195
531.626 9.201
531.816 9.155
532.006 9.135
532.196 9.108
532.386 9.068
532.576 9.028
532.766 9.023
532.956 8.992
533.146 8.979
533.337 8.995
533.527 8.986
533.717 8.955
533.907 9.002
534.097 9.030
534.287 9.036
534.477 9.058
534.667 9.077
534.857 9.097
535.047 9.121
535.237 9.132
535.427 9.146
535.617 9.162
535.807 9.193
535.997 9.171
536.187 9.134
536.377 9.122
536.567 9.118
536.757 9.104
536.948 9.081
537.138 9.072
537.328 9.073
537.518 9.067
537.708 9.063
537.898 9.035
538.088 9.034
538.278 9.045
538.468 9.056
538.658 9.036
538.848 9.034
539.038 9.032
539.228 9.012
539.418 9.016
539.608 9.035
539.798 9.031
539.988 9.038
540.178 9.018
540.368 9.012
540.558 8.995
540.749 8.997
540.939 9.007
541.129 9.020
541.319 9.039
541.509 9.156
541.699 9.423
541.889 9.430
542.079 9.433
542.269 9.460
542.459 9.478
542.649 9.472
542.839 9.487
543.029 9.482
543.219 9.463
543.409 9.432
543.599 9.278
543.789 8.990
543.979 8.970
544.169 8.965
544.360 8.978
544.550 8.979
544.740 8.964
544.930 8.949
545.120 8.960
545.310 8.969
545.500 9.000
545.690 9.006
545.880 8.989
546.070 8.975
546.267 8.938
546.463 8.899
546.660 8.891
546.857 8.897
547.054 8.897
547.251 8.855
547.447 8.825
547.644 8.781
547.841 8.771
548.038 8.757
548.234 8.771
548.431 8.811
548.628 8.826
548.825 8.815
549.021 8.803
549.218 8.758
549.415 8.735
549.612 8.725
549.808 8.752
550.005 8.787
550.202 8.788
550.399 8.773
550.595 8.758
550.792 8.747
550.989 8.699
551.186 8.698
551.382 8.747
551.579 8.802
551.776 8.829
551.973 8.812
552.169 8.783
552.366 8.776
552.563 8.766
552.760 8.774
552.956 8.779
553.153 8.805
553.350 8.822
553.547 8.830
553.743 8.801
553.940 8.780
554.137 8.784
554.334 8.755
554.530 8.743
554.727 8.776
554.924 8.774
555.121 8.754
555.317 8.722
555.514 8.708
555.711 8.682
555.908 8.682
556.104 8.702
556.301 8.696
556.498 8.711
556.695 8.720
556.891 8.677
557.088 8.632
557.285 8.605
557.482 8.627
557.678 8.635
557.875 8.640
558.072 8.660
558.269 8.670
558.465 8.672
558.662 8.660
558.859 8.650
559.056 8.660
559.252 8.679
559.449 8.711
559.646 8.744
559.843 8.738
560.039 8.720
560.236 8.687
560.433 8.642
560.630 8.629
560.826 8.661
561.023 8.670
561.220 8.687
561.417 8.690
561.613 8.697
561.810 8.667
562.007 8.665
562.204 8.670
562.400 8.697
562.597 8.737
562.794 8.765
562.991 8.776
563.187 8.787
563.384 8.783
563.581 8.805
563.778 8.825
563.974 8.859
564.171 8.855
564.368 8.847
564.565 8.827
564.761 8.838
564.958 8.879
565.155 8.903
565.352 8.920
565.548 8.966
565.745 9.010
565.942 9.004
566.139 8.993
566.335 9.035
566.532 9.094
566.729 9.166
566.926 9.205
567.122 9.190
567.319 9.169
567.516 9.201
567.713 9.217
567.909 9.231
568.106 9.275
568.303 9.322
568.500 9.356
568.696 9.386
568.893 9.406
569.090 9.436
569.287 9.480
569.483 9.550
569.680 9.564
569.877 9.584
570.074 9.608
570.270 9.607
570.467 9.637
570.664 9.670
570.861 9.684
571.057 9.694
571.254 9.691
571.451 9.711
571.648 9.733
571.844 9.771
572.041 9.823
572.238 9.861
572.435 9.929
572.631 9.982
572.828 10.034
573.025 10.076
573.222 10.139
573.418 10.204
573.615 10.216
573.812 10.231
574.009 10.292
574.205 10.314
574.402 10.346
574.599 10.382
574.796 10.416
574.992 10.444
575.189 10.510
575.386 10.534
575.583 10.569
575.779 10.632
575.976 10.663
576.173 10.699
576.370 10.781
576.567 10.840
576.763 10.904
576.960 10.969
577.158 11.004
577.356 11.051
577.554 11.117
577.752 11.165
577.950 11.253
578.148 11.329
578.346 11.384
578.544 11.441
578.742 11.499
578.940 11.537
579.138 11.565
579.336 11.651
579.534 11.735
579.732 11.811
579.930 11.884
580.128 11.960
580.326 12.055
580.524 12.101
580.722 12.125
580.920 12.170
581.118 12.250
581.316 12.327
581.514 12.361
581.712 12.381
581.909 12.434
582.107 12.514
582.305 12.565
582.503 12.621
582.701 12.714
582.899 12.785
583.097 12.850
583.295 12.916
583.493 13.029
583.691 13.134
583.889 13.234
584.087 13.320
584.285 13.385
584.483 13.446
584.681 13.522
584.879 13.599
585.077 13.675
585.275 13.762
585.473 13.854
585.671 13.937
585.869 14.030
586.067 14.113
586.265 14.195
586.463 14.281
586.661 14.374
586.859 14.470
587.057 14.557
587.255 14.648
587.453 14.743
587.651 14.844
587.849 14.909
588.047 15.003
588.245 15.080
588.443 15.174
588.641 15.274
588.839 15.390
589.037 15.462
589.235 15.551
589.433 15.663
589.631 15.772
589.829 15.853
590.027 15.943
590.225 16.028
590.423 16.134
590.621 16.212
590.819 16.295
591.017 16.366
591.215 16.456
591.413 16.557
591.611 16.648
591.809 16.744
592.006 16.831
592.204 16.936
592.402 17.037
592.600 17.137
592.798 17.252
592.996 17.342
593.194 17.438
593.392 17.581
593.590 17.711
593.788 17.829
593.986 17.941
594.184 18.051
594.382 18.172
594.580 18.314
594.778 18.434
594.976 18.554
595.174 18.685
595.372 18.790
595.570 18.867
595.768 18.946
595.966 19.019
596.164 19.117
596.362 19.251
596.560 19.342
596.758 19.404
596.956 19.493
597.154 19.605
597.352 19.716
597.550 19.840
597.748 19.997
597.946 20.114
598.144 20.278
598.342 20.377
598.540 20.434
598.738 20.518
598.936 20.627
599.134 20.753
599.332 20.823
599.530 20.923
599.728 21.044
599.926 21.127
600.124 21.247
600.322 21.362
600.520 21.499
600.718 21.607
600.916 21.724
601.114 21.873
601.312 22.007
601.510 22.114
601.708 22.256
601.905 22.374
602.103 22.477
602.301 22.598
602.499 22.674
602.697 22.761
602.895 22.887
603.093 23.027
603.291 23.138
603.489 23.240
603.687 23.366
603.885 23.453
604.083 23.557
604.281 23.650
604.479 23.721
604.677 23.828
604.875 23.952
605.073 24.065
605.271 24.127
605.469 24.178
605.667 24.239
605.865 24.348
606.063 24.453
606.261 24.583
606.459 24.679
606.657 24.785
606.855 24.882
607.053 24.978
607.251 25.106
607.449 25.260
607.647 25.394
607.845 25.537
608.043 25.655
608.241 25.728
608.439 25.773
608.637 25.917
608.835 26.061
609.033 26.195
609.231 26.300
609.429 26.397
609.627 26.452
609.825 26.524
610.023 26.590
610.221 26.679
610.419 26.786
610.617 26.894
610.815 26.952
611.013 27.019
611.211 27.090
611.409 27.153
611.607 27.229
611.804 27.359
612.002 27.499
612.200 27.615
612.398 27.714
612.596 27.829
612.794 27.913
612.992 28.026
613.190 28.110
613.388 28.192
613.586 28.312
613.784 28.380
613.982 28.436
614.180 28.500
614.378 28.605
614.576 28.698
614.774 28.764
614.972 28.841
615.170 28.921
615.368 29.039
615.566 29.119
615.764 29.207
615.962 29.316
616.160 29.422
616.358 29.481
616.556 29.518
616.754 29.536
616.952 29.582
617.150 29.652
617.348 29.722
617.546 29.769
617.744 29.843
617.942 29.903
618.140 29.991
618.338 30.072
618.536 30.178
618.734 30.283
618.932 30.400
619.130 30.503
619.328 30.618
619.526 30.677
619.724 30.745
619.922 30.856
620.120 30.966
620.318 31.067
620.516 31.179
620.714 31.245
620.912 31.313
621.110 31.396
621.308 31.488
621.506 31.540
621.704 31.651
621.901 31.785
622.099 31.837
622.297 31.879
622.495 31.907
622.693 31.951
622.891 32.028
623.089 32.104
623.287 32.159
623.485 32.243
623.683 32.341
623.881 32.412
624.079 32.480
624.277 32.618
624.475 32.728
624.673 32.824
624.871 32.907
625.069 32.995
625.267 33.063
625.465 33.172
625.663 33.232
625.861 33.285
626.059 33.382
626.257 33.482
626.455 33.559
626.653 33.641
626.851 33.708
627.049 33.781
627.247 33.862
627.445 33.957
627.643 34.052
627.841 34.173
628.039 34.272
628.237 34.303
628.435 34.306
628.633 34.332
628.831 34.360
629.029 34.449
629.227 34.515
629.425 34.613
629.623 34.714
629.821 34.778
630.019 34.799
630.217 34.877
630.415 35.004
630.613 35.130
630.811 35.197
631.009 35.258
631.207 35.311
631.405 35.360
631.603 35.378
631.801 35.458
631.998 35.544
632.196 35.662
632.394 35.754
632.592 35.812
632.790 35.879
632.988 35.997
633.186 36.127
633.384 36.187
633.582 36.314
633.780 36.440
633.978 36.481
634.176 36.526
634.374 36.563
634.572 36.585
634.770 36.621
634.968 36.712
635.166 36.815
635.364 36.882
635.562 37.010
635.760 37.073
635.958 37.139
636.156 37.220
636.354 37.293
636.552 37.364
636.750 37.452
636.948 37.583
637.146 37.654
637.344 37.719
637.542 37.769
637.740 37.790
637.938 37.825
638.136 38.019
638.334 38.342
638.532 38.392
638.730 38.454
638.928 38.529
639.126 38.589
639.324 38.640
639.522 38.704
639.720 38.804
639.918 38.915
640.116 39.058
640.314 39.019
640.512 38.812
640.710 38.918
640.908 39.084
641.106 39.265
641.304 39.369
641.502 39.445
641.699 39.523
641.897 39.639
642.095 39.727
642.293 39.772
642.491 39.825
642.689 39.955
642.887 40.058
643.085 40.119
643.283 40.165
643.481 40.217
643.679 40.312
643.877 40.417
644.075 40.499
644.273 40.623
644.471 40.749
644.669 40.889
644.867 40.991
645.065 41.096
645.263 41.157
645.461 41.237
645.659 41.383
645.857 41.493
646.055 41.588
646.253 41.657
646.451 41.693
646.649 41.716
646.847 41.748
647.045 41.816
647.243 41.892
647.441 42.007
647.639 42.062
647.837 42.103
648.035 42.176
648.233 42.195
648.431 42.257
648.629 42.361
648.827 42.447
649.025 42.550
649.223 42.618
649.421 42.685
649.619 42.745
649.817 42.839
650.015 42.963
650.213 42.995
650.411 43.056
650.609 43.133
650.807 43.204
651.005 43.294
651.203 43.370
651.401 43.442
651.599 43.466
651.796 43.539
651.994 43.624
652.192 43.676
652.390 43.791
652.588 43.899
652.786 44.000
652.984 44.133
653.182 44.259
653.380 44.319
653.578 44.398
653.776 44.538
653.974 44.627
654.172 44.690
654.370 44.728
654.568 44.740
654.766 44.787
654.964 44.857
655.162 44.878
655.360 44.916
655.558 44.995
655.756 45.094
655.954 45.176
656.152 45.284
656.350 45.367
656.548 45.427
656.746 45.528
656.944 45.597
657.142 45.678
657.340 45.776
657.538 45.869
657.736 45.943
657.934 46.013
658.132 46.077
658.330 46.136
658.528 46.208
658.726 46.289
658.924 46.376
659.122 46.501
659.320 46.598
659.518 46.602
659.716 46.651
659.914 46.761
660.112 46.846
660.310 46.898
660.508 46.955
660.706 47.015
660.904 47.091
661.102 47.175
661.300 47.265
661.498 47.277
661.696 47.326
661.893 47.389
662.091 47.435
662.289 47.481
662.487 47.530
662.685 47.576
662.883 47.626
663.081 47.726
663.279 47.836
663.477 47.868
663.675 47.925
663.873 48.087
664.071 48.203
664.269 48.283
664.467 48.379
664.665 48.518
664.863 48.606
665.061 48.691
665.259 48.742
665.457 48.812
665.655 48.907
665.853 48.992
666.051 49.023
666.249 49.072
666.447 49.123
666.645 49.173
666.843 49.195
667.041 49.265
667.239 49.318
667.437 49.366
667.635 49.412
667.833 49.445
668.031 49.499
668.229 49.585
668.427 49.679
668.625 49.764
668.823 49.820
669.021 49.911
669.219 49.960
669.417 50.047
669.615 50.106
669.813 50.160
670.011 50.263
670.209 50.334
670.407 50.403
670.605 50.417
670.803 50.461
671.001 50.556
671.199 50.629
671.397 50.661
671.595 50.709
671.792 50.813
671.990 50.836
672.188 50.868
672.386 50.933
672.584 50.953
672.782 51.014
672.980 51.068
673.178 51.120
673.376 51.152
673.574 51.228
673.772 51.249
673.970 51.322
674.168 51.448
674.366 51.520
674.564 51.561
674.762 51.585
674.960 51.600
675.158 51.630
675.356 51.640
675.554 51.702
675.752 51.735
675.950 51.817
676.148 51.859
676.346 51.886
676.544 51.890
676.742 51.950
676.940 52.052
677.138 52.127
677.336 52.203
677.534 52.289
677.732 52.367
677.930 52.485
678.128 52.564
678.326 52.634
678.524 52.688
678.722 52.764
678.920 52.820
679.118 52.839
679.316 52.868
679.514 52.920
679.712 52.934
679.910 52.921
680.108 52.935
680.306 52.939
680.504 52.926
680.702 52.942
680.900 53.005
681.098 53.084
681.296 53.126
681.494 53.233
681.691 53.295
681.889 53.391
682.087 53.469
682.285 53.464
682.483 53.512
682.681 53.561
682.879 53.610
683.077 53.627
683.275 53.657
683.473 53.753
683.671 53.787
683.869 53.840
684.067 53.864
684.265 53.917
684.463 54.042
684.661 54.107
684.859 54.134
685.057 54.145
685.255 54.209
685.453 54.234
685.651 54.266
685.849 54.361
686.047 54.416
686.245 54.491
686.443 54.525
686.641 54.567
686.839 54.670
687.037 54.741
687.235 54.830
687.433 54.854
687.631 54.886
687.829 54.941
688.027 54.917
688.225 54.912
688.423 54.912
688.621 54.936
688.819 54.958
689.017 54.981
689.215 55.020
689.413 55.014
689.611 55.062
689.809 55.099
690.007 55.144
690.205 55.244
690.403 55.382
690.601 55.466
690.799 55.550
690.997 55.609
691.195 55.620
691.393 55.639
691.591 55.705
691.788 55.795
691.986 55.911
692.184 55.960
692.382 55.993
692.580 55.981
692.778 55.944
692.976 55.933
693.174 55.924
693.372 55.974
693.570 56.030
693.768 56.110
693.966 56.109
694.164 56.086
694.362 56.090
694.560 56.063
694.758 56.045
694.956 56.090
695.154 56.128
695.352 56.200
695.550 56.237
695.748 56.275
695.946 56.301
696.144 56.358
696.342 56.426
696.540 56.469
696.744 56.534
696.948 56.632
697.152 56.683
697.357 56.716
697.561 56.725
697.765 56.756
697.969 56.852
698.173 56.853
698.377 56.863
698.581 56.901
698.786 56.942
698.990 56.988
699.194 56.997
699.398 57.048
699.602 57.078
699.806 57.105
700.010 57.110
700.215 57.093
700.419 57.149
700.623 57.175
700.827 57.177
701.031 57.214
701.235 57.301
701.440 57.333
701.644 57.307
701.848 57.359
702.052 57.410
702.256 57.435
702.460 57.464
702.664 57.507
702.869 57.581
703.073 57.662
703.277 57.738
703.481 57.759
703.685 57.859
703.889 57.929
704.093 57.954
704.298 57.984
704.502 58.043
704.706 58.104
704.910 58.135
705.114 58.117
705.318 58.109
705.522 58.117
705.727 58.138
705.931 58.118
706.135 58.104
706.339 58.118
706.543 58.232
706.747 58.322
706.951 58.284
707.156 58.296
707.360 58.353
707.564 58.382
707.768 58.337
707.972 58.282
708.176 58.268
708.380 58.361
708.585 58.428
708.789 58.325
708.993 58.246
709.197 58.266
709.401 58.297
709.605 58.299
709.810 58.296
710.014 58.383
710.218 58.447
710.422 58.425
710.626 58.451
710.830 58.445
711.034 58.459
711.239 58.488
711.443 58.551
711.647 58.606
711.851 58.638
712.055 58.671
712.259 58.686
712.463 58.668
712.668 58.709
712.872 58.687
713.076 58.745
713.280 58.875
713.484 58.894
713.688 58.867
713.892 58.821
714.097 58.847
714.301 58.945
714.505 58.990
714.709 59.041
714.913 59.096
715.117 59.131
715.321 59.142
715.526 59.116
715.730 59.194
715.934 59.269
716.138 59.299
716.342 59.340
716.546 59.308
716.750 59.301
716.955 59.321
717.159 59.326
717.363 59.328
717.567 59.339
717.771 59.316
717.975 59.281
718.180 59.276
718.384 59.291
718.588 59.316
718.792 59.404
718.996 59.481
719.200 59.498
719.404 59.489
719.609 59.545
719.813 59.557
720.017 59.625
720.221 59.703
720.425 59.752
720.629 59.776
720.833 59.826
721.038 59.806
721.242 59.780
721.446 59.834
721.650 59.888
721.854 59.861
722.058 59.893
722.262 59.896
722.467 59.875
722.671 59.853
722.875 59.855
723.079 59.847
723.283 59.926
723.487 59.968
723.691 59.982
723.896 60.042
724.100 60.149
724.304 60.193
724.508 60.195
724.712 60.186
724.916 60.240
725.120 60.339
725.325 60.372
725.529 60.355
725.733 60.383
725.937 60.442
726.141 60.479
726.345 60.427
726.550 60.405
726.754 60.483
726.958 60.585
727.162 60.638
727.366 60.612
727.570 60.560
727.774 60.564
727.979 60.520
728.183 60.444
728.387 60.448
728.591 60.538
728.795 60.625
728.999 60.624
729.203 60.642
729.408 60.617
729.612 60.688
729.816 60.713
730.020 60.641
730.224 60.652
730.428 60.689
730.632 60.666
730.837 60.683
731.041 60.683
731.245 60.677
731.449 60.679
731.653 60.798
731.857 60.795
732.061 60.869
732.266 60.989
732.470 60.983
732.674 60.968
732.878 60.986
733.082 60.966
733.286 60.984
733.490 61.030
733.695 61.023
733.899 60.909
734.103 60.960
734.307 61.020
734.511 60.963
734.715 61.012
734.920 61.125
735.124 61.184
735.328 61.208
735.532 61.223
735.736 61.301
735.940 61.415
736.144 61.501
736.349 61.493
736.553 61.465
736.757 61.527
736.961 61.606
737.165 61.575
737.369 61.592
737.573 61.565
737.778 61.506
737.982 61.430
738.186 61.363
738.390 61.377
738.594 61.305
738.798 61.248
739.002 61.241
739.207 61.200
739.411 61.206
739.615 61.156
739.819 61.217
740.023 61.293
740.227 61.375
740.431 61.389
740.636 61.370
740.840 61.432
741.044 61.519
741.248 61.545
741.452 61.552
741.656 61.534
741.860 61.543
742.065 61.568
742.269 61.599
742.473 61.633
742.677 61.670
742.881 61.656
743.085 61.659
743.290 61.665
743.494 61.690
743.698 61.670
743.902 61.662
744.106 61.720
744.310 61.714
744.514 61.654
744.719 61.529
744.923 61.500
745.127 61.565
745.331 61.654
745.535 61.635
745.739 61.590
745.943 61.556
746.148 61.545
746.352 61.545
746.556 61.578
746.760 61.565
746.964 61.584
747.168 61.611
747.372 61.652
747.577 61.589
747.781 61.617
747.985 61.683
748.189 61.719
748.393 61.768
748.597 61.831
748.801 61.875
749.006 61.925
749.210 61.935
749.414 61.873
749.618 61.801
749.822 61.831
750.026 61.825
750.230 61.796
750.435 61.842
750.639 61.923
750.843 61.903
751.047 61.867
751.251 61.829
751.455 61.828
751.660 61.823
751.864 61.853
752.068 61.835
752.272 61.835
752.476 61.840
752.680 61.842
752.884 61.833
753.089 61.769
753.293 61.733
753.497 61.820
753.701 61.895
753.905 62.073
754.109 62.090
754.313 62.077
754.518 62.109
754.722 62.149
754.926 62.239
755.130 62.214
755.334 62.275
755.538 62.338
755.742 62.279
755.947 62.298
756.151 62.267
756.355 62.343
756.559 62.463
756.763 62.486
756.967 62.452
757.171 62.415
757.376 62.480
757.580 62.480
757.784 62.428
757.988 62.439
758.192 62.392
758.396 62.337
758.600 62.222
758.805 62.133
759.009 62.117
759.213 62.205
759.417 62.305
759.621 62.279
759.825 62.272
760.030 62.380
760.234 62.502
760.438 62.511
760.642 62.556
760.846 62.646
761.050 62.682
761.254 62.639
761.459 62.585
761.663 62.481
761.867 62.512
762.071 62.555
762.275 62.524
762.479 62.484
762.683 62.576
762.888 62.533
763.092 62.521
763.296 62.557
763.500 62.631
763.709 62.679
763.918 62.772
764.126 62.750
764.335 62.758
764.544 62.849
764.753 62.996
764.962 62.961
765.171 62.940
765.379 62.950
765.588 62.922
765.797 62.872
766.006 62.839
766.215 62.796
766.424 62.784
766.632 62.777
766.841 62.707
767.050 62.561
767.259 62.639
767.468 62.776
767.677 62.756
767.885 62.672
768.094 62.614
768.303 62.610
768.512 62.639
768.721 62.691
768.929 62.700
769.138 62.673
769.347 62.659
769.556 62.540
769.765 62.486
769.974 62.595
770.182 62.708
770.391 62.827
770.600 62.836
770.809 62.795
771.018 62.780
771.227 62.794
771.435 62.838
771.644 62.891
771.853 62.869
772.062 62.811
772.271 62.659
772.480 62.628
772.688 62.634
772.897 62.657
773.106 62.729
773.315 62.726
773.524 62.690
773.732 62.653
773.941 62.679
774.150 62.743
774.359 62.811
774.568 62.888
774.777 62.842
774.985 62.803
775.194 62.725
775.403 62.659
775.612 62.731
775.821 62.794
776.030 62.816
776.238 62.824
776.447 62.848
776.656 62.886
776.865 62.960
777.074 63.058
777.283 63.130
777.491 63.256
777.700 63.337
777.909 63.355
778.118 63.397
778.327 63.327
778.535 63.310
778.744 63.387
778.953 63.325
779.162 63.213
779.371 63.209
779.580 63.210
779.788 63.270
779.997 63.306
780.206 63.261
780.415 63.105
780.624 63.126
780.833 63.140
781.041 63.124
781.250 63.139
781.459 63.191
781.668 63.179
781.877 63.019
782.086 62.873
782.294 62.786
782.503 62.806
782.712 62.858
782.921 62.913
783.130 62.950
783.338 62.940
783.547 62.927
783.756 62.929
783.965 62.972
784.174 63.073
784.383 63.203
784.591 63.215
784.800 63.182
785.009 63.250
785.218 63.248
785.427 63.162
785.636 63.023
785.844 62.944
786.053 62.937
786.262 62.991
786.471 63.056
786.680 62.948
786.889 62.948
787.097 62.884
787.306 62.778
787.515 62.761
787.724 62.797
787.933 62.955
788.141 63.024
788.350 63.041
788.559 63.027
788.768 63.080
788.977 63.176
789.186 63.133
789.394 63.123
789.603 63.137
789.812 63.118
790.021 63.088
790.230 62.979
790.439 62.999
790.647 63.002
790.856 62.875
791.065 62.765
791.274 62.757
791.483 62.858
791.692 62.956
791.900 63.011
792.109 63.086
792.318 63.135
792.527 63.233
792.736 63.241
792.944 63.250
793.153 63.328
793.362 63.367
793.571 63.368
793.780 63.385
793.989 63.422
794.197 63.506
794.406 63.574
794.615 63.575
794.824 63.581
795.033 63.597
795.242 63.573
795.450 63.576
795.659 63.597
795.868 63.539
796.077 63.517
796.286 63.497
796.495 63.472
796.703 63.457
796.912 63.419
797.121 63.388
797.330 63.472
797.539 63.524
797.747 63.495
797.956 63.535
798.165 63.650
798.374 63.593
798.583 63.503
798.792 63.555
799.000 63.520
799.209 63.514
799.418 63.553
799.627 63.505
799.836 63.460
800.045 63.596
800.253 63.508
800.462 63.393
800.671 63.429
800.880 63.577
801.089 63.585
801.298 63.568
801.506 63.544
801.715 63.543
801.924 63.519
802.133 63.506
802.342 63.429
802.550 63.465
802.759 63.531
802.968 63.535
803.177 63.521
803.386 63.580
803.595 63.586
803.803 63.638
804.012 63.575
804.221 63.543
804.430 63.546
804.639 63.521
804.848 63.528
805.056 63.519
805.265 63.538
805.474 63.523
805.683 63.403
805.892 63.462
806.101 63.577
806.309 63.531
806.518 63.521
806.727 63.548
806.936 63.555
807.145 63.578
807.353 63.551
807.562 63.447
807.771 63.496
807.980 63.576
808.189 63.445
808.398 63.291
808.606 63.353
808.815 63.443
809.024 63.361
809.233 63.315
809.442 63.399
809.651 63.434
809.859 63.485
810.068 63.444
810.277 63.336
810.486 63.447
810.695 63.460
810.904 63.455
811.112 63.469
811.321 63.476
811.530 63.475
811.740 63.368
811.949 63.466
812.159 63.502
812.368 63.457
812.578 63.533
812.787 63.650
812.997 64.003
813.206 64.065
813.416 64.053
813.625 64.139
813.835 64.166
814.044 64.335
814.254 64.384
814.463 64.458
814.673 64.546
814.882 64.574
815.092 64.432
815.301 64.160
815.511 64.175
815.720 64.224
815.930 64.377
816.139 64.491
816.349 64.254
816.558 64.042
816.768 63.984
816.977 63.882
817.187 63.737
817.396 63.623
817.606 63.587
817.815 63.659
818.025 63.540
818.234 63.349
818.444 63.313
818.653 63.506
818.863 63.581
819.072 63.581
819.282 63.663
819.491 63.732
819.701 63.820
819.910 63.783
820.120 63.691
820.329 63.864
820.539 63.924
820.748 63.910
820.958 63.852
821.167 63.897
821.377 63.986
821.586 63.913
821.796 63.858
822.005 64.048
822.215 64.199
822.424 64.121
822.634 63.940
822.843 63.908
823.053 63.813
823.262 63.818
823.472 63.779
823.681 63.662
823.891 63.712
824.100 63.919
824.310 63.883
824.519 63.657
824.729 63.611
824.938 63.627
825.148 63.677
825.357 63.889
825.567 63.943
825.776 64.002
825.986 64.031
826.195 64.096
826.405 63.966
826.614 63.846
826.824 63.956
827.033 64.055
827.243 64.063
827.452 64.077
827.662 63.988
827.871 63.923
828.081 63.888
828.290 64.055
828.500 63.924
828.709 63.884
828.919 63.901
829.128 63.926
829.338 63.948
829.547 64.051
829.757 64.023
829.966 63.784
830.176 63.676
830.385 63.672
830.595 63.584
830.804 63.657
831.014 63.599
831.223 63.642
831.433 63.619
831.642 63.581
831.852 63.451
832.061 63.332
832.271 63.552
832.480 63.847
832.690 63.724
832.899 63.655
833.109 63.816
833.318 63.906
833.528 63.834
833.737 63.787
833.947 63.770
834.156 63.904
834.366 64.134
834.575 64.048
834.785 63.780
834.994 63.900
835.204 63.854
835.413 63.681
835.623 63.749
835.832 63.695
836.042 63.874
836.251 64.243
836.461 64.259
836.670 64.106
836.880 64.165
837.089 64.355
837.299 64.341
837.508 64.339
837.718 64.515
837.927 64.626
838.137 64.744
838.346 64.613
838.556 64.406
838.765 64.526
838.975 64.737
839.184 64.930
839.394 64.867
839.603 64.923
839.813 65.054
840.022 64.917
840.232 64.817
840.441 64.860
840.651 65.029
840.860 64.983
841.070 64.869
841.279 64.817
841.489 64.633
841.698 64.515
841.908 64.414
842.117 64.229
842.327 64.131
842.536 64.104
842.746 63.948
842.955 63.857
843.165 63.865
843.374 63.773
843.584 63.687
843.793 63.657
844.003 63.828
844.212 63.932
844.422 64.049
844.631 63.900
844.841 63.787
845.050 63.799
845.260 63.756
845.469 63.773
845.679 63.744
845.888 63.753
846.098 63.886
846.307 63.875
846.517 63.884
846.726 63.903
846.936 64.338
847.145 64.511
847.355 64.441
847.564 64.352
847.774 64.786
847.983 65.785
848.193 65.833
848.402 65.713
848.612 65.580
848.821 65.496
849.031 65.609
849.240 65.462
849.450 65.464
849.659 65.581
849.869 65.610
850.078 65.032
850.288 64.421
850.497 64.452
850.707 64.318
850.916 64.278
851.126 64.239
851.335 64.127
851.545 64.079
851.754 64.111
851.964 64.240
852.173 64.235
852.383 64.299
852.592 64.108
852.802 64.121
853.011 64.316
853.221 64.398
853.430 64.384
853.640 64.367
853.849 64.498
854.059 64.481
854.268 64.390
854.478 64.467
854.687 64.453
854.897 64.398
855.106 64.448
855.316 64.355
855.525 64.180
855.735 64.206
855.944 64.250
856.154 64.230
856.363 64.187
856.573 64.234
856.782 64.205
856.992 64.148
857.201 64.134
857.411 64.066
857.620 64.140
857.830 64.381
858.039 64.360
858.249 64.286
858.458 64.307
858.668 64.367
858.877 64.259
859.087 64.409
859.296 64.443
859.506 64.378
859.715 64.343
859.925 64.336
860.134 64.435
860.344 64.541
860.553 64.699
860.763 64.739
860.972 64.635
861.182 64.745
861.391 64.767
861.601 64.738
861.810 64.767
862.020 64.777
862.229 64.677
862.439 64.419
862.648 64.522
862.858 64.375
863.067 64.052
863.277 64.087
863.486 64.107
863.696 64.049
863.905 64.063
864.115 64.150
864.324 64.170
864.534 64.357
864.743 64.471
864.953 64.392
865.162 64.446
865.372 64.533
865.581 64.351
865.791 64.442
866.000 64.289
866.210 64.402
866.419 64.469
866.629 64.427
866.838 64.263
867.048 64.286
867.257 64.553
867.467 64.811
867.676 65.087
867.886 65.312
868.095 65.262
868.305 65.309
868.514 65.303
868.724 65.098
868.933 65.113
869.143 65.099
869.352 64.920
869.562 64.743
869.771 64.590
869.981 64.384
870.190 64.327
870.400 64.217
870.609 64.297
870.819 64.339
871.028 64.521
871.238 64.650
871.447 64.583
871.657 64.634
871.866 64.404
872.076 64.513
872.285 64.431
872.495 64.380
872.704 64.328
872.914 64.307
873.123 64.196
873.333 63.987
873.542 63.846
873.752 64.099
873.961 64.295
874.171 64.333
874.380 63.781
874.590 63.759
874.799 64.035
875.009 64.187
875.218 64.425
875.428 64.250
875.637 64.321
875.847 64.691
876.056 64.703
876.266 64.453
876.475 64.423
876.685 64.835
876.894 64.992
877.104 64.821
877.313 64.809
877.523 64.742
877.732 64.942
877.942 64.995
878.151 64.747
878.361 64.579
878.570 64.605
878.780 64.638
878.989 64.687
879.199 65.001
879.408 64.984
879.618 64.638
879.827 64.441
880.037 64.761
880.246 64.983
880.456 64.986
880.665 64.915
880.875 65.077
881.084 65.494
881.294 65.521
881.503 65.032
881.713 65.038
881.922 65.393
882.132 65.331
882.341 64.959
882.551 64.828
882.760 64.847
882.970 64.967
883.179 65.177
883.389 65.021
883.598 64.797
883.808 64.941
884.017 65.057
884.227 64.834
884.436 64.787
884.646 64.837
884.855 64.564
885.065 64.244
885.274 64.275
885.484 64.426
885.693 64.610
885.903 64.471
886.112 64.429
886.322 64.509
886.531 64.818
886.741 65.137
886.950 65.383
887.160 65.624
887.369 65.547
887.579 65.461
887.788 65.075
887.998 64.842
888.207 65.161
888.417 65.264
888.626 64.984
888.836 64.565
889.045 64.111
889.255 63.887
889.464 64.219
889.674 64.710
889.883 64.697
890.093 64.620
890.302 64.292
890.512 64.204
890.721 64.656
890.931 64.740
891.140 64.956
891.350 65.073
891.559 65.024
891.769 64.807
891.978 64.655
892.188 64.978
892.397 65.233
892.607 65.550
892.816 65.879
893.026 65.254
893.235 64.978
893.445 65.088
893.654 65.273
893.864 65.479
894.073 65.327
894.283 65.239
894.492 64.913
894.702 64.694
894.911 64.593
895.121 64.253
895.330 64.214
895.540 64.489
895.749 64.750
895.959 64.833
896.168 64.831
896.378 64.943
896.587 65.309
896.797 65.360
897.006 65.464
897.216 65.713
897.425 65.360
897.635 65.104
897.844 65.199
898.054 65.000
898.263 64.862
898.473 64.401
898.682 63.917
898.892 63.792
899.101 64.046
899.311 63.957
899.520 63.552
899.730 63.884
899.939 64.439
900.149 64.523
900.358 64.567
900.568 64.784
900.777 65.264
900.987 65.628
901.196 65.278
901.406 64.913
901.615 64.897
901.825 65.125
902.034 64.912
902.244 64.829
902.453 64.796
902.663 64.690
902.872 64.574
903.082 64.603
903.291 64.656
903.501 64.806
903.710 64.981
903.920 65.403
904.129 65.436
904.339 65.686
904.548 65.387
904.758 65.034
904.967 64.996
905.177 64.976
905.386 65.091
905.596 65.150
905.805 65.170
906.015 65.303
906.224 64.999
906.434 64.836
906.643 64.925
906.853 65.306
907.062 65.662
907.272 65.515
907.481 65.488
907.691 65.752
907.900 66.001
908.110 66.276
908.319 66.215
908.529 65.978
908.738 66.073
908.948 66.036
909.157 65.612
909.367 65.239
909.576 65.671
909.786 65.934
909.995 65.414
910.205 64.844
910.414 64.124
910.624 64.174
910.833 64.503
911.043 64.544
911.252 64.634
911.462 65.112
911.672 65.304
911.881 64.894
912.091 64.273
912.300 64.552
912.512 64.763
912.724 65.170
912.937 65.213
913.149 65.386
913.361 65.632
913.573 65.503
913.786 65.355
913.998 65.505
914.210 65.345
914.422 65.956
914.634 65.942
914.847 66.046
915.059 66.052
915.271 66.033
915.483 65.628
915.696 65.210
915.908 65.416
916.120 65.514
916.332 65.694
916.544 66.289
916.757 66.242
916.969 65.930
917.181 65.723
917.393 65.678
917.606 65.595
917.818 65.756
918.030 65.873
918.242 65.917
918.454 65.814
918.667 65.820
918.879 65.846
919.091 65.537
919.303 65.416
919.516 65.322
919.728 65.560
919.940 66.136
920.152 66.259
920.364 66.156
920.577 65.708
920.789 65.456
921.001 65.221
921.213 65.442
921.426 66.006
921.638 66.326
921.850 66.014
922.062 65.399
922.274 64.704
922.487 64.765
922.699 64.916
922.911 65.349
923.123 65.745
923.336 65.729
923.548 65.066
923.760 64.503
923.972 64.285
924.184 64.375
924.397 64.476
924.609 64.576
924.821 64.705
925.033 64.547
925.246 64.242
925.458 64.202
925.670 64.585
925.882 65.139
926.094 65.207
926.307 65.149
926.519 65.569
926.731 66.164
926.943 66.450
927.156 66.042
927.368 65.987
927.580 66.134
927.792 66.277
928.004 66.213
928.217 65.875
928.429 66.417
928.641 66.915
928.853 66.928
929.066 66.853
929.278 66.720
929.490 66.708
929.702 66.762
929.914 66.729
930.127 66.677
930.339 66.588
930.551 66.511
930.763 66.022
930.976 65.749
931.188 65.861
931.400 65.704
931.612 65.671
931.824 66.011
932.037 66.349
932.249 66.705
932.461 66.553
932.673 66.354
932.886 66.505
933.098 66.638
933.310 66.726
933.522 67.005
933.734 67.634
933.947 67.675
934.159 67.115
934.371 66.836
934.583 65.949
934.796 65.536
935.008 65.539
935.220 66.038
935.432 65.883
935.644 65.575
935.857 65.589
936.069 64.834
936.281 64.469
936.493 64.010
936.706 64.379
936.918 65.559
937.130 65.868
937.342 65.699
937.554 65.386
937.767 65.902
937.979 66.104
938.191 65.611
938.403 65.843
938.616 65.921
938.828 66.945
939.040 67.364
939.252 67.174
939.464 66.847
939.677 66.809
939.889 66.309
940.101 65.999
940.313 66.817
940.526 67.095
940.738 66.732
940.950 66.562
941.162 65.990
941.374 65.578
941.587 66.133
941.799 66.909
942.011 67.051
942.223 67.205
942.436 67.398
942.648 66.940
942.860 67.512
943.072 67.662
943.284 68.221
943.497 68.861
943.709 69.174
943.921 68.217
944.133 68.038
944.346 68.421
944.558 68.685
944.770 68.477
944.982 68.186
945.194 67.757
945.407 68.221
945.619 67.822
945.831 67.587
946.043 67.795
946.256 68.646
946.468 68.802
946.680 68.685
946.892 68.421
947.104 68.400
947.317 68.548
947.529 68.565
947.741 69.400
947.953 70.429
948.166 69.885
948.378 69.360
948.590 69.710
948.802 69.461
949.014 69.605
949.227 69.643
949.439 69.506
949.651 69.795
949.863 70.548
950.076 69.676
950.288 69.303
950.500 70.672
950.712 70.159
950.924 68.782
951.137 69.869
951.349 70.960
951.561 71.156
951.773 72.254
951.986 72.623
952.198 70.918
952.410 69.649
952.622 68.467
952.834 67.753
953.047 68.991
953.259 68.708
953.471 66.728
953.683 64.846
953.896 65.654
954.108 65.757
954.320 64.620
954.532 64.840
954.744 66.473
954.957 67.557
955.169 67.372
955.381 67.163
955.593 67.521
955.806 67.617
956.018 67.889
956.230 67.340
956.442 66.157
956.654 66.520
956.867 66.797
957.079 66.046
957.291 65.961
957.503 66.629
957.716 66.120
957.928 66.402
958.140 66.836
958.352 67.053
958.564 67.033
958.777 66.789
958.989 65.853
959.201 66.669
959.413 68.197
959.626 68.384
959.838 67.501
960.050 67.255
960.262 67.377
960.474 68.329
960.687 69.844
960.899 70.331
961.111 70.634
961.323 71.308
961.536 70.163
961.748 69.228
961.960 68.960
962.172 68.140
962.384 67.041
962.597 67.081
962.809 67.959
963.021 66.586
963.233 65.254
963.446 64.632
963.658 64.195
963.870 65.573
964.082 66.674
964.294 67.221
964.507 67.342
964.719 67.756
964.931 67.667
965.143 66.418
965.356 66.629
965.568 67.400
965.780 68.429
966.000 68.977
966.221 67.623
966.441 66.357
966.662 66.931
966.882 68.821
967.103 69.564
967.323 68.570
967.543 69.249
967.764 70.012
967.984 69.923
968.205 69.563
968.425 70.173
968.645 69.730
968.866 68.987
969.086 68.102
969.307 67.312
969.527 67.681
969.748 68.475
969.968 67.996
970.188 67.138
970.409 66.285
970.629 66.633
970.850 68.179
971.070 68.992
971.290 69.544
971.511 69.367
971.731 70.469
971.952 71.483
972.172 70.821
972.393 70.471
972.613 71.035
972.833 72.251
973.054 73.076
973.274 71.067
973.495 70.539
973.715 71.224
973.936 71.656
974.156 70.155
974.376 69.222
974.597 70.588
974.817 70.982
975.038 70.424
975.258 69.742
975.478 69.062
975.699 69.225
975.919 70.112
976.140 70.957
976.360 70.957
976.581 71.318
976.801 71.546
977.021 70.860
977.242 69.411
977.462 69.416
977.683 72.182
977.903 72.394
978.123 72.990
978.344 72.807
978.564 71.231
978.785 70.319
979.005 70.826
979.226 71.468
979.446 72.158
979.666 73.332
979.887 72.954
980.107 70.557
980.328 70.705
980.548 71.385
980.769 71.075
980.989 69.512
981.209 70.057
981.430 70.760
981.650 69.622
981.871 69.254
982.091 68.757
982.311 68.946
982.532 67.711
982.752 66.616
982.973 65.600
983.193 66.476
983.414 68.880
983.634 69.381
983.854 67.633
984.075 67.583
984.295 68.025
984.516 68.704
984.736 69.418
984.956 70.871
985.177 71.807
985.397 71.339
985.618 71.262
985.838 71.519
986.059 71.018
986.279 71.209
986.499 70.682
986.720 70.332
986.940 71.970
987.161 71.055
987.381 70.193
987.602 71.018
987.822 73.553
988.042 72.448
988.263 70.742
988.483 70.233
988.704 69.465
988.924 69.082
989.144 70.026
989.365 70.451
989.585 73.544
989.806 73.681
990.026 71.501
990.247 68.849
990.467 69.033
990.687 69.743
990.908 70.976
991.128 73.568
991.349 76.017
991.569 75.793
991.789 74.729
992.010 72.792
992.230 72.004
992.451 70.937
992.671 71.034
992.892 74.434
993.112 76.526
993.332 74.920
993.553 72.812
993.773 71.950
993.994 70.318
994.214 68.964
994.435 68.225
994.655 69.982
994.875 71.603
995.096 74.052
995.316 73.290
995.537 69.914
995.757 67.770
995.977 66.711
996.198 64.005
996.418 63.186
996.639 64.072
996.859 64.610
997.080 64.220
997.300 66.379
997.520 64.640
997.741 60.810
997.961 61.910
998.182 63.495
998.402 63.124
998.622 67.306
998.843 72.192
999.063 71.521
999.284 70.868
999.504 68.992
999.725 65.935
999.945 65.450
1000.165 69.086
1000.386 69.379
1000.606 70.533
1000.827 72.963
1001.047 70.169
1001.268 64.463
1001.488 64.290
1001.708 67.711
1001.929 72.000
1002.149 73.886
1002.370 71.278
1002.590 69.376
1002.810 72.586
1003.031 72.092
1003.251 69.881
1003.472 71.628
1003.692 74.873
1003.913 75.777
1004.133 71.803
1004.353 69.418
1004.574 70.252
1004.794 75.853
1005.015 80.331
1005.235 75.449
1005.455 73.641
1005.676 75.899
1005.896 75.074
1006.117 73.095
1006.337 72.935
1006.558 77.393
1006.778 77.330
1006.998 73.637
1007.219 69.217
1007.439 63.749
1007.660 66.158
1007.880 71.577
1008.101 72.366
1008.321 69.837
1008.541 69.316
1008.762 69.589
1008.982 67.296
1009.203 67.797
1009.423 68.790
1009.643 67.860
1009.864 67.991
1010.084 64.301
1010.305 60.947
1010.525 62.360
1010.746 62.938
1010.966 61.375
1011.186 58.863
1011.407 55.918
1011.627 53.704
1011.848 55.549
1012.068 56.837
1012.288 56.654
1012.509 59.190
1012.729 58.606
1012.950 52.418
