200.182 79.579
200.437 78.852
200.691 78.267
200.946 77.569
201.201 76.544
201.455 75.804
201.710 75.123
201.964 74.419
202.219 73.879
202.474 73.368
202.728 72.758
202.983 72.136
203.237 71.492
203.492 70.619
203.747 69.499
204.001 68.515
204.256 67.511
204.510 66.407
204.765 65.420
205.020 64.673
205.274 63.876
205.529 62.868
205.783 61.824
206.038 60.736
206.293 59.673
206.547 58.532
206.802 57.232
207.057 56.259
207.311 55.441
207.566 54.623
207.820 53.671
208.075 52.754
208.330 51.724
208.584 50.700
208.839 49.988
209.093 49.342
209.348 48.504
209.603 47.719
209.857 46.774
210.112 45.940
210.366 45.078
210.621 44.161
210.876 43.303
211.130 42.668
211.385 42.078
211.639 41.415
211.894 40.623
212.149 39.846
212.403 39.115
212.658 38.316
212.913 37.523
213.167 36.801
213.422 36.231
213.676 35.620
213.931 34.974
214.186 34.292
214.440 33.675
214.695 33.124
214.949 32.570
215.204 31.902
215.459 31.306
215.713 30.748
215.968 30.165
216.222 29.487
216.477 28.882
216.732 28.483
216.986 27.992
217.241 27.419
217.495 26.858
217.750 26.274
218.005 25.816
218.259 25.386
218.514 24.847
218.769 24.267
219.023 23.813
219.278 23.386
219.532 22.846
219.787 22.411
220.042 22.040
220.296 21.655
220.551 21.219
220.805 20.861
221.060 20.484
221.315 20.106
221.569 19.746
221.824 19.400
222.078 19.120
222.333 18.798
222.588 18.490
222.842 18.106
223.097 17.727
223.351 17.366
223.606 16.918
223.861 16.464
224.115 16.087
224.370 15.677
224.625 15.245
224.879 14.857
225.134 14.432
225.388 14.073
225.643 13.766
225.898 13.502
226.152 13.210
226.407 12.911
226.661 12.540
226.916 12.187
227.171 11.860
227.425 11.557
227.680 11.290
227.934 11.030
228.189 10.770
228.444 10.551
228.698 10.310
228.953 10.060
229.208 9.833
229.462 9.598
229.717 9.418
229.971 9.211
230.226 9.019
230.481 8.802
230.735 8.622
230.990 8.461
231.244 8.282
231.499 8.120
231.754 7.966
232.008 7.814
232.263 7.682
232.517 7.529
232.772 7.406
233.027 7.261
233.281 7.100
233.536 6.963
233.790 6.814
234.045 6.685
234.300 6.578
234.554 6.466
234.809 6.343
235.064 6.255
235.318 6.179
235.573 6.094
235.827 6.001
236.082 5.897
236.337 5.817
236.591 5.746
236.846 5.669
237.100 5.592
237.355 5.535
237.610 5.471
237.864 5.394
238.119 5.339
238.373 5.284
238.628 5.228
238.883 5.179
239.137 5.125
239.392 5.075
239.646 5.040
239.901 5.004
240.156 4.967
240.410 4.939
240.665 4.907
240.920 4.870
241.174 4.844
241.429 4.825
241.683 4.806
241.938 4.783
242.193 4.765
242.447 4.744
242.702 4.723
242.956 4.707
243.211 4.692
243.466 4.678
243.720 4.670
243.975 4.662
244.229 4.651
244.484 4.628
244.739 4.611
244.993 4.602
245.248 4.590
245.503 4.583
245.757 4.579
246.012 4.577
246.266 4.574
246.521 4.569
246.776 4.568
247.030 4.557
247.285 4.544
247.539 4.538
247.794 4.535
248.049 4.533
248.303 4.530
248.558 4.540
248.812 4.543
249.067 4.518
249.322 4.506
249.576 4.506
249.831 4.505
250.085 4.501
250.340 4.506
250.595 4.514
250.849 4.525
251.104 4.526
251.359 4.530
251.613 4.536
251.868 4.537
252.122 4.536
252.377 4.541
252.632 4.549
252.886 4.546
253.141 4.540
253.395 4.541
253.650 4.541
253.905 4.543
254.161 4.544
254.416 4.546
254.672 4.558
254.927 4.578
255.183 4.582
255.438 4.577
255.694 4.581
255.949 4.592
256.205 4.596
256.460 4.602
256.715 4.603
256.971 4.608
257.226 4.614
257.482 4.624
257.737 4.623
257.993 4.620
258.248 4.624
258.504 4.624
258.759 4.620
259.014 4.625
259.270 4.624
259.525 4.617
259.781 4.618
260.036 4.636
260.292 4.647
260.547 4.650
260.803 4.655
261.058 4.668
261.314 4.676
261.569 4.679
261.824 4.681
262.080 4.691
262.335 4.697
262.591 4.711
262.846 4.722
263.102 4.721
263.357 4.717
263.613 4.722
263.868 4.727
264.123 4.727
264.379 4.722
264.634 4.728
264.890 4.731
265.145 4.745
265.401 4.747
265.656 4.749
265.912 4.749
266.167 4.739
266.423 4.728
266.678 4.724
266.933 4.720
267.189 4.715
267.444 4.708
267.700 4.704
267.955 4.693
268.211 4.684
268.466 4.689
268.722 4.692
268.977 4.697
269.232 4.706
269.488 4.705
269.743 4.704
269.999 4.706
270.254 4.708
270.510 4.703
270.765 4.702
271.021 4.708
271.276 4.713
271.532 4.713
271.787 4.713
272.042 4.708
272.298 4.704
272.553 4.695
272.809 4.690
273.064 4.688
273.320 4.696
273.575 4.705
273.831 4.702
274.086 4.702
274.342 4.698
274.597 4.682
274.852 4.681
275.108 4.686
275.363 4.683
275.619 4.667
275.874 4.654
276.130 4.648
276.385 4.643
276.641 4.637
276.896 4.629
277.151 4.625
277.407 4.622
277.662 4.605
277.918 4.587
278.173 4.574
278.429 4.565
278.684 4.565
278.940 4.565
279.195 4.556
279.451 4.552
279.706 4.544
279.961 4.542
280.217 4.534
280.472 4.529
280.728 4.521
280.983 4.520
281.239 4.514
281.494 4.511
281.750 4.515
282.005 4.517
282.260 4.518
282.516 4.511
282.771 4.501
283.027 4.495
283.282 4.492
283.538 4.486
283.793 4.476
284.049 4.464
284.304 4.454
284.560 4.444
284.815 4.430
285.070 4.421
285.326 4.421
285.581 4.421
285.837 4.411
286.092 4.403
286.348 4.400
286.603 4.398
286.859 4.390
287.114 4.386
287.369 4.379
287.625 4.377
287.880 4.375
288.136 4.379
288.391 4.379
288.647 4.373
288.902 4.362
289.158 4.348
289.413 4.346
289.669 4.345
289.924 4.344
290.179 4.351
290.435 4.351
290.690 4.347
290.946 4.340
291.201 4.339
291.457 4.337
291.712 4.336
291.968 4.337
292.223 4.327
292.479 4.321
292.734 4.312
292.989 4.308
293.245 4.315
293.500 4.326
293.756 4.326
294.011 4.325
294.267 4.322
294.522 4.316
294.778 4.318
295.033 4.319
295.288 4.319
295.544 4.315
295.799 4.314
296.055 4.311
296.310 4.311
296.566 4.309
296.821 4.315
297.077 4.316
297.332 4.307
297.588 4.296
297.843 4.289
298.098 4.287
298.354 4.293
298.609 4.295
298.865 4.292
299.120 4.291
299.376 4.291
299.631 4.287
299.887 4.288
300.142 4.291
300.397 4.293
300.653 4.293
300.908 4.287
301.164 4.285
301.419 4.287
301.675 4.280
301.930 4.265
302.186 4.259
302.441 4.255
302.697 4.244
302.952 4.239
303.207 4.238
303.463 4.234
303.718 4.225
303.974 4.217
304.229 4.218
304.485 4.214
304.740 4.212
304.996 4.209
305.251 4.207
305.506 4.205
305.762 4.198
306.017 4.194
306.273 4.191
306.528 4.192
306.784 4.198
307.039 4.208
307.295 4.205
307.550 4.199
307.806 4.208
308.061 4.215
308.316 4.215
308.572 4.213
308.827 4.210
309.083 4.206
309.338 4.201
309.594 4.196
309.849 4.196
310.105 4.193
310.360 4.188
310.615 4.184
310.871 4.180
311.126 4.178
311.382 4.184
311.637 4.189
311.893 4.181
312.148 4.172
312.404 4.160
312.659 4.155
312.915 4.158
313.170 4.161
313.429 4.162
313.688 4.168
313.947 4.169
314.206 4.169
314.465 4.172
314.724 4.174
314.983 4.176
315.242 4.176
315.501 4.174
315.760 4.177
316.019 4.181
316.278 4.182
316.536 4.180
316.795 4.176
317.054 4.180
317.313 4.184
317.572 4.196
317.831 4.207
318.090 4.212
318.349 4.217
318.608 4.220
318.867 4.216
319.126 4.211
319.385 4.218
319.644 4.228
319.903 4.228
320.162 4.229
320.421 4.234
320.680 4.231
320.939 4.228
321.198 4.223
321.457 4.224
321.716 4.224
321.975 4.223
322.234 4.222
322.493 4.223
322.752 4.220
323.010 4.224
323.269 4.224
323.528 4.213
323.787 4.206
324.046 4.209
324.305 4.214
324.564 4.214
324.823 4.211
325.082 4.216
325.341 4.221
325.600 4.228
325.859 4.235
326.118 4.249
326.377 4.257
326.636 4.257
326.895 4.258
327.154 4.250
327.413 4.248
327.672 4.250
327.931 4.254
328.190 4.255
328.449 4.254
328.708 4.254
328.967 4.254
329.226 4.259
329.485 4.261
329.743 4.263
330.002 4.263
330.261 4.260
330.520 4.261
330.779 4.259
331.038 4.262
331.297 4.270
331.556 4.274
331.815 4.276
332.074 4.273
332.333 4.279
332.592 4.288
332.851 4.291
333.110 4.297
333.369 4.295
333.628 4.287
333.887 4.280
334.146 4.275
334.405 4.274
334.664 4.277
334.923 4.296
335.182 4.310
335.441 4.310
335.700 4.312
335.959 4.317
336.217 4.322
336.476 4.335
336.735 4.345
336.994 4.356
337.253 4.378
337.512 4.396
337.771 4.404
338.030 4.407
338.289 4.414
338.548 4.429
338.807 4.439
339.066 4.454
339.325 4.459
339.584 4.465
339.843 4.473
340.102 4.483
340.361 4.495
340.620 4.505
340.879 4.510
341.138 4.512
341.397 4.505
341.656 4.503
341.915 4.507
342.174 4.503
342.433 4.516
342.691 4.537
342.950 4.552
343.209 4.564
343.468 4.578
343.727 4.592
343.986 4.611
344.245 4.628
344.504 4.639
344.763 4.655
345.022 4.664
345.281 4.670
345.540 4.676
345.799 4.681
346.058 4.690
346.317 4.700
346.576 4.712
346.835 4.723
347.094 4.733
347.353 4.749
347.612 4.756
347.871 4.770
348.130 4.783
348.389 4.787
348.648 4.784
348.907 4.788
349.166 4.809
349.424 4.828
349.683 4.847
349.942 4.871
350.201 4.894
350.460 4.913
350.719 4.914
350.978 4.906
351.237 4.917
351.496 4.934
351.755 4.941
352.014 4.950
352.273 4.958
352.532 4.961
352.791 4.968
353.050 4.982
353.309 4.998
353.568 5.004
353.827 5.011
354.086 5.016
354.345 5.010
354.604 5.014
354.863 5.009
355.122 5.026
355.381 5.048
355.640 5.064
355.898 5.066
356.157 5.071
356.416 5.086
356.675 5.101
356.934 5.116
357.193 5.151
357.452 5.182
357.711 5.188
357.970 5.212
358.229 5.232
358.488 5.236
358.747 5.241
359.006 5.247
359.265 5.269
359.524 5.303
359.783 5.332
360.042 5.352
360.301 5.374
360.560 5.396
360.819 5.410
361.078 5.422
361.337 5.445
361.596 5.475
361.855 5.499
362.114 5.518
362.372 5.547
362.631 5.570
362.890 5.587
363.149 5.602
363.408 5.633
363.667 5.659
363.926 5.681
364.185 5.710
364.444 5.737
364.703 5.758
364.962 5.763
365.221 5.786
365.480 5.814
365.745 5.826
366.009 5.845
366.274 5.878
366.539 5.908
366.804 5.940
367.068 5.968
367.333 5.988
367.598 6.019
367.863 6.048
368.127 6.074
368.392 6.111
368.657 6.146
368.921 6.158
369.186 6.169
369.451 6.200
369.716 6.238
369.980 6.271
370.245 6.312
370.510 6.349
370.775 6.389
371.039 6.430
371.304 6.456
371.569 6.478
371.834 6.516
372.098 6.553
372.363 6.594
372.628 6.636
372.892 6.675
373.157 6.695
373.422 6.717
373.687 6.759
373.951 6.800
374.216 6.835
374.481 6.879
374.746 6.929
375.010 6.974
375.275 7.008
375.540 7.028
375.804 7.053
376.069 7.083
376.334 7.122
376.599 7.156
376.863 7.200
377.128 7.251
377.393 7.297
377.658 7.344
377.922 7.394
378.187 7.452
378.452 7.501
378.716 7.553
378.981 7.605
379.246 7.652
379.511 7.702
379.775 7.758
380.040 7.818
380.305 7.871
380.570 7.933
380.834 8.008
381.099 8.089
381.364 8.156
381.629 8.217
381.893 8.284
382.158 8.354
382.423 8.412
382.687 8.475
382.952 8.545
383.217 8.611
383.482 8.677
383.746 8.743
384.011 8.817
384.276 8.898
384.541 8.964
384.805 9.024
385.070 9.094
385.335 9.176
385.599 9.265
385.864 9.346
386.129 9.432
386.394 9.509
386.658 9.588
386.923 9.670
387.188 9.739
387.453 9.819
387.717 9.907
387.982 9.993
388.247 10.080
388.511 10.156
388.776 10.237
389.041 10.330
389.306 10.427
389.570 10.526
389.835 10.618
390.100 10.709
390.365 10.808
390.629 10.905
390.894 11.001
391.159 11.100
391.424 11.202
391.688 11.304
391.953 11.403
392.218 11.514
392.482 11.624
392.747 11.736
393.012 11.854
393.277 11.971
393.541 12.094
393.806 12.203
394.071 12.317
394.336 12.423
394.600 12.527
394.865 12.639
395.130 12.750
395.394 12.868
395.659 12.993
395.924 13.120
396.189 13.241
396.453 13.361
396.718 13.483
396.983 13.594
397.248 13.705
397.512 13.822
397.777 13.942
398.042 14.067
398.306 14.190
398.571 14.315
398.836 14.448
399.101 14.579
399.365 14.712
399.630 14.859
399.895 14.998
400.160 15.123
400.424 15.242
400.689 15.383
400.954 15.532
401.219 15.675
401.483 15.804
401.748 15.931
402.013 16.068
402.277 16.202
402.542 16.342
402.807 16.480
403.072 16.621
403.336 16.769
403.601 16.922
403.866 17.072
404.131 17.218
404.395 17.372
404.660 17.526
404.929 17.670
405.198 17.815
405.466 17.964
405.735 18.111
406.004 18.263
406.273 18.410
406.542 18.551
406.810 18.693
407.079 18.838
407.348 18.985
407.617 19.124
407.886 19.269
408.154 19.419
408.423 19.570
408.692 19.721
408.961 19.869
409.229 20.014
409.498 20.166
409.767 20.303
410.036 20.444
410.305 20.587
410.573 20.747
410.842 20.904
411.111 21.055
411.380 21.208
411.649 21.355
411.917 21.488
412.186 21.621
412.455 21.756
412.724 21.903
412.993 22.048
413.261 22.198
413.530 22.348
413.799 22.500
414.068 22.654
414.337 22.807
414.605 22.966
414.874 23.112
415.143 23.244
415.412 23.377
415.681 23.517
415.949 23.650
416.218 23.802
416.487 23.954
416.756 24.107
417.024 24.256
417.293 24.400
417.562 24.545
417.831 24.703
418.100 24.857
418.368 25.006
418.637 25.152
418.906 25.293
419.175 25.442
419.444 25.588
419.712 25.731
419.981 25.861
420.250 26.001
420.519 26.145
420.788 26.268
421.056 26.386
421.325 26.517
421.594 26.653
421.863 26.787
422.132 26.916
422.400 27.042
422.669 27.175
422.938 27.312
423.207 27.447
423.476 27.586
423.744 27.726
424.013 27.861
424.282 27.987
424.551 28.121
424.819 28.246
425.088 28.369
425.357 28.495
425.626 28.620
425.895 28.747
426.163 28.875
426.432 29.010
426.701 29.139
426.970 29.256
427.239 29.381
427.507 29.497
427.776 29.613
428.045 29.744
428.314 29.880
428.583 30.016
428.851 30.151
429.120 30.275
429.389 30.394
429.658 30.512
429.927 30.632
430.195 30.748
430.464 30.860
430.733 30.972
431.002 31.070
431.271 31.188
431.539 31.318
431.808 31.441
432.077 31.569
432.346 31.693
432.614 31.802
432.883 31.915
433.152 32.034
433.421 32.150
433.690 32.247
433.958 32.351
434.227 32.446
434.496 32.543
434.765 32.646
435.034 32.751
435.302 32.851
435.571 32.944
435.840 33.039
436.116 33.135
436.393 33.242
436.669 33.346
436.945 33.445
437.221 33.551
437.498 33.665
437.774 33.771
438.050 33.862
438.326 33.947
438.603 34.041
438.879 34.140
439.155 34.232
439.431 34.317
439.708 34.402
439.984 34.479
440.260 34.562
440.537 34.656
440.813 34.750
441.089 34.833
441.365 34.914
441.642 34.987
441.918 35.080
442.194 35.171
442.470 35.233
442.747 35.304
443.023 35.373
443.299 35.439
443.575 35.502
443.852 35.562
444.128 35.632
444.404 35.699
444.680 35.756
444.957 35.807
445.233 35.859
445.509 35.910
445.786 35.963
446.062 36.021
446.338 36.069
446.614 36.113
446.891 36.169
447.167 36.228
447.443 36.279
447.719 36.328
447.996 36.371
448.272 36.411
448.548 36.448
448.824 36.467
449.101 36.490
449.377 36.519
449.653 36.540
449.930 36.558
450.206 36.584
450.482 36.634
450.758 36.670
451.035 36.699
451.311 36.730
451.587 36.746
451.863 36.769
452.140 36.801
452.416 36.822
452.692 36.848
452.968 36.867
453.245 36.883
453.521 36.901
453.797 36.924
454.074 36.935
454.350 36.940
454.626 36.941
454.902 36.955
455.179 36.971
455.455 36.969
455.731 36.967
456.007 36.965
456.284 36.963
456.560 36.953
456.836 36.952
457.112 36.939
457.389 36.924
457.665 36.915
457.941 36.897
458.218 36.881
458.494 36.872
458.770 36.836
459.046 36.809
459.323 36.797
459.599 36.774
459.875 36.757
460.151 36.746
460.428 36.726
460.704 36.700
460.980 36.667
461.256 36.639
461.533 36.615
461.809 36.590
462.085 36.553
462.361 36.519
462.638 36.481
462.914 36.445
463.190 36.413
463.467 36.382
463.743 36.327
464.019 36.260
464.295 36.210
464.572 36.178
464.848 36.138
465.124 36.093
465.400 36.052
465.677 36.016
465.953 35.973
466.229 35.931
466.505 35.887
466.782 35.835
467.058 35.770
467.334 35.705
467.611 35.642
467.887 35.591
468.163 35.529
468.439 35.464
468.716 35.388
468.992 35.310
469.268 35.241
469.544 35.173
469.821 35.109
470.097 35.031
470.373 34.947
470.649 34.859
470.926 34.778
471.202 34.700
471.478 34.634
471.755 34.556
472.031 34.477
472.307 34.405
472.583 34.322
472.860 34.247
473.136 34.174
473.412 34.095
473.688 34.009
473.965 33.932
474.241 33.841
474.517 33.753
474.793 33.674
475.070 33.593
475.346 33.502
475.622 33.414
475.899 33.320
476.175 33.225
476.451 33.125
476.727 33.019
477.004 32.914
477.280 32.810
477.556 32.706
477.832 32.615
478.109 32.520
478.385 32.416
478.661 32.306
478.937 32.204
479.214 32.096
479.490 31.996
479.766 31.897
480.043 31.796
480.319 31.687
480.595 31.585
480.871 31.492
481.148 31.386
481.424 31.265
481.700 31.149
481.976 31.042
482.253 30.930
482.529 30.810
482.805 30.690
483.081 30.572
483.358 30.460
483.634 30.355
483.910 30.248
484.186 30.134
484.463 30.019
484.739 29.892
485.015 29.776
485.292 29.671
485.568 29.563
485.844 29.447
486.120 29.335
486.397 29.212
486.673 29.082
486.949 28.966
487.225 28.851
487.502 28.732
487.778 28.617
488.054 28.502
488.330 28.379
488.607 28.250
488.883 28.123
489.159 27.997
489.436 27.868
489.712 27.731
489.988 27.598
490.264 27.476
490.541 27.354
490.817 27.227
491.093 27.102
491.369 26.975
491.646 26.846
491.922 26.719
492.198 26.594
492.474 26.468
492.751 26.341
493.027 26.219
493.303 26.106
493.580 25.983
493.856 25.859
494.132 25.743
494.408 25.619
494.685 25.491
494.961 25.356
495.237 25.226
495.513 25.107
495.790 24.987
496.066 24.870
496.342 24.750
496.618 24.627
496.895 24.502
497.171 24.369
497.447 24.235
497.724 24.106
498.000 23.979
498.276 23.855
498.552 23.728
498.829 23.590
499.105 23.455
499.381 23.329
499.657 23.213
499.934 23.086
500.210 22.963
500.486 22.842
500.762 22.724
501.039 22.599
501.315 22.476
501.591 22.360
501.867 22.241
502.144 22.119
502.420 21.998
502.696 21.882
502.973 21.756
503.249 21.626
503.525 21.503
503.801 21.383
504.078 21.261
504.354 21.137
504.630 21.017
504.906 20.894
505.183 20.774
505.459 20.662
505.735 20.547
506.011 20.430
506.288 20.322
506.564 20.210
506.840 20.096
507.117 19.989
507.393 19.885
507.669 19.778
507.945 19.675
508.222 19.569
508.498 19.459
508.774 19.347
509.050 19.237
509.327 19.133
509.603 19.025
509.879 18.913
510.155 18.795
510.432 18.695
510.708 18.590
510.984 18.483
511.261 18.385
511.537 18.284
511.813 18.186
512.089 18.084
512.366 17.981
512.642 17.876
512.918 17.767
513.194 17.662
513.471 17.555
513.747 17.457
514.023 17.370
514.299 17.280
514.576 17.184
514.852 17.093
515.128 17.004
515.405 16.911
515.681 16.817
515.957 16.727
516.233 16.636
516.510 16.540
516.786 16.453
517.062 16.364
517.338 16.263
517.615 16.160
517.891 16.064
518.167 15.971
518.443 15.877
518.720 15.786
518.996 15.691
519.272 15.595
519.548 15.501
519.825 15.419
520.101 15.350
520.377 15.284
520.654 15.206
520.930 15.121
521.206 15.041
521.482 14.961
521.759 14.887
522.035 14.808
522.311 14.728
522.587 14.647
522.864 14.575
523.140 14.500
523.416 14.419
523.692 14.341
523.969 14.260
524.245 14.177
524.521 14.097
524.798 14.013
525.074 13.924
525.350 13.842
525.626 13.770
525.903 13.698
526.179 13.614
526.455 13.538
526.731 13.468
527.008 13.405
527.284 13.336
527.560 13.265
527.836 13.190
528.113 13.120
528.389 13.053
528.665 12.988
528.942 12.921
529.218 12.853
529.494 12.796
529.770 12.741
530.047 12.674
530.323 12.610
530.599 12.548
530.875 12.484
531.152 12.420
531.428 12.360
531.704 12.296
531.980 12.228
532.257 12.169
532.533 12.114
532.809 12.057
533.086 12.001
533.362 11.944
533.638 11.881
533.914 11.816
534.191 11.754
534.467 11.700
534.743 11.653
535.019 11.600
535.296 11.542
535.572 11.482
535.848 11.427
536.124 11.376
536.401 11.328
536.677 11.272
536.953 11.216
537.230 11.157
537.506 11.101
537.782 11.054
538.058 11.003
538.335 10.948
538.611 10.893
538.887 10.843
539.163 10.791
539.440 10.742
539.716 10.686
539.992 10.634
540.268 10.592
540.545 10.548
540.821 10.500
541.097 10.446
541.373 10.394
541.650 10.355
541.926 10.317
542.202 10.278
542.479 10.234
542.755 10.191
543.031 10.153
543.307 10.113
543.584 10.069
543.860 10.023
544.136 9.974
544.412 9.933
544.689 9.901
544.965 9.862
545.241 9.820
545.517 9.777
545.794 9.737
546.070 9.698
546.356 9.651
546.642 9.600
546.928 9.559
547.214 9.521
547.500 9.475
547.786 9.434
548.072 9.399
548.358 9.365
548.644 9.327
548.930 9.290
549.216 9.252
549.502 9.217
549.788 9.181
550.074 9.149
550.360 9.113
550.646 9.078
550.932 9.043
551.218 9.009
551.504 8.977
551.790 8.937
552.076 8.898
552.362 8.867
552.648 8.832
552.934 8.798
553.220 8.766
553.506 8.736
553.793 8.711
554.079 8.684
554.365 8.654
554.651 8.622
554.937 8.590
555.223 8.561
555.509 8.536
555.795 8.504
556.081 8.468
556.367 8.436
556.653 8.413
556.939 8.390
557.225 8.366
557.511 8.336
557.797 8.305
558.083 8.275
558.369 8.249
558.655 8.227
558.941 8.203
559.227 8.177
559.513 8.149
559.799 8.123
560.085 8.100
560.371 8.077
560.657 8.052
560.943 8.022
561.229 8.000
561.515 7.978
561.801 7.948
562.087 7.916
562.373 7.887
562.659 7.861
562.945 7.839
563.231 7.816
563.517 7.787
563.803 7.758
564.089 7.736
564.375 7.716
564.661 7.694
564.947 7.670
565.233 7.643
565.519 7.617
565.805 7.591
566.091 7.566
566.377 7.539
566.663 7.515
566.949 7.491
567.235 7.470
567.521 7.443
567.807 7.423
568.093 7.404
568.379 7.384
568.665 7.364
568.951 7.344
569.237 7.322
569.524 7.303
569.810 7.285
570.096 7.269
570.382 7.250
570.668 7.236
570.954 7.211
571.240 7.182
571.526 7.156
571.812 7.132
572.098 7.112
572.384 7.098
572.670 7.078
572.956 7.053
573.242 7.034
573.528 7.021
573.814 7.007
574.100 6.979
574.386 6.954
574.672 6.934
574.958 6.914
575.244 6.897
575.530 6.881
575.816 6.868
576.102 6.849
576.388 6.827
576.674 6.812
576.960 6.795
577.248 6.777
577.536 6.759
577.824 6.737
578.113 6.723
578.401 6.710
578.689 6.690
578.977 6.676
579.265 6.664
579.553 6.648
579.841 6.633
580.130 6.620
580.418 6.604
580.706 6.583
580.994 6.569
581.282 6.564
581.570 6.559
581.858 6.541
582.147 6.520
582.435 6.507
582.723 6.502
583.011 6.493
583.299 6.482
583.587 6.475
583.875 6.469
584.164 6.461
584.452 6.456
584.740 6.445
585.028 6.435
585.316 6.419
585.604 6.407
585.892 6.396
586.181 6.385
586.469 6.371
586.757 6.360
587.045 6.349
587.333 6.335
587.621 6.323
587.909 6.308
588.198 6.288
588.486 6.272
588.774 6.259
589.062 6.247
589.350 6.235
589.638 6.222
589.927 6.206
590.215 6.193
590.503 6.187
590.791 6.180
591.079 6.169
591.367 6.159
591.655 6.153
591.944 6.150
592.232 6.138
592.520 6.130
592.808 6.122
593.096 6.116
593.384 6.108
593.672 6.101
593.961 6.090
594.249 6.073
594.537 6.062
594.825 6.055
595.113 6.049
595.401 6.045
595.689 6.032
595.978 6.022
596.266 6.017
596.554 6.006
596.842 5.999
597.130 5.993
597.418 5.995
597.706 5.995
597.995 5.990
598.283 5.984
598.571 5.973
598.859 5.962
599.147 5.951
599.435 5.946
599.723 5.940
600.012 5.929
600.300 5.912
600.588 5.904
600.876 5.900
601.164 5.892
601.452 5.881
601.740 5.865
602.029 5.848
602.317 5.836
602.605 5.828
602.893 5.825
603.181 5.820
603.469 5.817
603.757 5.811
604.046 5.800
604.334 5.793
604.622 5.789
604.910 5.787
605.198 5.779
605.486 5.778
605.774 5.774
606.063 5.770
606.351 5.769
606.639 5.764
606.927 5.758
607.215 5.753
607.503 5.746
607.791 5.746
608.080 5.739
608.368 5.732
608.656 5.727
608.944 5.718
609.232 5.712
609.520 5.706
609.808 5.707
610.097 5.707
610.385 5.704
610.673 5.703
610.961 5.695
611.249 5.691
611.537 5.692
611.825 5.689
612.114 5.682
612.402 5.669
612.690 5.657
612.978 5.651
613.266 5.649
613.554 5.647
613.843 5.645
614.131 5.636
614.419 5.624
614.707 5.618
614.995 5.607
615.283 5.594
615.571 5.597
615.860 5.607
616.148 5.603
616.436 5.602
616.724 5.598
617.012 5.594
617.300 5.594
617.588 5.593
617.877 5.591
618.165 5.584
618.453 5.580
618.741 5.581
619.029 5.578
619.317 5.577
619.605 5.578
619.894 5.580
620.182 5.577
620.470 5.570
620.758 5.567
621.046 5.566
621.334 5.565
621.622 5.571
621.911 5.577
622.199 5.576
622.487 5.570
622.775 5.564
623.063 5.560
623.351 5.559
623.639 5.560
623.928 5.557
624.216 5.556
624.504 5.555
624.792 5.553
625.080 5.555
625.368 5.551
625.656 5.553
625.945 5.560
626.233 5.559
626.521 5.560
626.809 5.557
627.097 5.550
627.385 5.544
627.673 5.535
627.962 5.533
628.250 5.526
628.538 5.518
628.826 5.512
629.114 5.504
629.402 5.506
629.690 5.518
629.979 5.533
630.267 5.537
630.555 5.535
630.843 5.534
631.131 5.534
631.419 5.531
631.707 5.534
631.996 5.545
632.284 5.551
632.572 5.552
632.860 5.550
633.148 5.539
633.436 5.526
633.724 5.531
634.013 5.532
634.301 5.536
634.589 5.535
634.877 5.533
635.165 5.538
635.453 5.540
635.741 5.538
636.030 5.529
636.318 5.523
636.606 5.525
636.894 5.521
637.182 5.521
637.470 5.519
637.759 5.522
638.047 5.531
638.335 5.531
638.623 5.523
638.911 5.519
639.199 5.517
639.487 5.517
639.776 5.516
640.064 5.521
640.352 5.527
640.640 5.532
640.928 5.532
641.216 5.534
641.504 5.538
641.793 5.540
642.081 5.538
642.369 5.536
642.657 5.529
642.945 5.527
643.233 5.524
643.521 5.514
643.810 5.509
644.098 5.505
644.386 5.505
644.674 5.511
644.962 5.511
645.250 5.511
645.538 5.501
645.827 5.491
646.115 5.489
646.403 5.485
646.691 5.483
646.979 5.480
647.267 5.467
647.555 5.449
647.844 5.447
648.132 5.443
648.420 5.432
648.708 5.421
648.996 5.414
649.284 5.412
649.572 5.403
649.861 5.393
650.149 5.389
650.437 5.392
650.725 5.396
651.013 5.392
651.301 5.389
651.589 5.384
651.878 5.377
652.166 5.380
652.454 5.390
652.742 5.390
653.030 5.396
653.318 5.405
653.606 5.416
653.895 5.419
654.183 5.420
654.471 5.436
654.759 5.439
655.047 5.437
655.335 5.435
655.623 5.430
655.912 5.428
656.200 5.436
656.488 5.444
656.776 5.439
657.064 5.431
657.352 5.432
657.640 5.432
657.929 5.431
658.217 5.429
658.505 5.431
658.793 5.433
659.081 5.435
659.369 5.439
659.657 5.444
659.946 5.449
660.234 5.461
660.522 5.467
660.810 5.466
661.098 5.468
661.386 5.473
661.675 5.477
661.963 5.477
662.251 5.474
662.539 5.476
662.827 5.478
663.115 5.487
663.403 5.503
663.692 5.514
663.980 5.524
664.268 5.534
664.556 5.539
664.844 5.548
665.132 5.558
665.420 5.560
665.709 5.568
665.997 5.583
666.285 5.599
666.573 5.612
666.861 5.619
667.149 5.629
667.437 5.635
667.726 5.645
668.014 5.647
668.302 5.648
668.590 5.661
668.878 5.668
669.166 5.669
669.454 5.672
669.743 5.672
670.031 5.668
670.319 5.669
670.607 5.674
670.895 5.683
671.183 5.686
671.471 5.692
671.760 5.696
672.048 5.695
672.336 5.701
672.624 5.711
672.912 5.718
673.200 5.724
673.488 5.730
673.777 5.735
674.065 5.735
674.353 5.741
674.641 5.747
674.929 5.753
675.217 5.757
675.505 5.767
675.794 5.774
676.082 5.782
676.370 5.788
676.658 5.795
676.946 5.798
677.234 5.803
677.522 5.812
677.811 5.815
678.099 5.821
678.387 5.831
678.675 5.837
678.963 5.836
679.251 5.845
679.539 5.857
679.828 5.862
680.116 5.872
680.404 5.887
680.692 5.898
680.980 5.905
681.268 5.909
681.556 5.908
681.845 5.911
682.133 5.915
682.421 5.925
682.709 5.932
682.997 5.941
683.285 5.949
683.573 5.953
683.862 5.952
684.150 5.952
684.438 5.957
684.726 5.962
685.014 5.979
685.302 5.986
685.591 5.995
685.879 6.001
686.167 6.000
686.455 6.007
686.743 6.021
687.031 6.026
687.319 6.037
687.608 6.046
687.896 6.051
688.184 6.058
688.472 6.056
688.760 6.062
689.048 6.064
689.336 6.064
689.625 6.064
689.913 6.063
690.201 6.065
690.489 6.066
690.777 6.069
691.065 6.073
691.353 6.074
691.642 6.090
691.930 6.093
692.218 6.095
692.506 6.097
692.794 6.100
693.082 6.107
693.370 6.112
693.659 6.115
693.947 6.118
694.235 6.117
694.523 6.126
694.811 6.139
695.099 6.158
695.387 6.171
695.676 6.176
695.964 6.193
696.252 6.213
696.540 6.231
696.836 6.238
697.133 6.243
697.429 6.256
697.725 6.270
698.021 6.288
698.318 6.297
698.614 6.295
698.910 6.304
699.207 6.318
699.503 6.332
699.799 6.347
700.095 6.350
700.392 6.360
700.688 6.364
700.984 6.379
701.281 6.400
701.577 6.422
701.873 6.443
702.169 6.469
702.466 6.484
702.762 6.484
703.058 6.486
703.355 6.500
703.651 6.522
703.947 6.536
704.243 6.543
704.540 6.550
704.836 6.567
705.132 6.575
705.428 6.582
705.725 6.587
706.021 6.582
706.317 6.585
706.614 6.589
706.910 6.595
707.206 6.614
707.502 6.641
707.799 6.655
708.095 6.664
708.391 6.677
708.688 6.688
708.984 6.703
709.280 6.716
709.576 6.711
709.873 6.726
710.169 6.740
710.465 6.751
710.762 6.766
711.058 6.771
711.354 6.774
711.650 6.788
711.947 6.814
712.243 6.832
712.539 6.844
712.836 6.848
713.132 6.838
713.428 6.840
713.724 6.846
714.021 6.848
714.317 6.863
714.613 6.874
714.910 6.888
715.206 6.908
715.502 6.922
715.798 6.923
716.095 6.923
716.391 6.935
716.687 6.952
716.984 6.967
717.280 6.987
717.576 6.991
717.872 6.997
718.169 7.007
718.465 7.006
718.761 7.020
719.058 7.031
719.354 7.024
719.650 7.016
719.946 7.014
720.243 7.009
720.539 7.015
720.835 7.022
721.131 7.030
721.428 7.032
721.724 7.031
722.020 7.037
722.317 7.047
722.613 7.058
722.909 7.059
723.205 7.067
723.502 7.080
723.798 7.099
724.094 7.126
724.391 7.137
724.687 7.144
724.983 7.166
725.279 7.169
725.576 7.164
725.872 7.185
726.168 7.191
726.465 7.194
726.761 7.202
727.057 7.206
727.353 7.210
727.650 7.215
727.946 7.217
728.242 7.220
728.539 7.235
728.835 7.239
729.131 7.255
729.427 7.278
729.724 7.285
730.020 7.289
730.316 7.301
730.613 7.297
730.909 7.303
731.205 7.315
731.501 7.329
731.798 7.361
732.094 7.378
732.390 7.368
732.687 7.366
732.983 7.365
733.279 7.368
733.575 7.366
733.872 7.360
734.168 7.364
734.464 7.369
734.761 7.372
735.057 7.374
735.353 7.383
735.649 7.402
735.946 7.412
736.242 7.425
736.538 7.435
736.835 7.440
737.131 7.443
737.427 7.462
737.723 7.477
738.020 7.499
738.316 7.520
738.612 7.542
738.909 7.558
739.205 7.571
739.501 7.585
739.797 7.600
740.094 7.621
740.390 7.635
740.686 7.641
740.982 7.649
741.279 7.661
741.575 7.674
741.871 7.673
742.168 7.670
742.464 7.675
742.760 7.695
743.056 7.692
743.353 7.703
743.649 7.721
743.945 7.719
744.242 7.729
744.538 7.739
744.834 7.741
745.130 7.744
745.427 7.754
745.723 7.771
746.019 7.784
746.316 7.792
746.612 7.796
746.908 7.804
747.204 7.798
747.501 7.797
747.797 7.804
748.093 7.795
748.390 7.789
748.686 7.804
748.982 7.818
749.278 7.829
749.575 7.829
749.871 7.813
750.167 7.809
750.464 7.829
750.760 7.847
751.056 7.849
751.352 7.860
751.649 7.874
751.945 7.899
752.241 7.914
752.538 7.916
752.834 7.919
753.130 7.927
753.426 7.930
753.723 7.927
754.019 7.930
754.315 7.930
754.611 7.948
754.908 7.978
755.204 8.008
755.500 8.015
755.797 8.026
756.093 8.017
756.389 8.006
756.685 8.003
756.982 8.015
757.278 8.026
757.574 8.018
757.871 8.006
758.167 8.005
758.463 8.012
758.759 8.027
759.056 8.031
759.352 8.038
759.648 8.038
759.945 8.054
760.241 8.064
760.537 8.086
760.833 8.106
761.130 8.118
761.426 8.122
761.722 8.124
762.019 8.128
762.315 8.134
762.611 8.147
762.907 8.173
763.204 8.204
763.500 8.219
763.804 8.225
764.108 8.237
764.412 8.256
764.716 8.267
765.020 8.278
765.324 8.311
765.628 8.329
765.932 8.344
766.236 8.362
766.540 8.376
766.844 8.385
767.148 8.399
767.452 8.410
767.756 8.427
768.060 8.447
768.364 8.458
768.668 8.462
768.972 8.467
769.276 8.477
769.580 8.484
769.884 8.501
770.188 8.509
770.492 8.503
770.796 8.511
771.100 8.544
771.404 8.574
771.708 8.579
772.012 8.590
772.316 8.614
772.620 8.640
772.924 8.649
773.228 8.640
773.532 8.628
773.836 8.641
774.140 8.645
774.444 8.670
774.748 8.701
775.052 8.715
775.356 8.731
775.659 8.761
775.963 8.812
776.267 8.846
776.571 8.858
776.875 8.871
777.179 8.893
777.483 8.919
777.787 8.934
778.091 8.947
778.395 8.958
778.699 8.985
779.003 9.006
779.307 9.006
779.611 9.014
779.915 9.025
780.219 9.039
780.523 9.069
780.827 9.109
781.131 9.121
781.435 9.143
781.739 9.153
782.043 9.169
782.347 9.197
782.651 9.207
782.955 9.225
783.259 9.237
783.563 9.256
783.867 9.259
784.171 9.277
784.475 9.291
784.779 9.298
785.083 9.304
785.387 9.306
785.691 9.307
785.995 9.331
786.299 9.352
786.603 9.363
786.907 9.385
787.211 9.417
787.515 9.451
787.819 9.485
788.123 9.483
788.427 9.482
788.731 9.494
789.035 9.525
789.339 9.555
789.643 9.550
789.947 9.535
790.251 9.551
790.555 9.572
790.859 9.586
791.163 9.600
791.467 9.619
791.771 9.623
792.075 9.641
792.379 9.671
792.683 9.712
792.987 9.748
793.291 9.757
793.595 9.776
793.899 9.796
794.203 9.803
794.507 9.786
794.811 9.794
795.115 9.823
795.419 9.840
795.723 9.828
796.027 9.822
796.331 9.836
796.635 9.868
796.939 9.869
797.243 9.861
797.547 9.858
797.851 9.878
798.155 9.913
798.459 9.926
798.763 9.939
799.067 9.935
799.371 9.915
799.674 9.930
799.978 9.946
800.282 9.973
800.586 9.974
800.890 9.972
801.194 10.007
801.498 10.024
801.802 10.041
802.106 10.051
802.410 10.075
802.714 10.095
803.018 10.110
803.322 10.110
803.626 10.127
803.930 10.167
804.234 10.203
804.538 10.203
804.842 10.216
805.146 10.227
805.450 10.241
805.754 10.237
806.058 10.250
806.362 10.277
806.666 10.296
806.970 10.306
807.274 10.325
807.578 10.349
807.882 10.343
808.186 10.353
808.490 10.375
808.794 10.389
809.098 10.407
809.402 10.435
809.706 10.463
810.010 10.473
810.314 10.501
810.618 10.521
810.922 10.514
811.226 10.505
811.530 10.484
811.834 10.476
812.137 10.471
812.441 10.485
812.744 10.502
813.048 10.521
813.351 10.535
813.655 10.515
813.958 10.498
814.262 10.516
814.565 10.530
814.869 10.534
815.172 10.527
815.476 10.548
815.779 10.585
816.083 10.619
816.386 10.611
816.690 10.615
816.993 10.664
817.297 10.701
817.600 10.757
817.904 10.795
818.208 10.824
818.511 10.836
818.815 10.833
819.118 10.862
819.422 10.878
819.725 10.876
820.029 10.885
820.332 10.903
820.636 10.941
820.939 10.974
821.243 10.979
821.546 11.013
821.850 11.089
822.153 11.153
822.457 11.173
822.760 11.189
823.064 11.220
823.367 11.227
823.671 11.234
823.974 11.245
824.278 11.260
824.582 11.268
824.885 11.274
825.189 11.311
825.492 11.352
825.796 11.391
826.099 11.410
826.403 11.431
826.706 11.477
827.010 11.525
827.313 11.571
827.617 11.599
827.920 11.580
828.224 11.559
828.527 11.565
828.831 11.563
829.134 11.568
829.438 11.594
829.741 11.632
830.045 11.659
830.348 11.656
830.652 11.687
830.956 11.703
831.259 11.710
831.563 11.738
831.866 11.767
832.170 11.811
832.473 11.838
832.777 11.858
833.080 11.869
833.384 11.896
833.687 11.921
833.991 11.939
834.294 11.923
834.598 11.907
834.901 11.950
835.205 11.981
835.508 11.976
835.812 12.002
836.115 12.026
836.419 12.065
836.722 12.066
837.026 12.064
837.330 12.080
837.633 12.101
837.937 12.126
838.240 12.161
838.544 12.186
838.847 12.208
839.151 12.231
839.454 12.251
839.758 12.281
840.061 12.311
840.365 12.344
840.668 12.353
840.972 12.393
841.275 12.427
841.579 12.481
841.882 12.525
842.186 12.585
842.489 12.624
842.793 12.695
843.097 12.733
843.400 12.756
843.704 12.790
844.007 12.831
844.311 12.873
844.614 12.900
844.918 12.944
845.221 12.986
845.525 12.997
845.828 12.972
846.132 12.980
846.435 13.066
846.739 13.132
847.042 13.195
847.346 13.271
847.649 13.333
847.953 13.366
848.256 13.386
848.560 13.419
848.863 13.496
849.167 13.546
849.471 13.580
849.774 13.619
850.078 13.668
850.381 13.710
850.685 13.773
850.988 13.862
851.292 13.891
851.595 13.943
851.899 13.966
852.202 13.997
852.506 14.076
852.809 14.161
853.113 14.201
853.416 14.205
853.720 14.206
854.023 14.249
854.327 14.276
854.630 14.295
854.934 14.304
855.237 14.313
855.541 14.339
855.845 14.387
856.148 14.381
856.452 14.363
856.755 14.346
857.059 14.367
857.362 14.424
857.666 14.474
857.969 14.476
858.273 14.472
858.576 14.491
858.880 14.488
859.183 14.470
859.487 14.452
859.790 14.448
860.094 14.440
860.397 14.442
860.701 14.444
861.004 14.469
861.308 14.445
861.611 14.444
861.915 14.456
862.219 14.445
862.522 14.426
862.826 14.390
863.129 14.401
863.433 14.407
863.736 14.358
864.040 14.359
864.343 14.403
864.647 14.407
864.950 14.394
865.254 14.404
865.557 14.394
865.861 14.384
866.164 14.394
866.468 14.397
866.771 14.403
867.075 14.429
867.378 14.394
867.682 14.366
867.985 14.367
868.289 14.382
868.593 14.378
868.896 14.387
869.200 14.374
869.503 14.359
869.807 14.394
870.110 14.411
870.414 14.445
870.717 14.461
871.021 14.428
871.324 14.405
871.628 14.417
871.931 14.452
872.235 14.469
872.538 14.440
872.842 14.429
873.145 14.400
873.449 14.395
873.752 14.462
874.056 14.507
874.359 14.493
874.663 14.557
874.967 14.627
875.270 14.669
875.574 14.695
875.877 14.668
876.181 14.625
876.484 14.623
876.788 14.660
877.091 14.639
877.395 14.624
877.698 14.638
878.002 14.631
878.305 14.639
878.609 14.632
878.912 14.657
879.216 14.661
879.519 14.643
879.823 14.645
880.126 14.655
880.430 14.688
880.733 14.744
881.037 14.784
881.341 14.818
881.644 14.826
881.948 14.869
882.251 14.953
882.555 14.983
882.858 15.010
883.162 15.079
883.465 15.133
883.769 15.177
884.072 15.209
884.376 15.241
884.679 15.275
884.983 15.291
885.286 15.338
885.590 15.380
885.893 15.446
886.197 15.509
886.500 15.551
886.804 15.579
887.107 15.603
887.411 15.652
887.715 15.715
888.018 15.733
888.322 15.747
888.625 15.800
888.929 15.814
889.232 15.813
889.536 15.836
889.839 15.856
890.143 15.868
890.446 15.886
890.750 15.912
891.053 15.962
891.357 16.000
891.660 16.052
891.964 16.099
892.267 16.103
892.571 16.122
892.874 16.168
893.178 16.187
893.482 16.214
893.785 16.253
894.089 16.296
894.392 16.379
894.696 16.452
894.999 16.505
895.303 16.549
895.606 16.605
895.910 16.659
896.213 16.712
896.517 16.780
896.820 16.846
897.124 16.890
897.427 16.937
897.731 17.004
898.034 17.100
898.338 17.176
898.641 17.208
898.945 17.266
899.248 17.305
899.552 17.352
899.856 17.395
900.159 17.445
900.463 17.496
900.766 17.518
901.070 17.577
901.373 17.638
901.677 17.683
901.980 17.688
902.284 17.715
902.587 17.781
902.891 17.796
903.194 17.781
903.498 17.805
903.801 17.821
904.105 17.848
904.408 17.908
904.712 17.926
905.015 17.932
905.319 17.947
905.622 17.983
905.926 17.982
906.230 17.973
906.533 18.006
906.837 18.058
907.140 18.122
907.444 18.184
907.747 18.246
908.051 18.314
908.354 18.378
908.658 18.493
908.961 18.571
909.265 18.603
909.568 18.657
909.872 18.707
910.175 18.746
910.479 18.801
910.782 18.842
911.086 18.863
911.389 18.918
911.693 19.000
911.996 19.057
912.300 19.125
912.613 19.192
912.926 19.216
913.238 19.245
913.551 19.281
913.864 19.321
914.176 19.395
914.489 19.466
914.802 19.507
915.115 19.574
915.427 19.612
915.740 19.686
916.053 19.774
916.366 19.823
916.678 19.856
916.991 19.918
917.304 20.035
917.617 20.102
917.929 20.195
918.242 20.265
918.555 20.365
918.868 20.439
919.180 20.506
919.493 20.599
919.806 20.660
920.119 20.698
920.431 20.730
920.744 20.801
921.057 20.904
921.370 20.995
921.682 21.101
921.995 21.185
922.308 21.263
922.621 21.393
922.933 21.518
923.246 21.581
923.559 21.674
923.872 21.793
924.184 21.914
924.497 22.018
924.810 22.127
925.123 22.265
925.435 22.411
925.748 22.545
926.061 22.655
926.374 22.768
926.686 22.913
926.999 23.068
927.312 23.280
927.625 23.439
927.937 23.499
928.250 23.646
928.563 23.789
928.876 23.934
929.188 24.108
929.501 24.239
929.814 24.418
930.127 24.549
930.439 24.665
930.752 24.751
931.065 24.838
931.378 24.957
931.690 25.095
932.003 25.220
932.316 25.392
932.629 25.542
932.941 25.704
933.254 25.867
933.567 25.923
933.880 26.044
934.192 26.212
934.505 26.375
934.818 26.541
935.131 26.683
935.443 26.902
935.756 27.091
936.069 27.310
936.382 27.468
936.694 27.672
937.007 27.835
937.320 27.945
937.633 28.036
937.945 28.168
938.258 28.254
938.571 28.339
938.884 28.518
939.196 28.692
939.509 28.852
939.822 28.967
940.135 29.042
940.447 29.159
940.760 29.300
941.073 29.438
941.386 29.603
941.698 29.695
942.011 29.811
942.324 29.975
942.637 30.086
942.949 30.201
943.262 30.317
943.575 30.432
943.888 30.523
944.200 30.629
944.513 30.768
944.826 30.881
945.139 30.938
945.451 30.966
945.764 31.004
946.077 31.062
946.390 31.116
946.702 31.169
947.015 31.209
947.328 31.234
947.641 31.328
947.953 31.399
948.266 31.390
948.579 31.445
948.892 31.475
949.204 31.527
949.517 31.595
949.830 31.694
950.143 31.823
950.455 31.947
950.768 32.020
951.081 32.084
951.394 32.136
951.706 32.220
952.019 32.235
952.332 32.231
952.645 32.294
952.957 32.339
953.270 32.397
953.583 32.468
953.896 32.517
954.208 32.521
954.521 32.462
954.834 32.438
955.147 32.374
955.459 32.361
955.772 32.287
956.085 32.281
956.398 32.321
956.710 32.320
957.023 32.346
957.336 32.455
957.649 32.497
957.961 32.530
958.274 32.570
958.587 32.517
958.900 32.504
959.212 32.465
959.525 32.370
959.838 32.360
960.151 32.418
960.463 32.429
960.776 32.499
961.089 32.497
961.402 32.459
961.714 32.521
962.027 32.522
962.340 32.569
962.653 32.677
962.965 32.798
963.278 32.831
963.591 32.788
963.904 32.769
964.216 32.815
964.529 32.873
964.842 32.887
965.154 32.894
965.467 32.883
965.780 32.835
966.094 32.933
966.409 33.091
966.723 33.154
967.037 33.204
967.352 33.301
967.666 33.380
967.980 33.466
968.295 33.541
968.609 33.586
968.923 33.554
969.238 33.552
969.552 33.489
969.866 33.522
970.181 33.557
970.495 33.513
970.809 33.529
971.124 33.583
971.438 33.600
971.752 33.728
972.067 33.811
972.381 33.789
972.695 33.806
973.010 33.808
973.324 33.844
973.638 33.870
973.953 33.919
974.267 34.014
974.581 34.102
974.896 34.147
975.210 34.179
975.524 34.234
975.839 34.338
976.153 34.473
976.467 34.555
976.781 34.663
977.096 34.731
977.410 34.768
977.724 34.966
978.039 35.133
978.353 35.289
978.667 35.541
978.982 35.662
979.296 35.708
979.610 35.834
979.925 35.840
980.239 35.871
980.553 35.916
980.868 35.969
981.182 36.062
981.496 36.091
981.811 35.985
982.125 35.982
982.439 36.066
982.754 36.171
983.068 36.254
983.382 36.272
983.697 36.346
984.011 36.417
984.325 36.437
984.640 36.422
984.954 36.526
985.268 36.592
985.583 36.547
985.897 36.563
986.211 36.689
986.526 36.782
986.840 36.846
987.154 36.889
987.469 36.905
987.783 36.943
988.097 37.089
988.412 37.127
988.726 37.141
989.040 37.137
989.355 37.217
989.669 37.364
989.983 37.437
990.298 37.489
990.612 37.647
990.926 37.712
991.241 37.794
991.555 37.895
991.869 37.934
992.184 38.018
992.498 38.124
992.812 38.210
993.127 38.283
993.441 38.257
993.755 38.266
994.070 38.331
994.384 38.367
994.698 38.443
995.013 38.536
995.327 38.619
995.641 38.654
995.956 38.686
996.270 38.645
996.584 38.681
996.899 38.701
997.213 38.773
997.527 38.841
997.841 38.782
998.156 38.763
998.470 38.755
998.784 38.764
999.099 38.944
999.413 39.039
999.727 39.166
