200.182 74.824
200.437 74.086
200.691 73.448
200.946 72.848
201.201 72.021
201.455 71.187
201.710 70.482
201.964 69.832
202.219 69.174
202.474 68.524
202.728 67.852
202.983 67.197
203.237 66.480
203.492 65.555
203.747 64.582
204.001 63.748
204.256 62.863
204.510 61.895
204.765 61.022
205.020 60.355
205.274 59.561
205.529 58.663
205.783 57.778
206.038 56.940
206.293 56.038
206.547 55.112
206.802 54.080
207.057 53.177
207.311 52.328
207.566 51.508
207.820 50.749
208.075 50.038
208.330 49.221
208.584 48.257
208.839 47.600
209.093 46.982
209.348 46.205
209.603 45.454
209.857 44.617
210.112 43.827
210.366 42.904
210.621 41.860
210.876 41.011
211.130 40.323
211.385 39.700
211.639 38.955
211.894 38.137
212.149 37.357
212.403 36.595
212.658 35.864
212.913 35.079
213.167 34.365
213.422 33.813
213.676 33.074
213.931 32.437
214.186 31.753
214.440 31.072
214.695 30.475
214.949 29.994
215.204 29.427
215.459 28.922
215.713 28.453
215.968 27.911
216.222 27.237
216.477 26.602
216.732 26.119
216.986 25.610
217.241 25.046
217.495 24.473
217.750 23.949
218.005 23.515
218.259 23.126
218.514 22.605
218.769 22.029
219.023 21.611
219.278 21.228
219.532 20.692
219.787 20.259
220.042 19.873
220.296 19.496
220.551 19.038
220.805 18.635
221.060 18.213
221.315 17.849
221.569 17.483
221.824 17.101
222.078 16.793
222.333 16.468
222.588 16.149
222.842 15.766
223.097 15.381
223.351 15.010
223.606 14.563
223.861 14.114
224.115 13.748
224.370 13.360
224.625 12.980
224.879 12.648
225.134 12.238
225.388 11.890
225.643 11.597
225.898 11.309
226.152 10.992
226.407 10.666
226.661 10.311
226.916 9.979
227.171 9.635
227.425 9.317
227.680 9.069
227.934 8.841
228.189 8.559
228.444 8.337
228.698 8.113
228.953 7.836
229.208 7.583
229.462 7.314
229.717 7.071
229.971 6.840
230.226 6.644
230.481 6.430
230.735 6.236
230.990 6.059
231.244 5.881
231.499 5.701
231.754 5.529
232.008 5.377
232.263 5.262
232.517 5.123
232.772 4.983
233.027 4.831
233.281 4.679
233.536 4.524
233.790 4.336
234.045 4.172
234.300 4.041
234.554 3.925
234.809 3.800
235.064 3.700
235.318 3.614
235.573 3.515
235.827 3.415
236.082 3.310
236.337 3.236
236.591 3.162
236.846 3.069
237.100 2.983
237.355 2.923
237.610 2.866
237.864 2.790
238.119 2.736
238.373 2.671
238.628 2.605
238.883 2.556
239.137 2.500
239.392 2.448
239.646 2.408
239.901 2.378
240.156 2.340
240.410 2.314
240.665 2.280
240.920 2.237
241.174 2.201
241.429 2.170
241.683 2.134
241.938 2.099
242.193 2.076
242.447 2.051
242.702 2.032
242.956 2.012
243.211 1.988
243.466 1.970
243.720 1.963
243.975 1.951
244.229 1.931
244.484 1.908
244.739 1.896
244.993 1.889
245.248 1.877
245.503 1.872
245.757 1.869
246.012 1.860
246.266 1.854
246.521 1.848
246.776 1.851
247.030 1.844
247.285 1.831
247.539 1.823
247.794 1.817
248.049 1.811
248.303 1.806
248.558 1.815
248.812 1.811
249.067 1.784
249.322 1.779
249.576 1.783
249.831 1.785
250.085 1.782
250.340 1.782
250.595 1.785
250.849 1.790
251.104 1.787
251.359 1.785
251.613 1.784
251.868 1.784
252.122 1.779
252.377 1.779
252.632 1.785
252.886 1.778
253.141 1.766
253.395 1.763
253.650 1.762
253.905 1.760
254.161 1.760
254.416 1.760
254.672 1.767
254.927 1.783
255.183 1.786
255.438 1.784
255.694 1.793
255.949 1.802
256.205 1.800
256.460 1.802
256.715 1.801
256.971 1.806
257.226 1.815
257.482 1.824
257.737 1.827
257.993 1.831
258.248 1.837
258.504 1.840
258.759 1.837
259.014 1.841
259.270 1.843
259.525 1.840
259.781 1.846
260.036 1.870
260.292 1.886
260.547 1.886
260.803 1.891
261.058 1.901
261.314 1.905
261.569 1.908
261.824 1.911
262.080 1.920
262.335 1.925
262.591 1.936
262.846 1.946
263.102 1.946
263.357 1.946
263.613 1.955
263.868 1.963
264.123 1.967
264.379 1.965
264.634 1.971
264.890 1.974
265.145 1.984
265.401 1.983
265.656 1.981
265.912 1.979
266.167 1.972
266.423 1.967
266.678 1.969
266.933 1.968
267.189 1.965
267.444 1.959
267.700 1.955
267.955 1.952
268.211 1.948
268.466 1.951
268.722 1.952
268.977 1.955
269.232 1.960
269.488 1.958
269.743 1.955
269.999 1.961
270.254 1.969
270.510 1.966
270.765 1.966
271.021 1.967
271.276 1.965
271.532 1.965
271.787 1.967
272.042 1.969
272.298 1.966
272.553 1.959
272.809 1.954
273.064 1.954
273.320 1.959
273.575 1.965
273.831 1.959
274.086 1.954
274.342 1.952
274.597 1.945
274.852 1.941
275.108 1.944
275.363 1.939
275.619 1.922
275.874 1.905
276.130 1.898
276.385 1.895
276.641 1.892
276.896 1.890
277.151 1.889
277.407 1.887
277.662 1.872
277.918 1.860
278.173 1.853
278.429 1.844
278.684 1.843
278.940 1.841
279.195 1.832
279.451 1.828
279.706 1.815
279.961 1.809
280.217 1.806
280.472 1.801
280.728 1.793
280.983 1.791
281.239 1.787
281.494 1.786
281.750 1.792
282.005 1.791
282.260 1.789
282.516 1.782
282.771 1.774
283.027 1.768
283.282 1.765
283.538 1.755
283.793 1.745
284.049 1.736
284.304 1.731
284.560 1.727
284.815 1.717
285.070 1.711
285.326 1.712
285.581 1.709
285.837 1.696
286.092 1.686
286.348 1.683
286.603 1.681
286.859 1.675
287.114 1.671
287.369 1.667
287.625 1.665
287.880 1.663
288.136 1.665
288.391 1.661
288.647 1.655
288.902 1.640
289.158 1.627
289.413 1.626
289.669 1.627
289.924 1.628
290.179 1.631
290.435 1.629
290.690 1.622
290.946 1.616
291.201 1.616
291.457 1.616
291.712 1.617
291.968 1.615
292.223 1.604
292.479 1.597
292.734 1.586
292.989 1.582
293.245 1.585
293.500 1.588
293.756 1.586
294.011 1.590
294.267 1.590
294.522 1.584
294.778 1.585
295.033 1.585
295.288 1.585
295.544 1.582
295.799 1.576
296.055 1.573
296.310 1.572
296.566 1.574
296.821 1.581
297.077 1.581
297.332 1.570
297.588 1.561
297.843 1.556
298.098 1.557
298.354 1.559
298.609 1.561
298.865 1.563
299.120 1.565
299.376 1.566
299.631 1.562
299.887 1.561
300.142 1.565
300.397 1.568
300.653 1.567
300.908 1.564
301.164 1.564
301.419 1.568
301.675 1.568
301.930 1.563
302.186 1.559
302.441 1.558
302.697 1.552
302.952 1.550
303.207 1.549
303.463 1.551
303.718 1.545
303.974 1.544
304.229 1.550
304.485 1.553
304.740 1.551
304.996 1.549
305.251 1.547
305.506 1.542
305.762 1.537
306.017 1.537
306.273 1.541
306.528 1.545
306.784 1.550
307.039 1.554
307.295 1.551
307.550 1.547
307.806 1.551
308.061 1.553
308.316 1.554
308.572 1.555
308.827 1.553
309.083 1.548
309.338 1.543
309.594 1.535
309.849 1.535
310.105 1.536
310.360 1.531
310.615 1.527
310.871 1.526
311.126 1.529
311.382 1.538
311.637 1.542
311.893 1.536
312.148 1.527
312.404 1.515
312.659 1.511
312.915 1.511
313.170 1.511
313.429 1.512
313.688 1.515
313.947 1.515
314.206 1.515
314.465 1.516
314.724 1.516
314.983 1.517
315.242 1.520
315.501 1.520
315.760 1.521
316.019 1.527
316.278 1.535
316.536 1.538
316.795 1.536
317.054 1.540
317.313 1.542
317.572 1.552
317.831 1.564
318.090 1.572
318.349 1.576
318.608 1.576
318.867 1.570
319.126 1.566
319.385 1.573
319.644 1.583
319.903 1.582
320.162 1.582
320.421 1.585
320.680 1.586
320.939 1.589
321.198 1.588
321.457 1.586
321.716 1.581
321.975 1.576
322.234 1.575
322.493 1.574
322.752 1.575
323.010 1.581
323.269 1.583
323.528 1.581
323.787 1.582
324.046 1.587
324.305 1.592
324.564 1.600
324.823 1.603
325.082 1.606
325.341 1.616
325.600 1.625
325.859 1.632
326.118 1.648
326.377 1.660
326.636 1.663
326.895 1.667
327.154 1.665
327.413 1.668
327.672 1.672
327.931 1.678
328.190 1.684
328.449 1.690
328.708 1.698
328.967 1.704
329.226 1.712
329.485 1.719
329.743 1.724
330.002 1.724
330.261 1.727
330.520 1.732
330.779 1.731
331.038 1.736
331.297 1.748
331.556 1.755
331.815 1.758
332.074 1.752
332.333 1.753
332.592 1.764
332.851 1.767
333.110 1.770
333.369 1.764
333.628 1.756
333.887 1.748
334.146 1.746
334.405 1.751
334.664 1.760
334.923 1.779
335.182 1.787
335.441 1.780
335.700 1.780
335.959 1.786
336.217 1.796
336.476 1.806
336.735 1.812
336.994 1.825
337.253 1.847
337.512 1.867
337.771 1.874
338.030 1.877
338.289 1.887
338.548 1.898
338.807 1.909
339.066 1.926
339.325 1.931
339.584 1.935
339.843 1.944
340.102 1.951
340.361 1.954
340.620 1.965
340.879 1.970
341.138 1.969
341.397 1.964
341.656 1.964
341.915 1.966
342.174 1.962
342.433 1.976
342.691 1.996
342.950 2.008
343.209 2.015
343.468 2.023
343.727 2.032
343.986 2.045
344.245 2.055
344.504 2.065
344.763 2.078
345.022 2.085
345.281 2.087
345.540 2.092
345.799 2.097
346.058 2.098
346.317 2.102
346.576 2.111
346.835 2.121
347.094 2.130
347.353 2.143
347.612 2.144
347.871 2.156
348.130 2.167
348.389 2.168
348.648 2.169
348.907 2.175
349.166 2.195
349.424 2.210
349.683 2.222
349.942 2.238
350.201 2.249
350.460 2.255
350.719 2.248
350.978 2.242
351.237 2.256
351.496 2.267
351.755 2.271
352.014 2.277
352.273 2.279
352.532 2.274
352.791 2.276
353.050 2.288
353.309 2.299
353.568 2.305
353.827 2.314
354.086 2.317
354.345 2.312
354.604 2.308
354.863 2.298
355.122 2.308
355.381 2.320
355.640 2.321
355.898 2.322
356.157 2.325
356.416 2.332
356.675 2.348
356.934 2.359
357.193 2.379
357.452 2.399
357.711 2.400
357.970 2.414
358.229 2.421
358.488 2.414
358.747 2.412
359.006 2.410
359.265 2.426
359.524 2.452
359.783 2.469
360.042 2.474
360.301 2.479
360.560 2.490
360.819 2.500
361.078 2.505
361.337 2.514
361.596 2.534
361.855 2.558
362.114 2.572
362.372 2.593
362.631 2.602
362.890 2.605
363.149 2.603
363.408 2.613
363.667 2.621
363.926 2.629
364.185 2.641
364.444 2.649
364.703 2.657
364.962 2.652
365.221 2.661
365.480 2.678
365.745 2.676
366.009 2.684
366.274 2.703
366.539 2.714
366.804 2.723
367.068 2.727
367.333 2.732
367.598 2.740
367.863 2.745
368.127 2.753
368.392 2.770
368.657 2.784
368.921 2.775
369.186 2.766
369.451 2.772
369.716 2.777
369.980 2.781
370.245 2.798
370.510 2.814
370.775 2.832
371.039 2.846
371.304 2.850
371.569 2.853
371.834 2.856
372.098 2.861
372.363 2.872
372.628 2.880
372.892 2.888
373.157 2.879
373.422 2.869
373.687 2.875
373.951 2.880
374.216 2.880
374.481 2.886
374.746 2.897
375.010 2.911
375.275 2.908
375.540 2.896
375.804 2.890
376.069 2.890
376.334 2.896
376.599 2.893
376.863 2.891
377.128 2.895
377.393 2.896
377.658 2.895
377.922 2.889
378.187 2.895
378.452 2.894
378.716 2.897
378.981 2.901
379.246 2.900
379.511 2.906
379.775 2.919
380.040 2.922
380.305 2.918
380.570 2.923
380.834 2.932
381.099 2.948
381.364 2.954
381.629 2.954
381.893 2.965
382.158 2.972
382.423 2.966
382.687 2.968
382.952 2.977
383.217 2.984
383.482 2.986
383.746 2.983
384.011 2.985
384.276 2.993
384.541 2.986
384.805 2.971
385.070 2.968
385.335 2.976
385.599 2.987
385.864 2.992
386.129 3.000
386.394 3.003
386.658 3.001
386.923 2.999
387.188 2.986
387.453 2.973
387.717 2.973
387.982 2.978
388.247 2.983
388.511 2.972
388.776 2.961
389.041 2.959
389.306 2.965
389.570 2.964
389.835 2.955
390.100 2.951
390.365 2.959
390.629 2.963
390.894 2.960
391.159 2.961
391.424 2.969
391.688 2.960
391.953 2.952
392.218 2.958
392.482 2.961
392.747 2.964
393.012 2.965
393.277 2.975
393.541 2.989
393.806 2.995
394.071 3.004
394.336 3.000
394.600 2.998
394.865 2.998
395.130 2.996
395.394 3.000
395.659 3.003
395.924 3.002
396.189 3.002
396.453 3.005
396.718 3.010
396.983 3.004
397.248 3.002
397.512 2.998
397.777 2.990
398.042 2.975
398.306 2.969
398.571 2.973
398.836 2.977
399.101 2.979
399.365 2.982
399.630 2.995
399.895 3.008
400.160 3.008
400.424 3.000
400.689 3.007
400.954 3.024
401.219 3.037
401.483 3.038
401.748 3.033
402.013 3.032
402.277 3.029
402.542 3.023
402.807 3.019
403.072 3.022
403.336 3.032
403.601 3.046
403.866 3.056
404.131 3.065
404.395 3.078
404.660 3.093
404.929 3.095
405.198 3.096
405.466 3.096
405.735 3.100
406.004 3.119
406.273 3.129
406.542 3.123
406.810 3.119
407.079 3.121
407.348 3.121
407.617 3.116
407.886 3.121
408.154 3.127
408.423 3.130
408.692 3.134
408.961 3.138
409.229 3.143
409.498 3.152
409.767 3.157
410.036 3.156
410.305 3.151
410.573 3.159
410.842 3.159
411.111 3.159
411.380 3.163
411.649 3.162
411.917 3.156
412.186 3.156
412.455 3.153
412.724 3.151
412.993 3.146
413.261 3.149
413.530 3.146
413.799 3.149
414.068 3.162
414.337 3.177
414.605 3.181
414.874 3.177
415.143 3.173
415.412 3.170
415.681 3.167
415.949 3.157
416.218 3.156
416.487 3.159
416.756 3.166
417.024 3.174
417.293 3.170
417.562 3.165
417.831 3.166
418.100 3.172
418.368 3.180
418.637 3.180
418.906 3.183
419.175 3.196
419.444 3.202
419.712 3.208
419.981 3.210
420.250 3.211
420.519 3.204
420.788 3.185
421.056 3.174
421.325 3.172
421.594 3.168
421.863 3.165
422.132 3.166
422.400 3.161
422.669 3.154
422.938 3.149
423.207 3.146
423.476 3.140
423.744 3.137
424.013 3.144
424.282 3.146
424.551 3.148
424.819 3.141
425.088 3.131
425.357 3.126
425.626 3.120
425.895 3.111
426.163 3.101
426.432 3.103
426.701 3.106
426.970 3.096
427.239 3.091
427.507 3.084
427.776 3.078
428.045 3.083
428.314 3.085
428.583 3.086
428.851 3.091
429.120 3.091
429.389 3.092
429.658 3.092
429.927 3.094
430.195 3.090
430.464 3.085
430.733 3.089
431.002 3.093
431.271 3.096
431.539 3.094
431.808 3.091
432.077 3.091
432.346 3.095
432.614 3.098
432.883 3.098
433.152 3.107
433.421 3.114
433.690 3.113
433.958 3.114
434.227 3.112
434.496 3.106
434.765 3.099
435.034 3.105
435.302 3.104
435.571 3.093
435.840 3.082
436.116 3.072
436.393 3.076
436.669 3.086
436.945 3.094
437.221 3.112
437.498 3.125
437.774 3.134
438.050 3.148
438.326 3.153
438.603 3.154
438.879 3.156
439.155 3.158
439.431 3.164
439.708 3.173
439.984 3.182
440.260 3.190
440.537 3.190
440.813 3.188
441.089 3.192
441.365 3.198
441.642 3.200
441.918 3.207
442.194 3.217
442.470 3.213
442.747 3.209
443.023 3.201
443.299 3.198
443.575 3.208
443.852 3.215
444.128 3.223
444.404 3.230
444.680 3.227
444.957 3.229
445.233 3.229
445.509 3.232
445.786 3.239
446.062 3.241
446.338 3.243
446.614 3.244
446.891 3.248
447.167 3.250
447.443 3.252
447.719 3.249
447.996 3.248
448.272 3.249
448.548 3.254
448.824 3.252
449.101 3.251
449.377 3.253
449.653 3.257
449.930 3.251
450.206 3.243
450.482 3.250
450.758 3.252
451.035 3.254
451.311 3.258
451.587 3.256
451.863 3.256
452.140 3.263
452.416 3.265
452.692 3.278
452.968 3.283
453.245 3.277
453.521 3.277
453.797 3.279
454.074 3.273
454.350 3.268
454.626 3.267
454.902 3.269
455.179 3.276
455.455 3.279
455.731 3.276
456.007 3.274
456.284 3.271
456.560 3.264
456.836 3.261
457.112 3.259
457.389 3.259
457.665 3.262
457.941 3.259
458.218 3.254
458.494 3.253
458.770 3.246
459.046 3.242
459.323 3.244
459.599 3.246
459.875 3.251
460.151 3.256
460.428 3.258
460.704 3.259
460.980 3.255
461.256 3.253
461.533 3.258
461.809 3.257
462.085 3.253
462.361 3.247
462.638 3.244
462.914 3.246
463.190 3.242
463.467 3.238
463.743 3.230
464.019 3.224
464.295 3.216
464.572 3.217
464.848 3.220
465.124 3.226
465.400 3.226
465.677 3.227
465.953 3.227
466.229 3.227
466.505 3.228
466.782 3.225
467.058 3.223
467.334 3.221
467.611 3.223
467.887 3.226
468.163 3.224
468.439 3.227
468.716 3.224
468.992 3.217
469.268 3.221
469.544 3.222
469.821 3.223
470.097 3.224
470.373 3.219
470.649 3.212
470.926 3.207
471.202 3.202
471.478 3.201
471.755 3.195
472.031 3.193
472.307 3.193
472.583 3.194
472.860 3.201
473.136 3.211
473.412 3.218
473.688 3.219
473.965 3.215
474.241 3.208
474.517 3.208
474.793 3.212
475.070 3.212
475.346 3.213
475.622 3.218
475.899 3.214
476.175 3.212
476.451 3.215
476.727 3.214
477.004 3.205
477.280 3.190
477.556 3.180
477.832 3.179
478.109 3.175
478.385 3.167
478.661 3.160
478.937 3.152
479.214 3.147
479.490 3.144
479.766 3.141
480.043 3.143
480.319 3.140
480.595 3.135
480.871 3.134
481.148 3.132
481.424 3.127
481.700 3.124
481.976 3.126
482.253 3.125
482.529 3.125
482.805 3.125
483.081 3.122
483.358 3.117
483.634 3.121
483.910 3.121
484.186 3.117
484.463 3.113
484.739 3.107
485.015 3.107
485.292 3.110
485.568 3.109
485.844 3.112
486.120 3.113
486.397 3.107
486.673 3.103
486.949 3.101
487.225 3.102
487.502 3.102
487.778 3.105
488.054 3.112
488.330 3.114
488.607 3.109
488.883 3.100
489.159 3.095
489.436 3.093
489.712 3.086
489.988 3.081
490.264 3.082
490.541 3.085
490.817 3.083
491.093 3.087
491.369 3.094
491.646 3.099
491.922 3.106
492.198 3.111
492.474 3.109
492.751 3.112
493.027 3.115
493.303 3.115
493.580 3.117
493.856 3.125
494.132 3.138
494.408 3.137
494.685 3.138
494.961 3.136
495.237 3.140
495.513 3.149
495.790 3.163
496.066 3.183
496.342 3.195
496.618 3.199
496.895 3.204
497.171 3.202
497.447 3.203
497.724 3.204
498.000 3.202
498.276 3.207
498.552 3.210
498.829 3.204
499.105 3.196
499.381 3.191
499.657 3.189
499.934 3.188
500.210 3.190
500.486 3.195
500.762 3.201
501.039 3.200
501.315 3.197
501.591 3.205
501.867 3.215
502.144 3.218
502.420 3.223
502.696 3.221
502.973 3.215
503.249 3.213
503.525 3.215
503.801 3.214
504.078 3.210
504.354 3.204
504.630 3.202
504.906 3.199
505.183 3.196
505.459 3.200
505.735 3.205
506.011 3.207
506.288 3.209
506.564 3.209
506.840 3.206
507.117 3.210
507.393 3.216
507.669 3.218
507.945 3.217
508.222 3.212
508.498 3.206
508.774 3.199
509.050 3.195
509.327 3.201
509.603 3.205
509.879 3.207
510.155 3.204
510.432 3.208
510.708 3.209
510.984 3.203
511.261 3.208
511.537 3.211
511.813 3.217
512.089 3.220
512.366 3.221
512.642 3.216
512.918 3.202
513.194 3.193
513.471 3.188
513.747 3.186
514.023 3.195
514.299 3.205
514.576 3.210
514.852 3.215
515.128 3.221
515.405 3.223
515.681 3.223
515.957 3.230
516.233 3.233
516.510 3.234
516.786 3.240
517.062 3.242
517.338 3.236
517.615 3.230
517.891 3.232
518.167 3.239
518.443 3.232
518.720 3.220
518.996 3.213
519.272 3.205
519.548 3.201
519.825 3.201
520.101 3.207
520.377 3.217
520.654 3.223
520.930 3.221
521.206 3.226
521.482 3.231
521.759 3.233
522.035 3.232
522.311 3.233
522.587 3.234
522.864 3.239
523.140 3.239
523.416 3.236
523.692 3.236
523.969 3.229
524.245 3.223
524.521 3.221
524.798 3.220
525.074 3.212
525.350 3.207
525.626 3.209
525.903 3.206
526.179 3.194
526.455 3.187
526.731 3.189
527.008 3.193
527.284 3.192
527.560 3.189
527.836 3.189
528.113 3.192
528.389 3.193
528.665 3.189
528.942 3.182
529.218 3.181
529.494 3.189
529.770 3.195
530.047 3.195
530.323 3.197
530.599 3.199
530.875 3.199
531.152 3.194
531.428 3.186
531.704 3.180
531.980 3.171
532.257 3.169
532.533 3.170
532.809 3.171
533.086 3.169
533.362 3.165
533.638 3.161
533.914 3.158
534.191 3.155
534.467 3.154
534.743 3.155
535.019 3.155
535.296 3.156
535.572 3.160
535.848 3.163
536.124 3.165
536.401 3.162
536.677 3.155
536.953 3.151
537.230 3.142
537.506 3.139
537.782 3.148
538.058 3.150
538.335 3.144
538.611 3.141
538.887 3.139
539.163 3.135
539.440 3.135
539.716 3.130
539.992 3.128
540.268 3.134
540.545 3.136
540.821 3.134
541.097 3.130
541.373 3.129
541.650 3.136
541.926 3.140
542.202 3.143
542.479 3.144
542.755 3.146
543.031 3.149
543.307 3.149
543.584 3.148
543.860 3.144
544.136 3.138
544.412 3.136
544.689 3.138
544.965 3.134
545.241 3.132
545.517 3.136
545.794 3.139
546.070 3.140
546.356 3.133
546.642 3.125
546.928 3.125
547.214 3.120
547.500 3.112
547.786 3.108
548.072 3.109
548.358 3.119
548.644 3.129
548.930 3.131
549.216 3.133
549.502 3.134
549.788 3.130
550.074 3.134
550.360 3.133
550.646 3.126
550.932 3.123
551.218 3.121
551.504 3.120
551.790 3.118
552.076 3.113
552.362 3.110
552.648 3.104
552.934 3.102
553.220 3.103
553.506 3.107
553.793 3.118
554.079 3.125
554.365 3.126
554.651 3.123
554.937 3.117
555.223 3.117
555.509 3.123
555.795 3.121
556.081 3.119
556.367 3.118
556.653 3.122
556.939 3.122
557.225 3.122
557.511 3.117
557.797 3.113
558.083 3.112
558.369 3.112
558.655 3.108
558.941 3.105
559.227 3.104
559.513 3.102
559.799 3.099
560.085 3.098
560.371 3.104
560.657 3.103
560.943 3.098
561.229 3.101
561.515 3.101
561.801 3.095
562.087 3.087
562.373 3.082
562.659 3.079
562.945 3.076
563.231 3.076
563.517 3.068
563.803 3.059
564.089 3.056
564.375 3.054
564.661 3.056
564.947 3.055
565.233 3.048
565.519 3.043
565.805 3.036
566.091 3.026
566.377 3.021
566.663 3.016
566.949 3.008
567.235 3.005
567.521 3.001
567.807 3.001
568.093 3.004
568.379 3.004
568.665 3.001
568.951 2.999
569.237 2.993
569.524 2.988
569.810 2.982
570.096 2.982
570.382 2.982
570.668 2.982
570.954 2.976
571.240 2.966
571.526 2.954
571.812 2.945
572.098 2.942
572.384 2.942
572.670 2.935
572.956 2.925
573.242 2.919
573.528 2.920
573.814 2.917
574.100 2.907
574.386 2.902
574.672 2.900
574.958 2.895
575.244 2.891
575.530 2.891
575.816 2.894
576.102 2.895
576.388 2.894
576.674 2.893
576.960 2.890
577.248 2.889
577.536 2.887
577.824 2.878
578.113 2.874
578.401 2.874
578.689 2.870
578.977 2.870
579.265 2.871
579.553 2.872
579.841 2.876
580.130 2.876
580.418 2.875
580.706 2.867
580.994 2.866
581.282 2.874
581.570 2.881
581.858 2.881
582.147 2.879
582.435 2.881
582.723 2.886
583.011 2.891
583.299 2.892
583.587 2.894
583.875 2.895
584.164 2.897
584.452 2.907
584.740 2.913
585.028 2.913
585.316 2.908
585.604 2.907
585.892 2.908
586.181 2.908
586.469 2.906
586.757 2.907
587.045 2.909
587.333 2.911
587.621 2.912
587.909 2.905
588.198 2.899
588.486 2.901
588.774 2.902
589.062 2.908
589.350 2.914
589.638 2.911
589.927 2.905
590.215 2.903
590.503 2.909
590.791 2.914
591.079 2.913
591.367 2.919
591.655 2.925
591.944 2.929
592.232 2.929
592.520 2.933
592.808 2.936
593.096 2.937
593.384 2.936
593.672 2.933
593.961 2.931
594.249 2.928
594.537 2.932
594.825 2.938
595.113 2.942
595.401 2.949
595.689 2.950
595.978 2.953
596.266 2.957
596.554 2.958
596.842 2.963
597.130 2.967
597.418 2.975
597.706 2.984
597.995 2.983
598.283 2.985
598.571 2.987
598.859 2.986
599.147 2.989
599.435 2.993
599.723 2.994
600.012 2.993
600.300 2.992
600.588 2.994
600.876 2.999
601.164 3.001
601.452 3.002
601.740 2.999
602.029 2.995
602.317 2.993
602.605 2.994
602.893 3.001
603.181 3.005
603.469 3.008
603.757 3.008
604.046 3.007
604.334 3.007
604.622 3.012
604.910 3.016
605.198 3.018
605.486 3.027
605.774 3.032
606.063 3.034
606.351 3.039
606.639 3.044
606.927 3.047
607.215 3.055
607.503 3.062
607.791 3.071
608.080 3.076
608.368 3.079
608.656 3.079
608.944 3.076
609.232 3.078
609.520 3.078
609.808 3.085
610.097 3.097
610.385 3.104
610.673 3.113
610.961 3.119
611.249 3.127
611.537 3.136
611.825 3.140
612.114 3.137
612.402 3.131
612.690 3.126
612.978 3.126
613.266 3.131
613.554 3.135
613.843 3.138
614.131 3.137
614.419 3.135
614.707 3.133
614.995 3.126
615.283 3.123
615.571 3.137
615.860 3.153
616.148 3.156
616.436 3.157
616.724 3.155
617.012 3.152
617.300 3.155
617.588 3.155
617.877 3.155
618.165 3.151
618.453 3.151
618.741 3.156
619.029 3.158
619.317 3.163
619.605 3.164
619.894 3.171
620.182 3.179
620.470 3.178
620.758 3.181
621.046 3.186
621.334 3.192
621.622 3.206
621.911 3.217
622.199 3.223
622.487 3.226
622.775 3.224
623.063 3.224
623.351 3.232
623.639 3.235
623.928 3.235
624.216 3.234
624.504 3.234
624.792 3.231
625.080 3.233
625.368 3.234
625.656 3.241
625.945 3.249
626.233 3.255
626.521 3.260
626.809 3.255
627.097 3.255
627.385 3.258
627.673 3.252
627.962 3.251
628.250 3.253
628.538 3.251
628.826 3.251
629.114 3.248
629.402 3.253
629.690 3.264
629.979 3.277
630.267 3.281
630.555 3.285
630.843 3.285
631.131 3.280
631.419 3.275
631.707 3.280
631.996 3.290
632.284 3.301
632.572 3.306
632.860 3.307
633.148 3.300
633.436 3.290
633.724 3.299
634.013 3.309
634.301 3.319
634.589 3.320
634.877 3.321
635.165 3.329
635.453 3.336
635.741 3.339
636.030 3.337
636.318 3.337
636.606 3.343
636.894 3.339
637.182 3.342
637.470 3.340
637.759 3.341
638.047 3.352
638.335 3.356
638.623 3.353
638.911 3.353
639.199 3.354
639.487 3.359
639.776 3.360
640.064 3.366
640.352 3.377
640.640 3.385
640.928 3.382
641.216 3.380
641.504 3.386
641.793 3.392
642.081 3.392
642.369 3.396
642.657 3.395
642.945 3.395
643.233 3.395
643.521 3.391
643.810 3.394
644.098 3.395
644.386 3.396
644.674 3.400
644.962 3.399
645.250 3.398
645.538 3.391
645.827 3.377
646.115 3.369
646.403 3.361
646.691 3.354
646.979 3.349
647.267 3.337
647.555 3.321
647.844 3.318
648.132 3.305
648.420 3.295
648.708 3.291
648.996 3.289
649.284 3.285
649.572 3.271
649.861 3.259
650.149 3.253
650.437 3.253
650.725 3.253
651.013 3.253
651.301 3.252
651.589 3.243
651.878 3.234
652.166 3.238
652.454 3.247
652.742 3.246
653.030 3.247
653.318 3.251
653.606 3.260
653.895 3.261
654.183 3.262
654.471 3.274
654.759 3.278
655.047 3.276
655.335 3.275
655.623 3.272
655.912 3.269
656.200 3.271
656.488 3.274
656.776 3.268
657.064 3.256
657.352 3.253
657.640 3.252
657.929 3.248
658.217 3.242
658.505 3.244
658.793 3.250
659.081 3.254
659.369 3.254
659.657 3.258
659.946 3.260
660.234 3.268
660.522 3.274
660.810 3.271
661.098 3.269
661.386 3.270
661.675 3.272
661.963 3.279
662.251 3.276
662.539 3.280
662.827 3.281
663.115 3.291
663.403 3.308
663.692 3.323
663.980 3.335
664.268 3.345
664.556 3.352
664.844 3.360
665.132 3.374
665.420 3.384
665.709 3.396
665.997 3.409
666.285 3.421
666.573 3.431
666.861 3.441
667.149 3.454
667.437 3.465
667.726 3.484
668.014 3.494
668.302 3.496
668.590 3.505
668.878 3.510
669.166 3.518
669.454 3.525
669.743 3.527
670.031 3.528
670.319 3.535
670.607 3.542
670.895 3.555
671.183 3.558
671.471 3.562
671.760 3.563
672.048 3.561
672.336 3.565
672.624 3.577
672.912 3.581
673.200 3.581
673.488 3.590
673.777 3.597
674.065 3.598
674.353 3.599
674.641 3.602
674.929 3.604
675.217 3.603
675.505 3.611
675.794 3.620
676.082 3.625
676.370 3.629
676.658 3.634
676.946 3.637
677.234 3.639
677.522 3.640
677.811 3.640
678.099 3.641
678.387 3.644
678.675 3.641
678.963 3.635
679.251 3.638
679.539 3.645
679.828 3.647
680.116 3.653
680.404 3.665
680.692 3.671
680.980 3.672
681.268 3.670
681.556 3.665
681.845 3.667
682.133 3.670
682.421 3.676
682.709 3.675
682.997 3.672
683.285 3.675
683.573 3.677
683.862 3.676
684.150 3.677
684.438 3.679
684.726 3.686
685.014 3.700
685.302 3.700
685.591 3.705
685.879 3.713
686.167 3.713
686.455 3.712
686.743 3.714
687.031 3.716
687.319 3.726
687.608 3.730
687.896 3.729
688.184 3.733
688.472 3.732
688.760 3.736
689.048 3.738
689.336 3.743
689.625 3.751
689.913 3.748
690.201 3.741
690.489 3.739
690.777 3.739
691.065 3.736
691.353 3.734
691.642 3.744
691.930 3.743
692.218 3.743
692.506 3.744
692.794 3.747
693.082 3.751
693.370 3.751
693.659 3.755
693.947 3.758
694.235 3.753
694.523 3.754
694.811 3.766
695.099 3.780
695.387 3.790
695.676 3.797
695.964 3.813
696.252 3.833
696.540 3.855
696.836 3.864
697.133 3.862
697.429 3.871
697.725 3.879
698.021 3.893
698.318 3.902
698.614 3.902
698.910 3.909
699.207 3.920
699.503 3.932
699.799 3.940
700.095 3.943
700.392 3.949
700.688 3.956
700.984 3.968
701.281 3.984
701.577 3.999
701.873 4.010
702.169 4.029
702.466 4.039
702.762 4.035
703.058 4.037
703.355 4.047
703.651 4.059
703.947 4.065
704.243 4.074
704.540 4.082
704.836 4.092
705.132 4.086
705.428 4.087
705.725 4.092
706.021 4.086
706.317 4.083
706.614 4.086
706.910 4.091
707.206 4.101
707.502 4.109
707.799 4.119
708.095 4.128
708.391 4.141
708.688 4.148
708.984 4.149
709.280 4.151
709.576 4.146
709.873 4.162
710.169 4.171
710.465 4.177
710.762 4.187
711.058 4.188
711.354 4.186
711.650 4.187
711.947 4.205
712.243 4.221
712.539 4.240
712.836 4.245
713.132 4.237
713.428 4.237
713.724 4.235
714.021 4.231
714.317 4.239
714.613 4.241
714.910 4.248
715.206 4.265
715.502 4.277
715.798 4.277
716.095 4.268
716.391 4.271
716.687 4.279
716.984 4.291
717.280 4.313
717.576 4.315
717.872 4.323
718.169 4.326
718.465 4.325
718.761 4.334
719.058 4.336
719.354 4.322
719.650 4.314
719.946 4.311
720.243 4.303
720.539 4.303
720.835 4.307
721.131 4.312
721.428 4.308
721.724 4.306
722.020 4.307
722.317 4.311
722.613 4.317
722.909 4.322
723.205 4.335
723.502 4.348
723.798 4.366
724.094 4.389
724.391 4.397
724.687 4.404
724.983 4.420
725.279 4.423
725.576 4.426
725.872 4.443
726.168 4.451
726.465 4.452
726.761 4.463
727.057 4.479
727.353 4.495
727.650 4.501
727.946 4.501
728.242 4.511
728.539 4.528
728.835 4.539
729.131 4.555
729.427 4.575
729.724 4.583
730.020 4.583
730.316 4.593
730.613 4.588
730.909 4.594
731.205 4.612
731.501 4.622
731.798 4.649
732.094 4.668
732.390 4.661
732.687 4.662
732.983 4.663
733.279 4.665
733.575 4.665
733.872 4.664
734.168 4.672
734.464 4.680
734.761 4.687
735.057 4.681
735.353 4.680
735.649 4.692
735.946 4.700
736.242 4.718
736.538 4.738
736.835 4.746
737.131 4.752
737.427 4.781
737.723 4.801
738.020 4.825
738.316 4.847
738.612 4.866
738.909 4.884
739.205 4.902
739.501 4.921
739.797 4.938
740.094 4.955
740.390 4.974
740.686 4.991
740.982 4.996
741.279 4.999
741.575 5.005
741.871 5.000
742.168 4.992
742.464 4.994
742.760 5.011
743.056 5.011
743.353 5.022
743.649 5.038
743.945 5.043
744.242 5.048
744.538 5.055
744.834 5.059
745.130 5.058
745.427 5.061
745.723 5.074
746.019 5.087
746.316 5.089
746.612 5.085
746.908 5.084
747.204 5.073
747.501 5.069
747.797 5.068
748.093 5.060
748.390 5.052
748.686 5.066
748.982 5.074
749.278 5.070
749.575 5.064
749.871 5.045
750.167 5.036
750.464 5.053
750.760 5.061
751.056 5.066
751.352 5.073
751.649 5.080
751.945 5.089
752.241 5.085
752.538 5.077
752.834 5.072
753.130 5.080
753.426 5.085
753.723 5.081
754.019 5.072
754.315 5.062
754.611 5.061
754.908 5.078
755.204 5.098
755.500 5.093
755.797 5.091
756.093 5.071
756.389 5.058
756.685 5.048
756.982 5.046
757.278 5.042
757.574 5.023
757.871 5.006
758.167 4.999
758.463 4.992
758.759 4.991
759.056 4.994
759.352 4.999
759.648 5.000
759.945 5.003
760.241 5.007
760.537 5.022
760.833 5.023
761.130 5.024
761.426 5.022
761.722 5.014
762.019 5.008
762.315 5.013
762.611 5.028
762.907 5.054
763.204 5.081
763.500 5.096
763.804 5.107
764.108 5.120
764.412 5.141
764.716 5.155
765.020 5.168
765.324 5.201
765.628 5.215
765.932 5.240
766.236 5.265
766.540 5.281
766.844 5.280
767.148 5.293
767.452 5.314
767.756 5.339
768.060 5.356
768.364 5.363
768.668 5.369
768.972 5.381
769.276 5.389
769.580 5.395
769.884 5.421
770.188 5.444
770.492 5.459
770.796 5.479
771.100 5.509
771.404 5.533
771.708 5.541
772.012 5.557
772.316 5.591
772.620 5.622
772.924 5.638
773.228 5.643
773.532 5.649
773.836 5.666
774.140 5.668
774.444 5.699
774.748 5.727
775.052 5.739
775.356 5.752
775.659 5.775
775.963 5.823
776.267 5.860
776.571 5.872
776.875 5.891
777.179 5.916
777.483 5.941
777.787 5.956
778.091 5.974
778.395 5.996
778.699 6.030
779.003 6.056
779.307 6.069
779.611 6.080
779.915 6.096
780.219 6.108
780.523 6.136
780.827 6.176
781.131 6.184
781.435 6.195
781.739 6.198
782.043 6.216
782.347 6.241
782.651 6.256
782.955 6.270
783.259 6.283
783.563 6.298
783.867 6.302
784.171 6.332
784.475 6.338
784.779 6.334
785.083 6.331
785.387 6.326
785.691 6.322
785.995 6.327
786.299 6.336
786.603 6.351
786.907 6.368
787.211 6.392
787.515 6.407
787.819 6.418
788.123 6.418
788.427 6.406
788.731 6.407
789.035 6.431
789.339 6.465
789.643 6.481
789.947 6.484
790.251 6.502
790.555 6.523
790.859 6.537
791.163 6.557
791.467 6.583
791.771 6.569
792.075 6.570
792.379 6.598
792.683 6.645
792.987 6.683
793.291 6.697
793.595 6.720
793.899 6.742
794.203 6.744
794.507 6.734
794.811 6.737
795.115 6.755
795.419 6.759
795.723 6.740
796.027 6.726
796.331 6.740
796.635 6.772
796.939 6.779
797.243 6.777
797.547 6.776
797.851 6.791
798.155 6.815
798.459 6.822
798.763 6.836
799.067 6.833
799.371 6.803
799.674 6.810
799.978 6.821
800.282 6.852
800.586 6.851
800.890 6.850
801.194 6.869
801.498 6.877
801.802 6.901
802.106 6.912
802.410 6.926
802.714 6.932
803.018 6.948
803.322 6.959
803.626 6.977
803.930 7.018
804.234 7.047
804.538 7.062
804.842 7.076
805.146 7.082
805.450 7.094
805.754 7.087
806.058 7.101
806.362 7.134
806.666 7.157
806.970 7.172
807.274 7.191
807.578 7.209
807.882 7.196
808.186 7.178
808.490 7.183
808.794 7.187
809.098 7.186
809.402 7.188
809.706 7.192
810.010 7.193
810.314 7.224
810.618 7.245
810.922 7.230
811.226 7.202
811.530 7.174
811.834 7.163
812.137 7.154
812.441 7.169
812.744 7.197
813.048 7.200
813.351 7.210
813.655 7.204
813.958 7.192
814.262 7.199
814.565 7.202
814.869 7.206
815.172 7.195
815.476 7.197
815.779 7.214
816.083 7.237
816.386 7.231
816.690 7.243
816.993 7.280
817.297 7.314
817.600 7.363
817.904 7.393
818.208 7.412
818.511 7.419
818.815 7.414
819.118 7.432
819.422 7.433
819.725 7.417
820.029 7.408
820.332 7.394
820.636 7.417
820.939 7.455
821.243 7.456
821.546 7.466
821.850 7.507
822.153 7.557
822.457 7.567
822.760 7.577
823.064 7.591
823.367 7.593
823.671 7.595
823.974 7.597
824.278 7.603
824.582 7.614
824.885 7.627
825.189 7.640
825.492 7.657
825.796 7.669
826.099 7.668
826.403 7.687
826.706 7.733
827.010 7.769
827.313 7.789
827.617 7.802
827.920 7.798
828.224 7.798
828.527 7.799
828.831 7.795
829.134 7.804
829.438 7.835
829.741 7.873
830.045 7.900
830.348 7.891
830.652 7.912
830.956 7.924
831.259 7.923
831.563 7.939
831.866 7.960
832.170 8.004
832.473 8.038
832.777 8.063
833.080 8.064
833.384 8.067
833.687 8.075
833.991 8.080
834.294 8.060
834.598 8.044
834.901 8.065
835.205 8.085
835.508 8.082
835.812 8.092
836.115 8.108
836.419 8.143
836.722 8.146
837.026 8.148
837.330 8.146
837.633 8.150
837.937 8.166
838.240 8.182
838.544 8.195
838.847 8.214
839.151 8.234
839.454 8.249
839.758 8.279
840.061 8.315
840.365 8.341
840.668 8.334
840.972 8.370
841.275 8.406
841.579 8.459
841.882 8.506
842.186 8.552
842.489 8.580
842.793 8.630
843.097 8.662
843.400 8.678
843.704 8.697
844.007 8.725
844.311 8.760
844.614 8.784
844.918 8.814
845.221 8.841
845.525 8.838
845.828 8.838
846.132 8.868
846.435 8.922
846.739 8.950
847.042 8.989
847.346 9.053
847.649 9.100
847.953 9.116
848.256 9.140
848.560 9.164
848.863 9.226
849.167 9.265
849.471 9.274
849.774 9.292
850.078 9.343
850.381 9.384
850.685 9.426
850.988 9.505
851.292 9.525
851.595 9.578
851.899 9.613
852.202 9.641
852.506 9.715
852.809 9.778
853.113 9.789
853.416 9.786
853.720 9.785
854.023 9.805
854.327 9.813
854.630 9.817
854.934 9.820
855.237 9.824
855.541 9.828
855.845 9.862
856.148 9.861
856.452 9.852
856.755 9.860
857.059 9.883
857.362 9.928
857.666 9.960
857.969 9.946
858.273 9.930
858.576 9.937
858.880 9.940
859.183 9.924
859.487 9.894
859.790 9.879
860.094 9.851
860.397 9.839
860.701 9.842
861.004 9.859
861.308 9.826
861.611 9.801
861.915 9.806
862.219 9.799
862.522 9.784
862.826 9.768
863.129 9.770
863.433 9.759
863.736 9.713
864.040 9.713
864.343 9.730
864.647 9.718
864.950 9.700
865.254 9.702
865.557 9.670
865.861 9.631
866.164 9.613
866.468 9.596
866.771 9.579
867.075 9.587
867.378 9.547
867.682 9.505
867.985 9.498
868.289 9.508
868.593 9.489
868.896 9.467
869.200 9.436
869.503 9.384
869.807 9.399
870.110 9.388
870.414 9.385
870.717 9.375
871.021 9.318
871.324 9.291
871.628 9.304
871.931 9.331
872.235 9.326
872.538 9.299
872.842 9.299
873.145 9.260
873.449 9.231
873.752 9.262
874.056 9.284
874.359 9.262
874.663 9.293
874.967 9.333
875.270 9.345
875.574 9.357
875.877 9.321
876.181 9.272
876.484 9.258
876.788 9.281
877.091 9.245
877.395 9.191
877.698 9.193
878.002 9.188
878.305 9.177
878.609 9.154
878.912 9.139
879.216 9.108
879.519 9.085
879.823 9.096
880.126 9.105
880.430 9.096
880.733 9.110
881.037 9.122
881.341 9.117
881.644 9.100
881.948 9.112
882.251 9.165
882.555 9.187
882.858 9.179
883.162 9.200
883.465 9.222
883.769 9.238
884.072 9.256
884.376 9.287
884.679 9.329
884.983 9.351
885.286 9.395
885.590 9.429
885.893 9.467
886.197 9.491
886.500 9.523
886.804 9.526
887.107 9.528
887.411 9.569
887.715 9.604
888.018 9.619
888.322 9.627
888.625 9.667
888.929 9.663
889.232 9.641
889.536 9.640
889.839 9.647
890.143 9.664
890.446 9.647
890.750 9.626
891.053 9.645
891.357 9.650
891.660 9.696
891.964 9.727
892.267 9.702
892.571 9.699
892.874 9.708
893.178 9.690
893.482 9.705
893.785 9.743
894.089 9.777
894.392 9.831
894.696 9.868
894.999 9.897
895.303 9.915
895.606 9.932
895.910 9.956
896.213 9.967
896.517 9.972
896.820 9.989
897.124 10.001
897.427 10.039
897.731 10.087
898.034 10.149
898.338 10.181
898.641 10.181
898.945 10.223
899.248 10.249
899.552 10.280
899.856 10.318
900.159 10.370
900.463 10.401
900.766 10.386
901.070 10.415
901.373 10.443
901.677 10.464
901.980 10.473
902.284 10.475
902.587 10.503
902.891 10.490
903.194 10.438
903.498 10.424
903.801 10.389
904.105 10.359
904.408 10.373
904.712 10.381
905.015 10.361
905.319 10.358
905.622 10.379
905.926 10.338
906.230 10.305
906.533 10.293
906.837 10.288
907.140 10.292
907.444 10.317
907.747 10.333
908.051 10.356
908.354 10.386
908.658 10.435
908.961 10.470
909.265 10.487
909.568 10.503
909.872 10.533
910.175 10.520
910.479 10.515
910.782 10.532
911.086 10.520
911.389 10.526
911.693 10.586
911.996 10.610
912.300 10.649
912.613 10.680
912.926 10.677
913.238 10.709
913.551 10.774
913.864 10.811
914.176 10.880
914.489 10.939
914.802 10.973
915.115 11.028
915.427 11.053
915.740 11.102
916.053 11.176
916.366 11.197
916.678 11.199
916.991 11.234
917.304 11.314
917.617 11.333
917.929 11.386
918.242 11.428
918.555 11.470
918.868 11.473
919.180 11.499
919.493 11.543
919.806 11.545
920.119 11.575
920.431 11.592
920.744 11.604
921.057 11.649
921.370 11.726
921.682 11.821
921.995 11.865
922.308 11.908
922.621 12.020
922.933 12.149
923.246 12.206
923.559 12.251
923.872 12.325
924.184 12.404
924.497 12.479
924.810 12.569
925.123 12.673
925.435 12.788
925.748 12.894
926.061 12.990
926.374 13.068
926.686 13.189
926.999 13.345
927.312 13.513
927.625 13.642
927.937 13.709
928.250 13.847
928.563 13.995
928.876 14.094
929.188 14.244
929.501 14.398
929.814 14.541
930.127 14.638
930.439 14.766
930.752 14.843
931.065 14.887
931.378 14.951
931.690 15.016
932.003 15.083
932.316 15.189
932.629 15.244
932.941 15.320
933.254 15.417
933.567 15.455
933.880 15.563
934.192 15.755
934.505 15.920
934.818 16.056
935.131 16.170
935.443 16.380
935.756 16.551
936.069 16.704
936.382 16.841
936.694 17.036
937.007 17.165
937.320 17.244
937.633 17.327
937.945 17.451
938.258 17.535
938.571 17.648
938.884 17.847
939.196 18.022
939.509 18.155
939.822 18.264
940.135 18.361
940.447 18.464
940.760 18.562
941.073 18.637
941.386 18.748
941.698 18.833
942.011 18.939
942.324 19.092
942.637 19.168
942.949 19.215
943.262 19.298
943.575 19.396
943.888 19.492
944.200 19.593
944.513 19.679
944.826 19.758
945.139 19.854
945.451 19.878
945.764 19.865
946.077 19.853
946.390 19.850
946.702 19.835
947.015 19.802
947.328 19.820
947.641 19.833
947.953 19.850
948.266 19.846
948.579 19.859
948.892 19.875
949.204 19.917
949.517 19.942
949.830 19.986
950.143 20.063
950.455 20.132
950.768 20.205
951.081 20.275
951.394 20.339
951.706 20.401
952.019 20.376
952.332 20.363
952.645 20.406
952.957 20.417
953.270 20.408
953.583 20.450
953.896 20.495
954.208 20.466
954.521 20.352
954.834 20.308
955.147 20.251
955.459 20.208
955.772 20.125
956.085 20.105
956.398 20.157
956.710 20.183
957.023 20.178
957.336 20.226
957.649 20.201
957.961 20.191
958.274 20.231
958.587 20.188
958.900 20.196
959.212 20.166
959.525 20.026
959.838 20.003
960.151 20.124
960.463 20.142
960.776 20.131
961.089 20.047
961.402 20.009
961.714 20.089
962.027 20.141
962.340 20.190
962.653 20.256
962.965 20.342
963.278 20.329
963.591 20.291
963.904 20.281
964.216 20.205
964.529 20.170
964.842 20.180
965.154 20.212
965.467 20.267
965.780 20.304
966.094 20.430
966.409 20.501
966.723 20.532
967.037 20.511
967.352 20.497
967.666 20.509
967.980 20.552
968.295 20.623
968.609 20.640
968.923 20.586
969.238 20.580
969.552 20.540
969.866 20.587
970.181 20.613
970.495 20.548
970.809 20.567
971.124 20.633
971.438 20.650
971.752 20.792
972.067 20.875
972.381 20.801
972.695 20.751
973.010 20.751
973.324 20.783
973.638 20.866
973.953 20.941
974.267 21.047
974.581 21.114
974.896 21.150
975.210 21.203
975.524 21.218
975.839 21.300
976.153 21.484
976.467 21.585
976.781 21.696
977.096 21.737
977.410 21.698
977.724 21.852
978.039 21.953
978.353 22.060
978.667 22.281
978.982 22.404
979.296 22.448
979.610 22.548
979.925 22.543
980.239 22.569
980.553 22.509
980.868 22.501
981.182 22.561
981.496 22.583
981.811 22.451
982.125 22.390
982.439 22.454
982.754 22.557
983.068 22.642
983.382 22.767
983.697 22.936
984.011 23.070
984.325 23.054
984.640 23.001
984.954 23.040
985.268 23.101
985.583 23.107
985.897 23.196
986.211 23.391
986.526 23.553
986.840 23.685
987.154 23.803
987.469 23.866
987.783 23.964
988.097 24.162
988.412 24.212
988.726 24.241
989.040 24.220
989.355 24.309
989.669 24.453
989.983 24.514
990.298 24.608
990.612 24.791
990.926 24.863
991.241 24.979
991.555 25.153
991.869 25.191
992.184 25.222
992.498 25.339
992.812 25.374
993.127 25.464
993.441 25.502
993.755 25.530
994.070 25.589
994.384 25.663
994.698 25.712
995.013 25.789
995.327 25.848
995.641 25.921
995.956 25.989
996.270 25.994
996.584 26.078
996.899 26.130
997.213 26.177
997.527 26.189
997.841 26.147
998.156 26.134
998.470 26.124
998.784 26.146
999.099 26.372
999.413 26.475
999.727 26.606
