200.182 79.294
200.437 78.629
200.691 77.863
200.946 77.152
201.201 76.352
201.455 75.834
201.710 75.039
201.964 74.330
202.219 73.800
202.474 73.150
202.728 72.465
202.983 71.816
203.237 71.226
203.492 70.273
203.747 69.202
204.001 68.366
204.256 67.357
204.510 66.277
204.765 65.341
205.020 64.494
205.274 63.557
205.529 62.669
205.783 61.905
206.038 60.857
206.293 59.737
206.547 58.829
206.802 57.912
207.057 57.019
207.311 56.007
207.566 55.015
207.820 54.001
208.075 53.094
208.330 52.123
208.584 51.268
208.839 50.558
209.093 49.645
209.348 48.597
209.603 47.833
209.857 46.985
210.112 46.216
210.366 45.348
210.621 44.444
210.876 43.503
211.130 42.710
211.385 42.110
211.639 41.337
211.894 40.411
212.149 39.647
212.403 38.906
212.658 38.080
212.913 37.322
213.167 36.579
213.422 35.895
213.676 35.191
213.931 34.472
214.186 33.736
214.440 33.017
214.695 32.293
214.949 31.781
215.204 31.151
215.459 30.570
215.713 30.099
215.968 29.563
216.222 28.954
216.477 28.365
216.732 27.901
216.986 27.332
217.241 26.712
217.495 26.163
217.750 25.639
218.005 25.204
218.259 24.784
218.514 24.278
218.769 23.687
219.023 23.203
219.278 22.762
219.532 22.227
219.787 21.748
220.042 21.320
220.296 20.894
220.551 20.437
220.805 20.084
221.060 19.731
221.315 19.302
221.569 18.851
221.824 18.472
222.078 18.148
222.333 17.772
222.588 17.449
222.842 17.088
223.097 16.735
223.351 16.392
223.606 15.994
223.861 15.528
224.115 15.153
224.370 14.760
224.625 14.347
224.879 14.003
225.134 13.615
225.388 13.296
225.643 12.999
225.898 12.720
226.152 12.408
226.407 12.102
226.661 11.734
226.916 11.380
227.171 11.040
227.425 10.727
227.680 10.424
227.934 10.206
228.189 9.955
228.444 9.720
228.698 9.471
228.953 9.224
229.208 8.989
229.462 8.730
229.717 8.509
229.971 8.312
230.226 8.125
230.481 7.892
230.735 7.714
230.990 7.552
231.244 7.376
231.499 7.198
231.754 7.040
232.008 6.886
232.263 6.773
232.517 6.631
232.772 6.516
233.027 6.384
233.281 6.229
233.536 6.068
233.790 5.902
234.045 5.761
234.300 5.644
234.554 5.536
234.809 5.410
235.064 5.315
235.318 5.239
235.573 5.159
235.827 5.068
236.082 4.966
236.337 4.891
236.591 4.822
236.846 4.749
237.100 4.677
237.355 4.622
237.610 4.561
237.864 4.486
238.119 4.446
238.373 4.386
238.628 4.319
238.883 4.273
239.137 4.214
239.392 4.162
239.646 4.127
239.901 4.096
240.156 4.062
240.410 4.043
240.665 4.012
240.920 3.971
241.174 3.941
241.429 3.908
241.683 3.873
241.938 3.840
242.193 3.818
242.447 3.796
242.702 3.776
242.956 3.759
243.211 3.752
243.466 3.735
243.720 3.727
243.975 3.721
244.229 3.706
244.484 3.679
244.739 3.663
244.993 3.661
245.248 3.651
245.503 3.644
245.757 3.636
246.012 3.627
246.266 3.625
246.521 3.616
246.776 3.611
247.030 3.597
247.285 3.582
247.539 3.574
247.794 3.570
248.049 3.567
248.303 3.559
248.558 3.566
248.812 3.558
249.067 3.530
249.322 3.521
249.576 3.520
249.831 3.521
250.085 3.513
250.340 3.514
250.595 3.520
250.849 3.527
251.104 3.527
251.359 3.533
251.613 3.539
251.868 3.539
252.122 3.528
252.377 3.523
252.632 3.527
252.886 3.521
253.141 3.509
253.395 3.509
253.650 3.506
253.905 3.507
254.161 3.510
254.416 3.507
254.672 3.516
254.927 3.530
255.183 3.531
255.438 3.526
255.694 3.532
255.949 3.538
256.205 3.536
256.460 3.533
256.715 3.525
256.971 3.530
257.226 3.539
257.482 3.548
257.737 3.551
257.993 3.550
258.248 3.557
258.504 3.556
258.759 3.546
259.014 3.550
259.270 3.547
259.525 3.538
259.781 3.545
260.036 3.568
260.292 3.581
260.547 3.581
260.803 3.586
261.058 3.596
261.314 3.601
261.569 3.597
261.824 3.597
262.080 3.608
262.335 3.618
262.591 3.635
262.846 3.652
263.102 3.652
263.357 3.648
263.613 3.650
263.868 3.654
264.123 3.653
264.379 3.650
264.634 3.658
264.890 3.660
265.145 3.671
265.401 3.669
265.656 3.666
265.912 3.660
266.167 3.652
266.423 3.646
266.678 3.650
266.933 3.650
267.189 3.646
267.444 3.643
267.700 3.647
267.955 3.648
268.211 3.643
268.466 3.646
268.722 3.650
268.977 3.656
269.232 3.664
269.488 3.658
269.743 3.653
269.999 3.659
270.254 3.664
270.510 3.658
270.765 3.658
271.021 3.659
271.276 3.659
271.532 3.656
271.787 3.655
272.042 3.658
272.298 3.656
272.553 3.649
272.809 3.646
273.064 3.646
273.320 3.650
273.575 3.655
273.831 3.646
274.086 3.642
274.342 3.641
274.597 3.633
274.852 3.634
275.108 3.639
275.363 3.632
275.619 3.611
275.874 3.593
276.130 3.586
276.385 3.584
276.641 3.579
276.896 3.570
277.151 3.573
277.407 3.571
277.662 3.556
277.918 3.538
278.173 3.524
278.429 3.510
278.684 3.507
278.940 3.508
279.195 3.504
279.451 3.503
279.706 3.495
279.961 3.497
280.217 3.492
280.472 3.487
280.728 3.479
280.983 3.477
281.239 3.473
281.494 3.473
281.750 3.478
282.005 3.476
282.260 3.469
282.516 3.457
282.771 3.446
283.027 3.438
283.282 3.434
283.538 3.425
283.793 3.415
284.049 3.409
284.304 3.403
284.560 3.394
284.815 3.383
285.070 3.381
285.326 3.385
285.581 3.381
285.837 3.366
286.092 3.359
286.348 3.355
286.603 3.354
286.859 3.346
287.114 3.341
287.369 3.340
287.625 3.335
287.880 3.335
288.136 3.341
288.391 3.339
288.647 3.331
288.902 3.317
289.158 3.308
289.413 3.312
289.669 3.314
289.924 3.316
290.179 3.320
290.435 3.323
290.690 3.315
290.946 3.310
291.201 3.310
291.457 3.312
291.712 3.314
291.968 3.313
292.223 3.309
292.479 3.306
292.734 3.297
292.989 3.294
293.245 3.294
293.500 3.297
293.756 3.298
294.011 3.302
294.267 3.302
294.522 3.295
294.778 3.291
295.033 3.288
295.288 3.287
295.544 3.286
295.799 3.285
296.055 3.283
296.310 3.283
296.566 3.285
296.821 3.294
297.077 3.298
297.332 3.290
297.588 3.281
297.843 3.276
298.098 3.276
298.354 3.277
298.609 3.274
298.865 3.272
299.120 3.272
299.376 3.271
299.631 3.267
299.887 3.266
300.142 3.269
300.397 3.268
300.653 3.264
300.908 3.257
301.164 3.255
301.419 3.258
301.675 3.258
301.930 3.255
302.186 3.251
302.441 3.249
302.697 3.241
302.952 3.234
303.207 3.230
303.463 3.229
303.718 3.218
303.974 3.214
304.229 3.219
304.485 3.224
304.740 3.226
304.996 3.227
305.251 3.225
305.506 3.217
305.762 3.210
306.017 3.205
306.273 3.213
306.528 3.221
306.784 3.231
307.039 3.241
307.295 3.235
307.550 3.233
307.806 3.242
308.061 3.250
308.316 3.250
308.572 3.249
308.827 3.250
309.083 3.251
309.338 3.245
309.594 3.234
309.849 3.232
310.105 3.233
310.360 3.235
310.615 3.234
310.871 3.233
311.126 3.230
311.382 3.236
311.637 3.242
311.893 3.238
312.148 3.233
312.404 3.222
312.659 3.212
312.915 3.207
313.170 3.206
313.429 3.209
313.688 3.216
313.947 3.222
314.206 3.226
314.465 3.225
314.724 3.225
314.983 3.230
315.242 3.230
315.501 3.227
315.760 3.230
316.019 3.238
316.278 3.244
316.536 3.245
316.795 3.244
317.054 3.251
317.313 3.254
317.572 3.262
317.831 3.276
318.090 3.283
318.349 3.288
318.608 3.290
318.867 3.286
319.126 3.284
319.385 3.295
319.644 3.306
319.903 3.307
320.162 3.304
320.421 3.300
320.680 3.296
320.939 3.298
321.198 3.297
321.457 3.295
321.716 3.289
321.975 3.280
322.234 3.275
322.493 3.271
322.752 3.266
323.010 3.266
323.269 3.260
323.528 3.251
323.787 3.249
324.046 3.251
324.305 3.258
324.564 3.266
324.823 3.267
325.082 3.271
325.341 3.282
325.600 3.294
325.859 3.300
326.118 3.313
326.377 3.321
326.636 3.321
326.895 3.323
327.154 3.319
327.413 3.320
327.672 3.323
327.931 3.329
328.190 3.335
328.449 3.344
328.708 3.354
328.967 3.364
329.226 3.376
329.485 3.382
329.743 3.381
330.002 3.383
330.261 3.390
330.520 3.394
330.779 3.388
331.038 3.393
331.297 3.407
331.556 3.410
331.815 3.411
332.074 3.405
332.333 3.410
332.592 3.423
332.851 3.427
333.110 3.430
333.369 3.425
333.628 3.414
333.887 3.406
334.146 3.406
334.405 3.412
334.664 3.419
334.923 3.436
335.182 3.444
335.441 3.432
335.700 3.426
335.959 3.434
336.217 3.445
336.476 3.455
336.735 3.461
336.994 3.475
337.253 3.502
337.512 3.521
337.771 3.529
338.030 3.532
338.289 3.540
338.548 3.553
338.807 3.571
339.066 3.593
339.325 3.596
339.584 3.595
339.843 3.605
340.102 3.609
340.361 3.613
340.620 3.622
340.879 3.627
341.138 3.630
341.397 3.624
341.656 3.619
341.915 3.618
342.174 3.614
342.433 3.628
342.691 3.647
342.950 3.663
343.209 3.670
343.468 3.681
343.727 3.693
343.986 3.707
344.245 3.716
344.504 3.730
344.763 3.739
345.022 3.740
345.281 3.742
345.540 3.746
345.799 3.750
346.058 3.754
346.317 3.762
346.576 3.772
346.835 3.785
347.094 3.795
347.353 3.810
347.612 3.815
347.871 3.830
348.130 3.842
348.389 3.837
348.648 3.835
348.907 3.842
349.166 3.862
349.424 3.880
349.683 3.893
349.942 3.911
350.201 3.927
350.460 3.938
350.719 3.930
350.978 3.924
351.237 3.947
351.496 3.967
351.755 3.971
352.014 3.977
352.273 3.980
352.532 3.979
352.791 3.980
353.050 3.989
353.309 4.004
353.568 4.011
353.827 4.016
354.086 4.018
354.345 4.014
354.604 4.010
354.863 4.001
355.122 4.017
355.381 4.034
355.640 4.042
355.898 4.044
356.157 4.044
356.416 4.051
356.675 4.069
356.934 4.073
357.193 4.091
357.452 4.119
357.711 4.123
357.970 4.135
358.229 4.146
358.488 4.144
358.747 4.140
359.006 4.145
359.265 4.165
359.524 4.190
359.783 4.209
360.042 4.220
360.301 4.225
360.560 4.236
360.819 4.246
361.078 4.249
361.337 4.264
361.596 4.292
361.855 4.317
362.114 4.331
362.372 4.353
362.631 4.365
362.890 4.371
363.149 4.372
363.408 4.385
363.667 4.397
363.926 4.410
364.185 4.429
364.444 4.440
364.703 4.449
364.962 4.446
365.221 4.453
365.480 4.470
365.745 4.464
366.009 4.465
366.274 4.489
366.539 4.508
366.804 4.521
367.068 4.527
367.333 4.533
367.598 4.540
367.863 4.546
368.127 4.553
368.392 4.573
368.657 4.592
368.921 4.584
369.186 4.575
369.451 4.584
369.716 4.597
369.980 4.609
370.245 4.626
370.510 4.642
370.775 4.652
371.039 4.661
371.304 4.668
371.569 4.665
371.834 4.677
372.098 4.693
372.363 4.708
372.628 4.718
372.892 4.733
373.157 4.730
373.422 4.723
373.687 4.732
373.951 4.742
374.216 4.745
374.481 4.756
374.746 4.769
375.010 4.774
375.275 4.766
375.540 4.752
375.804 4.744
376.069 4.742
376.334 4.749
376.599 4.752
376.863 4.756
377.128 4.760
377.393 4.761
377.658 4.758
377.922 4.749
378.187 4.757
378.452 4.761
378.716 4.755
378.981 4.754
379.246 4.756
379.511 4.760
379.775 4.766
380.040 4.768
380.305 4.761
380.570 4.767
380.834 4.779
381.099 4.799
381.364 4.810
381.629 4.811
381.893 4.828
382.158 4.841
382.423 4.836
382.687 4.836
382.952 4.839
383.217 4.839
383.482 4.841
383.746 4.842
384.011 4.844
384.276 4.853
384.541 4.846
384.805 4.830
385.070 4.829
385.335 4.830
385.599 4.835
385.864 4.836
386.129 4.841
386.394 4.848
386.658 4.845
386.923 4.846
387.188 4.833
387.453 4.823
387.717 4.830
387.982 4.827
388.247 4.827
388.511 4.821
388.776 4.809
389.041 4.805
389.306 4.812
389.570 4.810
389.835 4.802
390.100 4.797
390.365 4.803
390.629 4.802
390.894 4.798
391.159 4.800
391.424 4.803
391.688 4.795
391.953 4.789
392.218 4.797
392.482 4.800
392.747 4.801
393.012 4.802
393.277 4.815
393.541 4.831
393.806 4.832
394.071 4.834
394.336 4.826
394.600 4.824
394.865 4.829
395.130 4.831
395.394 4.836
395.659 4.840
395.924 4.839
396.189 4.839
396.453 4.839
396.718 4.843
396.983 4.831
397.248 4.821
397.512 4.815
397.777 4.807
398.042 4.789
398.306 4.775
398.571 4.770
398.836 4.768
399.101 4.763
399.365 4.768
399.630 4.779
399.895 4.790
400.160 4.793
400.424 4.785
400.689 4.791
400.954 4.808
401.219 4.817
401.483 4.821
401.748 4.819
402.013 4.824
402.277 4.824
402.542 4.815
402.807 4.816
403.072 4.827
403.336 4.834
403.601 4.843
403.866 4.847
404.131 4.854
404.395 4.865
404.660 4.878
404.929 4.878
405.198 4.880
405.466 4.879
405.735 4.885
406.004 4.905
406.273 4.913
406.542 4.905
406.810 4.898
407.079 4.902
407.348 4.908
407.617 4.908
407.886 4.916
408.154 4.919
408.423 4.916
408.692 4.917
408.961 4.915
409.229 4.918
409.498 4.928
409.767 4.925
410.036 4.918
410.305 4.914
410.573 4.921
410.842 4.918
411.111 4.917
411.380 4.919
411.649 4.914
411.917 4.904
412.186 4.902
412.455 4.902
412.724 4.905
412.993 4.901
413.261 4.903
413.530 4.900
413.799 4.902
414.068 4.916
414.337 4.932
414.605 4.943
414.874 4.943
415.143 4.947
415.412 4.954
415.681 4.949
415.949 4.940
416.218 4.939
416.487 4.935
416.756 4.939
417.024 4.948
417.293 4.940
417.562 4.934
417.831 4.936
418.100 4.939
418.368 4.941
418.637 4.938
418.906 4.940
419.175 4.948
419.444 4.943
419.712 4.946
419.981 4.949
420.250 4.952
420.519 4.951
420.788 4.933
421.056 4.915
421.325 4.916
421.594 4.911
421.863 4.905
422.132 4.896
422.400 4.881
422.669 4.877
422.938 4.879
423.207 4.877
423.476 4.872
423.744 4.863
424.013 4.864
424.282 4.862
424.551 4.859
424.819 4.850
425.088 4.838
425.357 4.836
425.626 4.830
425.895 4.822
426.163 4.814
426.432 4.818
426.701 4.819
426.970 4.807
427.239 4.800
427.507 4.793
427.776 4.788
428.045 4.787
428.314 4.787
428.583 4.787
428.851 4.785
429.120 4.782
429.389 4.780
429.658 4.779
429.927 4.777
430.195 4.773
430.464 4.767
430.733 4.770
431.002 4.773
431.271 4.773
431.539 4.765
431.808 4.758
432.077 4.762
432.346 4.763
432.614 4.761
432.883 4.761
433.152 4.768
433.421 4.769
433.690 4.765
433.958 4.767
434.227 4.764
434.496 4.757
434.765 4.752
435.034 4.755
435.302 4.750
435.571 4.740
435.840 4.733
436.116 4.729
436.393 4.731
436.669 4.734
436.945 4.733
437.221 4.742
437.498 4.748
437.774 4.752
438.050 4.759
438.326 4.766
438.603 4.776
438.879 4.786
439.155 4.787
439.431 4.789
439.708 4.796
439.984 4.799
440.260 4.804
440.537 4.805
440.813 4.806
441.089 4.815
441.365 4.826
441.642 4.828
441.918 4.830
442.194 4.838
442.470 4.827
442.747 4.817
443.023 4.811
443.299 4.812
443.575 4.821
443.852 4.823
444.128 4.824
444.404 4.829
444.680 4.829
444.957 4.828
445.233 4.829
445.509 4.830
445.786 4.833
446.062 4.830
446.338 4.827
446.614 4.825
446.891 4.826
447.167 4.823
447.443 4.824
447.719 4.821
447.996 4.817
448.272 4.819
448.548 4.826
448.824 4.821
449.101 4.822
449.377 4.830
449.653 4.839
449.930 4.839
450.206 4.836
450.482 4.848
450.758 4.850
451.035 4.849
451.311 4.851
451.587 4.846
451.863 4.846
452.140 4.856
452.416 4.858
452.692 4.865
452.968 4.868
453.245 4.863
453.521 4.865
453.797 4.872
454.074 4.871
454.350 4.870
454.626 4.874
454.902 4.884
455.179 4.891
455.455 4.888
455.731 4.882
456.007 4.881
456.284 4.878
456.560 4.871
456.836 4.869
457.112 4.868
457.389 4.868
457.665 4.869
457.941 4.862
458.218 4.855
458.494 4.857
458.770 4.853
459.046 4.849
459.323 4.853
459.599 4.859
459.875 4.866
460.151 4.871
460.428 4.873
460.704 4.880
460.980 4.884
461.256 4.885
461.533 4.891
461.809 4.896
462.085 4.897
462.361 4.895
462.638 4.895
462.914 4.905
463.190 4.909
463.467 4.914
463.743 4.913
464.019 4.906
464.295 4.897
464.572 4.900
464.848 4.909
465.124 4.916
465.400 4.917
465.677 4.917
465.953 4.916
466.229 4.918
466.505 4.922
466.782 4.918
467.058 4.916
467.334 4.914
467.611 4.917
467.887 4.927
468.163 4.932
468.439 4.938
468.716 4.939
468.992 4.935
469.268 4.937
469.544 4.940
469.821 4.941
470.097 4.946
470.373 4.939
470.649 4.931
470.926 4.932
471.202 4.932
471.478 4.929
471.755 4.915
472.031 4.912
472.307 4.914
472.583 4.915
472.860 4.922
473.136 4.934
473.412 4.944
473.688 4.950
473.965 4.950
474.241 4.946
474.517 4.946
474.793 4.953
475.070 4.959
475.346 4.961
475.622 4.969
475.899 4.970
476.175 4.972
476.451 4.980
476.727 4.981
477.004 4.974
477.280 4.964
477.556 4.959
477.832 4.955
478.109 4.951
478.385 4.946
478.661 4.944
478.937 4.942
479.214 4.940
479.490 4.940
479.766 4.935
480.043 4.940
480.319 4.939
480.595 4.936
480.871 4.945
481.148 4.950
481.424 4.945
481.700 4.940
481.976 4.944
482.253 4.945
482.529 4.946
482.805 4.946
483.081 4.947
483.358 4.943
483.634 4.948
483.910 4.948
484.186 4.947
484.463 4.945
484.739 4.937
485.015 4.936
485.292 4.941
485.568 4.944
485.844 4.949
486.120 4.955
486.397 4.957
486.673 4.959
486.949 4.963
487.225 4.971
487.502 4.978
487.778 4.984
488.054 4.989
488.330 4.992
488.607 4.994
488.883 4.993
489.159 4.995
489.436 4.996
489.712 4.992
489.988 4.991
490.264 4.996
490.541 4.998
490.817 5.000
491.093 5.004
491.369 5.012
491.646 5.019
491.922 5.025
492.198 5.031
492.474 5.034
492.751 5.043
493.027 5.048
493.303 5.050
493.580 5.050
493.856 5.061
494.132 5.080
494.408 5.086
494.685 5.091
494.961 5.093
495.237 5.099
495.513 5.105
495.790 5.111
496.066 5.125
496.342 5.137
496.618 5.148
496.895 5.156
497.171 5.160
497.447 5.164
497.724 5.166
498.000 5.165
498.276 5.174
498.552 5.183
498.829 5.182
499.105 5.179
499.381 5.181
499.657 5.186
499.934 5.183
500.210 5.192
500.486 5.201
500.762 5.213
501.039 5.216
501.315 5.215
501.591 5.226
501.867 5.242
502.144 5.249
502.420 5.254
502.696 5.257
502.973 5.259
503.249 5.260
503.525 5.264
503.801 5.263
504.078 5.261
504.354 5.254
504.630 5.255
504.906 5.259
505.183 5.262
505.459 5.272
505.735 5.276
506.011 5.276
506.288 5.280
506.564 5.285
506.840 5.283
507.117 5.285
507.393 5.293
507.669 5.298
507.945 5.306
508.222 5.309
508.498 5.305
508.774 5.305
509.050 5.304
509.327 5.308
509.603 5.312
509.879 5.315
510.155 5.316
510.432 5.327
510.708 5.330
510.984 5.325
511.261 5.335
511.537 5.342
511.813 5.347
512.089 5.350
512.366 5.351
512.642 5.352
512.918 5.349
513.194 5.348
513.471 5.347
513.747 5.346
514.023 5.352
514.299 5.359
514.576 5.363
514.852 5.368
515.128 5.379
515.405 5.388
515.681 5.392
515.957 5.407
516.233 5.416
516.510 5.420
516.786 5.426
517.062 5.426
517.338 5.422
517.615 5.418
517.891 5.421
518.167 5.431
518.443 5.429
518.720 5.419
518.996 5.416
519.272 5.414
519.548 5.413
519.825 5.414
520.101 5.422
520.377 5.434
520.654 5.446
520.930 5.449
521.206 5.462
521.482 5.471
521.759 5.478
522.035 5.481
522.311 5.482
522.587 5.484
522.864 5.489
523.140 5.491
523.416 5.492
523.692 5.500
523.969 5.502
524.245 5.502
524.521 5.506
524.798 5.506
525.074 5.501
525.350 5.502
525.626 5.510
525.903 5.518
526.179 5.517
526.455 5.519
526.731 5.529
527.008 5.542
527.284 5.549
527.560 5.557
527.836 5.563
528.113 5.566
528.389 5.573
528.665 5.578
528.942 5.581
529.218 5.602
529.494 5.636
529.770 5.647
530.047 5.646
530.323 5.651
530.599 5.662
530.875 5.672
531.152 5.681
531.428 5.687
531.704 5.692
531.980 5.691
532.257 5.690
532.533 5.692
532.809 5.694
533.086 5.698
533.362 5.705
533.638 5.711
533.914 5.719
534.191 5.725
534.467 5.735
534.743 5.747
535.019 5.751
535.296 5.760
535.572 5.774
535.848 5.786
536.124 5.794
536.401 5.801
536.677 5.805
536.953 5.811
537.230 5.814
537.506 5.820
537.782 5.833
538.058 5.839
538.335 5.842
538.611 5.847
538.887 5.856
539.163 5.867
539.440 5.883
539.716 5.894
539.992 5.907
540.268 5.924
540.545 5.929
540.821 5.937
541.097 5.943
541.373 5.949
541.650 5.963
541.926 5.980
542.202 5.994
542.479 6.003
542.755 6.014
543.031 6.025
543.307 6.038
543.584 6.044
543.860 6.044
544.136 6.047
544.412 6.051
544.689 6.064
544.965 6.075
545.241 6.082
545.517 6.094
545.794 6.105
546.070 6.105
546.356 6.093
546.642 6.097
546.928 6.114
547.214 6.125
547.500 6.130
547.786 6.139
548.072 6.147
548.358 6.160
548.644 6.176
548.930 6.187
549.216 6.202
549.502 6.216
549.788 6.225
550.074 6.238
550.360 6.250
550.646 6.257
550.932 6.267
551.218 6.278
551.504 6.289
551.790 6.302
552.076 6.314
552.362 6.326
552.648 6.331
552.934 6.340
553.220 6.354
553.506 6.371
553.793 6.394
554.079 6.411
554.365 6.422
554.651 6.431
554.937 6.440
555.223 6.453
555.509 6.474
555.795 6.490
556.081 6.502
556.367 6.513
556.653 6.529
556.939 6.546
557.225 6.560
557.511 6.568
557.797 6.582
558.083 6.593
558.369 6.608
558.655 6.623
558.941 6.637
559.227 6.651
559.513 6.661
559.799 6.671
560.085 6.682
560.371 6.695
560.657 6.706
560.943 6.716
561.229 6.738
561.515 6.757
561.801 6.767
562.087 6.775
562.373 6.786
562.659 6.799
562.945 6.814
563.231 6.836
563.517 6.848
563.803 6.858
564.089 6.877
564.375 6.890
564.661 6.907
564.947 6.923
565.233 6.931
565.519 6.939
565.805 6.954
566.091 6.965
566.377 6.977
566.663 6.990
566.949 7.002
567.235 7.016
567.521 7.030
567.807 7.048
568.093 7.069
568.379 7.083
568.665 7.095
568.951 7.111
569.237 7.122
569.524 7.136
569.810 7.148
570.096 7.168
570.382 7.188
570.668 7.204
570.954 7.214
571.240 7.223
571.526 7.232
571.812 7.247
572.098 7.264
572.384 7.287
572.670 7.308
572.956 7.317
573.242 7.326
573.528 7.343
573.814 7.357
574.100 7.362
574.386 7.373
574.672 7.384
574.958 7.392
575.244 7.406
575.530 7.426
575.816 7.448
576.102 7.468
576.388 7.484
576.674 7.500
576.960 7.515
577.248 7.532
577.536 7.552
577.824 7.569
578.113 7.590
578.401 7.609
578.689 7.622
578.977 7.638
579.265 7.657
579.553 7.673
579.841 7.686
580.130 7.705
580.418 7.720
580.706 7.728
580.994 7.741
581.282 7.759
581.570 7.775
581.858 7.789
582.147 7.799
582.435 7.815
582.723 7.834
583.011 7.859
583.299 7.879
583.587 7.896
583.875 7.915
584.164 7.930
584.452 7.957
584.740 7.979
585.028 7.995
585.316 8.001
585.604 8.013
585.892 8.028
586.181 8.044
586.469 8.059
586.757 8.075
587.045 8.092
587.333 8.110
587.621 8.126
587.909 8.134
588.198 8.141
588.486 8.157
588.774 8.171
589.062 8.185
589.350 8.198
589.638 8.210
589.927 8.215
590.215 8.219
590.503 8.235
590.791 8.253
591.079 8.267
591.367 8.284
591.655 8.302
591.944 8.322
592.232 8.338
592.520 8.357
592.808 8.374
593.096 8.390
593.384 8.404
593.672 8.416
593.961 8.427
594.249 8.438
594.537 8.457
594.825 8.475
595.113 8.490
595.401 8.508
595.689 8.519
595.978 8.534
596.266 8.552
596.554 8.565
596.842 8.580
597.130 8.595
597.418 8.621
597.706 8.642
597.995 8.661
598.283 8.681
598.571 8.696
598.859 8.709
599.147 8.723
599.435 8.743
599.723 8.759
600.012 8.771
600.300 8.786
600.588 8.798
600.876 8.810
601.164 8.820
601.452 8.834
601.740 8.845
602.029 8.849
602.317 8.860
602.605 8.874
602.893 8.890
603.181 8.901
603.469 8.917
603.757 8.929
604.046 8.934
604.334 8.941
604.622 8.952
604.910 8.966
605.198 8.981
605.486 9.004
605.774 9.023
606.063 9.033
606.351 9.045
606.639 9.058
606.927 9.071
607.215 9.089
607.503 9.105
607.791 9.126
608.080 9.143
608.368 9.156
608.656 9.166
608.944 9.178
609.232 9.194
609.520 9.206
609.808 9.227
610.097 9.251
610.385 9.266
610.673 9.282
610.961 9.295
611.249 9.312
611.537 9.329
611.825 9.342
612.114 9.349
612.402 9.355
612.690 9.361
612.978 9.367
613.266 9.378
613.554 9.390
613.843 9.402
614.131 9.416
614.419 9.421
614.707 9.429
614.995 9.430
615.283 9.433
615.571 9.448
615.860 9.470
616.148 9.480
616.436 9.490
616.724 9.500
617.012 9.508
617.300 9.525
617.588 9.538
617.877 9.556
618.165 9.568
618.453 9.580
618.741 9.596
619.029 9.603
619.317 9.613
619.605 9.626
619.894 9.640
620.182 9.651
620.470 9.658
620.758 9.672
621.046 9.690
621.334 9.710
621.622 9.732
621.911 9.753
622.199 9.772
622.487 9.785
622.775 9.789
623.063 9.797
623.351 9.811
623.639 9.827
623.928 9.841
624.216 9.855
624.504 9.864
624.792 9.873
625.080 9.887
625.368 9.898
625.656 9.912
625.945 9.934
626.233 9.949
626.521 9.961
626.809 9.966
627.097 9.972
627.385 9.978
627.673 9.981
627.962 9.993
628.250 10.003
628.538 10.008
628.826 10.015
629.114 10.022
629.402 10.038
629.690 10.061
629.979 10.082
630.267 10.096
630.555 10.115
630.843 10.128
631.131 10.136
631.419 10.139
631.707 10.148
631.996 10.172
632.284 10.191
632.572 10.204
632.860 10.220
633.148 10.226
633.436 10.223
633.724 10.238
634.013 10.256
634.301 10.274
634.589 10.279
634.877 10.279
635.165 10.289
635.453 10.294
635.741 10.303
636.030 10.308
636.318 10.313
636.606 10.324
636.894 10.328
637.182 10.338
637.470 10.348
637.759 10.366
638.047 10.387
638.335 10.398
638.623 10.399
638.911 10.401
639.199 10.417
639.487 10.434
639.776 10.442
640.064 10.450
640.352 10.463
640.640 10.475
640.928 10.484
641.216 10.490
641.504 10.505
641.793 10.519
642.081 10.531
642.369 10.541
642.657 10.548
642.945 10.558
643.233 10.561
643.521 10.562
643.810 10.571
644.098 10.578
644.386 10.584
644.674 10.597
644.962 10.605
645.250 10.612
645.538 10.606
645.827 10.597
646.115 10.600
646.403 10.600
646.691 10.603
646.979 10.602
647.267 10.593
647.555 10.585
647.844 10.586
648.132 10.580
648.420 10.573
648.708 10.568
648.996 10.571
649.284 10.576
649.572 10.573
649.861 10.576
650.149 10.583
650.437 10.592
650.725 10.597
651.013 10.597
651.301 10.605
651.589 10.608
651.878 10.604
652.166 10.617
652.454 10.636
652.742 10.647
653.030 10.657
653.318 10.666
653.606 10.683
653.895 10.698
654.183 10.713
654.471 10.740
654.759 10.757
655.047 10.762
655.335 10.766
655.623 10.775
655.912 10.787
656.200 10.802
656.488 10.816
656.776 10.810
657.064 10.800
657.352 10.800
657.640 10.810
657.929 10.818
658.217 10.824
658.505 10.834
658.793 10.849
659.081 10.853
659.369 10.859
659.657 10.869
659.946 10.877
660.234 10.888
660.522 10.894
660.810 10.902
661.098 10.913
661.386 10.925
661.675 10.936
661.963 10.950
662.251 10.959
662.539 10.971
662.827 10.980
663.115 11.001
663.403 11.023
663.692 11.038
663.980 11.055
664.268 11.073
664.556 11.086
664.844 11.102
665.132 11.123
665.420 11.140
665.709 11.161
665.997 11.183
666.285 11.203
666.573 11.221
666.861 11.232
667.149 11.250
667.437 11.261
667.726 11.284
668.014 11.296
668.302 11.305
668.590 11.324
668.878 11.337
669.166 11.349
669.454 11.363
669.743 11.376
670.031 11.387
670.319 11.396
670.607 11.406
670.895 11.427
671.183 11.436
671.471 11.443
671.760 11.450
672.048 11.451
672.336 11.457
672.624 11.474
672.912 11.481
673.200 11.479
673.488 11.483
673.777 11.495
674.065 11.502
674.353 11.510
674.641 11.522
674.929 11.537
675.217 11.546
675.505 11.565
675.794 11.577
676.082 11.591
676.370 11.605
676.658 11.624
676.946 11.638
677.234 11.645
677.522 11.657
677.811 11.667
678.099 11.682
678.387 11.691
678.675 11.691
678.963 11.694
679.251 11.706
679.539 11.717
679.828 11.723
680.116 11.739
680.404 11.760
680.692 11.774
680.980 11.787
681.268 11.799
681.556 11.803
681.845 11.809
682.133 11.818
682.421 11.826
682.709 11.828
682.997 11.832
683.285 11.838
683.573 11.847
683.862 11.857
684.150 11.869
684.438 11.879
684.726 11.885
685.014 11.904
685.302 11.906
685.591 11.915
685.879 11.928
686.167 11.939
686.455 11.950
686.743 11.964
687.031 11.971
687.319 11.982
687.608 11.992
687.896 11.999
688.184 12.009
688.472 12.013
688.760 12.026
689.048 12.038
689.336 12.044
689.625 12.049
689.913 12.054
690.201 12.051
690.489 12.056
690.777 12.072
691.065 12.088
691.353 12.098
691.642 12.119
691.930 12.132
692.218 12.139
692.506 12.149
692.794 12.165
693.082 12.174
693.370 12.180
693.659 12.184
693.947 12.185
694.235 12.182
694.523 12.186
694.811 12.203
695.099 12.227
695.387 12.243
695.676 12.251
695.964 12.269
696.252 12.289
696.540 12.307
696.836 12.323
697.133 12.322
697.429 12.331
697.725 12.339
698.021 12.348
698.318 12.356
698.614 12.358
698.910 12.361
699.207 12.374
699.503 12.393
699.799 12.408
700.095 12.423
700.392 12.435
700.688 12.440
700.984 12.454
701.281 12.477
701.577 12.501
701.873 12.513
702.169 12.536
702.466 12.555
702.762 12.563
703.058 12.571
703.355 12.583
703.651 12.603
703.947 12.619
704.243 12.631
704.540 12.645
704.836 12.659
705.132 12.658
705.428 12.660
705.725 12.667
706.021 12.670
706.317 12.668
706.614 12.663
706.910 12.665
707.206 12.676
707.502 12.699
707.799 12.713
708.095 12.729
708.391 12.750
708.688 12.760
708.984 12.764
709.280 12.767
709.576 12.765
709.873 12.781
710.169 12.797
710.465 12.805
710.762 12.808
711.058 12.810
711.354 12.815
711.650 12.830
711.947 12.859
712.243 12.885
712.539 12.903
712.836 12.905
713.132 12.899
713.428 12.898
713.724 12.902
714.021 12.906
714.317 12.922
714.613 12.932
714.910 12.945
715.206 12.971
715.502 12.983
715.798 12.986
716.095 12.990
716.391 13.000
716.687 13.014
716.984 13.035
717.280 13.056
717.576 13.059
717.872 13.073
718.169 13.082
718.465 13.088
718.761 13.106
719.058 13.114
719.354 13.103
719.650 13.096
719.946 13.100
720.243 13.099
720.539 13.103
720.835 13.104
721.131 13.112
721.428 13.118
721.724 13.123
722.020 13.128
722.317 13.131
722.613 13.139
722.909 13.151
723.205 13.168
723.502 13.186
723.798 13.210
724.094 13.228
724.391 13.234
724.687 13.250
724.983 13.272
725.279 13.275
725.576 13.278
725.872 13.300
726.168 13.307
726.465 13.300
726.761 13.302
727.057 13.313
727.353 13.329
727.650 13.335
727.946 13.334
728.242 13.348
728.539 13.365
728.835 13.374
729.131 13.387
729.427 13.402
729.724 13.399
730.020 13.398
730.316 13.408
730.613 13.410
730.909 13.422
731.205 13.433
731.501 13.450
731.798 13.476
732.094 13.497
732.390 13.500
732.687 13.504
732.983 13.491
733.279 13.489
733.575 13.494
733.872 13.498
734.168 13.508
734.464 13.517
734.761 13.525
735.057 13.523
735.353 13.529
735.649 13.538
735.946 13.539
736.242 13.545
736.538 13.560
736.835 13.571
737.131 13.578
737.427 13.604
737.723 13.612
738.020 13.631
738.316 13.653
738.612 13.672
738.909 13.692
739.205 13.708
739.501 13.722
739.797 13.737
740.094 13.756
740.390 13.779
740.686 13.783
740.982 13.783
741.279 13.793
741.575 13.810
741.871 13.817
742.168 13.825
742.464 13.840
742.760 13.862
743.056 13.870
743.353 13.891
743.649 13.911
743.945 13.918
744.242 13.931
744.538 13.950
744.834 13.967
745.130 13.976
745.427 13.980
745.723 13.994
746.019 14.016
746.316 14.016
746.612 14.014
746.908 14.023
747.204 14.021
747.501 14.029
747.797 14.040
748.093 14.029
748.390 14.027
748.686 14.049
748.982 14.064
749.278 14.068
749.575 14.062
749.871 14.055
750.167 14.053
750.464 14.069
750.760 14.089
751.056 14.116
751.352 14.141
751.649 14.158
751.945 14.173
752.241 14.182
752.538 14.198
752.834 14.213
753.130 14.232
753.426 14.247
753.723 14.268
754.019 14.280
754.315 14.287
754.611 14.306
754.908 14.335
755.204 14.368
755.500 14.376
755.797 14.392
756.093 14.383
756.389 14.383
756.685 14.385
756.982 14.397
757.278 14.408
757.574 14.411
757.871 14.408
758.167 14.403
758.463 14.402
758.759 14.424
759.056 14.438
759.352 14.443
759.648 14.451
759.945 14.461
760.241 14.465
760.537 14.480
760.833 14.494
761.130 14.502
761.426 14.509
761.722 14.516
762.019 14.513
762.315 14.526
762.611 14.547
762.907 14.564
763.204 14.585
763.500 14.606
763.804 14.626
764.108 14.637
764.412 14.664
764.716 14.679
765.020 14.692
765.324 14.746
765.628 14.775
765.932 14.806
766.236 14.835
766.540 14.844
766.844 14.844
767.148 14.855
767.452 14.871
767.756 14.900
768.060 14.914
768.364 14.914
768.668 14.915
768.972 14.923
769.276 14.922
769.580 14.917
769.884 14.934
770.188 14.956
770.492 14.961
770.796 14.962
771.100 14.979
771.404 15.000
771.708 15.009
772.012 15.013
772.316 15.031
772.620 15.052
772.924 15.055
773.228 15.048
773.532 15.042
773.836 15.067
774.140 15.089
774.444 15.127
774.748 15.153
775.052 15.176
775.356 15.196
775.659 15.217
775.963 15.259
776.267 15.283
776.571 15.295
776.875 15.312
777.179 15.333
777.483 15.366
777.787 15.393
778.091 15.399
778.395 15.415
778.699 15.440
779.003 15.458
779.307 15.465
779.611 15.479
779.915 15.498
780.219 15.507
780.523 15.536
780.827 15.569
781.131 15.573
781.435 15.602
781.739 15.613
782.043 15.630
782.347 15.654
782.651 15.667
782.955 15.687
783.259 15.702
783.563 15.720
783.867 15.714
784.171 15.722
784.475 15.720
784.779 15.725
785.083 15.725
785.387 15.726
785.691 15.728
785.995 15.738
786.299 15.740
786.603 15.745
786.907 15.770
787.211 15.799
787.515 15.818
787.819 15.844
788.123 15.854
788.427 15.849
788.731 15.841
789.035 15.856
789.339 15.891
789.643 15.902
789.947 15.901
790.251 15.905
790.555 15.930
790.859 15.955
791.163 15.976
791.467 16.004
791.771 16.015
792.075 16.024
792.379 16.034
792.683 16.051
792.987 16.073
793.291 16.082
793.595 16.096
793.899 16.113
794.203 16.118
794.507 16.115
794.811 16.123
795.115 16.141
795.419 16.150
795.723 16.149
796.027 16.126
796.331 16.132
796.635 16.172
796.939 16.176
797.243 16.176
797.547 16.190
797.851 16.214
798.155 16.225
798.459 16.221
798.763 16.229
799.067 16.227
799.371 16.197
799.674 16.207
799.978 16.212
800.282 16.239
800.586 16.247
800.890 16.241
801.194 16.260
801.498 16.272
801.802 16.300
802.106 16.317
802.410 16.328
802.714 16.339
803.018 16.352
803.322 16.356
803.626 16.379
803.930 16.427
804.234 16.464
804.538 16.487
804.842 16.521
805.146 16.549
805.450 16.570
805.754 16.584
806.058 16.601
806.362 16.628
806.666 16.642
806.970 16.667
807.274 16.697
807.578 16.723
807.882 16.712
808.186 16.705
808.490 16.720
808.794 16.745
809.098 16.751
809.402 16.757
809.706 16.769
810.010 16.770
810.314 16.797
810.618 16.826
810.922 16.828
811.226 16.821
811.530 16.806
811.834 16.803
812.137 16.791
812.441 16.807
812.744 16.833
813.048 16.825
813.351 16.830
813.655 16.832
813.958 16.833
814.262 16.832
814.565 16.837
814.869 16.843
815.172 16.832
815.476 16.837
815.779 16.863
816.083 16.884
816.386 16.874
816.690 16.892
816.993 16.936
817.297 16.967
817.600 17.020
817.904 17.063
818.208 17.084
818.511 17.097
818.815 17.092
819.118 17.106
819.422 17.124
819.725 17.118
820.029 17.109
820.332 17.117
820.636 17.155
820.939 17.198
821.243 17.209
821.546 17.241
821.850 17.293
822.153 17.344
822.457 17.351
822.760 17.345
823.064 17.354
823.367 17.354
823.671 17.349
823.974 17.352
824.278 17.346
824.582 17.348
824.885 17.352
825.189 17.378
825.492 17.403
825.796 17.412
826.099 17.415
826.403 17.433
826.706 17.473
827.010 17.514
827.313 17.540
827.617 17.548
827.920 17.535
828.224 17.531
828.527 17.538
828.831 17.531
829.134 17.539
829.438 17.567
829.741 17.598
830.045 17.624
830.348 17.616
830.652 17.633
830.956 17.643
831.259 17.653
831.563 17.675
831.866 17.690
832.170 17.727
832.473 17.748
832.777 17.767
833.080 17.781
833.384 17.804
833.687 17.832
833.991 17.850
834.294 17.823
834.598 17.790
834.901 17.812
835.205 17.838
835.508 17.818
835.812 17.815
836.115 17.824
836.419 17.856
836.722 17.858
837.026 17.854
837.330 17.867
837.633 17.877
837.937 17.890
838.240 17.910
838.544 17.930
838.847 17.942
839.151 17.946
839.454 17.949
839.758 17.970
840.061 17.996
840.365 18.031
840.668 18.041
840.972 18.060
841.275 18.104
841.579 18.155
841.882 18.193
842.186 18.238
842.489 18.252
842.793 18.300
843.097 18.332
843.400 18.349
843.704 18.360
844.007 18.372
844.311 18.415
844.614 18.429
844.918 18.454
845.221 18.489
845.525 18.483
845.828 18.458
846.132 18.477
846.435 18.547
846.739 18.580
847.042 18.623
847.346 18.692
847.649 18.730
847.953 18.748
848.256 18.779
848.560 18.799
848.863 18.842
849.167 18.877
849.471 18.909
849.774 18.918
850.078 18.947
850.381 18.969
850.685 19.011
850.988 19.095
851.292 19.107
851.595 19.142
851.899 19.151
852.202 19.143
852.506 19.191
852.809 19.264
853.113 19.306
853.416 19.279
853.720 19.258
854.023 19.305
854.327 19.337
854.630 19.345
854.934 19.348
855.237 19.345
855.541 19.350
855.845 19.378
856.148 19.365
856.452 19.342
856.755 19.332
857.059 19.342
857.362 19.377
857.666 19.409
857.969 19.398
858.273 19.363
858.576 19.354
858.880 19.347
859.183 19.316
859.487 19.299
859.790 19.281
860.094 19.247
860.397 19.243
860.701 19.235
861.004 19.241
861.308 19.194
861.611 19.164
861.915 19.161
862.219 19.152
862.522 19.141
862.826 19.115
863.129 19.128
863.433 19.111
863.736 19.055
864.040 19.052
864.343 19.074
864.647 19.057
864.950 19.035
865.254 19.054
865.557 19.008
865.861 18.965
866.164 18.957
866.468 18.928
866.771 18.882
867.075 18.880
867.378 18.851
867.682 18.823
867.985 18.790
868.289 18.788
868.593 18.768
868.896 18.771
869.200 18.743
869.503 18.698
869.807 18.728
870.110 18.725
870.414 18.730
870.717 18.729
871.021 18.691
871.324 18.655
871.628 18.653
871.931 18.710
872.235 18.731
872.538 18.693
872.842 18.682
873.145 18.635
873.449 18.596
873.752 18.629
874.056 18.671
874.359 18.646
874.663 18.674
874.967 18.711
875.270 18.729
875.574 18.726
875.877 18.690
876.181 18.646
876.484 18.629
876.788 18.664
877.091 18.644
877.395 18.595
877.698 18.576
878.002 18.555
878.305 18.542
878.609 18.535
878.912 18.526
879.216 18.517
879.519 18.515
879.823 18.528
880.126 18.550
880.430 18.551
880.733 18.569
881.037 18.575
881.341 18.579
881.644 18.568
881.948 18.584
882.251 18.640
882.555 18.649
882.858 18.638
883.162 18.675
883.465 18.704
883.769 18.702
884.072 18.729
884.376 18.758
884.679 18.789
884.983 18.802
885.286 18.840
885.590 18.861
885.893 18.913
886.197 18.958
886.500 18.990
886.804 18.998
887.107 19.017
887.411 19.046
887.715 19.096
888.018 19.112
888.322 19.108
888.625 19.149
888.929 19.149
889.232 19.135
889.536 19.126
889.839 19.134
890.143 19.137
890.446 19.106
890.750 19.085
891.053 19.096
891.357 19.103
891.660 19.159
891.964 19.209
892.267 19.212
892.571 19.190
892.874 19.205
893.178 19.214
893.482 19.216
893.785 19.227
894.089 19.265
894.392 19.338
894.696 19.392
894.999 19.428
895.303 19.465
895.606 19.498
895.910 19.529
896.213 19.576
896.517 19.629
896.820 19.664
897.124 19.687
897.427 19.717
897.731 19.765
898.034 19.834
898.338 19.880
898.641 19.893
898.945 19.949
899.248 19.993
899.552 20.039
899.856 20.089
900.159 20.152
900.463 20.232
900.766 20.245
901.070 20.286
901.373 20.344
901.677 20.372
901.980 20.365
902.284 20.376
902.587 20.406
902.891 20.393
903.194 20.360
903.498 20.377
903.801 20.383
904.105 20.391
904.408 20.408
904.712 20.398
905.015 20.373
905.319 20.368
905.622 20.392
905.926 20.373
906.230 20.307
906.533 20.256
906.837 20.256
907.140 20.281
907.444 20.319
907.747 20.359
908.051 20.393
908.354 20.413
908.658 20.474
908.961 20.527
909.265 20.530
909.568 20.553
909.872 20.589
910.175 20.598
910.479 20.581
910.782 20.570
911.086 20.572
911.389 20.580
911.693 20.614
911.996 20.637
912.300 20.686
912.613 20.715
912.926 20.681
913.238 20.672
913.551 20.715
913.864 20.764
914.176 20.811
914.489 20.830
914.802 20.838
915.115 20.858
915.427 20.843
915.740 20.871
916.053 20.912
916.366 20.920
916.678 20.926
916.991 20.973
917.304 21.030
917.617 21.049
917.929 21.099
918.242 21.134
918.555 21.150
918.868 21.150
919.180 21.143
919.493 21.182
919.806 21.186
920.119 21.168
920.431 21.139
920.744 21.170
921.057 21.207
921.370 21.259
921.682 21.349
921.995 21.380
922.308 21.394
922.621 21.477
922.933 21.585
923.246 21.603
923.559 21.609
923.872 21.671
924.184 21.746
924.497 21.795
924.810 21.874
925.123 22.004
925.435 22.126
925.748 22.214
926.061 22.311
926.374 22.365
926.686 22.439
926.999 22.568
927.312 22.745
927.625 22.870
927.937 22.890
928.250 22.994
928.563 23.100
928.876 23.152
929.188 23.228
929.501 23.345
929.814 23.491
930.127 23.558
930.439 23.660
930.752 23.725
931.065 23.755
931.378 23.838
931.690 23.951
932.003 24.019
932.316 24.087
932.629 24.135
932.941 24.174
933.254 24.273
933.567 24.338
933.880 24.419
934.192 24.598
934.505 24.754
934.818 24.853
935.131 24.969
935.443 25.162
935.756 25.295
936.069 25.422
936.382 25.515
936.694 25.677
937.007 25.790
937.320 25.803
937.633 25.847
937.945 25.917
938.258 25.939
938.571 25.991
938.884 26.134
939.196 26.284
939.509 26.391
939.822 26.411
940.135 26.484
940.447 26.595
940.760 26.669
941.073 26.736
941.386 26.844
941.698 26.930
942.011 27.051
942.324 27.218
942.637 27.295
942.949 27.350
943.262 27.462
943.575 27.577
943.888 27.646
944.200 27.715
944.513 27.810
944.826 27.882
945.139 27.923
945.451 27.920
945.764 27.938
946.077 27.973
946.390 28.000
946.702 28.009
947.015 28.010
947.328 27.984
947.641 28.003
947.953 28.061
948.266 28.094
948.579 28.133
948.892 28.127
949.204 28.155
949.517 28.179
949.830 28.230
950.143 28.351
950.455 28.421
950.768 28.428
951.081 28.475
951.394 28.542
951.706 28.603
952.019 28.577
952.332 28.548
952.645 28.518
952.957 28.469
953.270 28.430
953.583 28.467
953.896 28.504
954.208 28.434
954.521 28.356
954.834 28.361
955.147 28.301
955.459 28.285
955.772 28.183
956.085 28.106
956.398 28.163
956.710 28.171
957.023 28.167
957.336 28.254
957.649 28.265
957.961 28.279
958.274 28.337
958.587 28.310
958.900 28.345
959.212 28.294
959.525 28.130
959.838 28.073
960.151 28.136
960.463 28.136
960.776 28.072
961.089 27.926
961.402 27.838
961.714 27.871
962.027 27.871
962.340 27.849
962.653 27.856
962.965 27.931
963.278 27.949
963.591 27.911
963.904 27.868
964.216 27.785
964.529 27.807
964.842 27.809
965.154 27.780
965.467 27.739
965.780 27.708
966.094 27.771
966.409 27.904
966.723 27.950
967.037 27.934
967.352 27.947
967.666 27.982
967.980 28.065
968.295 28.121
968.609 28.110
968.923 28.066
969.238 28.015
969.552 27.943
969.866 28.013
970.181 28.072
970.495 28.042
970.809 28.020
971.124 28.052
971.438 28.036
971.752 28.222
972.067 28.352
972.381 28.248
972.695 28.167
973.010 28.207
973.324 28.266
973.638 28.238
973.953 28.229
974.267 28.337
974.581 28.379
974.896 28.414
975.210 28.529
975.524 28.554
975.839 28.602
976.153 28.751
976.467 28.818
976.781 28.863
977.096 28.876
977.410 28.866
977.724 29.045
978.039 29.164
978.353 29.309
978.667 29.570
978.982 29.725
979.296 29.772
979.610 29.861
979.925 29.877
980.239 29.927
980.553 29.919
980.868 30.002
981.182 30.106
981.496 30.188
981.811 30.123
982.125 30.119
982.439 30.170
982.754 30.252
983.068 30.314
983.382 30.389
983.697 30.484
984.011 30.555
984.325 30.533
984.640 30.519
984.954 30.579
985.268 30.635
985.583 30.582
985.897 30.625
986.211 30.801
986.526 30.887
986.840 30.959
987.154 31.036
987.469 31.125
987.783 31.184
988.097 31.273
988.412 31.294
988.726 31.286
989.040 31.209
989.355 31.187
989.669 31.246
989.983 31.333
990.298 31.407
990.612 31.597
990.926 31.614
991.241 31.679
991.555 31.908
991.869 32.016
992.184 32.031
992.498 32.099
992.812 32.221
993.127 32.365
993.441 32.388
993.755 32.438
994.070 32.505
994.384 32.556
994.698 32.618
995.013 32.766
995.327 32.834
995.641 32.810
995.956 32.918
996.270 32.946
996.584 32.940
996.899 32.908
997.213 32.968
997.527 32.946
997.841 32.825
998.156 32.789
998.470 32.737
998.784 32.784
999.099 33.052
999.413 33.138
999.727 33.263
