200.182 87.411
200.437 86.688
200.691 86.052
200.946 85.325
201.201 84.487
201.455 83.772
201.710 82.991
201.964 82.154
202.219 81.376
202.474 80.655
202.728 79.977
202.983 79.270
203.237 78.556
203.492 77.684
203.747 76.674
204.001 75.761
204.256 74.812
204.510 73.763
204.765 72.893
205.020 72.185
205.274 71.324
205.529 70.325
205.783 69.466
206.038 68.422
206.293 67.222
206.547 66.018
206.802 64.759
207.057 63.758
207.311 62.817
207.566 61.965
207.820 60.943
208.075 59.959
208.330 59.012
208.584 58.083
208.839 57.231
209.093 56.409
209.348 55.508
209.603 54.550
209.857 53.557
210.112 52.622
210.366 51.503
210.621 50.425
210.876 49.585
211.130 48.865
211.385 48.213
211.639 47.442
211.894 46.536
212.149 45.776
212.403 45.069
212.658 44.325
212.913 43.520
213.167 42.792
213.422 42.174
213.676 41.506
213.931 40.866
214.186 40.074
214.440 39.369
214.695 38.784
214.949 38.201
215.204 37.625
215.459 37.018
215.713 36.412
215.968 35.829
216.222 35.147
216.477 34.506
216.732 33.983
216.986 33.449
217.241 32.858
217.495 32.351
217.750 31.812
218.005 31.380
218.259 30.996
218.514 30.479
218.769 29.916
219.023 29.422
219.278 29.011
219.532 28.520
219.787 28.096
220.042 27.705
220.296 27.297
220.551 26.858
220.805 26.504
221.060 26.086
221.315 25.616
221.569 25.181
221.824 24.781
222.078 24.490
222.333 24.153
222.588 23.815
222.842 23.451
223.097 23.043
223.351 22.680
223.606 22.245
223.861 21.777
224.115 21.366
224.370 20.965
224.625 20.546
224.879 20.181
225.134 19.783
225.388 19.463
225.643 19.165
225.898 18.870
226.152 18.518
226.407 18.170
226.661 17.809
226.916 17.474
227.171 17.148
227.425 16.834
227.680 16.550
227.934 16.290
228.189 15.977
228.444 15.692
228.698 15.430
228.953 15.171
229.208 14.919
229.462 14.640
229.717 14.405
229.971 14.178
230.226 13.959
230.481 13.709
230.735 13.484
230.990 13.291
231.244 13.123
231.499 12.928
231.754 12.748
232.008 12.578
232.263 12.449
232.517 12.295
232.772 12.139
233.027 11.953
233.281 11.759
233.536 11.577
233.790 11.389
234.045 11.249
234.300 11.125
234.554 11.001
234.809 10.874
235.064 10.763
235.318 10.662
235.573 10.564
235.827 10.452
236.082 10.333
236.337 10.241
236.591 10.160
236.846 10.063
237.100 9.962
237.355 9.899
237.610 9.839
237.864 9.748
238.119 9.688
238.373 9.614
238.628 9.534
238.883 9.468
239.137 9.399
239.392 9.349
239.646 9.314
239.901 9.273
240.156 9.222
240.410 9.196
240.665 9.163
240.920 9.123
241.174 9.087
241.429 9.050
241.683 9.019
241.938 8.982
242.193 8.952
242.447 8.917
242.702 8.888
242.956 8.864
243.211 8.835
243.466 8.803
243.720 8.784
243.975 8.766
244.229 8.745
244.484 8.717
244.739 8.697
244.993 8.688
245.248 8.674
245.503 8.657
245.757 8.645
246.012 8.632
246.266 8.617
246.521 8.604
246.776 8.596
247.030 8.579
247.285 8.555
247.539 8.531
247.794 8.516
248.049 8.494
248.303 8.477
248.558 8.473
248.812 8.462
249.067 8.434
249.322 8.420
249.576 8.410
249.831 8.398
250.085 8.374
250.340 8.358
250.595 8.348
250.849 8.345
251.104 8.335
251.359 8.320
251.613 8.308
251.868 8.300
252.122 8.286
252.377 8.277
252.632 8.274
252.886 8.253
253.141 8.224
253.395 8.207
253.650 8.200
253.905 8.193
254.161 8.181
254.416 8.164
254.672 8.160
254.927 8.157
255.183 8.138
255.438 8.118
255.694 8.107
255.949 8.102
256.205 8.092
256.460 8.075
256.715 8.058
256.971 8.053
257.226 8.043
257.482 8.039
257.737 8.031
257.993 8.017
258.248 8.008
258.504 7.994
258.759 7.976
259.014 7.969
259.270 7.954
259.525 7.935
259.781 7.929
260.036 7.935
260.292 7.935
260.547 7.924
260.803 7.917
261.058 7.914
261.314 7.903
261.569 7.893
261.824 7.887
262.080 7.881
262.335 7.874
262.591 7.873
262.846 7.871
263.102 7.855
263.357 7.836
263.613 7.830
263.868 7.828
264.123 7.819
264.379 7.805
264.634 7.799
264.890 7.785
265.145 7.776
265.401 7.758
265.656 7.748
265.912 7.737
266.167 7.713
266.423 7.693
266.678 7.687
266.933 7.680
267.189 7.668
267.444 7.655
267.700 7.640
267.955 7.622
268.211 7.598
268.466 7.586
268.722 7.586
268.977 7.589
269.232 7.581
269.488 7.564
269.743 7.554
269.999 7.549
270.254 7.539
270.510 7.519
270.765 7.509
271.021 7.507
271.276 7.507
271.532 7.501
271.787 7.488
272.042 7.478
272.298 7.466
272.553 7.448
272.809 7.432
273.064 7.420
273.320 7.416
273.575 7.413
273.831 7.398
274.086 7.384
274.342 7.375
274.597 7.354
274.852 7.344
275.108 7.343
275.363 7.333
275.619 7.309
275.874 7.285
276.130 7.267
276.385 7.248
276.641 7.236
276.896 7.227
277.151 7.216
277.407 7.199
277.662 7.178
277.918 7.153
278.173 7.132
278.429 7.116
278.684 7.109
278.940 7.106
279.195 7.096
279.451 7.088
279.706 7.070
279.961 7.056
280.217 7.039
280.472 7.025
280.728 7.015
280.983 7.009
281.239 7.000
281.494 6.986
281.750 6.985
282.005 6.978
282.260 6.965
282.516 6.949
282.771 6.932
283.027 6.920
283.282 6.913
283.538 6.899
283.793 6.889
284.049 6.880
284.304 6.861
284.560 6.842
284.815 6.827
285.070 6.816
285.326 6.810
285.581 6.798
285.837 6.777
286.092 6.766
286.348 6.755
286.603 6.744
286.859 6.723
287.114 6.710
287.369 6.699
287.625 6.686
287.880 6.677
288.136 6.674
288.391 6.670
288.647 6.663
288.902 6.644
289.158 6.627
289.413 6.621
289.669 6.616
289.924 6.611
290.179 6.611
290.435 6.608
290.690 6.596
290.946 6.582
291.201 6.577
291.457 6.571
291.712 6.561
291.968 6.557
292.223 6.544
292.479 6.532
292.734 6.523
292.989 6.521
293.245 6.520
293.500 6.516
293.756 6.511
294.011 6.504
294.267 6.493
294.522 6.479
294.778 6.467
295.033 6.450
295.288 6.442
295.544 6.434
295.799 6.426
296.055 6.420
296.310 6.413
296.566 6.407
296.821 6.405
297.077 6.399
297.332 6.384
297.588 6.366
297.843 6.348
298.098 6.337
298.354 6.328
298.609 6.317
298.865 6.308
299.120 6.303
299.376 6.295
299.631 6.281
299.887 6.277
300.142 6.276
300.397 6.269
300.653 6.260
300.908 6.248
301.164 6.240
301.419 6.239
301.675 6.234
301.930 6.225
302.186 6.215
302.441 6.210
302.697 6.193
302.952 6.181
303.207 6.175
303.463 6.170
303.718 6.156
303.974 6.141
304.229 6.136
304.485 6.130
304.740 6.125
304.996 6.117
305.251 6.112
305.506 6.106
305.762 6.096
306.017 6.085
306.273 6.083
306.528 6.081
306.784 6.081
307.039 6.083
307.295 6.077
307.550 6.068
307.806 6.073
308.061 6.072
308.316 6.062
308.572 6.051
308.827 6.043
309.083 6.039
309.338 6.031
309.594 6.019
309.849 6.018
310.105 6.020
310.360 6.016
310.615 6.015
310.871 6.010
311.126 6.003
311.382 6.007
311.637 6.007
311.893 6.000
312.148 5.990
312.404 5.978
312.659 5.971
312.915 5.969
313.170 5.967
313.429 5.967
313.688 5.970
313.947 5.978
314.206 5.978
314.465 5.971
314.724 5.967
314.983 5.968
315.242 5.968
315.501 5.961
315.760 5.960
316.019 5.966
316.278 5.970
316.536 5.971
316.795 5.971
317.054 5.973
317.313 5.973
317.572 5.978
317.831 5.987
318.090 5.993
318.349 6.000
318.608 6.004
318.867 6.003
319.126 5.999
319.385 6.003
319.644 6.011
319.903 6.009
320.162 6.009
320.421 6.006
320.680 5.999
320.939 5.994
321.198 5.982
321.457 5.976
321.716 5.976
321.975 5.968
322.234 5.965
322.493 5.964
322.752 5.959
323.010 5.959
323.269 5.957
323.528 5.945
323.787 5.938
324.046 5.939
324.305 5.941
324.564 5.944
324.823 5.939
325.082 5.943
325.341 5.955
325.600 5.965
325.859 5.974
326.118 5.989
326.377 5.995
326.636 5.991
326.895 5.996
327.154 5.991
327.413 5.986
327.672 5.987
327.931 5.995
328.190 6.001
328.449 6.007
328.708 6.009
328.967 6.011
329.226 6.019
329.485 6.023
329.743 6.019
330.002 6.020
330.261 6.024
330.520 6.025
330.779 6.020
331.038 6.021
331.297 6.028
331.556 6.028
331.815 6.029
332.074 6.021
332.333 6.024
332.592 6.030
332.851 6.036
333.110 6.039
333.369 6.034
333.628 6.026
333.887 6.017
334.146 6.014
334.405 6.013
334.664 6.013
334.923 6.026
335.182 6.037
335.441 6.032
335.700 6.030
335.959 6.036
336.217 6.046
336.476 6.062
336.735 6.074
336.994 6.088
337.253 6.110
337.512 6.128
337.771 6.139
338.030 6.141
338.289 6.144
338.548 6.152
338.807 6.166
339.066 6.184
339.325 6.190
339.584 6.197
339.843 6.208
340.102 6.222
340.361 6.234
340.620 6.248
340.879 6.256
341.138 6.254
341.397 6.241
341.656 6.234
341.915 6.235
342.174 6.232
342.433 6.248
342.691 6.269
342.950 6.286
343.209 6.299
343.468 6.310
343.727 6.313
343.986 6.319
344.245 6.330
344.504 6.344
344.763 6.357
345.022 6.362
345.281 6.367
345.540 6.372
345.799 6.377
346.058 6.381
346.317 6.389
346.576 6.401
346.835 6.414
347.094 6.427
347.353 6.448
347.612 6.458
347.871 6.476
348.130 6.489
348.389 6.491
348.648 6.492
348.907 6.498
349.166 6.521
349.424 6.535
349.683 6.551
349.942 6.573
350.201 6.593
350.460 6.610
350.719 6.609
350.978 6.607
351.237 6.622
351.496 6.637
351.755 6.636
352.014 6.636
352.273 6.633
352.532 6.629
352.791 6.631
353.050 6.647
353.309 6.662
353.568 6.661
353.827 6.661
354.086 6.669
354.345 6.670
354.604 6.669
354.863 6.663
355.122 6.680
355.381 6.696
355.640 6.703
355.898 6.704
356.157 6.705
356.416 6.716
356.675 6.727
356.934 6.735
357.193 6.754
357.452 6.781
357.711 6.788
357.970 6.805
358.229 6.822
358.488 6.820
358.747 6.817
359.006 6.817
359.265 6.838
359.524 6.869
359.783 6.890
360.042 6.899
360.301 6.902
360.560 6.915
360.819 6.928
361.078 6.928
361.337 6.932
361.596 6.954
361.855 6.983
362.114 7.003
362.372 7.020
362.631 7.039
362.890 7.054
363.149 7.048
363.408 7.056
363.667 7.068
363.926 7.076
364.185 7.091
364.444 7.102
364.703 7.108
364.962 7.103
365.221 7.116
365.480 7.134
365.745 7.137
366.009 7.146
366.274 7.168
366.539 7.181
366.804 7.197
367.068 7.215
367.333 7.221
367.598 7.235
367.863 7.248
368.127 7.261
368.392 7.285
368.657 7.304
368.921 7.293
369.186 7.286
369.451 7.300
369.716 7.316
369.980 7.324
370.245 7.338
370.510 7.353
370.775 7.364
371.039 7.368
371.304 7.370
371.569 7.368
371.834 7.376
372.098 7.388
372.363 7.399
372.628 7.406
372.892 7.419
373.157 7.419
373.422 7.409
373.687 7.417
373.951 7.428
374.216 7.422
374.481 7.419
374.746 7.425
375.010 7.435
375.275 7.429
375.540 7.422
375.804 7.418
376.069 7.415
376.334 7.419
376.599 7.417
376.863 7.419
377.128 7.428
377.393 7.438
377.658 7.442
377.922 7.432
378.187 7.437
378.452 7.443
378.716 7.437
378.981 7.433
379.246 7.434
379.511 7.432
379.775 7.439
380.040 7.447
380.305 7.444
380.570 7.444
380.834 7.454
381.099 7.465
381.364 7.468
381.629 7.461
381.893 7.462
382.158 7.463
382.423 7.452
382.687 7.447
382.952 7.443
383.217 7.437
383.482 7.439
383.746 7.437
384.011 7.440
384.276 7.452
384.541 7.444
384.805 7.428
385.070 7.424
385.335 7.421
385.599 7.424
385.864 7.429
386.129 7.435
386.394 7.438
386.658 7.434
386.923 7.435
387.188 7.426
387.453 7.416
387.717 7.421
387.982 7.416
388.247 7.409
388.511 7.396
388.776 7.390
389.041 7.391
389.306 7.394
389.570 7.386
389.835 7.372
390.100 7.365
390.365 7.375
390.629 7.385
390.894 7.385
391.159 7.381
391.424 7.374
391.688 7.357
391.953 7.350
392.218 7.360
392.482 7.368
392.747 7.369
393.012 7.368
393.277 7.379
393.541 7.390
393.806 7.388
394.071 7.394
394.336 7.390
394.600 7.382
394.865 7.377
395.130 7.370
395.394 7.371
395.659 7.378
395.924 7.375
396.189 7.367
396.453 7.364
396.718 7.365
396.983 7.357
397.248 7.355
397.512 7.355
397.777 7.349
398.042 7.335
398.306 7.324
398.571 7.319
398.836 7.321
399.101 7.320
399.365 7.319
399.630 7.330
399.895 7.338
400.160 7.333
400.424 7.317
400.689 7.316
400.954 7.330
401.219 7.342
401.483 7.346
401.748 7.343
402.013 7.343
402.277 7.340
402.542 7.339
402.807 7.344
403.072 7.352
403.336 7.358
403.601 7.370
403.866 7.375
404.131 7.377
404.395 7.389
404.660 7.406
404.929 7.407
405.198 7.400
405.466 7.405
405.735 7.415
406.004 7.432
406.273 7.443
406.542 7.436
406.810 7.429
407.079 7.432
407.348 7.441
407.617 7.445
407.886 7.451
408.154 7.451
408.423 7.449
408.692 7.453
408.961 7.457
409.229 7.457
409.498 7.465
409.767 7.465
410.036 7.462
410.305 7.458
410.573 7.461
410.842 7.465
411.111 7.472
411.380 7.478
411.649 7.474
411.917 7.463
412.186 7.458
412.455 7.456
412.724 7.456
412.993 7.455
413.261 7.459
413.530 7.458
413.799 7.458
414.068 7.470
414.337 7.484
414.605 7.496
414.874 7.500
415.143 7.498
415.412 7.501
415.681 7.498
415.949 7.483
416.218 7.482
416.487 7.485
416.756 7.492
417.024 7.501
417.293 7.495
417.562 7.493
417.831 7.500
418.100 7.507
418.368 7.511
418.637 7.511
418.906 7.508
419.175 7.510
419.444 7.510
419.712 7.517
419.981 7.519
420.250 7.524
420.519 7.525
420.788 7.510
421.056 7.490
421.325 7.485
421.594 7.484
421.863 7.473
422.132 7.464
422.400 7.452
422.669 7.439
422.938 7.434
423.207 7.434
423.476 7.427
423.744 7.422
424.013 7.428
424.282 7.430
424.551 7.429
424.819 7.422
425.088 7.408
425.357 7.405
425.626 7.406
425.895 7.399
426.163 7.392
426.432 7.394
426.701 7.392
426.970 7.380
427.239 7.373
427.507 7.363
427.776 7.359
428.045 7.363
428.314 7.366
428.583 7.371
428.851 7.375
429.120 7.372
429.389 7.371
429.658 7.372
429.927 7.370
430.195 7.362
430.464 7.355
430.733 7.355
431.002 7.350
431.271 7.346
431.539 7.340
431.808 7.336
432.077 7.340
432.346 7.345
432.614 7.348
432.883 7.349
433.152 7.358
433.421 7.360
433.690 7.359
433.958 7.360
434.227 7.355
434.496 7.351
434.765 7.349
435.034 7.351
435.302 7.350
435.571 7.342
435.840 7.334
436.116 7.328
436.393 7.331
436.669 7.336
436.945 7.343
437.221 7.358
437.498 7.373
437.774 7.389
438.050 7.404
438.326 7.415
438.603 7.425
438.879 7.434
439.155 7.439
439.431 7.448
439.708 7.456
439.984 7.470
440.260 7.479
440.537 7.481
440.813 7.490
441.089 7.505
441.365 7.520
441.642 7.523
441.918 7.530
442.194 7.540
442.470 7.539
442.747 7.540
443.023 7.542
443.299 7.548
443.575 7.565
443.852 7.577
444.128 7.592
444.404 7.611
444.680 7.622
444.957 7.634
445.233 7.644
445.509 7.658
445.786 7.677
446.062 7.691
446.338 7.703
446.614 7.720
446.891 7.743
447.167 7.757
447.443 7.780
447.719 7.804
447.996 7.825
448.272 7.852
448.548 7.879
448.824 7.895
449.101 7.921
449.377 7.953
449.653 7.983
449.930 8.008
450.206 8.031
450.482 8.073
450.758 8.106
451.035 8.137
451.311 8.173
451.587 8.203
451.863 8.245
452.140 8.300
452.416 8.353
452.692 8.415
452.968 8.473
453.245 8.524
453.521 8.581
453.797 8.647
454.074 8.706
454.350 8.772
454.626 8.843
454.902 8.923
455.179 9.010
455.455 9.098
455.731 9.186
456.007 9.280
456.284 9.378
456.560 9.479
456.836 9.583
457.112 9.691
457.389 9.809
457.665 9.934
457.941 10.054
458.218 10.180
458.494 10.322
458.770 10.467
459.046 10.611
459.323 10.767
459.599 10.931
459.875 11.103
460.151 11.276
460.428 11.450
460.704 11.629
460.980 11.817
461.256 12.010
461.533 12.219
461.809 12.433
462.085 12.648
462.361 12.867
462.638 13.092
462.914 13.328
463.190 13.567
463.467 13.808
463.743 14.048
464.019 14.299
464.295 14.554
464.572 14.825
464.848 15.108
465.124 15.399
465.400 15.690
465.677 15.982
465.953 16.274
466.229 16.570
466.505 16.875
466.782 17.183
467.058 17.501
467.334 17.825
467.611 18.160
467.887 18.508
468.163 18.852
468.439 19.201
468.716 19.550
468.992 19.899
469.268 20.260
469.544 20.617
469.821 20.983
470.097 21.354
470.373 21.722
470.649 22.094
470.926 22.475
471.202 22.852
471.478 23.235
471.755 23.622
472.031 24.019
472.307 24.415
472.583 24.812
472.860 25.218
473.136 25.628
473.412 26.043
473.688 26.454
473.965 26.872
474.241 27.282
474.517 27.693
474.793 28.112
475.070 28.538
475.346 28.965
475.622 29.384
475.899 29.810
476.175 30.243
476.451 30.669
476.727 31.089
477.004 31.517
477.280 31.943
477.556 32.379
477.832 32.820
478.109 33.258
478.385 33.683
478.661 34.105
478.937 34.533
479.214 34.963
479.490 35.388
479.766 35.824
480.043 36.266
480.319 36.707
480.595 37.149
480.871 37.598
481.148 38.045
481.424 38.482
481.700 38.906
481.976 39.339
482.253 39.778
482.529 40.225
482.805 40.671
483.081 41.119
483.358 41.567
483.634 42.020
483.910 42.466
484.186 42.910
484.463 43.359
484.739 43.799
485.015 44.244
485.292 44.691
485.568 45.134
485.844 45.567
486.120 46.002
486.397 46.439
486.673 46.876
486.949 47.320
487.225 47.776
487.502 48.213
487.778 48.653
488.054 49.107
488.330 49.552
488.607 49.986
488.883 50.410
489.159 50.841
489.436 51.278
489.712 51.715
489.988 52.146
490.264 52.576
490.541 53.003
490.817 53.420
491.093 53.842
491.369 54.284
491.646 54.718
491.922 55.140
492.198 55.560
492.474 55.976
492.751 56.397
493.027 56.806
493.303 57.216
493.580 57.630
493.856 58.044
494.132 58.457
494.408 58.858
494.685 59.249
494.961 59.636
495.237 60.035
495.513 60.431
495.790 60.836
496.066 61.238
496.342 61.634
496.618 62.012
496.895 62.393
497.171 62.770
497.447 63.140
497.724 63.500
498.000 63.841
498.276 64.192
498.552 64.564
498.829 64.921
499.105 65.271
499.381 65.626
499.657 65.966
499.934 66.294
500.210 66.619
500.486 66.947
500.762 67.274
501.039 67.586
501.315 67.892
501.591 68.202
501.867 68.505
502.144 68.823
502.420 69.123
502.696 69.423
502.973 69.730
503.249 70.038
503.525 70.338
503.801 70.621
504.078 70.887
504.354 71.163
504.630 71.437
504.906 71.692
505.183 71.954
505.459 72.221
505.735 72.480
506.011 72.732
506.288 72.971
506.564 73.209
506.840 73.441
507.117 73.676
507.393 73.929
507.669 74.170
507.945 74.397
508.222 74.604
508.498 74.814
508.774 75.023
509.050 75.225
509.327 75.438
509.603 75.641
509.879 75.843
510.155 76.035
510.432 76.232
510.708 76.417
510.984 76.605
511.261 76.793
511.537 76.972
511.813 77.153
512.089 77.324
512.366 77.491
512.642 77.641
512.918 77.799
513.194 77.958
513.471 78.111
513.747 78.255
514.023 78.410
514.299 78.564
514.576 78.708
514.852 78.863
515.128 79.011
515.405 79.138
515.681 79.267
515.957 79.394
516.233 79.514
516.510 79.641
516.786 79.767
517.062 79.895
517.338 80.004
517.615 80.123
517.891 80.239
518.167 80.335
518.443 80.443
518.720 80.560
518.996 80.649
519.272 80.748
519.548 80.849
519.825 80.928
520.101 81.008
520.377 81.103
520.654 81.202
520.930 81.299
521.206 81.387
521.482 81.476
521.759 81.568
522.035 81.643
522.311 81.703
522.587 81.778
522.864 81.866
523.140 81.949
523.416 82.026
523.692 82.097
523.969 82.165
524.245 82.212
524.521 82.269
524.798 82.341
525.074 82.412
525.350 82.466
525.626 82.533
525.903 82.601
526.179 82.658
526.455 82.714
526.731 82.775
527.008 82.847
527.284 82.894
527.560 82.941
527.836 82.988
528.113 83.035
528.389 83.077
528.665 83.110
528.942 83.155
529.218 83.196
529.494 83.229
529.770 83.259
530.047 83.291
530.323 83.329
530.599 83.363
530.875 83.382
531.152 83.399
531.428 83.433
531.704 83.475
531.980 83.504
532.257 83.536
532.533 83.568
532.809 83.606
533.086 83.641
533.362 83.673
533.638 83.708
533.914 83.739
534.191 83.785
534.467 83.804
534.743 83.821
535.019 83.863
535.296 83.887
535.572 83.906
535.848 83.939
536.124 83.970
536.401 84.006
536.677 84.051
536.953 84.080
537.230 84.097
537.506 84.115
537.782 84.141
538.058 84.177
538.335 84.194
538.611 84.201
538.887 84.220
539.163 84.248
539.440 84.275
539.716 84.288
539.992 84.305
540.268 84.333
540.545 84.364
540.821 84.380
541.097 84.388
541.373 84.403
541.650 84.423
541.926 84.435
542.202 84.451
542.479 84.455
542.755 84.464
543.031 84.492
543.307 84.517
543.584 84.533
543.860 84.544
544.136 84.559
544.412 84.574
544.689 84.578
544.965 84.587
545.241 84.598
545.517 84.612
545.794 84.614
546.070 84.632
546.356 84.663
546.642 84.673
546.928 84.692
547.214 84.715
547.500 84.737
547.786 84.758
548.072 84.783
548.358 84.788
548.644 84.794
548.930 84.810
549.216 84.819
549.502 84.824
549.788 84.822
550.074 84.820
550.360 84.833
550.646 84.844
550.932 84.844
551.218 84.831
551.504 84.842
551.790 84.868
552.076 84.877
552.362 84.877
552.648 84.880
552.934 84.872
553.220 84.873
553.506 84.865
553.793 84.844
554.079 84.845
554.365 84.837
554.651 84.831
554.937 84.831
555.223 84.820
555.509 84.821
555.795 84.833
556.081 84.842
556.367 84.838
556.653 84.826
556.939 84.812
557.225 84.813
557.511 84.795
557.797 84.784
558.083 84.789
558.369 84.795
558.655 84.797
558.941 84.793
559.227 84.789
559.513 84.783
559.799 84.790
560.085 84.790
560.371 84.771
560.657 84.763
560.943 84.745
561.229 84.723
561.515 84.721
561.801 84.706
562.087 84.693
562.373 84.682
562.659 84.675
562.945 84.672
563.231 84.667
563.517 84.654
563.803 84.646
564.089 84.648
564.375 84.645
564.661 84.635
564.947 84.617
565.233 84.615
565.519 84.605
565.805 84.603
566.091 84.601
566.377 84.580
566.663 84.580
566.949 84.574
567.235 84.558
567.521 84.543
567.807 84.514
568.093 84.491
568.379 84.485
568.665 84.482
568.951 84.472
569.237 84.451
569.524 84.436
569.810 84.422
570.096 84.408
570.382 84.411
570.668 84.403
570.954 84.392
571.240 84.381
571.526 84.355
571.812 84.341
572.098 84.330
572.384 84.308
572.670 84.285
572.956 84.267
573.242 84.260
573.528 84.244
573.814 84.223
574.100 84.208
574.386 84.201
574.672 84.188
574.958 84.186
575.244 84.175
575.530 84.156
575.816 84.149
576.102 84.141
576.388 84.124
576.674 84.111
576.960 84.103
577.248 84.090
577.536 84.070
577.824 84.067
578.113 84.050
578.401 84.035
578.689 84.036
578.977 84.029
579.265 84.032
579.553 84.033
579.841 84.030
580.130 84.028
580.418 84.028
580.706 84.030
580.994 84.037
581.282 84.038
581.570 84.038
581.858 84.024
582.147 84.016
582.435 84.012
582.723 83.998
583.011 83.996
583.299 84.009
583.587 84.011
583.875 84.018
584.164 84.013
584.452 84.012
584.740 84.034
585.028 84.041
585.316 84.048
585.604 84.057
585.892 84.058
586.181 84.052
586.469 84.049
586.757 84.053
587.045 84.050
587.333 84.055
587.621 84.053
587.909 84.046
588.198 84.039
588.486 84.040
588.774 84.042
589.062 84.050
589.350 84.052
589.638 84.052
589.927 84.055
590.215 84.052
590.503 84.061
590.791 84.056
591.079 84.064
591.367 84.089
591.655 84.097
591.944 84.096
592.232 84.091
592.520 84.079
592.808 84.078
593.096 84.079
593.384 84.076
593.672 84.089
593.961 84.096
594.249 84.104
594.537 84.105
594.825 84.102
595.113 84.115
595.401 84.105
595.689 84.096
595.978 84.102
596.266 84.100
596.554 84.087
596.842 84.079
597.130 84.097
597.418 84.111
597.706 84.117
597.995 84.104
598.283 84.096
598.571 84.090
598.859 84.070
599.147 84.053
599.435 84.068
599.723 84.078
600.012 84.081
600.300 84.081
600.588 84.079
600.876 84.061
601.164 84.048
601.452 84.038
601.740 84.020
602.029 84.019
602.317 84.012
602.605 84.016
602.893 84.005
603.181 83.984
603.469 83.980
603.757 83.973
604.046 83.958
604.334 83.941
604.622 83.928
604.910 83.923
605.198 83.910
605.486 83.895
605.774 83.880
606.063 83.862
606.351 83.862
606.639 83.865
606.927 83.861
607.215 83.861
607.503 83.852
607.791 83.869
608.080 83.866
608.368 83.865
608.656 83.863
608.944 83.855
609.232 83.855
609.520 83.859
609.808 83.859
610.097 83.863
610.385 83.857
610.673 83.859
610.961 83.862
611.249 83.852
611.537 83.847
611.825 83.836
612.114 83.826
612.402 83.826
612.690 83.823
612.978 83.815
613.266 83.815
613.554 83.809
613.843 83.809
614.131 83.814
614.419 83.807
614.707 83.782
614.995 83.760
615.283 83.746
615.571 83.760
615.860 83.769
616.148 83.762
616.436 83.775
616.724 83.787
617.012 83.773
617.300 83.763
617.588 83.771
617.877 83.767
618.165 83.755
618.453 83.761
618.741 83.765
619.029 83.760
619.317 83.771
619.605 83.756
619.894 83.739
620.182 83.729
620.470 83.738
620.758 83.743
621.046 83.727
621.334 83.716
621.622 83.722
621.911 83.736
622.199 83.744
622.487 83.741
622.775 83.743
623.063 83.739
623.351 83.739
623.639 83.755
623.928 83.763
624.216 83.754
624.504 83.752
624.792 83.755
625.080 83.761
625.368 83.745
625.656 83.742
625.945 83.732
626.233 83.721
626.521 83.720
626.809 83.719
627.097 83.714
627.385 83.710
627.673 83.700
627.962 83.701
628.250 83.680
628.538 83.655
628.826 83.640
629.114 83.642
629.402 83.637
629.690 83.644
629.979 83.640
630.267 83.637
630.555 83.656
630.843 83.659
631.131 83.657
631.419 83.648
631.707 83.641
631.996 83.645
632.284 83.630
632.572 83.613
632.860 83.606
633.148 83.586
633.436 83.580
633.724 83.574
634.013 83.552
634.301 83.544
634.589 83.549
634.877 83.546
635.165 83.534
635.453 83.532
635.741 83.537
636.030 83.526
636.318 83.518
636.606 83.511
636.894 83.496
637.182 83.503
637.470 83.500
637.759 83.492
638.047 83.480
638.335 83.480
638.623 83.487
638.911 83.492
639.199 83.490
639.487 83.483
639.776 83.464
640.064 83.453
640.352 83.447
640.640 83.458
640.928 83.475
641.216 83.463
641.504 83.454
641.793 83.445
642.081 83.444
642.369 83.425
642.657 83.411
642.945 83.409
643.233 83.400
643.521 83.386
643.810 83.370
644.098 83.355
644.386 83.337
644.674 83.316
644.962 83.293
645.250 83.268
645.538 83.222
645.827 83.191
646.115 83.157
646.403 83.105
646.691 83.034
646.979 82.986
647.267 82.948
647.555 82.900
647.844 82.852
648.132 82.802
648.420 82.757
648.708 82.717
648.996 82.677
649.284 82.641
649.572 82.600
649.861 82.591
650.149 82.579
650.437 82.561
650.725 82.542
651.013 82.500
651.301 82.467
651.589 82.449
651.878 82.424
652.166 82.395
652.454 82.373
652.742 82.343
653.030 82.309
653.318 82.285
653.606 82.267
653.895 82.242
654.183 82.227
654.471 82.208
654.759 82.177
655.047 82.150
655.335 82.129
655.623 82.120
655.912 82.092
656.200 82.055
656.488 82.025
656.776 81.999
657.064 81.967
657.352 81.960
657.640 81.938
657.929 81.925
658.217 81.900
658.505 81.874
658.793 81.864
659.081 81.844
659.369 81.827
659.657 81.802
659.946 81.776
660.234 81.757
660.522 81.741
660.810 81.722
661.098 81.709
661.386 81.683
661.675 81.659
661.963 81.634
662.251 81.619
662.539 81.619
662.827 81.615
663.115 81.627
663.403 81.634
663.692 81.639
663.980 81.656
664.268 81.683
664.556 81.700
664.844 81.691
665.132 81.696
665.420 81.689
665.709 81.679
665.997 81.682
666.285 81.685
666.573 81.673
666.861 81.659
667.149 81.652
667.437 81.638
667.726 81.639
668.014 81.635
668.302 81.608
668.590 81.587
668.878 81.576
669.166 81.547
669.454 81.504
669.743 81.449
670.031 81.406
670.319 81.380
670.607 81.372
670.895 81.343
671.183 81.299
671.471 81.254
671.760 81.207
672.048 81.168
672.336 81.137
672.624 81.118
672.912 81.086
673.200 81.042
673.488 81.008
673.777 80.991
674.065 80.973
674.353 80.930
674.641 80.897
674.929 80.856
675.217 80.834
675.505 80.804
675.794 80.774
676.082 80.737
676.370 80.697
676.658 80.661
676.946 80.635
677.234 80.610
677.522 80.591
677.811 80.562
678.099 80.527
678.387 80.500
678.675 80.475
678.963 80.454
679.251 80.427
679.539 80.397
679.828 80.372
680.116 80.337
680.404 80.309
680.692 80.282
680.980 80.276
681.268 80.266
681.556 80.237
681.845 80.197
682.133 80.156
682.421 80.133
682.709 80.096
682.997 80.072
683.285 80.056
683.573 80.028
683.862 79.991
684.150 79.981
684.438 79.980
684.726 79.973
685.014 79.952
685.302 79.919
685.591 79.894
685.879 79.884
686.167 79.872
686.455 79.852
686.743 79.848
687.031 79.847
687.319 79.851
687.608 79.840
687.896 79.828
688.184 79.814
688.472 79.807
688.760 79.816
689.048 79.815
689.336 79.806
689.625 79.809
689.913 79.808
690.201 79.807
690.489 79.796
690.777 79.784
691.065 79.778
691.353 79.747
691.642 79.738
691.930 79.737
692.218 79.716
692.506 79.701
692.794 79.684
693.082 79.678
693.370 79.679
693.659 79.676
693.947 79.650
694.235 79.632
694.523 79.618
694.811 79.603
695.099 79.595
695.387 79.585
695.676 79.570
695.964 79.544
696.252 79.534
696.540 79.531
696.836 79.536
697.133 79.530
697.429 79.515
697.725 79.497
698.021 79.468
698.318 79.440
698.614 79.422
698.910 79.418
699.207 79.409
699.503 79.394
699.799 79.368
700.095 79.345
700.392 79.336
700.688 79.330
700.984 79.322
701.281 79.308
701.577 79.312
701.873 79.293
702.169 79.261
702.466 79.246
702.762 79.217
703.058 79.186
703.355 79.152
703.651 79.127
703.947 79.104
704.243 79.080
704.540 79.050
704.836 79.026
705.132 79.001
705.428 78.973
705.725 78.939
706.021 78.914
706.317 78.880
706.614 78.843
706.910 78.819
707.206 78.791
707.502 78.765
707.799 78.747
708.095 78.718
708.391 78.692
708.688 78.665
708.984 78.632
709.280 78.611
709.576 78.568
709.873 78.533
710.169 78.508
710.465 78.476
710.762 78.448
711.058 78.417
711.354 78.386
711.650 78.358
711.947 78.358
712.243 78.338
712.539 78.314
712.836 78.286
713.132 78.246
713.428 78.200
713.724 78.173
714.021 78.144
714.317 78.091
714.613 78.030
714.910 77.979
715.206 77.952
715.502 77.923
715.798 77.896
716.095 77.883
716.391 77.853
716.687 77.812
716.984 77.770
717.280 77.750
717.576 77.729
717.872 77.710
718.169 77.682
718.465 77.653
718.761 77.605
719.058 77.549
719.354 77.518
719.650 77.493
719.946 77.460
720.243 77.431
720.539 77.401
720.835 77.363
721.131 77.348
721.428 77.347
721.724 77.337
722.020 77.332
722.317 77.307
722.613 77.274
722.909 77.255
723.205 77.233
723.502 77.222
723.798 77.225
724.094 77.200
724.391 77.188
724.687 77.177
724.983 77.173
725.279 77.172
725.576 77.143
725.872 77.101
726.168 77.064
726.465 77.030
726.761 77.007
727.057 77.002
727.353 77.005
727.650 77.013
727.946 77.005
728.242 76.997
728.539 76.986
728.835 76.966
729.131 76.935
729.427 76.902
729.724 76.867
730.020 76.840
730.316 76.826
730.613 76.779
730.909 76.752
731.205 76.738
731.501 76.735
731.798 76.704
732.094 76.683
732.390 76.671
732.687 76.671
732.983 76.674
733.279 76.668
733.575 76.658
733.872 76.642
734.168 76.621
734.464 76.605
734.761 76.576
735.057 76.558
735.353 76.534
735.649 76.526
735.946 76.533
736.242 76.557
736.538 76.561
736.835 76.566
737.131 76.565
737.427 76.573
737.723 76.555
738.020 76.560
738.316 76.557
738.612 76.535
738.909 76.542
739.205 76.535
739.501 76.524
739.797 76.528
740.094 76.523
740.390 76.529
740.686 76.542
740.982 76.541
741.279 76.548
741.575 76.551
741.871 76.537
742.168 76.524
742.464 76.501
742.760 76.499
743.056 76.495
743.353 76.502
743.649 76.512
743.945 76.513
744.242 76.521
744.538 76.544
744.834 76.562
745.130 76.549
745.427 76.541
745.723 76.534
746.019 76.538
746.316 76.531
746.612 76.540
746.908 76.557
747.204 76.569
747.501 76.579
747.797 76.585
748.093 76.580
748.390 76.583
748.686 76.614
748.982 76.627
749.278 76.632
749.575 76.628
749.871 76.641
750.167 76.670
750.464 76.696
750.760 76.689
751.056 76.679
751.352 76.682
751.649 76.694
751.945 76.723
752.241 76.760
752.538 76.802
752.834 76.832
753.130 76.849
753.426 76.877
753.723 76.918
754.019 76.921
754.315 76.890
754.611 76.890
754.908 76.906
755.204 76.943
755.500 76.959
755.797 76.991
756.093 77.022
756.389 77.052
756.685 77.076
756.982 77.108
757.278 77.141
757.574 77.157
757.871 77.158
758.167 77.158
758.463 77.187
758.759 77.232
759.056 77.265
759.352 77.283
759.648 77.291
759.945 77.328
760.241 77.369
760.537 77.421
760.833 77.467
761.130 77.488
761.426 77.492
761.722 77.509
762.019 77.535
762.315 77.569
762.611 77.597
762.907 77.618
763.204 77.676
763.500 77.730
763.804 77.766
764.108 77.810
764.412 77.864
764.716 77.909
765.020 77.938
765.324 77.962
765.628 78.000
765.932 78.054
766.236 78.088
766.540 78.121
766.844 78.158
767.148 78.182
767.452 78.220
767.756 78.278
768.060 78.322
768.364 78.342
768.668 78.370
768.972 78.391
769.276 78.416
769.580 78.433
769.884 78.452
770.188 78.484
770.492 78.506
770.796 78.518
771.100 78.551
771.404 78.598
771.708 78.614
772.012 78.606
772.316 78.651
772.620 78.700
772.924 78.739
773.228 78.744
773.532 78.738
773.836 78.751
774.140 78.766
774.444 78.774
774.748 78.806
775.052 78.851
775.356 78.880
775.659 78.895
775.963 78.920
776.267 78.943
776.571 78.967
776.875 78.986
777.179 78.998
777.483 79.009
777.787 79.027
778.091 79.044
778.395 79.041
778.699 79.061
779.003 79.071
779.307 79.048
779.611 79.057
779.915 79.094
780.219 79.126
780.523 79.151
780.827 79.161
781.131 79.183
781.435 79.198
781.739 79.198
782.043 79.204
782.347 79.205
782.651 79.179
782.955 79.178
783.259 79.185
783.563 79.202
783.867 79.229
784.171 79.225
784.475 79.211
784.779 79.203
785.083 79.197
785.387 79.200
785.691 79.231
785.995 79.255
786.299 79.252
786.603 79.253
786.907 79.247
787.211 79.260
787.515 79.315
787.819 79.332
788.123 79.347
788.427 79.343
788.731 79.313
789.035 79.306
789.339 79.308
789.643 79.299
789.947 79.293
790.251 79.300
790.555 79.332
790.859 79.336
791.163 79.366
791.467 79.378
791.771 79.411
792.075 79.445
792.379 79.479
792.683 79.477
792.987 79.492
793.291 79.487
793.595 79.483
793.899 79.498
794.203 79.524
794.507 79.532
794.811 79.540
795.115 79.558
795.419 79.546
795.723 79.515
796.027 79.502
796.331 79.516
796.635 79.551
796.939 79.551
797.243 79.546
797.547 79.565
797.851 79.606
798.155 79.622
798.459 79.600
798.763 79.584
799.067 79.588
799.371 79.583
799.674 79.585
799.978 79.616
800.282 79.636
800.586 79.599
800.890 79.578
801.194 79.593
801.498 79.604
801.802 79.600
802.106 79.604
802.410 79.612
802.714 79.621
803.018 79.642
803.322 79.667
803.626 79.682
803.930 79.700
804.234 79.695
804.538 79.697
804.842 79.696
805.146 79.665
805.450 79.658
805.754 79.665
806.058 79.651
806.362 79.650
806.666 79.640
806.970 79.661
807.274 79.683
807.578 79.700
807.882 79.699
808.186 79.710
808.490 79.734
808.794 79.744
809.098 79.745
809.402 79.769
809.706 79.768
810.010 79.759
810.314 79.781
810.618 79.786
810.922 79.738
811.226 79.731
811.530 79.707
811.834 79.679
812.137 79.667
812.441 79.673
812.744 79.653
813.048 79.651
813.351 79.647
813.655 79.611
813.958 79.598
814.262 79.631
814.565 79.645
814.869 79.640
815.172 79.618
815.476 79.600
815.779 79.561
816.083 79.533
816.386 79.488
816.690 79.463
816.993 79.482
817.297 79.476
817.600 79.469
817.904 79.476
818.208 79.454
818.511 79.381
818.815 79.321
819.118 79.348
819.422 79.363
819.725 79.370
820.029 79.372
820.332 79.390
820.636 79.400
820.939 79.408
821.243 79.404
821.546 79.385
821.850 79.402
822.153 79.435
822.457 79.434
822.760 79.434
823.064 79.417
823.367 79.419
823.671 79.456
823.974 79.481
824.278 79.460
824.582 79.446
824.885 79.448
825.189 79.452
825.492 79.440
825.796 79.413
826.099 79.380
826.403 79.389
826.706 79.396
827.010 79.369
827.313 79.331
827.617 79.299
827.920 79.255
828.224 79.209
828.527 79.187
828.831 79.136
829.134 79.132
829.438 79.174
829.741 79.159
830.045 79.152
830.348 79.153
830.652 79.151
830.956 79.142
831.259 79.125
831.563 79.104
831.866 79.095
832.170 79.085
832.473 79.082
832.777 79.052
833.080 79.012
833.384 78.971
833.687 78.940
833.991 78.935
834.294 78.955
834.598 78.956
834.901 78.989
835.205 78.995
835.508 78.971
835.812 78.968
836.115 78.972
836.419 78.968
836.722 78.952
837.026 78.969
837.330 78.980
837.633 78.968
837.937 78.925
838.240 78.909
838.544 78.896
838.847 78.855
839.151 78.835
839.454 78.801
839.758 78.765
840.061 78.740
840.365 78.689
840.668 78.647
840.972 78.641
841.275 78.650
841.579 78.658
841.882 78.650
842.186 78.621
842.489 78.614
842.793 78.616
843.097 78.628
843.400 78.642
843.704 78.638
844.007 78.646
844.311 78.681
844.614 78.674
844.918 78.634
845.221 78.608
845.525 78.599
845.828 78.587
846.132 78.558
846.435 78.547
846.739 78.542
847.042 78.538
847.346 78.574
847.649 78.549
847.953 78.467
848.256 78.424
848.560 78.425
848.863 78.410
849.167 78.364
849.471 78.342
849.774 78.348
850.078 78.336
850.381 78.318
850.685 78.365
850.988 78.392
851.292 78.370
851.595 78.361
851.899 78.365
852.202 78.375
852.506 78.381
852.809 78.380
853.113 78.369
853.416 78.312
853.720 78.258
854.023 78.256
854.327 78.242
854.630 78.200
854.934 78.153
855.237 78.126
855.541 78.098
855.845 78.083
856.148 78.032
856.452 78.053
856.755 78.034
857.059 77.973
857.362 77.948
857.666 77.911
857.969 77.876
858.273 77.841
858.576 77.839
858.880 77.830
859.183 77.764
859.487 77.691
859.790 77.621
860.094 77.553
860.397 77.494
860.701 77.477
861.004 77.405
861.308 77.329
861.611 77.263
861.915 77.193
862.219 77.170
862.522 77.129
862.826 77.044
863.129 77.011
863.433 77.003
863.736 76.993
864.040 76.962
864.343 76.954
864.647 76.964
864.950 76.963
865.254 76.961
865.557 76.936
865.861 76.883
866.164 76.871
866.468 76.877
866.771 76.891
867.075 76.892
867.378 76.878
867.682 76.870
867.985 76.826
868.289 76.800
868.593 76.775
868.896 76.755
869.200 76.698
869.503 76.654
869.807 76.683
870.110 76.707
870.414 76.733
870.717 76.708
871.021 76.684
871.324 76.668
871.628 76.650
871.931 76.637
872.235 76.646
872.538 76.603
872.842 76.598
873.145 76.605
873.449 76.590
873.752 76.587
874.056 76.585
874.359 76.563
874.663 76.598
874.967 76.595
875.270 76.581
875.574 76.590
875.877 76.551
876.181 76.514
876.484 76.494
876.788 76.491
877.091 76.434
877.395 76.386
877.698 76.384
878.002 76.371
878.305 76.361
878.609 76.357
878.912 76.374
879.216 76.384
879.519 76.389
879.823 76.366
880.126 76.366
880.430 76.390
880.733 76.386
881.037 76.405
881.341 76.409
881.644 76.416
881.948 76.438
882.251 76.447
882.555 76.418
882.858 76.414
883.162 76.424
883.465 76.396
883.769 76.367
884.072 76.354
884.376 76.367
884.679 76.353
884.983 76.324
885.286 76.326
885.590 76.284
885.893 76.267
886.197 76.274
886.500 76.266
886.804 76.270
887.107 76.274
887.411 76.266
887.715 76.282
888.018 76.259
888.322 76.210
888.625 76.186
888.929 76.132
889.232 76.138
889.536 76.121
889.839 76.070
890.143 76.034
890.446 76.043
890.750 76.017
891.053 75.969
891.357 75.889
891.660 75.849
891.964 75.839
892.267 75.828
892.571 75.810
892.874 75.809
893.178 75.793
893.482 75.787
893.785 75.774
894.089 75.757
894.392 75.787
894.696 75.800
894.999 75.775
895.303 75.772
895.606 75.798
895.910 75.829
896.213 75.865
896.517 75.886
896.820 75.892
897.124 75.884
897.427 75.841
897.731 75.817
898.034 75.852
898.338 75.892
898.641 75.871
898.945 75.832
899.248 75.800
899.552 75.757
899.856 75.744
900.159 75.732
900.463 75.684
900.766 75.617
901.070 75.619
901.373 75.627
901.677 75.595
901.980 75.575
902.284 75.598
902.587 75.600
902.891 75.567
903.194 75.517
903.498 75.507
903.801 75.476
904.105 75.476
904.408 75.482
904.712 75.437
905.015 75.388
905.319 75.330
905.622 75.296
905.926 75.268
906.230 75.187
906.533 75.136
906.837 75.085
907.140 75.045
907.444 75.044
907.747 75.018
908.051 74.975
908.354 74.985
908.658 75.018
908.961 74.968
909.265 74.931
909.568 74.959
909.872 74.983
910.175 74.971
910.479 74.933
910.782 74.875
911.086 74.857
911.389 74.841
911.693 74.781
911.996 74.701
912.300 74.670
912.613 74.647
912.926 74.594
913.238 74.579
913.551 74.563
913.864 74.518
914.176 74.513
914.489 74.519
914.802 74.473
915.115 74.438
915.427 74.405
915.740 74.409
916.053 74.418
916.366 74.362
916.678 74.290
916.991 74.304
917.304 74.345
917.617 74.339
917.929 74.363
918.242 74.364
918.555 74.374
918.868 74.386
919.180 74.381
919.493 74.384
919.806 74.305
920.119 74.182
920.431 74.107
920.744 74.044
921.057 73.950
921.370 73.940
921.682 73.918
921.995 73.881
922.308 73.835
922.621 73.792
922.933 73.771
923.246 73.726
923.559 73.711
923.872 73.722
924.184 73.718
924.497 73.683
924.810 73.668
925.123 73.713
925.435 73.724
925.748 73.701
926.061 73.688
926.374 73.638
926.686 73.616
926.999 73.680
927.312 73.724
927.625 73.720
927.937 73.737
928.250 73.780
928.563 73.768
928.876 73.751
929.188 73.748
929.501 73.785
929.814 73.789
930.127 73.754
930.439 73.752
930.752 73.811
931.065 73.852
931.378 73.869
931.690 73.881
932.003 73.913
932.316 73.912
932.629 73.890
932.941 73.927
933.254 73.935
933.567 73.834
933.880 73.754
934.192 73.752
934.505 73.760
934.818 73.770
935.131 73.774
935.443 73.783
935.756 73.746
936.069 73.721
936.382 73.729
936.694 73.804
937.007 73.828
937.320 73.815
937.633 73.770
937.945 73.667
938.258 73.560
938.571 73.465
938.884 73.520
939.196 73.625
939.509 73.684
939.822 73.711
940.135 73.695
940.447 73.678
940.760 73.660
941.073 73.665
941.386 73.668
941.698 73.675
942.011 73.634
942.324 73.590
942.637 73.578
942.949 73.594
943.262 73.611
943.575 73.623
943.888 73.592
944.200 73.549
944.513 73.538
944.826 73.557
945.139 73.576
945.451 73.558
945.764 73.524
946.077 73.474
946.390 73.451
946.702 73.421
947.015 73.330
947.328 73.268
947.641 73.218
947.953 73.190
948.266 73.120
948.579 73.088
948.892 73.104
949.204 73.115
949.517 73.099
949.830 73.093
950.143 73.134
950.455 73.150
950.768 73.164
951.081 73.125
951.394 73.077
951.706 73.139
952.019 73.156
952.332 73.207
952.645 73.278
952.957 73.309
953.270 73.380
953.583 73.406
953.896 73.399
954.208 73.410
954.521 73.432
954.834 73.518
955.147 73.492
955.459 73.428
955.772 73.346
956.085 73.291
956.398 73.274
956.710 73.267
957.023 73.350
957.336 73.491
957.649 73.573
957.961 73.646
958.274 73.706
958.587 73.674
958.900 73.662
959.212 73.659
959.525 73.543
959.838 73.476
960.151 73.477
960.463 73.474
960.776 73.488
961.089 73.573
961.402 73.671
961.714 73.712
962.027 73.663
962.340 73.630
962.653 73.666
962.965 73.737
963.278 73.737
963.591 73.710
963.904 73.737
964.216 73.769
964.529 73.849
964.842 73.895
965.154 73.894
965.467 73.844
965.780 73.774
966.094 73.799
966.409 73.818
966.723 73.895
967.037 73.962
967.352 74.047
967.666 74.070
967.980 74.111
968.295 74.136
968.609 74.106
968.923 74.037
969.238 74.024
969.552 73.962
969.866 73.969
970.181 74.036
970.495 74.079
970.809 74.063
971.124 74.074
971.438 73.959
971.752 73.961
972.067 74.064
972.381 73.998
972.695 73.971
973.010 73.973
973.324 73.978
973.638 73.991
973.953 74.036
974.267 74.112
974.581 74.149
974.896 74.134
975.210 74.216
975.524 74.236
975.839 74.320
976.153 74.386
976.467 74.364
976.781 74.379
977.096 74.330
977.410 74.295
977.724 74.385
978.039 74.478
978.353 74.598
978.667 74.789
978.982 74.931
979.296 75.044
979.610 75.167
979.925 75.225
980.239 75.234
980.553 75.245
980.868 75.274
981.182 75.349
981.496 75.463
981.811 75.416
982.125 75.374
982.439 75.439
982.754 75.550
983.068 75.650
983.382 75.690
983.697 75.709
984.011 75.757
984.325 75.824
984.640 75.905
984.954 75.995
985.268 76.046
985.583 76.175
985.897 76.353
986.211 76.552
986.526 76.598
986.840 76.668
987.154 76.720
987.469 76.748
987.783 76.796
988.097 76.831
988.412 76.809
988.726 76.851
989.040 76.826
989.355 76.827
989.669 76.946
989.983 77.067
990.298 77.186
990.612 77.406
990.926 77.529
991.241 77.654
991.555 77.776
991.869 77.822
992.184 77.860
992.498 77.903
992.812 77.998
993.127 78.011
993.441 78.012
993.755 77.593
994.070 77.618
994.384 77.644
994.698 77.749
995.013 77.834
995.327 77.870
995.641 77.879
995.956 77.930
996.270 77.965
996.584 77.972
996.899 78.124
997.213 78.371
997.527 78.386
997.841 78.322
998.156 78.362
998.470 78.432
998.784 78.516
999.099 78.667
999.413 78.742
999.727 78.762
