200.182 85.499
200.437 84.903
200.691 84.345
200.946 83.596
201.201 82.494
201.455 81.673
201.710 80.963
201.964 80.290
202.219 79.498
202.474 78.562
202.728 77.739
202.983 77.177
203.237 76.526
203.492 75.579
203.747 74.452
204.001 73.422
204.256 72.452
204.510 71.448
204.765 70.563
205.020 69.891
205.274 69.055
205.529 67.971
205.783 66.874
206.038 65.739
206.293 64.570
206.547 63.592
206.802 62.557
207.057 61.593
207.311 60.594
207.566 59.744
207.820 59.038
208.075 58.318
208.330 57.380
208.584 56.535
208.839 55.761
209.093 55.027
209.348 54.081
209.603 53.135
209.857 52.097
210.112 51.300
210.366 50.463
210.621 49.530
210.876 48.669
211.130 47.916
211.385 47.236
211.639 46.343
211.894 45.374
212.149 44.496
212.403 43.702
212.658 42.849
212.913 42.016
213.167 41.278
213.422 40.717
213.676 40.004
213.931 39.299
214.186 38.539
214.440 37.840
214.695 37.247
214.949 36.712
215.204 36.121
215.459 35.541
215.713 35.045
215.968 34.420
216.222 33.728
216.477 33.111
216.732 32.692
216.986 32.240
217.241 31.645
217.495 31.123
217.750 30.716
218.005 30.348
218.259 29.957
218.514 29.387
218.769 28.748
219.023 28.258
219.278 27.878
219.532 27.418
219.787 26.965
220.042 26.563
220.296 26.195
220.551 25.779
220.805 25.421
221.060 25.047
221.315 24.656
221.569 24.254
221.824 23.896
222.078 23.633
222.333 23.330
222.588 23.049
222.842 22.739
223.097 22.434
223.351 22.132
223.606 21.720
223.861 21.288
224.115 20.936
224.370 20.609
224.625 20.292
224.879 20.024
225.134 19.716
225.388 19.440
225.643 19.141
225.898 18.839
226.152 18.538
226.407 18.254
226.661 17.943
226.916 17.690
227.171 17.431
227.425 17.176
227.680 16.934
227.934 16.728
228.189 16.496
228.444 16.290
228.698 16.101
228.953 15.885
229.208 15.702
229.462 15.471
229.717 15.270
229.971 15.079
230.226 14.926
230.481 14.740
230.735 14.577
230.990 14.441
231.244 14.280
231.499 14.118
231.754 13.972
232.008 13.845
232.263 13.741
232.517 13.607
232.772 13.507
233.027 13.380
233.281 13.217
233.536 13.069
233.790 12.918
234.045 12.786
234.300 12.673
234.554 12.559
234.809 12.439
235.064 12.336
235.318 12.252
235.573 12.174
235.827 12.083
236.082 11.980
236.337 11.905
236.591 11.836
236.846 11.756
237.100 11.676
237.355 11.624
237.610 11.567
237.864 11.490
238.119 11.420
238.373 11.353
238.628 11.290
238.883 11.245
239.137 11.193
239.392 11.144
239.646 11.104
239.901 11.058
240.156 11.007
240.410 10.979
240.665 10.943
240.920 10.896
241.174 10.860
241.429 10.838
241.683 10.814
241.938 10.783
242.193 10.761
242.447 10.730
242.702 10.701
242.956 10.677
243.211 10.653
243.466 10.624
243.720 10.602
243.975 10.588
244.229 10.574
244.484 10.555
244.739 10.541
244.993 10.531
245.248 10.510
245.503 10.487
245.757 10.460
246.012 10.447
246.266 10.443
246.521 10.435
246.776 10.426
247.030 10.405
247.285 10.378
247.539 10.348
247.794 10.327
248.049 10.309
248.303 10.290
248.558 10.291
248.812 10.272
249.067 10.232
249.322 10.219
249.576 10.210
249.831 10.201
250.085 10.186
250.340 10.174
250.595 10.165
250.849 10.160
251.104 10.151
251.359 10.147
251.613 10.140
251.868 10.132
252.122 10.115
252.377 10.099
252.632 10.088
252.886 10.063
253.141 10.038
253.395 10.023
253.650 10.014
253.905 10.004
254.161 9.992
254.416 9.982
254.672 9.976
254.927 9.978
255.183 9.966
255.438 9.951
255.694 9.949
255.949 9.948
256.205 9.941
256.460 9.936
256.715 9.926
256.971 9.921
257.226 9.917
257.482 9.915
257.737 9.906
257.993 9.894
258.248 9.895
258.504 9.890
258.759 9.882
259.014 9.878
259.270 9.871
259.525 9.858
259.781 9.856
260.036 9.866
260.292 9.863
260.547 9.848
260.803 9.843
261.058 9.847
261.314 9.854
261.569 9.849
261.824 9.838
262.080 9.832
262.335 9.827
262.591 9.840
262.846 9.848
263.102 9.846
263.357 9.839
263.613 9.841
263.868 9.844
264.123 9.837
264.379 9.831
264.634 9.836
264.890 9.829
265.145 9.829
265.401 9.821
265.656 9.811
265.912 9.803
266.167 9.788
266.423 9.777
266.678 9.773
266.933 9.764
267.189 9.750
267.444 9.734
267.700 9.724
267.955 9.710
268.211 9.698
268.466 9.697
268.722 9.693
268.977 9.692
269.232 9.689
269.488 9.675
269.743 9.667
269.999 9.662
270.254 9.659
270.510 9.648
270.765 9.640
271.021 9.627
271.276 9.612
271.532 9.597
271.787 9.581
272.042 9.568
272.298 9.556
272.553 9.537
272.809 9.522
273.064 9.509
273.320 9.507
273.575 9.507
273.831 9.496
274.086 9.482
274.342 9.460
274.597 9.440
274.852 9.426
275.108 9.419
275.363 9.401
275.619 9.369
275.874 9.342
276.130 9.328
276.385 9.322
276.641 9.313
276.896 9.289
277.151 9.272
277.407 9.258
277.662 9.232
277.918 9.207
278.173 9.182
278.429 9.158
278.684 9.140
278.940 9.130
279.195 9.113
279.451 9.095
279.706 9.073
279.961 9.058
280.217 9.036
280.472 9.018
280.728 8.998
280.983 8.983
281.239 8.970
281.494 8.957
281.750 8.947
282.005 8.932
282.260 8.914
282.516 8.889
282.771 8.871
283.027 8.858
283.282 8.847
283.538 8.830
283.793 8.812
284.049 8.791
284.304 8.767
284.560 8.739
284.815 8.709
285.070 8.685
285.326 8.666
285.581 8.651
285.837 8.625
286.092 8.599
286.348 8.577
286.603 8.566
286.859 8.551
287.114 8.536
287.369 8.523
287.625 8.510
287.880 8.494
288.136 8.485
288.391 8.472
288.647 8.452
288.902 8.423
289.158 8.398
289.413 8.383
289.669 8.368
289.924 8.356
290.179 8.348
290.435 8.335
290.690 8.315
290.946 8.298
291.201 8.290
291.457 8.281
291.712 8.265
291.968 8.247
292.223 8.221
292.479 8.208
292.734 8.185
292.989 8.166
293.245 8.160
293.500 8.153
293.756 8.136
294.011 8.124
294.267 8.114
294.522 8.091
294.778 8.077
295.033 8.063
295.288 8.048
295.544 8.031
295.799 8.013
296.055 8.000
296.310 7.995
296.566 7.986
296.821 7.982
297.077 7.973
297.332 7.954
297.588 7.932
297.843 7.915
298.098 7.908
298.354 7.899
298.609 7.885
298.865 7.871
299.120 7.860
299.376 7.848
299.631 7.835
299.887 7.824
300.142 7.819
300.397 7.812
300.653 7.801
300.908 7.782
301.164 7.767
301.419 7.757
301.675 7.747
301.930 7.732
302.186 7.718
302.441 7.706
302.697 7.688
302.952 7.674
303.207 7.664
303.463 7.655
303.718 7.636
303.974 7.622
304.229 7.622
304.485 7.616
304.740 7.603
304.996 7.587
305.251 7.577
305.506 7.567
305.762 7.554
306.017 7.538
306.273 7.528
306.528 7.525
306.784 7.517
307.039 7.515
307.295 7.507
307.550 7.494
307.806 7.493
308.061 7.490
308.316 7.484
308.572 7.477
308.827 7.466
309.083 7.459
309.338 7.449
309.594 7.434
309.849 7.431
310.105 7.429
310.360 7.418
310.615 7.404
310.871 7.395
311.126 7.392
311.382 7.398
311.637 7.393
311.893 7.379
312.148 7.365
312.404 7.339
312.659 7.322
312.915 7.316
313.170 7.314
313.429 7.305
313.688 7.296
313.947 7.287
314.206 7.280
314.465 7.274
314.724 7.266
314.983 7.258
315.242 7.248
315.501 7.240
315.760 7.237
316.019 7.237
316.278 7.238
316.536 7.238
316.795 7.233
317.054 7.236
317.313 7.236
317.572 7.241
317.831 7.248
318.090 7.249
318.349 7.248
318.608 7.245
318.867 7.235
319.126 7.227
319.385 7.231
319.644 7.233
319.903 7.225
320.162 7.220
320.421 7.218
320.680 7.213
320.939 7.205
321.198 7.195
321.457 7.189
321.716 7.188
321.975 7.179
322.234 7.167
322.493 7.160
322.752 7.150
323.010 7.145
323.269 7.137
323.528 7.128
323.787 7.120
324.046 7.118
324.305 7.122
324.564 7.121
324.823 7.114
325.082 7.110
325.341 7.113
325.600 7.112
325.859 7.112
326.118 7.124
326.377 7.129
326.636 7.127
326.895 7.127
327.154 7.119
327.413 7.115
327.672 7.112
327.931 7.110
328.190 7.114
328.449 7.122
328.708 7.125
328.967 7.124
329.226 7.128
329.485 7.129
329.743 7.129
330.002 7.123
330.261 7.120
330.520 7.120
330.779 7.113
331.038 7.114
331.297 7.121
331.556 7.121
331.815 7.118
332.074 7.107
332.333 7.107
332.592 7.117
332.851 7.118
333.110 7.118
333.369 7.113
333.628 7.102
333.887 7.091
334.146 7.086
334.405 7.086
334.664 7.086
334.923 7.093
335.182 7.096
335.441 7.088
335.700 7.078
335.959 7.078
336.217 7.087
336.476 7.101
336.735 7.110
336.994 7.122
337.253 7.142
337.512 7.155
337.771 7.160
338.030 7.160
338.289 7.165
338.548 7.176
338.807 7.181
339.066 7.198
339.325 7.196
339.584 7.199
339.843 7.211
340.102 7.214
340.361 7.220
340.620 7.233
340.879 7.237
341.138 7.234
341.397 7.228
341.656 7.222
341.915 7.219
342.174 7.219
342.433 7.231
342.691 7.241
342.950 7.244
343.209 7.248
343.468 7.258
343.727 7.272
343.986 7.286
344.245 7.294
344.504 7.302
344.763 7.313
345.022 7.315
345.281 7.321
345.540 7.325
345.799 7.329
346.058 7.334
346.317 7.343
346.576 7.358
346.835 7.375
347.094 7.386
347.353 7.399
347.612 7.399
347.871 7.412
348.130 7.423
348.389 7.420
348.648 7.418
348.907 7.420
349.166 7.436
349.424 7.446
349.683 7.458
349.942 7.476
350.201 7.490
350.460 7.501
350.719 7.508
350.978 7.508
351.237 7.523
351.496 7.539
351.755 7.542
352.014 7.543
352.273 7.537
352.532 7.525
352.791 7.528
353.050 7.546
353.309 7.561
353.568 7.561
353.827 7.565
354.086 7.564
354.345 7.557
354.604 7.559
354.863 7.548
355.122 7.560
355.381 7.567
355.640 7.563
355.898 7.566
356.157 7.568
356.416 7.572
356.675 7.586
356.934 7.597
357.193 7.617
357.452 7.643
357.711 7.647
357.970 7.653
358.229 7.657
358.488 7.655
358.747 7.658
359.006 7.664
359.265 7.680
359.524 7.704
359.783 7.721
360.042 7.729
360.301 7.738
360.560 7.748
360.819 7.761
361.078 7.760
361.337 7.766
361.596 7.789
361.855 7.806
362.114 7.815
362.372 7.828
362.631 7.834
362.890 7.840
363.149 7.841
363.408 7.857
363.667 7.869
363.926 7.878
364.185 7.894
364.444 7.902
364.703 7.907
364.962 7.897
365.221 7.906
365.480 7.929
365.745 7.929
366.009 7.935
366.274 7.955
366.539 7.957
366.804 7.962
367.068 7.969
367.333 7.975
367.598 7.982
367.863 7.985
368.127 7.995
368.392 8.017
368.657 8.028
368.921 8.010
369.186 7.998
369.451 8.006
369.716 8.012
369.980 8.022
370.245 8.040
370.510 8.052
370.775 8.063
371.039 8.071
371.304 8.073
371.569 8.071
371.834 8.072
372.098 8.074
372.363 8.076
372.628 8.082
372.892 8.091
373.157 8.078
373.422 8.061
373.687 8.061
373.951 8.067
374.216 8.070
374.481 8.077
374.746 8.086
375.010 8.090
375.275 8.085
375.540 8.068
375.804 8.054
376.069 8.044
376.334 8.044
376.599 8.042
376.863 8.040
377.128 8.048
377.393 8.057
377.658 8.058
377.922 8.052
378.187 8.052
378.452 8.048
378.716 8.044
378.981 8.038
379.246 8.034
379.511 8.036
379.775 8.043
380.040 8.043
380.305 8.032
380.570 8.034
380.834 8.044
381.099 8.058
381.364 8.059
381.629 8.046
381.893 8.048
382.158 8.048
382.423 8.032
382.687 8.026
382.952 8.029
383.217 8.030
383.482 8.028
383.746 8.024
384.011 8.027
384.276 8.031
384.541 8.019
384.805 7.997
385.070 7.992
385.335 7.994
385.599 8.004
385.864 8.009
386.129 8.011
386.394 8.011
386.658 8.005
386.923 8.004
387.188 7.993
387.453 7.985
387.717 7.989
387.982 7.986
388.247 7.988
388.511 7.982
388.776 7.973
389.041 7.967
389.306 7.969
389.570 7.964
389.835 7.954
390.100 7.948
390.365 7.952
390.629 7.957
390.894 7.958
391.159 7.956
391.424 7.951
391.688 7.934
391.953 7.920
392.218 7.922
392.482 7.921
392.747 7.919
393.012 7.917
393.277 7.921
393.541 7.927
393.806 7.924
394.071 7.933
394.336 7.935
394.600 7.932
394.865 7.925
395.130 7.917
395.394 7.918
395.659 7.914
395.924 7.907
396.189 7.902
396.453 7.894
396.718 7.892
396.983 7.885
397.248 7.883
397.512 7.880
397.777 7.872
398.042 7.858
398.306 7.852
398.571 7.853
398.836 7.856
399.101 7.851
399.365 7.845
399.630 7.851
399.895 7.857
400.160 7.846
400.424 7.832
400.689 7.840
400.954 7.858
401.219 7.861
401.483 7.855
401.748 7.844
402.013 7.841
402.277 7.832
402.542 7.825
402.807 7.829
403.072 7.835
403.336 7.837
403.601 7.845
403.866 7.853
404.131 7.856
404.395 7.866
404.660 7.880
404.929 7.878
405.198 7.874
405.466 7.877
405.735 7.885
406.004 7.901
406.273 7.906
406.542 7.894
406.810 7.877
407.079 7.868
407.348 7.873
407.617 7.871
407.886 7.881
408.154 7.892
408.423 7.898
408.692 7.905
408.961 7.906
409.229 7.904
409.498 7.911
409.767 7.907
410.036 7.901
410.305 7.891
410.573 7.893
410.842 7.893
411.111 7.896
411.380 7.897
411.649 7.891
411.917 7.882
412.186 7.873
412.455 7.866
412.724 7.866
412.993 7.865
413.261 7.858
413.530 7.844
413.799 7.845
414.068 7.856
414.337 7.862
414.605 7.863
414.874 7.863
415.143 7.860
415.412 7.856
415.681 7.850
415.949 7.836
416.218 7.836
416.487 7.839
416.756 7.841
417.024 7.841
417.293 7.830
417.562 7.826
417.831 7.831
418.100 7.837
418.368 7.843
418.637 7.845
418.906 7.843
419.175 7.846
419.444 7.843
419.712 7.849
419.981 7.852
420.250 7.848
420.519 7.839
420.788 7.819
421.056 7.795
421.325 7.786
421.594 7.778
421.863 7.765
422.132 7.754
422.400 7.741
422.669 7.730
422.938 7.726
423.207 7.724
423.476 7.713
423.744 7.705
424.013 7.708
424.282 7.704
424.551 7.696
424.819 7.680
425.088 7.659
425.357 7.648
425.626 7.640
425.895 7.628
426.163 7.613
426.432 7.610
426.701 7.606
426.970 7.588
427.239 7.573
427.507 7.561
427.776 7.552
428.045 7.546
428.314 7.543
428.583 7.541
428.851 7.539
429.120 7.532
429.389 7.524
429.658 7.523
429.927 7.526
430.195 7.516
430.464 7.503
430.733 7.503
431.002 7.497
431.271 7.490
431.539 7.481
431.808 7.473
432.077 7.472
432.346 7.476
432.614 7.472
432.883 7.466
433.152 7.472
433.421 7.472
433.690 7.469
433.958 7.466
434.227 7.456
434.496 7.443
434.765 7.434
435.034 7.431
435.302 7.427
435.571 7.412
435.840 7.395
436.116 7.380
436.393 7.373
436.669 7.372
436.945 7.372
437.221 7.378
437.498 7.390
437.774 7.396
438.050 7.406
438.326 7.413
438.603 7.417
438.879 7.422
439.155 7.418
439.431 7.419
439.708 7.420
439.984 7.419
440.260 7.416
440.537 7.409
440.813 7.404
441.089 7.408
441.365 7.411
441.642 7.409
441.918 7.412
442.194 7.417
442.470 7.404
442.747 7.396
443.023 7.389
443.299 7.383
443.575 7.382
443.852 7.379
444.128 7.382
444.404 7.390
444.680 7.393
444.957 7.392
445.233 7.391
445.509 7.392
445.786 7.397
446.062 7.397
446.338 7.394
446.614 7.386
446.891 7.382
447.167 7.380
447.443 7.384
447.719 7.384
447.996 7.381
448.272 7.383
448.548 7.385
448.824 7.377
449.101 7.372
449.377 7.372
449.653 7.377
449.930 7.371
450.206 7.363
450.482 7.371
450.758 7.370
451.035 7.366
451.311 7.363
451.587 7.359
451.863 7.360
452.140 7.363
452.416 7.360
452.692 7.371
452.968 7.374
453.245 7.373
453.521 7.372
453.797 7.374
454.074 7.364
454.350 7.352
454.626 7.352
454.902 7.354
455.179 7.358
455.455 7.356
455.731 7.349
456.007 7.348
456.284 7.345
456.560 7.344
456.836 7.348
457.112 7.344
457.389 7.339
457.665 7.337
457.941 7.328
458.218 7.319
458.494 7.316
458.770 7.305
459.046 7.298
459.323 7.303
459.599 7.309
459.875 7.313
460.151 7.317
460.428 7.323
460.704 7.328
460.980 7.325
461.256 7.321
461.533 7.321
461.809 7.320
462.085 7.317
462.361 7.312
462.638 7.308
462.914 7.309
463.190 7.307
463.467 7.306
463.743 7.301
464.019 7.296
464.295 7.288
464.572 7.290
464.848 7.294
465.124 7.296
465.400 7.298
465.677 7.300
465.953 7.297
466.229 7.297
466.505 7.298
466.782 7.295
467.058 7.296
467.334 7.295
467.611 7.298
467.887 7.308
468.163 7.309
468.439 7.304
468.716 7.297
468.992 7.289
469.268 7.292
469.544 7.292
469.821 7.293
470.097 7.292
470.373 7.284
470.649 7.277
470.926 7.277
471.202 7.276
471.478 7.277
471.755 7.272
472.031 7.268
472.307 7.267
472.583 7.265
472.860 7.272
473.136 7.280
473.412 7.280
473.688 7.278
473.965 7.279
474.241 7.281
474.517 7.288
474.793 7.297
475.070 7.304
475.346 7.307
475.622 7.313
475.899 7.314
476.175 7.311
476.451 7.311
476.727 7.307
477.004 7.300
477.280 7.287
477.556 7.284
477.832 7.285
478.109 7.280
478.385 7.274
478.661 7.268
478.937 7.265
479.214 7.263
479.490 7.265
479.766 7.263
480.043 7.265
480.319 7.266
480.595 7.269
480.871 7.274
481.148 7.272
481.424 7.263
481.700 7.258
481.976 7.262
482.253 7.263
482.529 7.264
482.805 7.266
483.081 7.264
483.358 7.257
483.634 7.260
483.910 7.256
484.186 7.252
484.463 7.250
484.739 7.242
485.015 7.243
485.292 7.250
485.568 7.250
485.844 7.252
486.120 7.251
486.397 7.243
486.673 7.241
486.949 7.244
487.225 7.251
487.502 7.257
487.778 7.261
488.054 7.269
488.330 7.267
488.607 7.261
488.883 7.254
489.159 7.252
489.436 7.253
489.712 7.245
489.988 7.236
490.264 7.238
490.541 7.239
490.817 7.237
491.093 7.236
491.369 7.241
491.646 7.243
491.922 7.246
492.198 7.246
492.474 7.243
492.751 7.241
493.027 7.241
493.303 7.243
493.580 7.247
493.856 7.253
494.132 7.267
494.408 7.268
494.685 7.269
494.961 7.270
495.237 7.276
495.513 7.284
495.790 7.291
496.066 7.304
496.342 7.315
496.618 7.320
496.895 7.323
497.171 7.318
497.447 7.312
497.724 7.309
498.000 7.307
498.276 7.313
498.552 7.317
498.829 7.310
499.105 7.303
499.381 7.299
499.657 7.297
499.934 7.295
500.210 7.300
500.486 7.305
500.762 7.318
501.039 7.319
501.315 7.313
501.591 7.321
501.867 7.334
502.144 7.339
502.420 7.341
502.696 7.343
502.973 7.345
503.249 7.346
503.525 7.344
503.801 7.339
504.078 7.334
504.354 7.326
504.630 7.325
504.906 7.323
505.183 7.322
505.459 7.327
505.735 7.332
506.011 7.331
506.288 7.335
506.564 7.341
506.840 7.347
507.117 7.355
507.393 7.363
507.669 7.368
507.945 7.369
508.222 7.366
508.498 7.362
508.774 7.356
509.050 7.355
509.327 7.362
509.603 7.372
509.879 7.379
510.155 7.375
510.432 7.374
510.708 7.373
510.984 7.372
511.261 7.380
511.537 7.385
511.813 7.390
512.089 7.391
512.366 7.393
512.642 7.392
512.918 7.386
513.194 7.382
513.471 7.381
513.747 7.383
514.023 7.396
514.299 7.408
514.576 7.413
514.852 7.418
515.128 7.424
515.405 7.424
515.681 7.425
515.957 7.432
516.233 7.439
516.510 7.442
516.786 7.444
517.062 7.445
517.338 7.442
517.615 7.438
517.891 7.443
518.167 7.457
518.443 7.455
518.720 7.444
518.996 7.440
519.272 7.439
519.548 7.437
519.825 7.437
520.101 7.446
520.377 7.460
520.654 7.470
520.930 7.471
521.206 7.480
521.482 7.489
521.759 7.498
522.035 7.501
522.311 7.506
522.587 7.509
522.864 7.518
523.140 7.522
523.416 7.521
523.692 7.523
523.969 7.519
524.245 7.518
524.521 7.522
524.798 7.525
525.074 7.519
525.350 7.516
525.626 7.524
525.903 7.531
526.179 7.527
526.455 7.526
526.731 7.532
527.008 7.548
527.284 7.560
527.560 7.567
527.836 7.570
528.113 7.574
528.389 7.581
528.665 7.584
528.942 7.585
529.218 7.603
529.494 7.636
529.770 7.644
530.047 7.642
530.323 7.648
530.599 7.654
530.875 7.657
531.152 7.659
531.428 7.665
531.704 7.670
531.980 7.669
532.257 7.675
532.533 7.682
532.809 7.688
533.086 7.693
533.362 7.698
533.638 7.705
533.914 7.712
534.191 7.714
534.467 7.713
534.743 7.713
535.019 7.712
535.296 7.718
535.572 7.730
535.848 7.743
536.124 7.753
536.401 7.763
536.677 7.771
536.953 7.779
537.230 7.779
537.506 7.784
537.782 7.797
538.058 7.804
538.335 7.804
538.611 7.805
538.887 7.808
539.163 7.812
539.440 7.819
539.716 7.821
539.992 7.825
540.268 7.837
540.545 7.842
540.821 7.843
541.097 7.843
541.373 7.844
541.650 7.853
541.926 7.863
542.202 7.870
542.479 7.875
542.755 7.881
543.031 7.887
543.307 7.892
543.584 7.895
543.860 7.890
544.136 7.881
544.412 7.880
544.689 7.890
544.965 7.893
545.241 7.891
545.517 7.894
545.794 7.898
546.070 7.892
546.356 7.870
546.642 7.865
546.928 7.871
547.214 7.869
547.500 7.865
547.786 7.868
548.072 7.877
548.358 7.880
548.644 7.883
548.930 7.890
549.216 7.902
549.502 7.906
549.788 7.905
550.074 7.909
550.360 7.910
550.646 7.908
550.932 7.908
551.218 7.908
551.504 7.914
551.790 7.923
552.076 7.923
552.362 7.927
552.648 7.924
552.934 7.919
553.220 7.921
553.506 7.924
553.793 7.930
554.079 7.932
554.365 7.932
554.651 7.933
554.937 7.933
555.223 7.937
555.509 7.948
555.795 7.950
556.081 7.954
556.367 7.955
556.653 7.960
556.939 7.970
557.225 7.978
557.511 7.975
557.797 7.977
558.083 7.985
558.369 7.992
558.655 8.000
558.941 8.007
559.227 8.015
559.513 8.020
559.799 8.028
560.085 8.037
560.371 8.050
560.657 8.056
560.943 8.057
561.229 8.069
561.515 8.084
561.801 8.090
562.087 8.090
562.373 8.089
562.659 8.098
562.945 8.111
563.231 8.122
563.517 8.125
563.803 8.131
564.089 8.142
564.375 8.153
564.661 8.167
564.947 8.183
565.233 8.191
565.519 8.196
565.805 8.209
566.091 8.225
566.377 8.235
566.663 8.245
566.949 8.257
567.235 8.271
567.521 8.287
567.807 8.305
568.093 8.329
568.379 8.352
568.665 8.374
568.951 8.399
569.237 8.417
569.524 8.441
569.810 8.464
570.096 8.494
570.382 8.525
570.668 8.557
570.954 8.588
571.240 8.615
571.526 8.646
571.812 8.684
572.098 8.723
572.384 8.768
572.670 8.808
572.956 8.840
573.242 8.878
573.528 8.921
573.814 8.965
574.100 9.009
574.386 9.056
574.672 9.105
574.958 9.163
575.244 9.224
575.530 9.288
575.816 9.356
576.102 9.422
576.388 9.487
576.674 9.560
576.960 9.638
577.248 9.715
577.536 9.797
577.824 9.881
578.113 9.972
578.401 10.064
578.689 10.154
578.977 10.250
579.265 10.352
579.553 10.455
579.841 10.565
580.130 10.676
580.418 10.786
580.706 10.901
580.994 11.026
581.282 11.159
581.570 11.297
581.858 11.431
582.147 11.568
582.435 11.717
582.723 11.866
583.011 12.023
583.299 12.185
583.587 12.347
583.875 12.517
584.164 12.689
584.452 12.876
584.740 13.068
585.028 13.259
585.316 13.452
585.604 13.651
585.892 13.856
586.181 14.064
586.469 14.278
586.757 14.500
587.045 14.722
587.333 14.946
587.621 15.178
587.909 15.413
588.198 15.648
588.486 15.895
588.774 16.145
589.062 16.397
589.350 16.655
589.638 16.915
589.927 17.179
590.215 17.450
590.503 17.742
590.791 18.042
591.079 18.343
591.367 18.651
591.655 18.952
591.944 19.260
592.232 19.565
592.520 19.873
592.808 20.190
593.096 20.515
593.384 20.843
593.672 21.174
593.961 21.514
594.249 21.853
594.537 22.200
594.825 22.556
595.113 22.911
595.401 23.265
595.689 23.618
595.978 23.984
596.266 24.357
596.554 24.728
596.842 25.106
597.130 25.489
597.418 25.888
597.706 26.289
597.995 26.683
598.283 27.081
598.571 27.478
598.859 27.873
599.147 28.277
599.435 28.692
599.723 29.111
600.012 29.522
600.300 29.940
600.588 30.367
600.876 30.791
601.164 31.211
601.452 31.635
601.740 32.063
602.029 32.487
602.317 32.913
602.605 33.344
602.893 33.778
603.181 34.201
603.469 34.625
603.757 35.056
604.046 35.481
604.334 35.907
604.622 36.347
604.910 36.792
605.198 37.226
605.486 37.660
605.774 38.101
606.063 38.535
606.351 38.981
606.639 39.430
606.927 39.871
607.215 40.323
607.503 40.781
607.791 41.234
608.080 41.675
608.368 42.115
608.656 42.563
608.944 43.010
609.232 43.465
609.520 43.909
609.808 44.360
610.097 44.821
610.385 45.273
610.673 45.729
610.961 46.178
611.249 46.627
611.537 47.067
611.825 47.498
612.114 47.929
612.402 48.360
612.690 48.789
612.978 49.224
613.266 49.654
613.554 50.079
613.843 50.505
614.131 50.936
614.419 51.363
614.707 51.791
614.995 52.208
615.283 52.620
615.571 53.048
615.860 53.480
616.148 53.899
616.436 54.315
616.724 54.720
617.012 55.125
617.300 55.531
617.588 55.939
617.877 56.343
618.165 56.724
618.453 57.105
618.741 57.494
619.029 57.877
619.317 58.262
619.605 58.641
619.894 59.019
620.182 59.392
620.470 59.755
620.758 60.132
621.046 60.501
621.334 60.865
621.622 61.227
621.911 61.595
622.199 61.963
622.487 62.321
622.775 62.667
623.063 63.021
623.351 63.370
623.639 63.731
623.928 64.068
624.216 64.400
624.504 64.736
624.792 65.054
625.080 65.368
625.368 65.675
625.656 65.985
625.945 66.303
626.233 66.610
626.521 66.908
626.809 67.207
627.097 67.502
627.385 67.799
627.673 68.076
627.962 68.363
628.250 68.625
628.538 68.880
628.826 69.135
629.114 69.404
629.402 69.671
629.690 69.947
629.979 70.212
630.267 70.468
630.555 70.727
630.843 70.982
631.131 71.235
631.419 71.485
631.707 71.725
631.996 71.957
632.284 72.179
632.572 72.396
632.860 72.598
633.148 72.785
633.436 72.967
633.724 73.168
634.013 73.371
634.301 73.576
634.589 73.781
634.877 73.972
635.165 74.162
635.453 74.348
635.741 74.543
636.030 74.737
636.318 74.922
636.606 75.096
636.894 75.266
637.182 75.437
637.470 75.597
637.759 75.763
638.047 75.935
638.335 76.092
638.623 76.257
638.911 76.421
639.199 76.578
639.487 76.724
639.776 76.852
640.064 76.981
640.352 77.122
640.640 77.261
640.928 77.397
641.216 77.505
641.504 77.627
641.793 77.746
642.081 77.861
642.369 77.980
642.657 78.095
642.945 78.218
643.233 78.340
643.521 78.440
643.810 78.537
644.098 78.639
644.386 78.733
644.674 78.826
644.962 78.902
645.250 78.969
645.538 79.026
645.827 79.087
646.115 79.151
646.403 79.210
646.691 79.246
646.979 79.294
647.267 79.331
647.555 79.368
647.844 79.410
648.132 79.441
648.420 79.473
648.708 79.499
648.996 79.524
649.284 79.553
649.572 79.591
649.861 79.641
650.149 79.699
650.437 79.766
650.725 79.820
651.013 79.871
651.301 79.912
651.589 79.953
651.878 79.996
652.166 80.037
652.454 80.093
652.742 80.135
653.030 80.175
653.318 80.204
653.606 80.237
653.895 80.277
654.183 80.327
654.471 80.371
654.759 80.402
655.047 80.435
655.335 80.470
655.623 80.492
655.912 80.518
656.200 80.534
656.488 80.551
656.776 80.588
657.064 80.620
657.352 80.651
657.640 80.682
657.929 80.719
658.217 80.745
658.505 80.776
658.793 80.815
659.081 80.836
659.369 80.862
659.657 80.885
659.946 80.912
660.234 80.934
660.522 80.959
660.810 80.967
661.098 80.979
661.386 80.991
661.675 81.014
661.963 81.030
662.251 81.054
662.539 81.108
662.827 81.170
663.115 81.222
663.403 81.270
663.692 81.304
663.980 81.354
664.268 81.425
664.556 81.472
664.844 81.518
665.132 81.563
665.420 81.600
665.709 81.644
665.997 81.700
666.285 81.751
666.573 81.805
666.861 81.846
667.149 81.884
667.437 81.910
667.726 81.930
668.014 81.951
668.302 81.985
668.590 82.014
668.878 82.040
669.166 82.061
669.454 82.061
669.743 82.058
670.031 82.046
670.319 82.047
670.607 82.065
670.895 82.086
671.183 82.097
671.471 82.104
671.760 82.099
672.048 82.093
672.336 82.113
672.624 82.136
672.912 82.156
673.200 82.177
673.488 82.186
673.777 82.202
674.065 82.215
674.353 82.205
674.641 82.206
674.929 82.224
675.217 82.236
675.505 82.231
675.794 82.222
676.082 82.216
676.370 82.203
676.658 82.208
676.946 82.215
677.234 82.226
677.522 82.231
677.811 82.233
678.099 82.219
678.387 82.221
678.675 82.227
678.963 82.227
679.251 82.213
679.539 82.215
679.828 82.212
680.116 82.190
680.404 82.180
680.692 82.175
680.980 82.174
681.268 82.187
681.556 82.176
681.845 82.143
682.133 82.133
682.421 82.130
682.709 82.109
682.997 82.107
683.285 82.109
683.573 82.105
683.862 82.089
684.150 82.081
684.438 82.088
684.726 82.090
685.014 82.110
685.302 82.124
685.591 82.139
685.879 82.135
686.167 82.139
686.455 82.147
686.743 82.159
687.031 82.174
687.319 82.170
687.608 82.169
687.896 82.175
688.184 82.171
688.472 82.163
688.760 82.157
689.048 82.148
689.336 82.149
689.625 82.152
689.913 82.142
690.201 82.146
690.489 82.136
690.777 82.123
691.065 82.127
691.353 82.120
691.642 82.117
691.930 82.115
692.218 82.094
692.506 82.070
692.794 82.053
693.082 82.039
693.370 82.035
693.659 82.024
693.947 82.016
694.235 82.004
694.523 81.990
694.811 81.983
695.099 81.980
695.387 81.986
695.676 81.990
695.964 81.974
696.252 81.965
696.540 81.963
696.836 81.983
697.133 81.984
697.429 81.980
697.725 81.972
698.021 81.951
698.318 81.936
698.614 81.937
698.910 81.945
699.207 81.945
699.503 81.943
699.799 81.940
700.095 81.937
700.392 81.953
700.688 81.950
700.984 81.946
701.281 81.937
701.577 81.951
701.873 81.950
702.169 81.942
702.466 81.935
702.762 81.899
703.058 81.862
703.355 81.835
703.651 81.830
703.947 81.815
704.243 81.781
704.540 81.753
704.836 81.736
705.132 81.739
705.428 81.739
705.725 81.726
706.021 81.713
706.317 81.707
706.614 81.680
706.910 81.675
707.206 81.672
707.502 81.672
707.799 81.664
708.095 81.647
708.391 81.638
708.688 81.648
708.984 81.638
709.280 81.614
709.576 81.593
709.873 81.582
710.169 81.574
710.465 81.560
710.762 81.555
711.058 81.561
711.354 81.559
711.650 81.569
711.947 81.590
712.243 81.596
712.539 81.598
712.836 81.599
713.132 81.593
713.428 81.566
713.724 81.562
714.021 81.574
714.317 81.574
714.613 81.567
714.910 81.533
715.206 81.507
715.502 81.484
715.798 81.473
716.095 81.463
716.391 81.451
716.687 81.448
716.984 81.430
717.280 81.436
717.576 81.434
717.872 81.423
718.169 81.401
718.465 81.383
718.761 81.366
719.058 81.346
719.354 81.336
719.650 81.326
719.946 81.301
720.243 81.278
720.539 81.285
720.835 81.271
721.131 81.259
721.428 81.256
721.724 81.249
722.020 81.245
722.317 81.261
722.613 81.251
722.909 81.250
723.205 81.254
723.502 81.240
723.798 81.238
724.094 81.237
724.391 81.225
724.687 81.236
724.983 81.241
725.279 81.231
725.576 81.202
725.872 81.186
726.168 81.165
726.465 81.137
726.761 81.112
727.057 81.095
727.353 81.107
727.650 81.116
727.946 81.119
728.242 81.116
728.539 81.106
728.835 81.098
729.131 81.078
729.427 81.070
729.724 81.054
730.020 81.037
730.316 81.047
730.613 81.025
730.909 80.994
731.205 80.973
731.501 80.972
731.798 80.951
732.094 80.933
732.390 80.906
732.687 80.883
732.983 80.879
733.279 80.884
733.575 80.886
733.872 80.867
734.168 80.861
734.464 80.858
734.761 80.828
735.057 80.819
735.353 80.820
735.649 80.835
735.946 80.853
736.242 80.868
736.538 80.869
736.835 80.875
737.131 80.871
737.427 80.865
737.723 80.852
738.020 80.853
738.316 80.844
738.612 80.804
738.909 80.797
739.205 80.808
739.501 80.804
739.797 80.809
740.094 80.813
740.390 80.806
740.686 80.817
740.982 80.799
741.279 80.764
741.575 80.766
741.871 80.778
742.168 80.774
742.464 80.771
742.760 80.787
743.056 80.784
743.353 80.787
743.649 80.807
743.945 80.817
744.242 80.821
744.538 80.822
744.834 80.816
745.130 80.809
745.427 80.806
745.723 80.793
746.019 80.766
746.316 80.759
746.612 80.761
746.908 80.738
747.204 80.706
747.501 80.684
747.797 80.666
748.093 80.641
748.390 80.604
748.686 80.598
748.982 80.603
749.278 80.604
749.575 80.574
749.871 80.562
750.167 80.570
750.464 80.565
750.760 80.553
751.056 80.548
751.352 80.543
751.649 80.517
751.945 80.511
752.241 80.515
752.538 80.519
752.834 80.517
753.130 80.505
753.426 80.477
753.723 80.458
754.019 80.422
754.315 80.381
754.611 80.360
754.908 80.347
755.204 80.343
755.500 80.338
755.797 80.328
756.093 80.333
756.389 80.353
756.685 80.368
756.982 80.381
757.278 80.368
757.574 80.347
757.871 80.306
758.167 80.257
758.463 80.244
758.759 80.231
759.056 80.215
759.352 80.219
759.648 80.202
759.945 80.177
760.241 80.157
760.537 80.152
760.833 80.133
761.130 80.111
761.426 80.089
761.722 80.071
762.019 80.051
762.315 80.033
762.611 80.016
762.907 79.987
763.204 79.986
763.500 79.977
763.804 79.970
764.108 79.980
764.412 80.004
764.716 80.017
765.020 80.032
765.324 80.066
765.628 80.080
765.932 80.069
766.236 80.042
766.540 80.036
766.844 80.037
767.148 80.024
767.452 80.003
767.756 79.984
768.060 79.969
768.364 79.947
768.668 79.972
768.972 79.969
769.276 79.952
769.580 79.931
769.884 79.927
770.188 79.927
770.492 79.915
770.796 79.878
771.100 79.849
771.404 79.833
771.708 79.818
772.012 79.820
772.316 79.834
772.620 79.831
772.924 79.823
773.228 79.792
773.532 79.771
773.836 79.757
774.140 79.765
774.444 79.753
774.748 79.734
775.052 79.737
775.356 79.752
775.659 79.744
775.963 79.731
776.267 79.725
776.571 79.742
776.875 79.742
777.179 79.734
777.483 79.741
777.787 79.740
778.091 79.717
778.395 79.687
778.699 79.681
779.003 79.662
779.307 79.622
779.611 79.587
779.915 79.570
780.219 79.562
780.523 79.552
780.827 79.532
781.131 79.544
781.435 79.562
781.739 79.548
782.043 79.540
782.347 79.528
782.651 79.496
782.955 79.458
783.259 79.427
783.563 79.404
783.867 79.391
784.171 79.377
784.475 79.365
784.779 79.363
785.083 79.338
785.387 79.309
785.691 79.287
785.995 79.282
786.299 79.280
786.603 79.273
786.907 79.261
787.211 79.235
787.515 79.255
787.819 79.259
788.123 79.261
788.427 79.235
788.731 79.199
789.035 79.191
789.339 79.220
789.643 79.221
789.947 79.200
790.251 79.184
790.555 79.170
790.859 79.159
791.163 79.160
791.467 79.149
791.771 79.147
792.075 79.160
792.379 79.148
792.683 79.113
792.987 79.123
793.291 79.103
793.595 79.068
793.899 79.059
794.203 79.060
794.507 79.075
794.811 79.090
795.115 79.063
795.419 79.042
795.723 79.018
796.027 78.985
796.331 78.984
796.635 79.006
796.939 79.013
797.243 79.006
797.547 79.019
797.851 79.045
798.155 79.074
798.459 79.072
798.763 79.042
799.067 79.023
799.371 79.012
799.674 78.982
799.978 78.983
800.282 79.010
800.586 78.979
800.890 78.936
801.194 78.950
801.498 78.968
801.802 78.975
802.106 79.005
802.410 79.031
802.714 79.030
803.018 79.036
803.322 79.031
803.626 79.019
803.930 79.016
804.234 79.016
804.538 79.001
804.842 79.012
805.146 79.016
805.450 79.005
805.754 79.013
806.058 78.997
806.362 78.977
806.666 78.956
806.970 78.999
807.274 79.013
807.578 78.980
807.882 78.953
808.186 78.952
808.490 78.985
808.794 79.023
809.098 79.014
809.402 79.014
809.706 79.030
810.010 79.035
810.314 79.053
810.618 79.046
810.922 79.037
811.226 79.054
811.530 79.027
811.834 79.015
812.137 79.023
812.441 79.016
812.744 78.998
813.048 78.971
813.351 78.958
813.655 78.959
813.958 78.955
814.262 78.967
814.565 78.960
814.869 78.939
815.172 78.936
815.476 78.929
815.779 78.911
816.083 78.905
816.386 78.883
816.690 78.875
816.993 78.859
817.297 78.857
817.600 78.884
817.904 78.898
818.208 78.920
818.511 78.897
818.815 78.824
819.118 78.826
819.422 78.863
819.725 78.867
820.029 78.829
820.332 78.821
820.636 78.803
820.939 78.755
821.243 78.738
821.546 78.730
821.850 78.734
822.153 78.782
822.457 78.812
822.760 78.816
823.064 78.858
823.367 78.880
823.671 78.889
823.974 78.901
824.278 78.869
824.582 78.864
824.885 78.865
825.189 78.865
825.492 78.850
825.796 78.852
826.099 78.860
826.403 78.877
826.706 78.886
827.010 78.863
827.313 78.815
827.617 78.790
827.920 78.759
828.224 78.733
828.527 78.722
828.831 78.690
829.134 78.677
829.438 78.694
829.741 78.667
830.045 78.634
830.348 78.601
830.652 78.560
830.956 78.545
831.259 78.556
831.563 78.561
831.866 78.549
832.170 78.536
832.473 78.518
832.777 78.500
833.080 78.494
833.384 78.465
833.687 78.410
833.991 78.392
834.294 78.374
834.598 78.332
834.901 78.331
835.205 78.303
835.508 78.307
835.812 78.342
836.115 78.333
836.419 78.321
836.722 78.283
837.026 78.268
837.330 78.293
837.633 78.287
837.937 78.256
838.240 78.239
838.544 78.249
838.847 78.241
839.151 78.219
839.454 78.207
839.758 78.184
840.061 78.165
840.365 78.175
840.668 78.116
840.972 78.068
841.275 78.025
841.579 77.971
841.882 77.946
842.186 77.899
842.489 77.846
842.793 77.830
843.097 77.834
843.400 77.828
843.704 77.809
844.007 77.808
844.311 77.825
844.614 77.813
844.918 77.758
845.221 77.746
845.525 77.743
845.828 77.727
846.132 77.687
846.435 77.674
846.739 77.660
847.042 77.641
847.346 77.635
847.649 77.622
847.953 77.592
848.256 77.588
848.560 77.608
848.863 77.623
849.167 77.622
849.471 77.576
849.774 77.530
850.078 77.505
850.381 77.495
850.685 77.528
850.988 77.541
851.292 77.502
851.595 77.500
851.899 77.520
852.202 77.537
852.506 77.533
852.809 77.508
853.113 77.498
853.416 77.479
853.720 77.458
854.023 77.417
854.327 77.335
854.630 77.293
854.934 77.290
855.237 77.260
855.541 77.220
855.845 77.202
856.148 77.195
856.452 77.175
856.755 77.124
857.059 77.083
857.362 77.040
857.666 77.015
857.969 76.989
858.273 76.958
858.576 76.938
858.880 76.889
859.183 76.861
859.487 76.845
859.790 76.811
860.094 76.753
860.397 76.684
860.701 76.667
861.004 76.639
861.308 76.589
861.611 76.533
861.915 76.501
862.219 76.501
862.522 76.475
862.826 76.411
863.129 76.370
863.433 76.364
863.736 76.341
864.040 76.309
864.343 76.303
864.647 76.327
864.950 76.323
865.254 76.299
865.557 76.270
865.861 76.278
866.164 76.263
866.468 76.212
866.771 76.175
867.075 76.170
867.378 76.151
867.682 76.116
867.985 76.100
868.289 76.095
868.593 76.066
868.896 76.053
869.200 75.992
869.503 75.937
869.807 75.938
870.110 75.907
870.414 75.889
870.717 75.860
871.021 75.831
871.324 75.828
871.628 75.802
871.931 75.751
872.235 75.722
872.538 75.694
872.842 75.700
873.145 75.667
873.449 75.608
873.752 75.617
874.056 75.630
874.359 75.595
874.663 75.575
874.967 75.576
875.270 75.575
875.574 75.569
875.877 75.548
876.181 75.526
876.484 75.546
876.788 75.513
877.091 75.456
877.395 75.411
877.698 75.386
878.002 75.349
878.305 75.347
878.609 75.365
878.912 75.380
879.216 75.395
879.519 75.397
879.823 75.364
880.126 75.339
880.430 75.362
880.733 75.355
881.037 75.325
881.341 75.292
881.644 75.293
881.948 75.297
882.251 75.293
882.555 75.252
882.858 75.216
883.162 75.195
883.465 75.185
883.769 75.173
884.072 75.182
884.376 75.157
884.679 75.119
884.983 75.101
885.286 75.088
885.590 75.025
885.893 75.008
886.197 75.042
886.500 75.040
886.804 75.026
887.107 75.001
887.411 74.970
887.715 74.998
888.018 75.019
888.322 74.994
888.625 74.968
888.929 74.906
889.232 74.884
889.536 74.860
889.839 74.842
890.143 74.851
890.446 74.878
890.750 74.898
891.053 74.903
891.357 74.869
891.660 74.864
891.964 74.875
892.267 74.840
892.571 74.816
892.874 74.847
893.178 74.864
893.482 74.864
893.785 74.842
894.089 74.817
894.392 74.793
894.696 74.760
894.999 74.688
895.303 74.699
895.606 74.743
895.910 74.776
896.213 74.825
896.517 74.843
896.820 74.851
897.124 74.834
897.427 74.800
897.731 74.797
898.034 74.836
898.338 74.847
898.641 74.833
898.945 74.816
899.248 74.802
899.552 74.789
899.856 74.789
900.159 74.784
900.463 74.786
900.766 74.743
901.070 74.741
901.373 74.767
901.677 74.757
901.980 74.711
902.284 74.713
902.587 74.702
902.891 74.651
903.194 74.581
903.498 74.574
903.801 74.582
904.105 74.580
904.408 74.559
904.712 74.506
905.015 74.466
905.319 74.420
905.622 74.424
905.926 74.373
906.230 74.273
906.533 74.221
906.837 74.196
907.140 74.200
907.444 74.207
907.747 74.164
908.051 74.132
908.354 74.095
908.658 74.060
908.961 74.021
909.265 73.959
909.568 73.913
909.872 73.896
910.175 73.857
910.479 73.796
910.782 73.762
911.086 73.742
911.389 73.688
911.693 73.619
911.996 73.537
912.300 73.482
912.613 73.438
912.926 73.403
913.238 73.402
913.551 73.424
913.864 73.404
914.176 73.354
914.489 73.344
914.802 73.282
915.115 73.227
915.427 73.158
915.740 73.128
916.053 73.112
916.366 72.995
916.678 72.901
916.991 72.904
917.304 72.879
917.617 72.812
917.929 72.770
918.242 72.739
918.555 72.742
918.868 72.730
919.180 72.692
919.493 72.697
919.806 72.651
920.119 72.538
920.431 72.416
920.744 72.327
921.057 72.256
921.370 72.186
921.682 72.140
921.995 72.128
922.308 72.061
922.621 72.007
922.933 72.026
923.246 71.983
923.559 71.900
923.872 71.836
924.184 71.800
924.497 71.739
924.810 71.700
925.123 71.727
925.435 71.724
925.748 71.679
926.061 71.639
926.374 71.615
926.686 71.624
926.999 71.641
927.312 71.676
927.625 71.707
927.937 71.690
928.250 71.678
928.563 71.648
928.876 71.591
929.188 71.578
929.501 71.607
929.814 71.583
930.127 71.467
930.439 71.379
930.752 71.302
931.065 71.271
931.378 71.318
931.690 71.322
932.003 71.258
932.316 71.166
932.629 71.051
932.941 70.950
933.254 70.869
933.567 70.706
933.880 70.602
934.192 70.585
934.505 70.560
934.818 70.517
935.131 70.483
935.443 70.472
935.756 70.443
936.069 70.456
936.382 70.445
936.694 70.408
937.007 70.347
937.320 70.282
937.633 70.174
937.945 70.110
938.258 70.000
938.571 69.821
938.884 69.741
939.196 69.748
939.509 69.739
939.822 69.675
940.135 69.565
940.447 69.490
940.760 69.417
941.073 69.348
941.386 69.308
941.698 69.175
942.011 69.036
942.324 69.000
942.637 68.974
942.949 68.972
943.262 68.957
943.575 68.905
943.888 68.902
944.200 68.839
944.513 68.788
944.826 68.782
945.139 68.737
945.451 68.621
945.764 68.508
946.077 68.419
946.390 68.329
946.702 68.263
947.015 68.123
947.328 67.973
947.641 67.898
947.953 67.883
948.266 67.811
948.579 67.730
948.892 67.688
949.204 67.655
949.517 67.617
949.830 67.643
950.143 67.651
950.455 67.598
950.768 67.551
951.081 67.536
951.394 67.611
951.706 67.721
952.019 67.715
952.332 67.713
952.645 67.746
952.957 67.711
953.270 67.669
953.583 67.662
953.896 67.637
954.208 67.588
954.521 67.596
954.834 67.574
955.147 67.469
955.459 67.372
955.772 67.280
956.085 67.193
956.398 67.143
956.710 67.148
957.023 67.115
957.336 67.108
957.649 67.132
957.961 67.221
958.274 67.313
958.587 67.325
958.900 67.361
959.212 67.350
959.525 67.242
959.838 67.237
960.151 67.243
960.463 67.180
960.776 67.190
961.089 67.189
961.402 67.146
961.714 67.110
962.027 67.010
962.340 66.932
962.653 66.925
962.965 66.844
963.278 66.713
963.591 66.547
963.904 66.410
964.216 66.349
964.529 66.350
964.842 66.351
965.154 66.340
965.467 66.266
965.780 66.137
966.094 66.127
966.409 66.188
966.723 66.223
967.037 66.152
967.352 66.113
967.666 66.079
967.980 66.129
968.295 66.180
968.609 66.133
968.923 66.013
969.238 65.970
969.552 65.920
969.866 65.934
970.181 65.931
970.495 65.762
970.809 65.589
971.124 65.538
971.438 65.440
971.752 65.432
972.067 65.480
972.381 65.414
972.695 65.303
973.010 65.230
973.324 65.207
973.638 65.118
973.953 65.047
974.267 65.039
974.581 65.042
974.896 65.012
975.210 65.043
975.524 65.018
975.839 64.957
976.153 64.965
976.467 64.978
976.781 64.999
977.096 64.888
977.410 64.663
977.724 64.619
978.039 64.627
978.353 64.715
978.667 64.887
978.982 64.913
979.296 64.933
979.610 64.983
979.925 64.920
980.239 64.828
980.553 64.774
980.868 64.765
981.182 64.767
981.496 64.766
981.811 64.624
982.125 64.583
982.439 64.649
982.754 64.754
983.068 64.803
983.382 64.810
983.697 64.775
984.011 64.715
984.325 64.662
984.640 64.636
984.954 64.678
985.268 64.654
985.583 64.620
985.897 64.608
986.211 64.718
986.526 64.701
986.840 64.688
987.154 64.666
987.469 64.619
987.783 64.614
988.097 64.594
988.412 64.407
988.726 64.292
989.040 64.174
989.355 64.094
989.669 64.131
989.983 64.108
990.298 64.068
990.612 64.170
990.926 64.140
991.241 64.112
991.555 64.163
991.869 64.134
992.184 64.075
992.498 64.029
992.812 64.025
993.127 64.079
993.441 63.980
993.755 63.844
994.070 63.739
994.384 63.647
994.698 63.571
995.013 63.576
995.327 63.541
995.641 63.452
995.956 63.378
996.270 63.318
996.584 63.344
996.899 63.364
997.213 63.373
997.527 63.214
997.841 62.995
998.156 62.888
998.470 62.742
998.784 62.628
999.099 62.651
999.413 62.634
999.727 62.576
