200.182 95.111
200.437 94.506
200.691 94.140
200.946 93.296
201.201 92.162
201.455 91.556
201.710 91.080
201.964 90.446
202.219 89.857
202.474 89.044
202.728 88.718
202.983 87.673
203.237 86.726
203.492 85.283
203.747 83.663
204.001 82.390
204.256 81.272
204.510 80.148
204.765 78.703
205.020 77.274
205.274 76.156
205.529 75.112
205.783 74.240
206.038 73.399
206.293 72.882
206.547 71.907
206.802 71.202
207.057 70.286
207.311 69.111
207.566 67.513
207.820 66.123
208.075 64.985
208.330 64.321
208.584 63.104
208.839 61.999
209.093 61.315
209.348 60.562
209.603 59.695
209.857 58.901
210.112 58.262
210.366 57.771
210.621 57.103
210.876 56.171
211.130 55.211
211.385 54.264
211.639 53.257
211.894 52.400
212.149 51.301
212.403 50.526
212.658 49.844
212.913 49.244
213.167 48.752
213.422 48.100
213.676 47.274
213.931 46.735
214.186 46.413
214.440 45.852
214.695 45.556
214.949 45.235
215.204 44.827
215.459 44.066
215.713 43.582
215.968 43.319
216.222 43.251
216.477 42.917
216.732 42.619
216.986 42.533
217.241 42.491
217.495 42.394
217.750 42.178
218.005 41.747
218.259 41.451
218.514 41.028
218.769 40.423
219.023 40.028
219.278 39.557
219.532 38.943
219.787 38.303
220.042 37.586
220.296 37.053
220.551 36.584
220.805 36.221
221.060 35.852
221.315 35.437
221.569 34.860
221.824 34.316
222.078 33.847
222.333 33.253
222.588 32.658
222.842 32.369
223.097 31.997
223.351 31.805
223.606 31.473
223.861 31.010
224.115 30.632
224.370 30.196
224.625 29.829
224.879 29.481
225.134 29.235
225.388 28.846
225.643 28.501
225.898 28.177
226.152 27.887
226.407 27.595
226.661 27.192
226.916 26.760
227.171 26.529
227.425 26.215
227.680 25.894
227.934 25.610
228.189 25.244
228.444 24.842
228.698 24.438
228.953 24.126
229.208 23.843
229.462 23.562
229.717 23.325
229.971 23.085
230.226 22.933
230.481 22.788
230.735 22.584
230.990 22.289
231.244 22.103
231.499 21.960
231.754 21.773
232.008 21.655
232.263 21.609
232.517 21.517
232.772 21.395
233.027 21.350
233.281 21.217
233.536 21.106
233.790 21.071
234.045 21.026
234.300 21.001
234.554 20.968
234.809 20.943
235.064 20.865
235.318 20.867
235.573 20.844
235.827 20.809
236.082 20.818
236.337 20.847
236.591 20.861
236.846 20.867
237.100 20.867
237.355 20.875
237.610 20.890
237.864 20.915
238.119 20.947
238.373 20.986
238.628 21.111
238.883 21.187
239.137 21.194
239.392 21.219
239.646 21.272
239.901 21.314
240.156 21.373
240.410 21.439
240.665 21.513
240.920 21.568
241.174 21.632
241.429 21.704
241.683 21.804
241.938 21.887
242.193 21.949
242.447 22.033
242.702 22.126
242.956 22.221
243.211 22.307
243.466 22.411
243.720 22.482
243.975 22.506
244.229 22.557
244.484 22.651
244.739 22.738
244.993 22.821
245.248 22.916
245.503 23.002
245.757 23.120
246.012 23.220
246.266 23.324
246.521 23.421
246.776 23.503
247.030 23.566
247.285 23.631
247.539 23.704
247.794 23.750
248.049 23.792
248.303 23.861
248.558 23.929
248.812 23.972
249.067 24.050
249.322 24.110
249.576 24.169
249.831 24.228
250.085 24.310
250.340 24.375
250.595 24.450
250.849 24.519
251.104 24.591
251.359 24.673
251.613 24.721
251.868 24.786
252.122 24.836
252.377 24.893
252.632 24.947
252.886 25.021
253.141 25.091
253.395 25.155
253.650 25.186
253.905 25.257
254.161 25.324
254.416 25.393
254.672 25.440
254.927 25.511
255.183 25.594
255.438 25.663
255.694 25.744
255.949 25.829
256.205 25.889
256.460 25.934
256.715 25.976
256.971 26.058
257.226 26.112
257.482 26.208
257.737 26.325
257.993 26.384
258.248 26.416
258.504 26.489
258.759 26.567
259.014 26.632
259.270 26.657
259.525 26.707
259.781 26.756
260.036 26.860
260.292 26.944
260.547 27.013
260.803 27.060
261.058 27.072
261.314 27.058
261.569 27.094
261.824 27.106
262.080 27.145
262.335 27.182
262.591 27.202
262.846 27.219
263.102 27.206
263.357 27.269
263.613 27.320
263.868 27.352
264.123 27.375
264.379 27.416
264.634 27.485
264.890 27.550
265.145 27.635
265.401 27.688
265.656 27.729
265.912 27.760
266.167 27.785
266.423 27.832
266.678 27.893
266.933 27.940
267.189 28.044
267.444 28.080
267.700 28.116
267.955 28.205
268.211 28.247
268.466 28.295
268.722 28.340
268.977 28.405
269.232 28.457
269.488 28.494
269.743 28.532
269.999 28.546
270.254 28.568
270.510 28.552
270.765 28.561
271.021 28.572
271.276 28.580
271.532 28.588
271.787 28.639
272.042 28.706
272.298 28.763
272.553 28.764
272.809 28.797
273.064 28.823
273.320 28.827
273.575 28.884
273.831 28.922
274.086 28.956
274.342 29.026
274.597 29.085
274.852 29.155
275.108 29.224
275.363 29.318
275.619 29.374
275.874 29.407
276.130 29.433
276.385 29.510
276.641 29.582
276.896 29.647
277.151 29.701
277.407 29.709
277.662 29.698
277.918 29.741
278.173 29.812
278.429 29.902
278.684 29.978
278.940 29.993
279.195 30.041
279.451 30.086
279.706 30.101
279.961 30.111
280.217 30.108
280.472 30.096
280.728 30.082
280.983 30.087
281.239 30.124
281.494 30.198
281.750 30.226
282.005 30.265
282.260 30.336
282.516 30.372
282.771 30.431
283.027 30.485
283.282 30.530
283.538 30.556
283.793 30.564
284.049 30.594
284.304 30.651
284.560 30.709
284.815 30.744
285.070 30.767
285.326 30.823
285.581 30.887
285.837 30.974
286.092 31.066
286.348 31.162
286.603 31.230
286.859 31.270
287.114 31.300
287.369 31.366
287.625 31.408
287.880 31.456
288.136 31.536
288.391 31.629
288.647 31.688
288.902 31.763
289.158 31.844
289.413 31.880
289.669 31.924
289.924 31.990
290.179 32.061
290.435 32.144
290.690 32.210
290.946 32.280
291.201 32.346
291.457 32.424
291.712 32.489
291.968 32.553
292.223 32.620
292.479 32.696
292.734 32.763
292.989 32.834
293.245 32.931
293.500 33.013
293.756 33.104
294.011 33.193
294.267 33.272
294.522 33.350
294.778 33.452
295.033 33.569
295.288 33.655
295.544 33.755
295.799 33.856
296.055 33.960
296.310 34.061
296.566 34.150
296.821 34.209
297.077 34.277
297.332 34.359
297.588 34.422
297.843 34.493
298.098 34.572
298.354 34.651
298.609 34.720
298.865 34.802
299.120 34.890
299.376 34.966
299.631 35.047
299.887 35.122
300.142 35.197
300.397 35.266
300.653 35.335
300.908 35.407
301.164 35.478
301.419 35.533
301.675 35.606
301.930 35.693
302.186 35.781
302.441 35.846
302.697 35.908
302.952 35.983
303.207 36.078
303.463 36.158
303.718 36.246
303.974 36.317
304.229 36.364
304.485 36.407
304.740 36.468
304.996 36.522
305.251 36.581
305.506 36.659
305.762 36.712
306.017 36.770
306.273 36.809
306.528 36.856
306.784 36.917
307.039 36.959
307.295 36.991
307.550 37.051
307.806 37.135
308.061 37.211
308.316 37.252
308.572 37.272
308.827 37.327
309.083 37.383
309.338 37.446
309.594 37.512
309.849 37.560
310.105 37.635
310.360 37.710
310.615 37.781
310.871 37.822
311.126 37.882
311.382 37.990
311.637 38.104
311.893 38.185
312.148 38.288
312.404 38.392
312.659 38.478
312.915 38.571
313.170 38.669
313.429 38.750
313.688 38.859
313.947 38.989
314.206 39.096
314.465 39.162
314.724 39.228
314.983 39.317
315.242 39.400
315.501 39.457
315.760 39.516
316.019 39.569
316.278 39.651
316.536 39.742
316.795 39.802
317.054 39.845
317.313 39.900
317.572 39.931
317.831 39.974
318.090 40.035
318.349 40.092
318.608 40.139
318.867 40.231
319.126 40.326
319.385 40.388
319.644 40.427
319.903 40.478
320.162 40.526
320.421 40.549
320.680 40.629
320.939 40.720
321.198 40.813
321.457 40.902
321.716 40.959
321.975 41.024
322.234 41.116
322.493 41.188
322.752 41.287
323.010 41.418
323.269 41.541
323.528 41.632
323.787 41.723
324.046 41.800
324.305 41.863
324.564 41.940
324.823 42.053
325.082 42.182
325.341 42.322
325.600 42.434
325.859 42.557
326.118 42.661
326.377 42.741
326.636 42.832
326.895 42.919
327.154 43.043
327.413 43.153
327.672 43.238
327.931 43.380
328.190 43.477
328.449 43.571
328.708 43.666
328.967 43.780
329.226 43.872
329.485 43.958
329.743 44.060
330.002 44.137
330.261 44.194
330.520 44.281
330.779 44.408
331.038 44.587
331.297 44.760
331.556 44.898
331.815 45.006
332.074 45.146
332.333 45.268
332.592 45.377
332.851 45.517
333.110 45.620
333.369 45.662
333.628 45.764
333.887 45.878
334.146 45.980
334.405 46.097
334.664 46.225
334.923 46.366
335.182 46.487
335.441 46.611
335.700 46.741
335.959 46.860
336.217 46.965
336.476 47.046
336.735 47.138
336.994 47.245
337.253 47.421
337.512 47.563
337.771 47.723
338.030 47.878
338.289 48.009
338.548 48.139
338.807 48.262
339.066 48.384
339.325 48.490
339.584 48.611
339.843 48.747
340.102 48.923
340.361 49.082
340.620 49.202
340.879 49.335
341.138 49.481
341.397 49.583
341.656 49.691
341.915 49.839
342.174 49.949
342.433 50.084
342.691 50.181
342.950 50.246
343.209 50.315
343.468 50.443
343.727 50.539
343.986 50.673
344.245 50.876
344.504 51.017
344.763 51.148
345.022 51.296
345.281 51.423
345.540 51.480
345.799 51.537
346.058 51.639
346.317 51.745
346.576 51.823
346.835 51.946
347.094 52.062
347.353 52.117
347.612 52.197
347.871 52.277
348.130 52.372
348.389 52.504
348.648 52.615
348.907 52.679
349.166 52.790
349.424 52.883
349.683 52.964
349.942 53.110
350.201 53.246
350.460 53.330
350.719 53.407
350.978 53.504
351.237 53.652
351.496 53.789
351.755 53.901
352.014 54.023
352.273 54.110
352.532 54.195
352.791 54.317
353.050 54.452
353.309 54.558
353.568 54.663
353.827 54.750
354.086 54.870
354.345 55.002
354.604 55.091
354.863 55.144
355.122 55.187
355.381 55.238
355.640 55.322
355.898 55.420
356.157 55.477
356.416 55.548
356.675 55.631
356.934 55.699
357.193 55.788
357.452 55.897
357.711 55.980
357.970 56.053
358.229 56.162
358.488 56.194
358.747 56.234
359.006 56.353
359.265 56.469
359.524 56.518
359.783 56.538
360.042 56.543
360.301 56.644
360.560 56.782
360.819 56.865
361.078 56.922
361.337 57.000
361.596 57.110
361.855 57.202
362.114 57.269
362.372 57.349
362.631 57.453
362.890 57.583
363.149 57.707
363.408 57.737
363.667 57.769
363.926 57.881
364.185 57.987
364.444 58.004
364.703 58.026
364.962 58.136
365.221 58.240
365.480 58.415
365.745 58.566
366.009 58.627
366.274 58.683
366.539 58.772
366.804 58.882
367.068 58.962
367.333 59.044
367.598 59.136
367.863 59.235
368.127 59.296
368.392 59.303
368.657 59.375
368.921 59.522
369.186 59.665
369.451 59.806
369.716 59.918
369.980 60.046
370.245 60.142
370.510 60.240
370.775 60.335
371.039 60.353
371.304 60.373
371.569 60.447
371.834 60.561
372.098 60.607
372.363 60.612
372.628 60.724
372.892 60.807
373.157 60.875
373.422 60.977
373.687 61.050
373.951 61.109
374.216 61.143
374.481 61.182
374.746 61.193
375.010 61.195
375.275 61.277
375.540 61.291
375.804 61.327
376.069 61.370
376.334 61.429
376.599 61.561
376.863 61.634
377.128 61.700
377.393 61.766
377.658 61.878
377.922 61.984
378.187 62.026
378.452 62.113
378.716 62.180
378.981 62.178
379.246 62.205
379.511 62.295
379.775 62.383
380.040 62.528
380.305 62.664
380.570 62.730
380.834 62.777
381.099 62.901
381.364 62.968
381.629 63.039
381.893 63.114
382.158 63.183
382.423 63.253
382.687 63.313
382.952 63.339
383.217 63.370
383.482 63.438
383.746 63.516
384.011 63.544
384.276 63.582
384.541 63.703
384.805 63.854
385.070 63.955
385.335 64.039
385.599 64.037
385.864 64.065
386.129 64.167
386.394 64.241
386.658 64.280
386.923 64.396
387.188 64.462
387.453 64.499
387.717 64.506
387.982 64.569
388.247 64.631
388.511 64.716
388.776 64.807
389.041 64.885
389.306 64.926
389.570 65.005
389.835 65.067
390.100 65.084
390.365 65.074
390.629 65.050
390.894 65.084
391.159 65.158
391.424 65.219
391.688 65.277
391.953 65.341
392.218 65.440
392.482 65.499
392.747 65.533
393.012 65.584
393.277 65.658
393.541 65.690
393.806 65.737
394.071 65.765
394.336 65.754
394.600 65.744
394.865 65.798
395.130 65.801
395.394 65.806
395.659 65.857
395.924 65.938
396.189 66.059
396.453 66.115
396.718 66.122
396.983 66.141
397.248 66.149
397.512 66.156
397.777 66.155
398.042 66.203
398.306 66.286
398.571 66.365
398.836 66.421
399.101 66.462
399.365 66.525
399.630 66.604
399.895 66.663
400.160 66.705
400.424 66.710
400.689 66.798
400.954 66.884
401.219 66.924
401.483 66.980
401.748 67.025
402.013 67.065
402.277 67.117
402.542 67.123
402.807 67.123
403.072 67.130
403.336 67.137
403.601 67.118
403.866 67.141
404.131 67.166
404.395 67.151
404.660 67.174
404.929 67.218
405.198 67.231
405.466 67.293
405.735 67.373
406.004 67.422
406.273 67.447
406.542 67.497
406.810 67.536
407.079 67.505
407.348 67.472
407.617 67.511
407.886 67.592
408.154 67.704
408.423 67.826
408.692 67.926
408.961 68.030
409.229 68.114
409.498 68.180
409.767 68.243
410.036 68.312
410.305 68.375
410.573 68.397
410.842 68.445
411.111 68.448
411.380 68.484
411.649 68.551
411.917 68.604
412.186 68.658
412.455 68.729
412.724 68.811
412.993 68.873
413.261 68.866
413.530 68.884
413.799 68.909
414.068 68.937
414.337 68.930
414.605 68.926
414.874 68.992
415.143 69.013
415.412 68.991
415.681 69.010
415.949 69.069
416.218 69.136
416.487 69.174
416.756 69.289
417.024 69.347
417.293 69.363
417.562 69.395
417.831 69.436
418.100 69.453
418.368 69.466
418.637 69.489
418.906 69.587
419.175 69.651
419.444 69.674
419.712 69.698
419.981 69.756
420.250 69.813
420.519 69.792
420.788 69.787
421.056 69.840
421.325 69.903
421.594 69.900
421.863 69.927
422.132 69.991
422.400 69.963
422.669 69.948
422.938 69.978
423.207 70.034
423.476 70.083
423.744 70.180
424.013 70.302
424.282 70.368
424.551 70.357
424.819 70.318
425.088 70.319
425.357 70.324
425.626 70.340
425.895 70.403
426.163 70.440
426.432 70.491
426.701 70.581
426.970 70.643
427.239 70.695
427.507 70.694
427.776 70.688
428.045 70.739
428.314 70.785
428.583 70.819
428.851 70.804
429.120 70.797
429.389 70.772
429.658 70.697
429.927 70.715
430.195 70.771
430.464 70.857
430.733 70.887
431.002 70.908
431.271 70.964
431.539 70.967
431.808 71.030
432.077 71.084
432.346 71.063
432.614 71.048
432.883 71.068
433.152 71.125
433.421 71.174
433.690 71.212
433.958 71.222
434.227 71.246
434.496 71.285
434.765 71.320
435.034 71.331
435.302 71.396
435.571 71.431
435.840 71.442
436.116 71.472
436.393 71.582
436.669 71.684
436.945 71.720
437.221 71.774
437.498 71.845
437.774 71.887
438.050 71.968
438.326 72.045
438.603 72.151
438.879 72.211
439.155 72.228
439.431 72.296
439.708 72.382
439.984 72.455
440.260 72.521
440.537 72.569
440.813 72.599
441.089 72.613
441.365 72.633
441.642 72.695
441.918 72.755
442.194 72.750
442.470 72.744
442.747 72.766
443.023 72.751
443.299 72.724
443.575 72.727
443.852 72.736
444.128 72.754
444.404 72.730
444.680 72.711
444.957 72.793
445.233 72.806
445.509 72.819
445.786 72.844
446.062 72.884
446.338 72.894
446.614 72.969
446.891 73.020
447.167 73.014
447.443 73.015
447.719 73.015
447.996 73.040
448.272 73.065
448.548 73.083
448.824 73.102
449.101 73.104
449.377 73.138
449.653 73.123
449.930 73.101
450.206 73.067
450.482 73.053
450.758 73.045
451.035 73.046
451.311 73.056
451.587 73.060
451.863 73.052
452.140 73.067
452.416 73.063
452.692 73.095
452.968 73.179
453.245 73.196
453.521 73.181
453.797 73.193
454.074 73.210
454.350 73.217
454.626 73.234
454.902 73.291
455.179 73.325
455.455 73.351
455.731 73.390
456.007 73.458
456.284 73.527
456.560 73.553
456.836 73.553
457.112 73.563
457.389 73.552
457.665 73.535
457.941 73.514
458.218 73.483
458.494 73.459
458.770 73.419
459.046 73.419
459.323 73.442
459.599 73.429
459.875 73.440
460.151 73.434
460.428 73.405
460.704 73.336
460.980 73.274
461.256 73.302
461.533 73.325
461.809 73.323
462.085 73.348
462.361 73.306
462.638 73.281
462.914 73.292
463.190 73.341
463.467 73.358
463.743 73.401
464.019 73.455
464.295 73.484
464.572 73.514
464.848 73.524
465.124 73.516
465.400 73.532
465.677 73.546
465.953 73.556
466.229 73.581
466.505 73.634
466.782 73.679
467.058 73.732
467.334 73.780
467.611 73.816
467.887 73.832
468.163 73.879
468.439 73.937
468.716 73.935
468.992 73.939
469.268 73.988
469.544 74.010
469.821 73.982
470.097 73.982
470.373 73.951
470.649 73.969
470.926 74.021
471.202 74.035
471.478 74.055
471.755 74.140
472.031 74.210
472.307 74.223
472.583 74.233
472.860 74.184
473.136 74.145
473.412 74.140
473.688 74.110
473.965 74.062
474.241 74.024
474.517 74.041
474.793 74.033
475.070 74.025
475.346 74.033
475.622 74.084
475.899 74.113
476.175 74.153
476.451 74.199
476.727 74.206
477.004 74.189
477.280 74.186
477.556 74.168
477.832 74.153
478.109 74.163
478.385 74.175
478.661 74.221
478.937 74.270
479.214 74.289
479.490 74.287
479.766 74.353
480.043 74.441
480.319 74.481
480.595 74.542
480.871 74.567
481.148 74.567
481.424 74.547
481.700 74.508
481.976 74.480
482.253 74.429
482.529 74.424
482.805 74.453
483.081 74.438
483.358 74.401
483.634 74.386
483.910 74.397
484.186 74.390
484.463 74.347
484.739 74.306
485.015 74.314
485.292 74.365
485.568 74.343
485.844 74.335
486.120 74.336
486.397 74.295
486.673 74.297
486.949 74.314
487.225 74.365
487.502 74.437
487.778 74.514
488.054 74.578
488.330 74.625
488.607 74.693
488.883 74.739
489.159 74.784
489.436 74.838
489.712 74.885
489.988 74.951
490.264 75.026
490.541 75.073
490.817 75.084
491.093 75.089
491.369 75.131
491.646 75.108
491.922 75.127
492.198 75.156
492.474 75.205
492.751 75.268
493.027 75.295
493.303 75.323
493.580 75.350
493.856 75.383
494.132 75.387
494.408 75.358
494.685 75.396
494.961 75.441
495.237 75.457
495.513 75.482
495.790 75.472
496.066 75.434
496.342 75.454
496.618 75.522
496.895 75.585
497.171 75.641
497.447 75.705
497.724 75.721
498.000 75.752
498.276 75.748
498.552 75.750
498.829 75.777
499.105 75.788
499.381 75.817
499.657 75.843
499.934 75.888
500.210 75.949
500.486 75.978
500.762 76.010
501.039 76.044
501.315 76.070
501.591 76.140
501.867 76.241
502.144 76.291
502.420 76.310
502.696 76.321
502.973 76.336
503.249 76.367
503.525 76.433
503.801 76.488
504.078 76.536
504.354 76.560
504.630 76.583
504.906 76.615
505.183 76.626
505.459 76.630
505.735 76.629
506.011 76.648
506.288 76.662
506.564 76.649
506.840 76.666
507.117 76.689
507.393 76.706
507.669 76.714
507.945 76.715
508.222 76.737
508.498 76.770
508.774 76.783
509.050 76.777
509.327 76.758
509.603 76.778
509.879 76.788
510.155 76.822
510.432 76.842
510.708 76.857
510.984 76.899
511.261 76.962
511.537 77.019
511.813 77.085
512.089 77.145
512.366 77.205
512.642 77.253
512.918 77.290
513.194 77.335
513.471 77.392
513.747 77.425
514.023 77.424
514.299 77.437
514.576 77.460
514.852 77.511
515.128 77.569
515.405 77.595
515.681 77.632
515.957 77.675
516.233 77.730
516.510 77.750
516.786 77.816
517.062 77.875
517.338 77.901
517.615 77.910
517.891 77.906
518.167 77.929
518.443 77.963
518.720 78.023
518.996 78.019
519.272 78.003
519.548 78.044
519.825 78.099
520.101 78.137
520.377 78.183
520.654 78.222
520.930 78.277
521.206 78.311
521.482 78.344
521.759 78.361
522.035 78.384
522.311 78.455
522.587 78.471
522.864 78.462
523.140 78.472
523.416 78.479
523.692 78.484
523.969 78.475
524.245 78.460
524.521 78.418
524.798 78.401
525.074 78.429
525.350 78.450
525.626 78.450
525.903 78.454
526.179 78.452
526.455 78.410
526.731 78.360
527.008 78.354
527.284 78.345
527.560 78.346
527.836 78.299
528.113 78.260
528.389 78.252
528.665 78.250
528.942 78.289
529.218 78.316
529.494 78.348
529.770 78.387
530.047 78.425
530.323 78.478
530.599 78.527
530.875 78.543
531.152 78.562
531.428 78.572
531.704 78.572
531.980 78.621
532.257 78.670
532.533 78.708
532.809 78.747
533.086 78.781
533.362 78.789
533.638 78.842
533.914 78.900
534.191 78.931
534.467 78.948
534.743 78.953
535.019 78.985
535.296 78.987
535.572 79.012
535.848 79.026
536.124 78.998
536.401 79.008
536.677 79.023
536.953 79.030
537.230 79.050
537.506 79.088
537.782 79.077
538.058 79.095
538.335 79.087
538.611 79.100
538.887 79.132
539.163 79.164
539.440 79.163
539.716 79.160
539.992 79.185
540.268 79.213
540.545 79.233
540.821 79.225
541.097 79.258
541.373 79.270
541.650 79.294
541.926 79.350
542.202 79.352
542.479 79.354
542.755 79.350
543.031 79.345
543.307 79.361
543.584 79.403
543.860 79.462
544.136 79.531
544.412 79.539
544.689 79.559
544.965 79.593
545.241 79.628
545.517 79.681
545.794 79.713
546.070 79.756
546.356 79.780
546.642 79.763
546.928 79.767
547.214 79.827
547.500 79.878
547.786 79.915
548.072 79.981
548.358 80.021
548.644 80.038
548.930 80.065
549.216 80.093
549.502 80.110
549.788 80.122
550.074 80.125
550.360 80.150
550.646 80.156
550.932 80.113
551.218 80.112
551.504 80.099
551.790 80.108
552.076 80.086
552.362 80.090
552.648 80.149
552.934 80.192
553.220 80.196
553.506 80.156
553.793 80.098
554.079 80.072
554.365 80.090
554.651 80.136
554.937 80.171
555.223 80.185
555.509 80.168
555.795 80.167
556.081 80.184
556.367 80.194
556.653 80.216
556.939 80.256
557.225 80.254
557.511 80.274
557.797 80.243
558.083 80.255
558.369 80.279
558.655 80.305
558.941 80.324
559.227 80.328
559.513 80.396
559.799 80.483
560.085 80.518
560.371 80.539
560.657 80.556
560.943 80.558
561.229 80.533
561.515 80.586
561.801 80.615
562.087 80.636
562.373 80.652
562.659 80.620
562.945 80.628
563.231 80.673
563.517 80.681
563.803 80.707
564.089 80.696
564.375 80.654
564.661 80.627
564.947 80.637
565.233 80.632
565.519 80.584
565.805 80.554
566.091 80.526
566.377 80.458
566.663 80.395
566.949 80.417
567.235 80.459
567.521 80.440
567.807 80.415
568.093 80.392
568.379 80.341
568.665 80.322
568.951 80.305
569.237 80.269
569.524 80.226
569.810 80.157
570.096 80.145
570.382 80.116
570.668 80.088
570.954 80.036
571.240 80.000
571.526 79.992
571.812 79.949
572.098 79.939
572.384 79.966
572.670 79.944
572.956 79.879
573.242 79.819
573.528 79.740
573.814 79.681
574.100 79.650
574.386 79.619
574.672 79.607
574.958 79.616
575.244 79.620
575.530 79.598
575.816 79.599
576.102 79.578
576.388 79.589
576.674 79.583
576.960 79.562
577.248 79.495
577.536 79.471
577.824 79.475
578.113 79.469
578.401 79.423
578.689 79.407
578.977 79.402
579.265 79.396
579.553 79.398
579.841 79.379
580.130 79.357
580.418 79.340
580.706 79.332
580.994 79.307
581.282 79.275
581.570 79.285
581.858 79.308
582.147 79.319
582.435 79.299
582.723 79.267
583.011 79.235
583.299 79.258
583.587 79.231
583.875 79.204
584.164 79.198
584.452 79.226
584.740 79.260
585.028 79.283
585.316 79.270
585.604 79.288
585.892 79.335
586.181 79.372
586.469 79.409
586.757 79.422
587.045 79.425
587.333 79.408
587.621 79.421
587.909 79.460
588.198 79.486
588.486 79.493
588.774 79.506
589.062 79.546
589.350 79.561
589.638 79.599
589.927 79.612
590.215 79.618
590.503 79.618
590.791 79.638
591.079 79.627
591.367 79.625
591.655 79.642
591.944 79.611
592.232 79.579
592.520 79.579
592.808 79.591
593.096 79.596
593.384 79.628
593.672 79.625
593.961 79.554
594.249 79.523
594.537 79.509
594.825 79.491
595.113 79.461
595.401 79.434
595.689 79.414
595.978 79.359
596.266 79.322
596.554 79.317
596.842 79.291
597.130 79.269
597.418 79.251
597.706 79.177
597.995 79.163
598.283 79.169
598.571 79.154
598.859 79.128
599.147 79.100
599.435 79.089
599.723 79.061
600.012 79.064
600.300 79.059
600.588 79.068
600.876 79.065
601.164 79.055
601.452 79.057
601.740 79.048
602.029 79.079
602.317 79.075
602.605 79.038
602.893 79.033
603.181 79.052
603.469 79.086
603.757 79.122
604.046 79.115
604.334 79.100
604.622 79.104
604.910 79.108
605.198 79.126
605.486 79.112
605.774 79.103
606.063 79.080
606.351 79.051
606.639 79.039
606.927 79.035
607.215 79.032
607.503 79.034
607.791 79.055
608.080 79.070
608.368 79.086
608.656 79.110
608.944 79.118
609.232 79.121
609.520 79.125
609.808 79.126
610.097 79.165
610.385 79.187
610.673 79.184
610.961 79.150
611.249 79.126
611.537 79.134
611.825 79.159
612.114 79.180
612.402 79.196
612.690 79.206
612.978 79.227
613.266 79.244
613.554 79.279
613.843 79.225
614.131 79.177
614.419 79.189
614.707 79.183
614.995 79.180
615.283 79.142
615.571 79.075
615.860 79.084
616.148 79.058
616.436 79.044
616.724 79.046
617.012 79.082
617.300 79.096
617.588 79.095
617.877 79.080
618.165 79.079
618.453 79.106
618.741 79.133
619.029 79.164
619.317 79.192
619.605 79.189
619.894 79.223
620.182 79.303
620.470 79.322
620.758 79.365
621.046 79.345
621.334 79.357
621.622 79.430
621.911 79.444
622.199 79.489
622.487 79.509
622.775 79.508
623.063 79.518
623.351 79.514
623.639 79.520
623.928 79.536
624.216 79.528
624.504 79.480
624.792 79.469
625.080 79.468
625.368 79.477
625.656 79.468
625.945 79.457
626.233 79.440
626.521 79.437
626.809 79.422
627.097 79.456
627.385 79.469
627.673 79.465
627.962 79.508
628.250 79.519
628.538 79.492
628.826 79.481
629.114 79.481
629.402 79.509
629.690 79.525
629.979 79.532
630.267 79.589
630.555 79.643
630.843 79.667
631.131 79.677
631.419 79.674
631.707 79.657
631.996 79.673
632.284 79.674
632.572 79.667
632.860 79.623
633.148 79.639
633.436 79.729
633.724 79.763
634.013 79.760
634.301 79.747
634.589 79.739
634.877 79.729
635.165 79.736
635.453 79.712
635.741 79.682
636.030 79.673
636.318 79.606
636.606 79.535
636.894 79.516
637.182 79.510
637.470 79.478
637.759 79.505
638.047 79.531
638.335 79.537
638.623 79.524
638.911 79.545
639.199 79.491
639.487 79.435
639.776 79.424
640.064 79.376
640.352 79.386
640.640 79.446
640.928 79.520
641.216 79.479
641.504 79.452
641.793 79.456
642.081 79.456
642.369 79.510
642.657 79.559
642.945 79.548
643.233 79.544
643.521 79.567
643.810 79.554
644.098 79.517
644.386 79.493
644.674 79.507
644.962 79.538
645.250 79.555
645.538 79.504
645.827 79.434
646.115 79.422
646.403 79.389
646.691 79.358
646.979 79.299
647.267 79.289
647.555 79.310
647.844 79.322
648.132 79.306
648.420 79.312
648.708 79.375
648.996 79.388
649.284 79.368
649.572 79.373
649.861 79.425
650.149 79.440
650.437 79.450
650.725 79.420
651.013 79.362
651.301 79.321
651.589 79.255
651.878 79.199
652.166 79.122
652.454 79.037
652.742 78.945
653.030 78.854
653.318 78.790
653.606 78.674
653.895 78.573
654.183 78.489
654.471 78.334
654.759 78.160
655.047 78.083
655.335 78.013
655.623 77.964
655.912 77.869
656.200 77.817
656.488 77.796
656.776 77.764
657.064 77.752
657.352 77.733
657.640 77.786
657.929 77.869
658.217 77.973
658.505 78.072
658.793 78.165
659.081 78.281
659.369 78.378
659.657 78.499
659.946 78.595
660.234 78.703
660.522 78.844
660.810 78.965
661.098 79.053
661.386 79.147
661.675 79.161
661.963 79.248
662.251 79.370
662.539 79.413
662.827 79.475
663.115 79.560
663.403 79.665
663.692 79.740
663.980 79.798
664.268 79.772
664.556 79.771
664.844 79.827
665.132 79.896
665.420 79.921
665.709 79.921
665.997 79.948
666.285 79.955
666.573 79.953
666.861 79.947
667.149 79.961
667.437 79.935
667.726 79.976
668.014 79.999
668.302 79.981
668.590 79.971
668.878 79.982
669.166 79.986
669.454 79.936
669.743 79.885
670.031 79.871
670.319 79.927
670.607 79.902
670.895 79.826
671.183 79.779
671.471 79.822
671.760 79.896
672.048 79.898
672.336 79.874
672.624 79.888
672.912 79.913
673.200 79.877
673.488 79.906
673.777 79.886
674.065 79.808
674.353 79.766
674.641 79.807
674.929 79.824
675.217 79.808
675.505 79.849
675.794 79.930
676.082 79.949
676.370 79.973
676.658 80.040
676.946 80.080
677.234 80.078
677.522 80.063
677.811 80.039
678.099 80.052
678.387 80.070
678.675 80.074
678.963 80.086
679.251 80.143
679.539 80.159
679.828 80.173
680.116 80.221
680.404 80.259
680.692 80.225
680.980 80.236
681.268 80.256
681.556 80.283
681.845 80.268
682.133 80.192
682.421 80.112
682.709 80.077
682.997 80.047
683.285 79.976
683.573 79.930
683.862 79.884
684.150 79.875
684.438 79.938
684.726 79.956
685.014 79.975
685.302 80.004
685.591 80.042
685.879 80.088
686.167 80.111
686.455 80.102
686.743 80.103
687.031 80.092
687.319 80.095
687.608 80.079
687.896 80.068
688.184 80.121
688.472 80.168
688.760 80.172
689.048 80.202
689.336 80.276
689.625 80.321
689.913 80.403
690.201 80.427
690.489 80.384
690.777 80.386
691.065 80.389
691.353 80.358
691.642 80.349
691.930 80.342
692.218 80.356
692.506 80.409
692.794 80.460
693.082 80.498
693.370 80.544
693.659 80.565
693.947 80.563
694.235 80.577
694.523 80.592
694.811 80.624
695.099 80.647
695.387 80.705
695.676 80.734
695.964 80.730
696.252 80.777
696.540 80.799
696.836 80.799
697.133 80.817
697.429 80.856
697.725 80.873
698.021 80.878
698.318 80.902
698.614 80.899
698.910 80.926
699.207 80.904
699.503 80.857
699.799 80.923
700.095 81.010
700.392 81.057
700.688 81.055
700.984 81.027
701.281 81.066
701.577 81.095
701.873 81.119
702.169 81.132
702.466 81.147
702.762 81.174
703.058 81.176
703.355 81.192
703.651 81.196
703.947 81.153
704.243 81.148
704.540 81.122
704.836 81.126
705.132 81.076
705.428 81.103
705.725 81.111
706.021 81.088
706.317 81.092
706.614 81.038
706.910 81.050
707.206 81.141
707.502 81.135
707.799 81.050
708.095 80.973
708.391 80.970
708.688 80.950
708.984 80.953
709.280 81.008
709.576 81.054
709.873 81.050
710.169 81.117
710.465 81.158
710.762 81.174
711.058 81.151
711.354 81.140
711.650 81.151
711.947 81.146
712.243 81.084
712.539 81.023
712.836 81.051
713.132 81.082
713.428 81.051
713.724 81.085
714.021 81.130
714.317 81.213
714.613 81.194
714.910 81.205
715.206 81.232
715.502 81.210
715.798 81.227
716.095 81.235
716.391 81.232
716.687 81.298
716.984 81.352
717.280 81.370
717.576 81.407
717.872 81.435
718.169 81.524
718.465 81.602
718.761 81.654
719.058 81.682
719.354 81.742
719.650 81.784
719.946 81.750
720.243 81.742
720.539 81.709
720.835 81.774
721.131 81.787
721.428 81.797
721.724 81.859
722.020 81.854
722.317 81.898
722.613 81.863
722.909 81.755
723.205 81.688
723.502 81.707
723.798 81.754
724.094 81.731
724.391 81.687
724.687 81.680
724.983 81.722
725.279 81.741
725.576 81.676
725.872 81.657
726.168 81.715
726.465 81.751
726.761 81.798
727.057 81.836
727.353 81.836
727.650 81.831
727.946 81.751
728.242 81.656
728.539 81.626
728.835 81.695
729.131 81.763
729.427 81.809
729.724 81.879
730.020 81.906
730.316 81.970
730.613 82.019
730.909 82.021
731.205 81.959
731.501 81.951
731.798 81.996
732.094 82.012
732.390 82.008
732.687 82.030
732.983 82.003
733.279 81.940
733.575 81.947
733.872 81.926
734.168 81.952
734.464 82.012
734.761 81.979
735.057 81.938
735.353 81.943
735.649 81.981
735.946 81.935
736.242 81.939
736.538 81.933
736.835 81.955
737.131 81.967
737.427 81.987
737.723 82.065
738.020 82.098
738.316 82.114
738.612 82.112
738.909 82.065
739.205 82.095
739.501 82.147
739.797 82.148
740.094 82.238
740.390 82.311
740.686 82.342
740.982 82.384
741.279 82.415
741.575 82.428
741.871 82.369
742.168 82.404
742.464 82.454
742.760 82.474
743.056 82.397
743.353 82.421
743.649 82.544
743.945 82.566
744.242 82.537
744.538 82.535
744.834 82.524
745.130 82.584
745.427 82.565
745.723 82.527
746.019 82.502
746.316 82.446
746.612 82.396
746.908 82.355
747.204 82.396
747.501 82.457
747.797 82.477
748.093 82.555
748.390 82.563
748.686 82.501
748.982 82.530
749.278 82.614
749.575 82.662
749.871 82.587
750.167 82.538
750.464 82.571
750.760 82.558
751.056 82.539
751.352 82.532
751.649 82.537
751.945 82.523
752.241 82.462
752.538 82.416
752.834 82.417
753.130 82.408
753.426 82.396
753.723 82.334
754.019 82.295
754.315 82.259
754.611 82.204
754.908 82.168
755.204 82.080
755.500 82.003
755.797 81.932
756.093 81.914
756.389 81.911
756.685 81.932
756.982 81.994
757.278 82.077
757.574 82.088
757.871 82.089
758.167 82.123
758.463 82.228
758.759 82.266
759.056 82.223
759.352 82.252
759.648 82.225
759.945 82.256
760.241 82.300
760.537 82.281
760.833 82.328
761.130 82.373
761.426 82.427
761.722 82.514
762.019 82.543
762.315 82.569
762.611 82.597
762.907 82.537
763.204 82.494
763.500 82.468
763.804 82.481
764.108 82.564
764.412 82.563
764.716 82.572
765.020 82.663
765.324 82.767
765.628 82.855
765.932 82.922
766.236 82.977
766.540 82.978
766.844 83.012
767.148 83.002
767.452 82.998
767.756 83.030
768.060 83.030
768.364 83.031
768.668 83.012
768.972 83.059
769.276 83.108
769.580 83.120
769.884 83.133
770.188 83.217
770.492 83.239
770.796 83.238
771.100 83.205
771.404 83.121
771.708 83.131
772.012 83.103
772.316 83.113
772.620 83.104
772.924 83.112
773.228 83.151
773.532 83.182
773.836 83.204
774.140 83.199
774.444 83.188
774.748 83.194
775.052 83.194
775.356 83.158
775.659 83.182
775.963 83.211
776.267 83.144
776.571 82.979
776.875 82.847
777.179 82.782
777.483 82.791
777.787 82.824
778.091 82.767
778.395 82.678
778.699 82.623
779.003 82.534
779.307 82.461
779.611 82.417
779.915 82.354
780.219 82.310
780.523 82.242
780.827 82.292
781.131 82.327
781.435 82.398
781.739 82.362
782.043 82.331
782.347 82.369
782.651 82.431
782.955 82.452
783.259 82.541
783.563 82.622
783.867 82.618
784.171 82.589
784.475 82.617
784.779 82.761
785.083 82.825
785.387 82.920
785.691 82.970
785.995 82.941
786.299 83.062
786.603 83.127
786.907 83.144
787.211 83.104
787.515 83.072
787.819 82.995
788.123 83.023
788.427 83.027
788.731 82.968
789.035 82.984
789.339 83.089
789.643 83.092
789.947 83.105
790.251 83.162
790.555 83.194
790.859 83.212
791.163 83.167
791.467 83.113
791.771 83.005
792.075 82.957
792.379 82.952
792.683 82.864
792.987 82.779
793.291 82.807
793.595 82.825
793.899 82.856
794.203 82.888
794.507 82.878
794.811 82.865
795.115 82.832
795.419 82.782
795.723 82.706
796.027 82.663
796.331 82.698
796.635 82.716
796.939 82.790
797.243 82.852
797.547 82.751
797.851 82.745
798.155 82.840
798.459 82.960
798.763 83.107
799.067 83.119
799.371 83.145
799.674 83.197
799.978 83.175
800.282 83.149
800.586 83.119
800.890 83.061
801.194 82.952
801.498 82.941
801.802 82.985
802.106 83.039
802.410 83.090
802.714 83.102
803.018 83.077
803.322 83.035
803.626 82.953
803.930 82.981
804.234 82.933
804.538 82.861
804.842 82.806
805.146 82.694
805.450 82.743
805.754 82.798
806.058 82.682
806.362 82.667
806.666 82.649
806.970 82.618
807.274 82.658
807.578 82.830
807.882 82.919
808.186 82.865
808.490 82.879
808.794 82.953
809.098 82.984
809.402 83.038
809.706 83.036
810.010 83.065
810.314 83.072
810.618 83.141
810.922 83.288
811.226 83.363
811.530 83.420
811.834 83.384
812.137 83.414
812.441 83.551
812.744 83.635
813.048 83.720
813.351 83.823
813.655 83.790
813.958 83.658
814.262 83.620
814.565 83.723
814.869 83.721
815.172 83.658
815.476 83.648
815.779 83.703
816.083 83.715
816.386 83.717
816.690 83.834
816.993 83.884
817.297 83.771
817.600 83.612
817.904 83.471
818.208 83.465
818.511 83.479
818.815 83.480
819.118 83.440
819.422 83.375
819.725 83.353
820.029 83.427
820.332 83.571
820.636 83.642
820.939 83.575
821.243 83.498
821.546 83.498
821.850 83.462
822.153 83.253
822.457 83.178
822.760 83.192
823.064 83.164
823.367 83.114
823.671 83.181
823.974 83.279
824.278 83.389
824.582 83.422
824.885 83.408
825.189 83.382
825.492 83.333
825.796 83.197
826.099 83.125
826.403 83.128
826.706 83.122
827.010 83.102
827.313 83.126
827.617 83.241
827.920 83.228
828.224 83.244
828.527 83.359
828.831 83.358
829.134 83.281
829.438 83.133
829.741 83.017
830.045 82.887
830.348 82.877
830.652 82.975
830.956 82.973
831.259 82.915
831.563 82.839
831.866 82.805
832.170 82.906
832.473 82.877
832.777 82.846
833.080 82.803
833.384 82.716
833.687 82.666
833.991 82.627
834.294 82.679
834.598 82.690
834.901 82.688
835.205 82.700
835.508 82.801
835.812 82.967
836.115 83.107
836.419 83.107
836.722 83.032
837.026 82.969
837.330 83.046
837.633 83.098
837.937 83.191
838.240 83.325
838.544 83.436
838.847 83.483
839.151 83.406
839.454 83.391
839.758 83.507
840.061 83.522
840.365 83.476
840.668 83.355
840.972 83.291
841.275 83.276
841.579 83.193
841.882 83.126
842.186 83.163
842.489 83.168
842.793 83.112
843.097 83.119
843.400 83.156
843.704 83.105
844.007 83.030
844.311 82.910
844.614 82.858
844.918 82.810
845.221 82.891
845.525 83.043
845.828 83.065
846.132 83.018
846.435 83.121
846.739 83.177
847.042 83.174
847.346 83.173
847.649 83.178
847.953 83.265
848.256 83.290
848.560 83.232
848.863 83.275
849.167 83.344
849.471 83.478
849.774 83.520
850.078 83.480
850.381 83.550
850.685 83.644
850.988 83.702
851.292 83.728
851.595 83.645
851.899 83.654
852.202 83.670
852.506 83.624
852.809 83.466
853.113 83.437
853.416 83.589
853.720 83.637
854.023 83.584
854.327 83.633
854.630 83.698
854.934 83.764
855.237 83.710
855.541 83.749
855.845 83.668
856.148 83.575
856.452 83.602
856.755 83.458
857.059 83.275
857.362 83.049
857.666 82.850
857.969 82.769
858.273 82.634
858.576 82.561
858.880 82.666
859.183 82.742
859.487 82.758
859.790 82.759
860.094 82.760
860.397 82.844
860.701 82.841
861.004 82.679
861.308 82.530
861.611 82.470
861.915 82.482
862.219 82.485
862.522 82.416
862.826 82.278
863.129 82.384
863.433 82.578
863.736 82.729
864.040 82.935
864.343 83.101
864.647 83.214
864.950 83.318
865.254 83.207
865.557 83.304
865.861 83.307
866.164 83.093
866.468 83.012
866.771 82.891
867.075 82.815
867.378 82.890
867.682 82.928
867.985 82.883
868.289 82.789
868.593 82.663
868.896 82.614
869.200 82.718
869.503 82.746
869.807 82.604
870.110 82.568
870.414 82.636
870.717 82.553
871.021 82.503
871.324 82.415
871.628 82.416
871.931 82.365
872.235 82.334
872.538 82.420
872.842 82.463
873.145 82.459
873.449 82.524
873.752 82.614
874.056 82.622
874.359 82.648
874.663 82.779
874.967 82.947
875.270 83.063
875.574 83.056
875.877 82.961
876.181 83.005
876.484 82.992
876.788 82.830
877.091 82.783
877.395 82.634
877.698 82.597
878.002 82.651
878.305 82.551
878.609 82.519
878.912 82.488
879.216 82.449
879.519 82.606
879.823 82.684
880.126 82.685
880.430 82.715
880.733 82.734
881.037 82.648
881.341 82.608
881.644 82.626
881.948 82.656
882.251 82.726
882.555 82.772
882.858 82.787
883.162 82.833
883.465 82.930
883.769 83.031
884.072 82.996
884.376 82.896
884.679 82.868
884.983 82.860
885.286 82.850
885.590 82.801
885.893 82.644
886.197 82.449
886.500 82.343
886.804 82.325
887.107 82.375
887.411 82.436
887.715 82.330
888.018 82.088
888.322 81.963
888.625 81.907
888.929 81.935
889.232 81.998
889.536 82.013
889.839 81.922
890.143 81.819
890.446 81.897
890.750 81.926
891.053 81.940
891.357 81.936
891.660 82.083
891.964 82.219
892.267 82.207
892.571 82.252
892.874 82.283
893.178 82.345
893.482 82.392
893.785 82.364
894.089 82.398
894.392 82.527
894.696 82.581
894.999 82.554
895.303 82.422
895.606 82.368
895.910 82.290
896.213 82.295
896.517 82.391
896.820 82.275
897.124 82.214
897.427 82.153
897.731 82.147
898.034 82.045
898.338 82.073
898.641 82.175
898.945 82.123
899.248 82.002
899.552 81.836
899.856 81.812
900.159 81.941
900.463 82.004
900.766 81.989
901.070 81.970
901.373 81.948
901.677 81.991
901.980 81.906
902.284 81.906
902.587 81.989
902.891 82.033
903.194 82.007
903.498 82.148
903.801 82.349
904.105 82.391
904.408 82.334
904.712 82.142
905.015 82.052
905.319 82.109
905.622 82.172
905.926 82.123
906.230 82.007
906.533 81.853
906.837 81.815
907.140 81.886
907.444 81.950
907.747 81.992
908.051 81.910
908.354 81.919
908.658 81.869
908.961 81.676
909.265 81.581
909.568 81.638
909.872 81.463
910.175 81.298
910.479 81.231
910.782 81.343
911.086 81.433
911.389 81.402
911.693 81.367
911.996 81.270
912.300 81.259
912.613 81.251
912.926 81.368
913.238 81.447
913.551 81.545
913.864 81.595
914.176 81.682
914.489 81.853
914.802 81.879
915.115 81.917
915.427 82.008
915.740 82.019
916.053 82.063
916.366 82.090
916.678 82.169
916.991 82.171
917.304 82.030
917.617 81.998
917.929 82.076
918.242 82.115
918.555 82.120
918.868 82.027
919.180 81.906
919.493 81.767
919.806 81.668
920.119 81.432
920.431 81.308
920.744 81.318
921.057 81.363
921.370 81.533
921.682 81.573
921.995 81.562
922.308 81.627
922.621 81.641
922.933 81.691
923.246 81.569
923.559 81.497
923.872 81.640
924.184 81.801
924.497 81.873
924.810 81.784
925.123 81.732
925.435 81.947
925.748 82.173
926.061 82.158
926.374 82.040
926.686 82.117
926.999 82.135
927.312 82.041
927.625 81.915
927.937 81.745
928.250 81.706
928.563 81.752
928.876 81.623
929.188 81.573
929.501 81.580
929.814 81.826
930.127 81.937
930.439 81.824
930.752 81.773
931.065 81.637
931.378 81.695
931.690 81.837
932.003 81.719
932.316 81.577
932.629 81.505
932.941 81.747
933.254 81.952
933.567 82.093
933.880 82.279
934.192 82.343
934.505 82.278
934.818 82.196
935.131 82.076
935.443 82.192
935.756 82.087
936.069 81.995
936.382 81.864
936.694 81.975
937.007 82.190
937.320 82.030
937.633 82.024
937.945 82.125
938.258 82.315
938.571 82.569
938.884 82.809
939.196 83.060
939.509 83.091
939.822 82.869
940.135 82.637
940.447 82.430
940.760 82.252
941.073 82.191
941.386 82.256
941.698 82.337
942.011 82.324
942.324 82.618
942.637 82.939
942.949 83.116
943.262 83.017
943.575 82.809
943.888 82.922
944.200 82.820
944.513 82.498
944.826 82.162
945.139 81.985
945.451 81.878
945.764 81.522
946.077 81.261
946.390 81.254
946.702 81.390
947.015 81.482
947.328 81.609
947.641 81.757
947.953 81.942
948.266 82.190
948.579 82.256
948.892 82.009
949.204 81.652
949.517 81.243
949.830 81.085
950.143 80.906
950.455 80.719
950.768 80.910
951.081 81.289
951.394 81.567
951.706 81.314
952.019 81.043
952.332 81.273
952.645 81.465
952.957 81.449
953.270 81.248
953.583 81.139
953.896 81.224
954.208 81.172
954.521 80.883
954.834 80.782
955.147 80.887
955.459 81.005
955.772 81.201
956.085 81.461
956.398 81.626
956.710 81.836
957.023 82.131
957.336 82.135
957.649 81.933
957.961 81.745
958.274 81.946
958.587 82.068
958.900 81.891
959.212 81.611
959.525 81.523
959.838 81.655
960.151 81.675
960.463 81.551
960.776 81.624
961.089 81.733
961.402 81.559
961.714 81.333
962.027 81.229
962.340 81.183
962.653 81.112
962.965 80.914
963.278 80.735
963.591 80.456
963.904 80.357
964.216 80.449
964.529 80.452
964.842 80.424
965.154 80.494
965.467 80.588
965.780 80.475
966.094 80.287
966.409 80.220
966.723 80.088
967.037 80.175
967.352 80.303
967.666 80.284
967.980 80.366
968.295 80.491
968.609 80.619
968.923 80.458
969.238 80.222
969.552 80.285
969.866 80.498
970.181 80.671
970.495 80.697
970.809 80.563
971.124 80.594
971.438 80.688
971.752 80.869
972.067 81.060
972.381 81.367
972.695 81.690
973.010 81.840
973.324 81.969
973.638 81.746
973.953 81.495
974.267 81.564
974.581 81.593
974.896 81.340
975.210 81.055
975.524 81.119
975.839 81.366
976.153 81.541
976.467 81.438
976.781 81.369
977.096 81.286
977.410 81.241
977.724 80.975
978.039 80.693
978.353 80.438
978.667 80.198
978.982 80.116
979.296 79.942
979.610 79.845
979.925 79.898
980.239 80.062
980.553 80.075
980.868 80.049
981.182 80.142
981.496 80.372
981.811 80.549
982.125 80.792
982.439 80.819
982.754 80.613
983.068 80.654
983.382 80.519
983.697 80.579
984.011 80.802
984.325 81.064
984.640 81.374
984.954 81.369
985.268 81.422
985.583 81.535
985.897 81.850
986.211 82.047
986.526 81.970
986.840 81.749
987.154 81.648
987.469 81.637
987.783 81.486
988.097 81.291
988.412 81.219
988.726 81.049
989.040 81.064
989.355 81.256
989.669 81.171
989.983 81.230
990.298 81.182
990.612 81.064
990.926 81.070
991.241 81.047
991.555 81.261
991.869 81.178
992.184 81.118
992.498 80.982
992.812 80.804
993.127 80.878
993.441 81.119
993.755 81.214
994.070 81.173
994.384 81.218
994.698 81.394
995.013 81.616
995.327 81.691
995.641 81.603
995.956 81.524
996.270 81.577
996.584 81.679
996.899 81.849
997.213 81.981
997.527 81.809
997.841 81.802
998.156 81.631
998.470 81.656
998.784 81.748
999.099 81.829
999.413 81.833
999.727 81.725
