200.182 80.287
200.437 79.797
200.691 79.219
200.946 78.610
201.201 77.800
201.455 77.104
201.710 76.457
201.964 75.745
202.219 75.032
202.474 74.364
202.728 73.631
202.983 72.819
203.237 72.115
203.492 71.412
203.747 70.335
204.001 69.392
204.256 68.529
204.510 67.619
204.765 66.826
205.020 66.150
205.274 65.401
205.529 64.440
205.783 63.627
206.038 62.774
206.293 61.682
206.547 60.615
206.802 59.477
207.057 58.630
207.311 57.694
207.566 56.809
207.820 56.052
208.075 55.259
208.330 54.314
208.584 53.399
208.839 52.679
209.093 51.903
209.348 50.996
209.603 50.186
209.857 49.330
210.112 48.523
210.366 47.706
210.621 46.896
210.876 46.154
211.130 45.515
211.385 44.882
211.639 44.083
211.894 43.192
212.149 42.416
212.403 41.713
212.658 41.024
212.913 40.294
213.167 39.571
213.422 38.980
213.676 38.351
213.931 37.714
214.186 36.915
214.440 36.212
214.695 35.631
214.949 35.079
215.204 34.505
215.459 34.062
215.713 33.563
215.968 32.926
216.222 32.275
216.477 31.686
216.732 31.242
216.986 30.748
217.241 30.221
217.495 29.736
217.750 29.275
218.005 28.886
218.259 28.533
218.514 28.075
218.769 27.544
219.023 27.090
219.278 26.730
219.532 26.255
219.787 25.803
220.042 25.370
220.296 24.943
220.551 24.489
220.805 24.113
221.060 23.712
221.315 23.333
221.569 22.960
221.824 22.652
222.078 22.381
222.333 22.076
222.588 21.772
222.842 21.436
223.097 21.111
223.351 20.802
223.606 20.402
223.861 19.944
224.115 19.575
224.370 19.204
224.625 18.820
224.879 18.508
225.134 18.131
225.388 17.780
225.643 17.450
225.898 17.160
226.152 16.890
226.407 16.614
226.661 16.230
226.916 15.903
227.171 15.577
227.425 15.257
227.680 14.963
227.934 14.746
228.189 14.495
228.444 14.264
228.698 14.038
228.953 13.795
229.208 13.557
229.462 13.281
229.717 13.076
229.971 12.867
230.226 12.665
230.481 12.455
230.735 12.250
230.990 12.050
231.244 11.848
231.499 11.646
231.754 11.475
232.008 11.299
232.263 11.161
232.517 11.014
232.772 10.861
233.027 10.690
233.281 10.506
233.536 10.334
233.790 10.146
234.045 9.982
234.300 9.832
234.554 9.689
234.809 9.549
235.064 9.430
235.318 9.322
235.573 9.223
235.827 9.115
236.082 8.992
236.337 8.897
236.591 8.814
236.846 8.711
237.100 8.607
237.355 8.530
237.610 8.453
237.864 8.366
238.119 8.299
238.373 8.222
238.628 8.134
238.883 8.055
239.137 7.979
239.392 7.919
239.646 7.860
239.901 7.808
240.156 7.747
240.410 7.702
240.665 7.658
240.920 7.598
241.174 7.542
241.429 7.494
241.683 7.449
241.938 7.398
242.193 7.364
242.447 7.325
242.702 7.281
242.956 7.242
243.211 7.209
243.466 7.177
243.720 7.161
243.975 7.144
244.229 7.115
244.484 7.076
244.739 7.048
244.993 7.032
245.248 7.009
245.503 6.983
245.757 6.959
246.012 6.942
246.266 6.930
246.521 6.916
246.776 6.909
247.030 6.891
247.285 6.868
247.539 6.853
247.794 6.841
248.049 6.822
248.303 6.809
248.558 6.804
248.812 6.792
249.067 6.768
249.322 6.762
249.576 6.759
249.831 6.750
250.085 6.733
250.340 6.721
250.595 6.718
250.849 6.718
251.104 6.714
251.359 6.713
251.613 6.714
251.868 6.718
252.122 6.707
252.377 6.700
252.632 6.703
252.886 6.698
253.141 6.691
253.395 6.685
253.650 6.677
253.905 6.667
254.161 6.664
254.416 6.666
254.672 6.673
254.927 6.679
255.183 6.674
255.438 6.670
255.694 6.678
255.949 6.684
256.205 6.679
256.460 6.677
256.715 6.677
256.971 6.689
257.226 6.695
257.482 6.696
257.737 6.692
257.993 6.691
258.248 6.698
258.504 6.704
258.759 6.701
259.014 6.703
259.270 6.698
259.525 6.688
259.781 6.687
260.036 6.703
260.292 6.712
260.547 6.712
260.803 6.721
261.058 6.734
261.314 6.742
261.569 6.744
261.824 6.749
262.080 6.757
262.335 6.765
262.591 6.788
262.846 6.808
263.102 6.810
263.357 6.802
263.613 6.807
263.868 6.818
264.123 6.828
264.379 6.835
264.634 6.841
264.890 6.841
265.145 6.848
265.401 6.849
265.656 6.853
265.912 6.853
266.167 6.851
266.423 6.851
266.678 6.856
266.933 6.856
267.189 6.853
267.444 6.846
267.700 6.845
267.955 6.847
268.211 6.845
268.466 6.849
268.722 6.852
268.977 6.860
269.232 6.871
269.488 6.873
269.743 6.873
269.999 6.878
270.254 6.884
270.510 6.884
270.765 6.888
271.021 6.891
271.276 6.896
271.532 6.902
271.787 6.910
272.042 6.917
272.298 6.917
272.553 6.913
272.809 6.914
273.064 6.923
273.320 6.939
273.575 6.953
273.831 6.953
274.086 6.950
274.342 6.954
274.597 6.954
274.852 6.963
275.108 6.972
275.363 6.975
275.619 6.964
275.874 6.957
276.130 6.956
276.385 6.953
276.641 6.955
276.896 6.958
277.151 6.963
277.407 6.964
277.662 6.955
277.918 6.947
278.173 6.941
278.429 6.940
278.684 6.948
278.940 6.960
279.195 6.960
279.451 6.965
279.706 6.960
279.961 6.960
280.217 6.959
280.472 6.956
280.728 6.955
280.983 6.963
281.239 6.965
281.494 6.972
281.750 6.981
282.005 6.985
282.260 6.988
282.516 6.985
282.771 6.976
283.027 6.968
283.282 6.967
283.538 6.959
283.793 6.948
284.049 6.938
284.304 6.933
284.560 6.927
284.815 6.919
285.070 6.921
285.326 6.926
285.581 6.926
285.837 6.916
286.092 6.910
286.348 6.908
286.603 6.911
286.859 6.911
287.114 6.911
287.369 6.911
287.625 6.914
287.880 6.916
288.136 6.918
288.391 6.919
288.647 6.920
288.902 6.916
289.158 6.906
289.413 6.910
289.669 6.914
289.924 6.915
290.179 6.920
290.435 6.921
290.690 6.917
290.946 6.916
291.201 6.922
291.457 6.928
291.712 6.929
291.968 6.930
292.223 6.924
292.479 6.918
292.734 6.911
292.989 6.909
293.245 6.914
293.500 6.918
293.756 6.915
294.011 6.913
294.267 6.912
294.522 6.907
294.778 6.908
295.033 6.905
295.288 6.904
295.544 6.903
295.799 6.898
296.055 6.897
296.310 6.901
296.566 6.905
296.821 6.912
297.077 6.912
297.332 6.906
297.588 6.898
297.843 6.893
298.098 6.892
298.354 6.898
298.609 6.905
298.865 6.907
299.120 6.911
299.376 6.914
299.631 6.911
299.887 6.912
300.142 6.916
300.397 6.919
300.653 6.917
300.908 6.912
301.164 6.910
301.419 6.909
301.675 6.908
301.930 6.902
302.186 6.896
302.441 6.890
302.697 6.880
302.952 6.877
303.207 6.875
303.463 6.876
303.718 6.875
303.974 6.871
304.229 6.869
304.485 6.864
304.740 6.862
304.996 6.857
305.251 6.854
305.506 6.847
305.762 6.837
306.017 6.831
306.273 6.834
306.528 6.836
306.784 6.839
307.039 6.841
307.295 6.840
307.550 6.839
307.806 6.846
308.061 6.856
308.316 6.856
308.572 6.849
308.827 6.846
309.083 6.846
309.338 6.843
309.594 6.833
309.849 6.832
310.105 6.832
310.360 6.828
310.615 6.822
310.871 6.818
311.126 6.813
311.382 6.817
311.637 6.818
311.893 6.807
312.148 6.795
312.404 6.780
312.659 6.769
312.915 6.763
313.170 6.760
313.429 6.756
313.688 6.755
313.947 6.756
314.206 6.753
314.465 6.750
314.724 6.748
314.983 6.745
315.242 6.744
315.501 6.735
315.760 6.729
316.019 6.730
316.278 6.734
316.536 6.733
316.795 6.730
317.054 6.732
317.313 6.730
317.572 6.735
317.831 6.746
318.090 6.755
318.349 6.761
318.608 6.762
318.867 6.756
319.126 6.747
319.385 6.750
319.644 6.758
319.903 6.757
320.162 6.756
320.421 6.754
320.680 6.751
320.939 6.747
321.198 6.743
321.457 6.740
321.716 6.735
321.975 6.727
322.234 6.720
322.493 6.715
322.752 6.708
323.010 6.702
323.269 6.694
323.528 6.678
323.787 6.667
324.046 6.665
324.305 6.668
324.564 6.670
324.823 6.663
325.082 6.662
325.341 6.668
325.600 6.673
325.859 6.681
326.118 6.694
326.377 6.702
326.636 6.701
326.895 6.700
327.154 6.695
327.413 6.694
327.672 6.695
327.931 6.697
328.190 6.698
328.449 6.705
328.708 6.712
328.967 6.719
329.226 6.730
329.485 6.731
329.743 6.728
330.002 6.727
330.261 6.726
330.520 6.729
330.779 6.734
331.038 6.745
331.297 6.763
331.556 6.773
331.815 6.777
332.074 6.768
332.333 6.768
332.592 6.774
332.851 6.774
333.110 6.777
333.369 6.773
333.628 6.762
333.887 6.747
334.146 6.738
334.405 6.734
334.664 6.737
334.923 6.753
335.182 6.760
335.441 6.749
335.700 6.742
335.959 6.748
336.217 6.757
336.476 6.765
336.735 6.768
336.994 6.780
337.253 6.801
337.512 6.819
337.771 6.827
338.030 6.830
338.289 6.839
338.548 6.855
338.807 6.868
339.066 6.885
339.325 6.889
339.584 6.886
339.843 6.888
340.102 6.891
340.361 6.894
340.620 6.905
340.879 6.911
341.138 6.911
341.397 6.898
341.656 6.886
341.915 6.886
342.174 6.876
342.433 6.886
342.691 6.904
342.950 6.917
343.209 6.929
343.468 6.943
343.727 6.955
343.986 6.970
344.245 6.976
344.504 6.980
344.763 6.990
345.022 6.995
345.281 7.000
345.540 7.003
345.799 7.008
346.058 7.014
346.317 7.017
346.576 7.019
346.835 7.023
347.094 7.028
347.353 7.041
347.612 7.041
347.871 7.050
348.130 7.060
348.389 7.058
348.648 7.054
348.907 7.054
349.166 7.074
349.424 7.085
349.683 7.096
349.942 7.114
350.201 7.123
350.460 7.129
350.719 7.130
350.978 7.126
351.237 7.143
351.496 7.161
351.755 7.161
352.014 7.164
352.273 7.170
352.532 7.171
352.791 7.169
353.050 7.176
353.309 7.191
353.568 7.194
353.827 7.196
354.086 7.196
354.345 7.186
354.604 7.187
354.863 7.178
355.122 7.193
355.381 7.208
355.640 7.216
355.898 7.223
356.157 7.231
356.416 7.246
356.675 7.263
356.934 7.270
357.193 7.296
357.452 7.322
357.711 7.323
357.970 7.340
358.229 7.352
358.488 7.351
358.747 7.349
359.006 7.347
359.265 7.359
359.524 7.384
359.783 7.403
360.042 7.413
360.301 7.425
360.560 7.438
360.819 7.448
361.078 7.455
361.337 7.467
361.596 7.485
361.855 7.507
362.114 7.524
362.372 7.547
362.631 7.560
362.890 7.564
363.149 7.565
363.408 7.585
363.667 7.599
363.926 7.610
364.185 7.635
364.444 7.656
364.703 7.673
364.962 7.670
365.221 7.684
365.480 7.709
365.745 7.721
366.009 7.742
366.274 7.772
366.539 7.790
366.804 7.805
367.068 7.819
367.333 7.830
367.598 7.845
367.863 7.858
368.127 7.871
368.392 7.896
368.657 7.922
368.921 7.924
369.186 7.924
369.451 7.944
369.716 7.966
369.980 7.982
370.245 8.004
370.510 8.027
370.775 8.055
371.039 8.081
371.304 8.106
371.569 8.121
371.834 8.142
372.098 8.164
372.363 8.182
372.628 8.200
372.892 8.224
373.157 8.226
373.422 8.233
373.687 8.253
373.951 8.270
374.216 8.289
374.481 8.307
374.746 8.331
375.010 8.362
375.275 8.386
375.540 8.393
375.804 8.408
376.069 8.437
376.334 8.466
376.599 8.487
376.863 8.509
377.128 8.538
377.393 8.572
377.658 8.604
377.922 8.634
378.187 8.675
378.452 8.707
378.716 8.739
378.981 8.779
379.246 8.815
379.511 8.852
379.775 8.907
380.040 8.957
380.305 8.990
380.570 9.037
380.834 9.099
381.099 9.168
381.364 9.229
381.629 9.278
381.893 9.331
382.158 9.384
382.423 9.431
382.687 9.487
382.952 9.554
383.217 9.617
383.482 9.679
383.746 9.741
384.011 9.817
384.276 9.901
384.541 9.975
384.805 10.048
385.070 10.132
385.335 10.217
385.599 10.304
385.864 10.394
386.129 10.496
386.394 10.594
386.658 10.689
386.923 10.792
387.188 10.879
387.453 10.973
387.717 11.087
387.982 11.195
388.247 11.303
388.511 11.407
388.776 11.518
389.041 11.638
389.306 11.767
389.570 11.886
389.835 12.005
390.100 12.129
390.365 12.266
390.629 12.412
390.894 12.556
391.159 12.695
391.424 12.839
391.688 12.974
391.953 13.107
392.218 13.253
392.482 13.398
392.747 13.544
393.012 13.693
393.277 13.851
393.541 14.016
393.806 14.178
394.071 14.344
394.336 14.503
394.600 14.664
394.865 14.832
395.130 14.992
395.394 15.157
395.659 15.323
395.924 15.475
396.189 15.629
396.453 15.793
396.718 15.957
396.983 16.112
397.248 16.263
397.512 16.415
397.777 16.573
398.042 16.723
398.306 16.872
398.571 17.018
398.836 17.164
399.101 17.304
399.365 17.447
399.630 17.608
399.895 17.765
400.160 17.902
400.424 18.025
400.689 18.161
400.954 18.296
401.219 18.429
401.483 18.554
401.748 18.675
402.013 18.794
402.277 18.902
402.542 19.016
402.807 19.123
403.072 19.227
403.336 19.333
403.601 19.436
403.866 19.534
404.131 19.625
404.395 19.723
404.660 19.817
404.929 19.887
405.198 19.956
405.466 20.031
405.735 20.106
406.004 20.180
406.273 20.244
406.542 20.288
406.810 20.322
407.079 20.365
407.348 20.408
407.617 20.431
407.886 20.463
408.154 20.490
408.423 20.510
408.692 20.532
408.961 20.550
409.229 20.566
409.498 20.575
409.767 20.565
410.036 20.545
410.305 20.516
410.573 20.499
410.842 20.471
411.111 20.439
411.380 20.408
411.649 20.366
411.917 20.315
412.186 20.274
412.455 20.234
412.724 20.186
412.993 20.130
413.261 20.074
413.530 20.011
413.799 19.951
414.068 19.890
414.337 19.832
414.605 19.777
414.874 19.715
415.143 19.645
415.412 19.577
415.681 19.506
415.949 19.416
416.218 19.337
416.487 19.262
416.756 19.185
417.024 19.106
417.293 19.016
417.562 18.923
417.831 18.836
418.100 18.750
418.368 18.670
418.637 18.581
418.906 18.480
419.175 18.391
419.444 18.297
419.712 18.206
419.981 18.111
420.250 18.012
420.519 17.916
420.788 17.801
421.056 17.685
421.325 17.586
421.594 17.485
421.863 17.379
422.132 17.270
422.400 17.160
422.669 17.056
422.938 16.956
423.207 16.857
423.476 16.749
423.744 16.649
424.013 16.559
424.282 16.464
424.551 16.372
424.819 16.265
425.088 16.155
425.357 16.053
425.626 15.948
425.895 15.847
426.163 15.755
426.432 15.670
426.701 15.578
426.970 15.469
427.239 15.376
427.507 15.281
427.776 15.190
428.045 15.108
428.314 15.027
428.583 14.943
428.851 14.859
429.120 14.771
429.389 14.687
429.658 14.605
429.927 14.522
430.195 14.438
430.464 14.352
430.733 14.270
431.002 14.184
431.271 14.104
431.539 14.026
431.808 13.942
432.077 13.864
432.346 13.792
432.614 13.716
432.883 13.637
433.152 13.574
433.421 13.507
433.690 13.433
433.958 13.360
434.227 13.287
434.496 13.209
434.765 13.129
435.034 13.059
435.302 12.994
435.571 12.921
435.840 12.844
436.116 12.770
436.393 12.709
436.669 12.648
436.945 12.590
437.221 12.537
437.498 12.489
437.774 12.442
438.050 12.394
438.326 12.341
438.603 12.287
438.879 12.237
439.155 12.186
439.431 12.133
439.708 12.086
439.984 12.039
440.260 11.984
440.537 11.926
440.813 11.873
441.089 11.823
441.365 11.787
441.642 11.742
441.918 11.695
442.194 11.656
442.470 11.603
442.747 11.550
443.023 11.496
443.299 11.454
443.575 11.424
443.852 11.385
444.128 11.350
444.404 11.316
444.680 11.275
444.957 11.235
445.233 11.196
445.509 11.158
445.786 11.125
446.062 11.087
446.338 11.047
446.614 11.014
446.891 10.983
447.167 10.954
447.443 10.931
447.719 10.898
447.996 10.861
448.272 10.833
448.548 10.805
448.824 10.774
449.101 10.748
449.377 10.726
449.653 10.709
449.930 10.677
450.206 10.641
450.482 10.624
450.758 10.608
451.035 10.589
451.311 10.570
451.587 10.547
451.863 10.527
452.140 10.512
452.416 10.489
452.692 10.474
452.968 10.461
453.245 10.442
453.521 10.429
453.797 10.415
454.074 10.396
454.350 10.375
454.626 10.356
454.902 10.344
455.179 10.334
455.455 10.322
455.731 10.306
456.007 10.291
456.284 10.276
456.560 10.261
456.836 10.248
457.112 10.237
457.389 10.227
457.665 10.220
457.941 10.208
458.218 10.191
458.494 10.185
458.770 10.181
459.046 10.175
459.323 10.176
459.599 10.178
459.875 10.182
460.151 10.180
460.428 10.176
460.704 10.173
460.980 10.166
461.256 10.166
461.533 10.171
461.809 10.176
462.085 10.173
462.361 10.166
462.638 10.165
462.914 10.170
463.190 10.171
463.467 10.169
463.743 10.163
464.019 10.152
464.295 10.139
464.572 10.143
464.848 10.154
465.124 10.162
465.400 10.170
465.677 10.175
465.953 10.177
466.229 10.180
466.505 10.180
466.782 10.181
467.058 10.187
467.334 10.190
467.611 10.193
467.887 10.202
468.163 10.208
468.439 10.217
468.716 10.225
468.992 10.231
469.268 10.247
469.544 10.259
469.821 10.268
470.097 10.275
470.373 10.275
470.649 10.279
470.926 10.289
471.202 10.295
471.478 10.303
471.755 10.303
472.031 10.314
472.307 10.331
472.583 10.352
472.860 10.376
473.136 10.401
473.412 10.420
473.688 10.436
473.965 10.451
474.241 10.464
474.517 10.482
474.793 10.503
475.070 10.523
475.346 10.540
475.622 10.559
475.899 10.573
476.175 10.588
476.451 10.607
476.727 10.621
477.004 10.636
477.280 10.648
477.556 10.670
477.832 10.694
478.109 10.709
478.385 10.728
478.661 10.742
478.937 10.757
479.214 10.780
479.490 10.802
479.766 10.825
480.043 10.856
480.319 10.884
480.595 10.913
480.871 10.950
481.148 10.984
481.424 11.010
481.700 11.038
481.976 11.074
482.253 11.106
482.529 11.145
482.805 11.178
483.081 11.213
483.358 11.251
483.634 11.293
483.910 11.326
484.186 11.364
484.463 11.402
484.739 11.434
485.015 11.475
485.292 11.519
485.568 11.557
485.844 11.600
486.120 11.640
486.397 11.676
486.673 11.712
486.949 11.760
487.225 11.809
487.502 11.853
487.778 11.902
488.054 11.959
488.330 12.009
488.607 12.053
488.883 12.094
489.159 12.138
489.436 12.176
489.712 12.213
489.988 12.251
490.264 12.294
490.541 12.343
490.817 12.389
491.093 12.443
491.369 12.500
491.646 12.554
491.922 12.607
492.198 12.659
492.474 12.707
492.751 12.762
493.027 12.820
493.303 12.874
493.580 12.928
493.856 12.990
494.132 13.053
494.408 13.104
494.685 13.155
494.961 13.208
495.237 13.263
495.513 13.328
495.790 13.394
496.066 13.459
496.342 13.524
496.618 13.587
496.895 13.641
497.171 13.693
497.447 13.744
497.724 13.796
498.000 13.842
498.276 13.899
498.552 13.957
498.829 14.008
499.105 14.054
499.381 14.103
499.657 14.163
499.934 14.215
500.210 14.267
500.486 14.327
500.762 14.396
501.039 14.453
501.315 14.507
501.591 14.572
501.867 14.639
502.144 14.707
502.420 14.778
502.696 14.842
502.973 14.906
503.249 14.973
503.525 15.045
503.801 15.109
504.078 15.174
504.354 15.239
504.630 15.305
504.906 15.373
505.183 15.447
505.459 15.529
505.735 15.605
506.011 15.680
506.288 15.766
506.564 15.848
506.840 15.935
507.117 16.029
507.393 16.124
507.669 16.216
507.945 16.305
508.222 16.391
508.498 16.477
508.774 16.568
509.050 16.663
509.327 16.763
509.603 16.865
509.879 16.966
510.155 17.062
510.432 17.169
510.708 17.273
510.984 17.382
511.261 17.493
511.537 17.604
511.813 17.713
512.089 17.824
512.366 17.934
512.642 18.048
512.918 18.162
513.194 18.274
513.471 18.384
513.747 18.508
514.023 18.644
514.299 18.778
514.576 18.912
514.852 19.054
515.128 19.193
515.405 19.321
515.681 19.453
515.957 19.602
516.233 19.740
516.510 19.871
516.786 20.013
517.062 20.152
517.338 20.285
517.615 20.423
517.891 20.570
518.167 20.717
518.443 20.855
518.720 20.993
518.996 21.129
519.272 21.262
519.548 21.399
519.825 21.545
520.101 21.692
520.377 21.841
520.654 21.989
520.930 22.132
521.206 22.278
521.482 22.421
521.759 22.556
522.035 22.690
522.311 22.830
522.587 22.970
522.864 23.109
523.140 23.243
523.416 23.377
523.692 23.506
523.969 23.621
524.245 23.739
524.521 23.863
524.798 23.987
525.074 24.104
525.350 24.219
525.626 24.339
525.903 24.459
526.179 24.564
526.455 24.669
526.731 24.776
527.008 24.887
527.284 24.990
527.560 25.091
527.836 25.182
528.113 25.276
528.389 25.371
528.665 25.461
528.942 25.545
529.218 25.637
529.494 25.734
529.770 25.811
530.047 25.884
530.323 25.955
530.599 26.025
530.875 26.093
531.152 26.156
531.428 26.215
531.704 26.271
531.980 26.317
532.257 26.369
532.533 26.417
532.809 26.459
533.086 26.501
533.362 26.537
533.638 26.565
533.914 26.592
534.191 26.615
534.467 26.627
534.743 26.640
535.019 26.653
535.296 26.668
535.572 26.672
535.848 26.678
536.124 26.680
536.401 26.679
536.677 26.668
536.953 26.663
537.230 26.651
537.506 26.635
537.782 26.622
538.058 26.605
538.335 26.585
538.611 26.561
538.887 26.532
539.163 26.494
539.440 26.463
539.716 26.424
539.992 26.384
540.268 26.346
540.545 26.301
540.821 26.260
541.097 26.209
541.373 26.153
541.650 26.095
541.926 26.037
542.202 25.978
542.479 25.913
542.755 25.844
543.031 25.784
543.307 25.722
543.584 25.655
543.860 25.579
544.136 25.499
544.412 25.417
544.689 25.342
544.965 25.261
545.241 25.176
545.517 25.098
545.794 25.012
546.070 24.915
546.356 24.810
546.642 24.713
546.928 24.624
547.214 24.536
547.500 24.437
547.786 24.334
548.072 24.236
548.358 24.135
548.644 24.031
548.930 23.928
549.216 23.829
549.502 23.727
549.788 23.619
550.074 23.514
550.360 23.411
550.646 23.303
550.932 23.201
551.218 23.097
551.504 22.995
551.790 22.892
552.076 22.780
552.362 22.669
552.648 22.554
552.934 22.438
553.220 22.329
553.506 22.223
553.793 22.120
554.079 22.006
554.365 21.890
554.651 21.776
554.937 21.653
555.223 21.541
555.509 21.435
555.795 21.322
556.081 21.205
556.367 21.091
556.653 20.977
556.939 20.867
557.225 20.757
557.511 20.635
557.797 20.519
558.083 20.405
558.369 20.296
558.655 20.186
558.941 20.080
559.227 19.976
559.513 19.867
559.799 19.757
560.085 19.646
560.371 19.539
560.657 19.423
560.943 19.305
561.229 19.196
561.515 19.095
561.801 18.992
562.087 18.881
562.373 18.773
562.659 18.668
562.945 18.562
563.231 18.462
563.517 18.355
563.803 18.249
564.089 18.151
564.375 18.054
564.661 17.956
564.947 17.856
565.233 17.754
565.519 17.654
565.805 17.556
566.091 17.459
566.377 17.366
566.663 17.270
566.949 17.171
567.235 17.077
567.521 16.984
567.807 16.892
568.093 16.802
568.379 16.711
568.665 16.617
568.951 16.529
569.237 16.436
569.524 16.348
569.810 16.263
570.096 16.191
570.382 16.117
570.668 16.042
570.954 15.956
571.240 15.867
571.526 15.787
571.812 15.711
572.098 15.635
572.384 15.565
572.670 15.486
572.956 15.406
573.242 15.335
573.528 15.268
573.814 15.198
574.100 15.119
574.386 15.045
574.672 14.977
574.958 14.913
575.244 14.851
575.530 14.789
575.816 14.729
576.102 14.669
576.388 14.606
576.674 14.547
576.960 14.492
577.248 14.439
577.536 14.384
577.824 14.326
578.113 14.276
578.401 14.225
578.689 14.173
578.977 14.122
579.265 14.066
579.553 14.015
579.841 13.968
580.130 13.917
580.418 13.868
580.706 13.818
580.994 13.776
581.282 13.741
581.570 13.699
581.858 13.650
582.147 13.604
582.435 13.564
582.723 13.525
583.011 13.489
583.299 13.455
583.587 13.420
583.875 13.381
584.164 13.343
584.452 13.313
584.740 13.277
585.028 13.244
585.316 13.211
585.604 13.180
585.892 13.148
586.181 13.116
586.469 13.083
586.757 13.055
587.045 13.029
587.333 13.000
587.621 12.967
587.909 12.931
588.198 12.893
588.486 12.863
588.774 12.837
589.062 12.814
589.350 12.791
589.638 12.763
589.927 12.733
590.215 12.707
590.503 12.686
590.791 12.668
591.079 12.650
591.367 12.637
591.655 12.628
591.944 12.617
592.232 12.600
592.520 12.586
592.808 12.572
593.096 12.555
593.384 12.539
593.672 12.519
593.961 12.500
594.249 12.479
594.537 12.460
594.825 12.447
595.113 12.435
595.401 12.424
595.689 12.408
595.978 12.399
596.266 12.387
596.554 12.374
596.842 12.368
597.130 12.361
597.418 12.358
597.706 12.360
597.995 12.354
598.283 12.347
598.571 12.341
598.859 12.336
599.147 12.336
599.435 12.344
599.723 12.343
600.012 12.340
600.300 12.336
600.588 12.335
600.876 12.332
601.164 12.328
601.452 12.328
601.740 12.326
602.029 12.324
602.317 12.326
602.605 12.319
602.893 12.320
603.181 12.323
603.469 12.326
603.757 12.330
604.046 12.334
604.334 12.336
604.622 12.341
604.910 12.349
605.198 12.355
605.486 12.369
605.774 12.377
606.063 12.386
606.351 12.396
606.639 12.396
606.927 12.398
607.215 12.409
607.503 12.419
607.791 12.436
608.080 12.448
608.368 12.456
608.656 12.466
608.944 12.471
609.232 12.477
609.520 12.483
609.808 12.500
610.097 12.521
610.385 12.535
610.673 12.555
610.961 12.566
611.249 12.578
611.537 12.595
611.825 12.605
612.114 12.614
612.402 12.621
612.690 12.629
612.978 12.636
613.266 12.651
613.554 12.665
613.843 12.683
614.131 12.696
614.419 12.703
614.707 12.711
614.995 12.721
615.283 12.730
615.571 12.759
615.860 12.790
616.148 12.806
616.436 12.822
616.724 12.836
617.012 12.849
617.300 12.870
617.588 12.890
617.877 12.907
618.165 12.920
618.453 12.938
618.741 12.961
619.029 12.974
619.317 12.991
619.605 13.008
619.894 13.030
620.182 13.058
620.470 13.078
620.758 13.102
621.046 13.128
621.334 13.154
621.622 13.179
621.911 13.206
622.199 13.232
622.487 13.252
622.775 13.265
623.063 13.280
623.351 13.308
623.639 13.336
623.928 13.362
624.216 13.393
624.504 13.421
624.792 13.444
625.080 13.468
625.368 13.485
625.656 13.513
625.945 13.541
626.233 13.564
626.521 13.590
626.809 13.613
627.097 13.633
627.385 13.653
627.673 13.667
627.962 13.690
628.250 13.711
628.538 13.731
628.826 13.755
629.114 13.774
629.402 13.804
629.690 13.839
629.979 13.874
630.267 13.904
630.555 13.934
630.843 13.964
631.131 13.991
631.419 14.011
631.707 14.042
631.996 14.085
632.284 14.128
632.572 14.154
632.860 14.183
633.148 14.204
633.436 14.219
633.724 14.250
634.013 14.281
634.301 14.313
634.589 14.337
634.877 14.358
635.165 14.384
635.453 14.411
635.741 14.435
636.030 14.459
636.318 14.487
636.606 14.518
636.894 14.542
637.182 14.570
637.470 14.588
637.759 14.611
638.047 14.644
638.335 14.678
638.623 14.708
638.911 14.737
639.199 14.767
639.487 14.799
639.776 14.830
640.064 14.862
640.352 14.899
640.640 14.939
640.928 14.968
641.216 14.997
641.504 15.033
641.793 15.063
642.081 15.094
642.369 15.132
642.657 15.166
642.945 15.200
643.233 15.231
643.521 15.268
643.810 15.306
644.098 15.342
644.386 15.374
644.674 15.413
644.962 15.445
645.250 15.479
645.538 15.505
645.827 15.528
646.115 15.562
646.403 15.593
646.691 15.622
646.979 15.653
647.267 15.681
647.555 15.703
647.844 15.734
648.132 15.761
648.420 15.784
648.708 15.809
648.996 15.842
649.284 15.875
649.572 15.900
649.861 15.926
650.149 15.962
650.437 16.000
650.725 16.035
651.013 16.069
651.301 16.104
651.589 16.134
651.878 16.167
652.166 16.208
652.454 16.253
652.742 16.300
653.030 16.354
653.318 16.402
653.606 16.450
653.895 16.492
654.183 16.540
654.471 16.594
654.759 16.642
655.047 16.696
655.335 16.747
655.623 16.787
655.912 16.820
656.200 16.854
656.488 16.894
656.776 16.930
657.064 16.965
657.352 17.006
657.640 17.053
657.929 17.097
658.217 17.131
658.505 17.173
658.793 17.216
659.081 17.257
659.369 17.298
659.657 17.342
659.946 17.377
660.234 17.424
660.522 17.475
660.810 17.514
661.098 17.546
661.386 17.585
661.675 17.634
661.963 17.688
662.251 17.737
662.539 17.789
662.827 17.841
663.115 17.905
663.403 17.967
663.692 18.016
663.980 18.068
664.268 18.127
664.556 18.186
664.844 18.242
665.132 18.299
665.420 18.348
665.709 18.404
665.997 18.465
666.285 18.529
666.573 18.585
666.861 18.634
667.149 18.682
667.437 18.734
667.726 18.795
668.014 18.851
668.302 18.896
668.590 18.950
668.878 19.004
669.166 19.055
669.454 19.101
669.743 19.146
670.031 19.191
670.319 19.233
670.607 19.274
670.895 19.326
671.183 19.375
671.471 19.424
671.760 19.468
672.048 19.508
672.336 19.559
672.624 19.619
672.912 19.673
673.200 19.721
673.488 19.773
673.777 19.827
674.065 19.876
674.353 19.919
674.641 19.966
674.929 20.015
675.217 20.063
675.505 20.114
675.794 20.164
676.082 20.214
676.370 20.263
676.658 20.315
676.946 20.373
677.234 20.421
677.522 20.469
677.811 20.516
678.099 20.556
678.387 20.598
678.675 20.645
678.963 20.688
679.251 20.727
679.539 20.770
679.828 20.813
680.116 20.860
680.404 20.907
680.692 20.948
680.980 20.989
681.268 21.030
681.556 21.066
681.845 21.111
682.133 21.145
682.421 21.186
682.709 21.225
682.997 21.268
683.285 21.306
683.573 21.341
683.862 21.377
684.150 21.423
684.438 21.463
684.726 21.509
685.014 21.559
685.302 21.594
685.591 21.634
685.879 21.685
686.167 21.729
686.455 21.769
686.743 21.815
687.031 21.856
687.319 21.900
687.608 21.944
687.896 21.985
688.184 22.027
688.472 22.063
688.760 22.101
689.048 22.142
689.336 22.180
689.625 22.224
689.913 22.263
690.201 22.295
690.489 22.324
690.777 22.361
691.065 22.395
691.353 22.428
691.642 22.477
691.930 22.525
692.218 22.567
692.506 22.606
692.794 22.644
693.082 22.683
693.370 22.720
693.659 22.757
693.947 22.788
694.235 22.813
694.523 22.842
694.811 22.886
695.099 22.936
695.387 22.981
695.676 23.026
695.964 23.078
696.252 23.124
696.540 23.177
696.836 23.237
697.133 23.280
697.429 23.320
697.725 23.361
698.021 23.401
698.318 23.434
698.614 23.467
698.910 23.510
699.207 23.559
699.503 23.595
699.799 23.633
700.095 23.671
700.392 23.715
700.688 23.759
700.984 23.814
701.281 23.869
701.577 23.920
701.873 23.967
702.169 24.026
702.466 24.080
702.762 24.121
703.058 24.159
703.355 24.200
703.651 24.244
703.947 24.280
704.243 24.315
704.540 24.351
704.836 24.398
705.132 24.441
705.428 24.482
705.725 24.531
706.021 24.569
706.317 24.606
706.614 24.651
706.910 24.694
707.206 24.748
707.502 24.802
707.799 24.842
708.095 24.877
708.391 24.924
708.688 24.972
708.984 25.020
709.280 25.067
709.576 25.103
709.873 25.154
710.169 25.202
710.465 25.253
710.762 25.306
711.058 25.354
711.354 25.407
711.650 25.481
711.947 25.561
712.243 25.620
712.539 25.678
712.836 25.735
713.132 25.787
713.428 25.847
713.724 25.905
714.021 25.959
714.317 26.017
714.613 26.063
714.910 26.100
715.206 26.153
715.502 26.212
715.798 26.272
716.095 26.331
716.391 26.396
716.687 26.468
716.984 26.547
717.280 26.628
717.576 26.705
717.872 26.783
718.169 26.846
718.465 26.906
718.761 26.977
719.058 27.038
719.354 27.096
719.650 27.158
719.946 27.219
720.243 27.277
720.539 27.345
720.835 27.409
721.131 27.486
721.428 27.556
721.724 27.622
722.020 27.690
722.317 27.773
722.613 27.860
722.909 27.933
723.205 28.010
723.502 28.091
723.798 28.181
724.094 28.274
724.391 28.362
724.687 28.445
724.983 28.534
725.279 28.610
725.576 28.692
725.872 28.786
726.168 28.874
726.465 28.950
726.761 29.031
727.057 29.123
727.353 29.223
727.650 29.308
727.946 29.389
728.242 29.478
728.539 29.560
728.835 29.636
729.131 29.726
729.427 29.816
729.724 29.876
730.020 29.941
730.316 30.037
730.613 30.126
730.909 30.220
731.205 30.307
731.501 30.385
731.798 30.480
732.094 30.567
732.390 30.637
732.687 30.712
732.983 30.799
733.279 30.897
733.575 30.979
733.872 31.054
734.168 31.149
734.464 31.243
734.761 31.326
735.057 31.409
735.353 31.494
735.649 31.577
735.946 31.665
736.242 31.769
736.538 31.865
736.835 31.947
737.131 32.028
737.427 32.144
737.723 32.250
738.020 32.352
738.316 32.450
738.612 32.547
738.909 32.643
739.205 32.740
739.501 32.832
739.797 32.942
740.094 33.060
740.390 33.152
740.686 33.245
740.982 33.344
741.279 33.441
741.575 33.543
741.871 33.627
742.168 33.719
742.464 33.812
742.760 33.900
743.056 33.986
743.353 34.083
743.649 34.179
743.945 34.264
744.242 34.349
744.538 34.445
744.834 34.540
745.130 34.629
745.427 34.721
745.723 34.820
746.019 34.913
746.316 35.005
746.612 35.100
746.908 35.195
747.204 35.279
747.501 35.367
747.797 35.463
748.093 35.559
748.390 35.645
748.686 35.735
748.982 35.821
749.278 35.914
749.575 35.999
749.871 36.073
750.167 36.163
750.464 36.278
750.760 36.385
751.056 36.475
751.352 36.559
751.649 36.652
751.945 36.742
752.241 36.823
752.538 36.909
752.834 36.999
753.130 37.077
753.426 37.153
753.723 37.248
754.019 37.333
754.315 37.410
754.611 37.492
754.908 37.595
755.204 37.711
755.500 37.787
755.797 37.864
756.093 37.943
756.389 38.022
756.685 38.105
756.982 38.203
757.278 38.286
757.574 38.363
757.871 38.424
758.167 38.496
758.463 38.591
758.759 38.675
759.056 38.742
759.352 38.819
759.648 38.878
759.945 38.940
760.241 39.004
760.537 39.087
760.833 39.178
761.130 39.263
761.426 39.336
761.722 39.410
762.019 39.484
762.315 39.570
762.611 39.658
762.907 39.730
763.204 39.809
763.500 39.881
763.804 39.944
764.108 40.022
764.412 40.096
764.716 40.181
765.020 40.257
765.324 40.340
765.628 40.419
765.932 40.491
766.236 40.551
766.540 40.608
766.844 40.673
767.148 40.732
767.452 40.792
767.756 40.856
768.060 40.922
768.364 40.980
768.668 41.029
768.972 41.084
769.276 41.151
769.580 41.211
769.884 41.278
770.188 41.368
770.492 41.429
770.796 41.470
771.100 41.522
771.404 41.580
771.708 41.632
772.012 41.662
772.316 41.720
772.620 41.769
772.924 41.828
773.228 41.874
773.532 41.910
773.836 41.961
774.140 42.019
774.444 42.087
774.748 42.148
775.052 42.184
775.356 42.214
775.659 42.261
775.963 42.330
776.267 42.385
776.571 42.424
776.875 42.467
777.179 42.505
777.483 42.560
777.787 42.602
778.091 42.645
778.395 42.694
778.699 42.749
779.003 42.787
779.307 42.808
779.611 42.817
779.915 42.829
780.219 42.857
780.523 42.918
780.827 42.969
781.131 42.998
781.435 43.052
781.739 43.095
782.043 43.136
782.347 43.183
782.651 43.209
782.955 43.240
783.259 43.242
783.563 43.256
783.867 43.295
784.171 43.329
784.475 43.346
784.779 43.362
785.083 43.383
785.387 43.394
785.691 43.390
785.995 43.402
786.299 43.424
786.603 43.438
786.907 43.453
787.211 43.475
787.515 43.515
787.819 43.546
788.123 43.552
788.427 43.544
788.731 43.526
789.035 43.537
789.339 43.572
789.643 43.584
789.947 43.590
790.251 43.610
790.555 43.652
790.859 43.669
791.163 43.702
791.467 43.725
791.771 43.733
792.075 43.740
792.379 43.751
792.683 43.752
792.987 43.743
793.291 43.740
793.595 43.762
793.899 43.808
794.203 43.823
794.507 43.826
794.811 43.850
795.115 43.879
795.419 43.893
795.723 43.897
796.027 43.891
796.331 43.894
796.635 43.925
796.939 43.931
797.243 43.931
797.547 43.948
797.851 43.983
798.155 44.014
798.459 44.039
798.763 44.045
799.067 44.021
799.371 44.004
799.674 44.022
799.978 44.042
800.282 44.064
800.586 44.044
800.890 44.028
801.194 44.036
801.498 44.048
801.802 44.095
802.106 44.139
802.410 44.145
802.714 44.165
803.018 44.194
803.322 44.208
803.626 44.212
803.930 44.237
804.234 44.278
804.538 44.299
804.842 44.327
805.146 44.350
805.450 44.390
805.754 44.419
806.058 44.428
806.362 44.449
806.666 44.467
806.970 44.496
807.274 44.512
807.578 44.524
807.882 44.522
808.186 44.538
808.490 44.548
808.794 44.574
809.098 44.583
809.402 44.607
809.706 44.623
810.010 44.615
810.314 44.631
810.618 44.646
810.922 44.628
811.226 44.620
811.530 44.616
811.834 44.614
812.137 44.605
812.441 44.585
812.744 44.588
813.048 44.566
813.351 44.549
813.655 44.520
813.958 44.492
814.262 44.507
814.565 44.514
814.869 44.522
815.172 44.516
815.476 44.524
815.779 44.537
816.083 44.538
816.386 44.488
816.690 44.478
816.993 44.500
817.297 44.521
817.600 44.558
817.904 44.578
818.208 44.559
818.511 44.524
818.815 44.491
819.118 44.507
819.422 44.526
819.725 44.530
820.029 44.509
820.332 44.466
820.636 44.474
820.939 44.491
821.243 44.459
821.546 44.459
821.850 44.490
822.153 44.543
822.457 44.541
822.760 44.512
823.064 44.502
823.367 44.497
823.671 44.485
823.974 44.457
824.278 44.443
824.582 44.437
824.885 44.430
825.189 44.430
825.492 44.421
825.796 44.421
826.099 44.414
826.403 44.418
826.706 44.430
827.010 44.455
827.313 44.437
827.617 44.419
827.920 44.375
828.224 44.355
828.527 44.359
828.831 44.323
829.134 44.296
829.438 44.298
829.741 44.308
830.045 44.325
830.348 44.304
830.652 44.290
830.956 44.289
831.259 44.299
831.563 44.332
831.866 44.348
832.170 44.384
832.473 44.408
832.777 44.400
833.080 44.368
833.384 44.355
833.687 44.327
833.991 44.298
834.294 44.275
834.598 44.260
834.901 44.279
835.205 44.276
835.508 44.248
835.812 44.241
836.115 44.218
836.419 44.220
836.722 44.217
837.026 44.211
837.330 44.220
837.633 44.206
837.937 44.173
838.240 44.161
838.544 44.176
838.847 44.177
839.151 44.140
839.454 44.123
839.758 44.130
840.061 44.123
840.365 44.129
840.668 44.104
840.972 44.110
841.275 44.140
841.579 44.160
841.882 44.156
842.186 44.153
842.489 44.146
842.793 44.145
843.097 44.143
843.400 44.125
843.704 44.118
844.007 44.143
844.311 44.185
844.614 44.206
844.918 44.224
845.221 44.228
845.525 44.206
845.828 44.167
846.132 44.137
846.435 44.160
846.739 44.148
847.042 44.146
847.346 44.170
847.649 44.180
847.953 44.160
848.256 44.133
848.560 44.118
848.863 44.140
849.167 44.157
849.471 44.141
849.774 44.098
850.078 44.081
850.381 44.070
850.685 44.069
850.988 44.095
851.292 44.077
851.595 44.095
851.899 44.095
852.202 44.097
852.506 44.145
852.809 44.160
853.113 44.134
853.416 44.109
853.720 44.082
854.023 44.098
854.327 44.074
854.630 44.051
854.934 44.017
855.237 44.004
855.541 43.996
855.845 43.987
856.148 43.983
856.452 43.988
856.755 43.941
857.059 43.902
857.362 43.910
857.666 43.912
857.969 43.883
858.273 43.858
858.576 43.854
858.880 43.809
859.183 43.748
859.487 43.708
859.790 43.680
860.094 43.650
860.397 43.633
860.701 43.627
861.004 43.602
861.308 43.558
861.611 43.509
861.915 43.479
862.219 43.466
862.522 43.441
862.826 43.368
863.129 43.323
863.433 43.273
863.736 43.204
864.040 43.177
864.343 43.199
864.647 43.203
864.950 43.169
865.254 43.157
865.557 43.106
865.861 43.060
866.164 43.039
866.468 43.034
866.771 43.023
867.075 43.011
867.378 42.982
867.682 42.964
867.985 42.970
868.289 42.984
868.593 42.957
868.896 42.926
869.200 42.878
869.503 42.826
869.807 42.834
870.110 42.825
870.414 42.801
870.717 42.778
871.021 42.736
871.324 42.713
871.628 42.715
871.931 42.738
872.235 42.769
872.538 42.733
872.842 42.724
873.145 42.710
873.449 42.690
873.752 42.716
874.056 42.741
874.359 42.707
874.663 42.714
874.967 42.721
875.270 42.754
875.574 42.785
875.877 42.763
876.181 42.734
876.484 42.716
876.788 42.706
877.091 42.679
877.395 42.658
877.698 42.687
878.002 42.695
878.305 42.674
878.609 42.664
878.912 42.669
879.216 42.663
879.519 42.662
879.823 42.656
880.126 42.674
880.430 42.692
880.733 42.667
881.037 42.645
881.341 42.641
881.644 42.604
881.948 42.611
882.251 42.656
882.555 42.637
882.858 42.614
883.162 42.627
883.465 42.644
883.769 42.644
884.072 42.651
884.376 42.680
884.679 42.716
884.983 42.715
885.286 42.741
885.590 42.755
885.893 42.752
886.197 42.731
886.500 42.714
886.804 42.692
887.107 42.667
887.411 42.681
887.715 42.731
888.018 42.737
888.322 42.709
888.625 42.714
888.929 42.717
889.232 42.700
889.536 42.667
889.839 42.633
890.143 42.612
890.446 42.596
890.750 42.574
891.053 42.571
891.357 42.556
891.660 42.543
891.964 42.540
892.267 42.490
892.571 42.458
892.874 42.461
893.178 42.455
893.482 42.452
893.785 42.435
894.089 42.426
894.392 42.470
894.696 42.500
894.999 42.483
895.303 42.471
895.606 42.450
895.910 42.448
896.213 42.456
896.517 42.454
896.820 42.447
897.124 42.434
897.427 42.402
897.731 42.376
898.034 42.382
898.338 42.394
898.641 42.393
898.945 42.401
899.248 42.421
899.552 42.435
899.856 42.439
900.159 42.491
900.463 42.523
900.766 42.493
901.070 42.518
901.373 42.508
901.677 42.481
901.980 42.470
902.284 42.461
902.587 42.476
902.891 42.435
903.194 42.353
903.498 42.328
903.801 42.299
904.105 42.247
904.408 42.241
904.712 42.233
905.015 42.202
905.319 42.190
905.622 42.211
905.926 42.177
906.230 42.098
906.533 42.054
906.837 42.024
907.140 42.009
907.444 42.006
907.747 42.007
908.051 42.009
908.354 42.023
908.658 42.031
908.961 41.997
909.265 41.972
909.568 41.984
909.872 42.001
910.175 42.021
910.479 42.025
910.782 42.021
911.086 41.992
911.389 41.989
911.693 41.975
911.996 41.953
912.300 41.964
912.613 41.984
912.926 41.956
913.238 41.939
913.551 41.943
913.864 41.942
914.176 41.965
914.489 41.998
914.802 42.017
915.115 42.037
915.427 42.014
915.740 42.031
916.053 42.061
916.366 42.053
916.678 42.035
916.991 42.051
917.304 42.061
917.617 42.056
917.929 42.098
918.242 42.103
918.555 42.099
918.868 42.094
919.180 42.070
919.493 42.081
919.806 42.054
920.119 42.032
920.431 42.019
920.744 41.999
921.057 42.006
921.370 42.008
921.682 42.033
921.995 42.049
922.308 42.054
922.621 42.103
922.933 42.180
923.246 42.209
923.559 42.206
923.872 42.195
924.184 42.190
924.497 42.193
924.810 42.230
925.123 42.296
925.435 42.341
925.748 42.375
926.061 42.404
926.374 42.417
926.686 42.457
926.999 42.511
927.312 42.556
927.625 42.599
927.937 42.632
928.250 42.688
928.563 42.700
928.876 42.710
929.188 42.781
929.501 42.848
929.814 42.923
930.127 42.953
930.439 42.967
930.752 42.962
931.065 42.981
931.378 43.012
931.690 42.994
932.003 42.996
932.316 43.039
932.629 43.038
932.941 43.043
933.254 43.062
933.567 42.986
933.880 42.934
934.192 42.992
934.505 43.091
934.818 43.151
935.131 43.192
935.443 43.304
935.756 43.382
936.069 43.487
936.382 43.563
936.694 43.651
937.007 43.659
937.320 43.634
937.633 43.657
937.945 43.675
938.258 43.650
938.571 43.623
938.884 43.690
939.196 43.770
939.509 43.789
939.822 43.760
940.135 43.760
940.447 43.795
940.760 43.811
941.073 43.810
941.386 43.822
941.698 43.790
942.011 43.802
942.324 43.828
942.637 43.808
942.949 43.818
943.262 43.892
943.575 43.936
943.888 43.967
944.200 44.006
944.513 44.033
944.826 44.084
945.139 44.095
945.451 44.059
945.764 44.021
946.077 43.987
946.390 44.011
946.702 44.012
947.015 43.954
947.328 43.868
947.641 43.830
947.953 43.771
948.266 43.655
948.579 43.595
948.892 43.510
949.204 43.443
949.517 43.421
949.830 43.446
950.143 43.468
950.455 43.492
950.768 43.535
951.081 43.500
951.394 43.443
951.706 43.496
952.019 43.480
952.332 43.467
952.645 43.501
952.957 43.449
953.270 43.408
953.583 43.428
953.896 43.422
954.208 43.393
954.521 43.346
954.834 43.330
955.147 43.226
955.459 43.151
955.772 43.064
956.085 43.048
956.398 43.073
956.710 43.045
957.023 43.025
957.336 43.073
957.649 43.132
957.961 43.186
958.274 43.264
958.587 43.278
958.900 43.320
959.212 43.285
959.525 43.155
959.838 43.128
960.151 43.170
960.463 43.162
960.776 43.178
961.089 43.100
961.402 43.046
961.714 43.060
962.027 43.004
962.340 42.929
962.653 42.945
962.965 42.977
963.278 42.901
963.591 42.804
963.904 42.737
964.216 42.681
964.529 42.679
964.842 42.650
965.154 42.622
965.467 42.592
965.780 42.529
966.094 42.556
966.409 42.641
966.723 42.667
967.037 42.717
967.352 42.773
967.666 42.814
967.980 42.918
968.295 42.991
968.609 43.017
968.923 42.975
969.238 42.893
969.552 42.766
969.866 42.760
970.181 42.844
970.495 42.815
970.809 42.768
971.124 42.780
971.438 42.718
971.752 42.778
972.067 42.894
972.381 42.824
972.695 42.667
973.010 42.561
973.324 42.544
973.638 42.561
973.953 42.593
974.267 42.626
974.581 42.643
974.896 42.632
975.210 42.626
975.524 42.577
975.839 42.563
976.153 42.713
976.467 42.819
976.781 42.824
977.096 42.810
977.410 42.781
977.724 42.899
978.039 42.939
978.353 42.993
978.667 43.170
978.982 43.267
979.296 43.341
979.610 43.451
979.925 43.447
980.239 43.430
980.553 43.368
980.868 43.362
981.182 43.399
981.496 43.464
981.811 43.401
982.125 43.329
982.439 43.342
982.754 43.426
983.068 43.472
983.382 43.553
983.697 43.639
984.011 43.727
984.325 43.760
984.640 43.723
984.954 43.757
985.268 43.842
985.583 43.850
985.897 43.893
986.211 44.009
986.526 44.071
986.840 44.120
987.154 44.136
987.469 44.160
987.783 44.154
988.097 44.236
988.412 44.311
988.726 44.372
989.040 44.286
989.355 44.219
989.669 44.281
989.983 44.316
990.298 44.330
990.612 44.504
990.926 44.593
991.241 44.657
991.555 44.785
991.869 44.875
992.184 44.954
992.498 44.992
992.812 44.947
993.127 44.910
993.441 44.871
993.755 44.845
994.070 44.821
994.384 44.880
994.698 44.992
995.013 45.128
995.327 45.104
995.641 45.010
995.956 44.989
996.270 44.907
996.584 44.791
996.899 44.702
997.213 44.794
997.527 44.804
997.841 44.715
998.156 44.657
998.470 44.559
998.784 44.499
999.099 44.635
999.413 44.718
999.727 44.839
