200.182 83.530
200.437 82.807
200.691 82.359
200.946 81.739
201.201 80.821
201.455 80.109
201.710 79.443
201.964 78.802
202.219 78.071
202.474 77.260
202.728 76.583
202.983 75.841
203.237 75.099
203.492 74.182
203.747 73.131
204.001 72.209
204.256 71.289
204.510 70.284
204.765 69.519
205.020 68.992
205.274 68.311
205.529 67.464
205.783 66.745
206.038 65.771
206.293 64.669
206.547 63.639
206.802 62.570
207.057 61.575
207.311 60.499
207.566 59.478
207.820 58.550
208.075 57.663
208.330 56.644
208.584 55.668
208.839 54.955
209.093 54.209
209.348 53.243
209.603 52.333
209.857 51.295
210.112 50.397
210.366 49.439
210.621 48.548
210.876 47.743
211.130 47.013
211.385 46.195
211.639 45.276
211.894 44.213
212.149 43.313
212.403 42.537
212.658 41.790
212.913 41.064
213.167 40.296
213.422 39.647
213.676 38.912
213.931 38.142
214.186 37.404
214.440 36.629
214.695 36.008
214.949 35.554
215.204 34.973
215.459 34.411
215.713 33.905
215.968 33.324
216.222 32.620
216.477 31.965
216.732 31.486
216.986 30.947
217.241 30.321
217.495 29.764
217.750 29.270
218.005 28.852
218.259 28.394
218.514 27.839
218.769 27.215
219.023 26.745
219.278 26.308
219.532 25.732
219.787 25.227
220.042 24.786
220.296 24.387
220.551 23.959
220.805 23.571
221.060 23.166
221.315 22.698
221.569 22.275
221.824 21.931
222.078 21.631
222.333 21.304
222.588 21.003
222.842 20.656
223.097 20.299
223.351 19.991
223.606 19.595
223.861 19.116
224.115 18.735
224.370 18.348
224.625 17.920
224.879 17.584
225.134 17.226
225.388 16.951
225.643 16.697
225.898 16.418
226.152 16.126
226.407 15.870
226.661 15.539
226.916 15.226
227.171 14.877
227.425 14.573
227.680 14.304
227.934 14.055
228.189 13.765
228.444 13.534
228.698 13.326
228.953 13.083
229.208 12.835
229.462 12.585
229.717 12.365
229.971 12.147
230.226 11.951
230.481 11.736
230.735 11.529
230.990 11.342
231.244 11.127
231.499 10.918
231.754 10.732
232.008 10.573
232.263 10.457
232.517 10.321
232.772 10.182
233.027 10.002
233.281 9.818
233.536 9.658
233.790 9.499
234.045 9.364
234.300 9.236
234.554 9.102
234.809 8.969
235.064 8.859
235.318 8.764
235.573 8.668
235.827 8.570
236.082 8.462
236.337 8.370
236.591 8.288
236.846 8.202
237.100 8.111
237.355 8.048
237.610 7.988
237.864 7.905
238.119 7.852
238.373 7.788
238.628 7.716
238.883 7.658
239.137 7.594
239.392 7.539
239.646 7.493
239.901 7.453
240.156 7.399
240.410 7.361
240.665 7.320
240.920 7.268
241.174 7.223
241.429 7.185
241.683 7.145
241.938 7.101
242.193 7.067
242.447 7.025
242.702 6.996
242.956 6.967
243.211 6.939
243.466 6.916
243.720 6.902
243.975 6.889
244.229 6.868
244.484 6.836
244.739 6.815
244.993 6.803
245.248 6.785
245.503 6.777
245.757 6.769
246.012 6.756
246.266 6.737
246.521 6.725
246.776 6.725
247.030 6.708
247.285 6.690
247.539 6.675
247.794 6.662
248.049 6.656
248.303 6.649
248.558 6.653
248.812 6.645
249.067 6.626
249.322 6.619
249.576 6.614
249.831 6.610
250.085 6.601
250.340 6.599
250.595 6.600
250.849 6.604
251.104 6.600
251.359 6.596
251.613 6.596
251.868 6.595
252.122 6.589
252.377 6.585
252.632 6.588
252.886 6.578
253.141 6.561
253.395 6.558
253.650 6.550
253.905 6.540
254.161 6.534
254.416 6.534
254.672 6.542
254.927 6.552
255.183 6.552
255.438 6.546
255.694 6.548
255.949 6.553
256.205 6.551
256.460 6.548
256.715 6.542
256.971 6.552
257.226 6.560
257.482 6.562
257.737 6.564
257.993 6.568
258.248 6.571
258.504 6.572
258.759 6.565
259.014 6.565
259.270 6.567
259.525 6.562
259.781 6.569
260.036 6.590
260.292 6.604
260.547 6.606
260.803 6.613
261.058 6.621
261.314 6.628
261.569 6.631
261.824 6.637
262.080 6.650
262.335 6.663
262.591 6.686
262.846 6.701
263.102 6.702
263.357 6.703
263.613 6.710
263.868 6.709
264.123 6.702
264.379 6.700
264.634 6.705
264.890 6.704
265.145 6.716
265.401 6.720
265.656 6.727
265.912 6.726
266.167 6.716
266.423 6.710
266.678 6.717
266.933 6.722
267.189 6.718
267.444 6.715
267.700 6.713
267.955 6.710
268.211 6.706
268.466 6.716
268.722 6.723
268.977 6.724
269.232 6.728
269.488 6.725
269.743 6.720
269.999 6.719
270.254 6.724
270.510 6.722
270.765 6.717
271.021 6.717
271.276 6.722
271.532 6.724
271.787 6.724
272.042 6.720
272.298 6.719
272.553 6.713
272.809 6.713
273.064 6.725
273.320 6.739
273.575 6.753
273.831 6.755
274.086 6.756
274.342 6.763
274.597 6.758
274.852 6.759
275.108 6.764
275.363 6.760
275.619 6.744
275.874 6.727
276.130 6.717
276.385 6.717
276.641 6.725
276.896 6.725
277.151 6.726
277.407 6.724
277.662 6.706
277.918 6.687
278.173 6.673
278.429 6.662
278.684 6.664
278.940 6.673
279.195 6.668
279.451 6.671
279.706 6.673
279.961 6.678
280.217 6.678
280.472 6.678
280.728 6.674
280.983 6.676
281.239 6.674
281.494 6.678
281.750 6.691
282.005 6.696
282.260 6.702
282.516 6.699
282.771 6.695
283.027 6.697
283.282 6.705
283.538 6.704
283.793 6.703
284.049 6.702
284.304 6.700
284.560 6.700
284.815 6.698
285.070 6.703
285.326 6.715
285.581 6.723
285.837 6.714
286.092 6.708
286.348 6.716
286.603 6.728
286.859 6.732
287.114 6.742
287.369 6.753
287.625 6.763
287.880 6.769
288.136 6.777
288.391 6.784
288.647 6.789
288.902 6.784
289.158 6.779
289.413 6.787
289.669 6.796
289.924 6.804
290.179 6.817
290.435 6.826
290.690 6.832
290.946 6.843
291.201 6.858
291.457 6.872
291.712 6.889
291.968 6.898
292.223 6.900
292.479 6.910
292.734 6.917
292.989 6.930
293.245 6.953
293.500 6.973
293.756 6.987
294.011 7.008
294.267 7.016
294.522 7.016
294.778 7.031
295.033 7.050
295.288 7.068
295.544 7.079
295.799 7.094
296.055 7.114
296.310 7.133
296.566 7.149
296.821 7.171
297.077 7.188
297.332 7.198
297.588 7.204
297.843 7.210
298.098 7.227
298.354 7.251
298.609 7.271
298.865 7.289
299.120 7.308
299.376 7.325
299.631 7.336
299.887 7.357
300.142 7.381
300.397 7.407
300.653 7.431
300.908 7.449
301.164 7.468
301.419 7.490
301.675 7.514
301.930 7.534
302.186 7.556
302.441 7.577
302.697 7.590
302.952 7.608
303.207 7.638
303.463 7.671
303.718 7.694
303.974 7.715
304.229 7.748
304.485 7.778
304.740 7.806
304.996 7.836
305.251 7.864
305.506 7.891
305.762 7.921
306.017 7.951
306.273 7.988
306.528 8.025
306.784 8.066
307.039 8.112
307.295 8.146
307.550 8.179
307.806 8.216
308.061 8.255
308.316 8.290
308.572 8.328
308.827 8.363
309.083 8.401
309.338 8.432
309.594 8.459
309.849 8.504
310.105 8.548
310.360 8.591
310.615 8.630
310.871 8.671
311.126 8.713
311.382 8.759
311.637 8.803
311.893 8.841
312.148 8.880
312.404 8.916
312.659 8.954
312.915 9.000
313.170 9.055
313.429 9.102
313.688 9.151
313.947 9.203
314.206 9.257
314.465 9.312
314.724 9.370
314.983 9.425
315.242 9.480
315.501 9.537
315.760 9.595
316.019 9.655
316.278 9.716
316.536 9.775
316.795 9.832
317.054 9.895
317.313 9.956
317.572 10.022
317.831 10.094
318.090 10.162
318.349 10.230
318.608 10.296
318.867 10.355
319.126 10.417
319.385 10.486
319.644 10.555
319.903 10.609
320.162 10.668
320.421 10.734
320.680 10.798
320.939 10.867
321.198 10.932
321.457 10.992
321.716 11.057
321.975 11.119
322.234 11.184
322.493 11.248
322.752 11.313
323.010 11.383
323.269 11.452
323.528 11.518
323.787 11.590
324.046 11.666
324.305 11.743
324.564 11.820
324.823 11.884
325.082 11.961
325.341 12.049
325.600 12.138
325.859 12.226
326.118 12.313
326.377 12.399
326.636 12.475
326.895 12.552
327.154 12.627
327.413 12.700
327.672 12.772
327.931 12.849
328.190 12.925
328.449 13.005
328.708 13.089
328.967 13.165
329.226 13.250
329.485 13.333
329.743 13.410
330.002 13.482
330.261 13.555
330.520 13.635
330.779 13.715
331.038 13.801
331.297 13.889
331.556 13.974
331.815 14.051
332.074 14.127
332.333 14.217
332.592 14.312
332.851 14.399
333.110 14.491
333.369 14.573
333.628 14.651
333.887 14.728
334.146 14.807
334.405 14.890
334.664 14.979
334.923 15.083
335.182 15.190
335.441 15.285
335.700 15.383
335.959 15.487
336.217 15.598
336.476 15.711
336.735 15.819
336.994 15.929
337.253 16.052
337.512 16.170
337.771 16.279
338.030 16.389
338.289 16.507
338.548 16.618
338.807 16.734
339.066 16.859
339.325 16.971
339.584 17.083
339.843 17.205
340.102 17.328
340.361 17.455
340.620 17.593
340.879 17.719
341.138 17.834
341.397 17.943
341.656 18.063
341.915 18.192
342.174 18.319
342.433 18.468
342.691 18.627
342.950 18.781
343.209 18.937
343.468 19.103
343.727 19.266
343.986 19.432
344.245 19.599
344.504 19.768
344.763 19.944
345.022 20.106
345.281 20.265
345.540 20.430
345.799 20.597
346.058 20.765
346.317 20.936
346.576 21.116
346.835 21.308
347.094 21.489
347.353 21.680
347.612 21.867
347.871 22.062
348.130 22.258
348.389 22.454
348.648 22.644
348.907 22.834
349.166 23.053
349.424 23.271
349.683 23.483
349.942 23.702
350.201 23.925
350.460 24.137
350.719 24.320
350.978 24.513
351.237 24.738
351.496 24.964
351.755 25.176
352.014 25.389
352.273 25.594
352.532 25.798
352.791 26.010
353.050 26.235
353.309 26.466
353.568 26.691
353.827 26.905
354.086 27.121
354.345 27.331
354.604 27.540
354.863 27.759
355.122 27.994
355.381 28.227
355.640 28.451
355.898 28.669
356.157 28.886
356.416 29.104
356.675 29.327
356.934 29.551
357.193 29.787
357.452 30.018
357.711 30.235
357.970 30.466
358.229 30.678
358.488 30.870
358.747 31.065
359.006 31.269
359.265 31.477
359.524 31.704
359.783 31.917
360.042 32.112
360.301 32.307
360.560 32.499
360.819 32.694
361.078 32.894
361.337 33.084
361.596 33.284
361.855 33.491
362.114 33.694
362.372 33.894
362.631 34.067
362.890 34.243
363.149 34.410
363.408 34.587
363.667 34.746
363.926 34.896
364.185 35.054
364.444 35.222
364.703 35.383
364.962 35.511
365.221 35.635
365.480 35.775
365.745 35.898
366.009 36.027
366.274 36.177
366.539 36.323
366.804 36.446
367.068 36.552
367.333 36.664
367.598 36.775
367.863 36.877
368.127 36.992
368.392 37.105
368.657 37.205
368.921 37.278
369.186 37.348
369.451 37.438
369.716 37.534
369.980 37.607
370.245 37.698
370.510 37.772
370.775 37.823
371.039 37.887
371.304 37.941
371.569 37.994
371.834 38.057
372.098 38.111
372.363 38.161
372.628 38.206
372.892 38.252
373.157 38.285
373.422 38.317
373.687 38.347
373.951 38.368
374.216 38.395
374.481 38.424
374.746 38.451
375.010 38.476
375.275 38.482
375.540 38.466
375.804 38.466
376.069 38.470
376.334 38.471
376.599 38.470
376.863 38.471
377.128 38.466
377.393 38.468
377.658 38.457
377.922 38.432
378.187 38.406
378.452 38.374
378.716 38.354
378.981 38.334
379.246 38.301
379.511 38.271
379.775 38.260
380.040 38.237
380.305 38.197
380.570 38.162
380.834 38.126
381.099 38.096
381.364 38.072
381.629 38.042
381.893 38.019
382.158 37.981
382.423 37.925
382.687 37.882
382.952 37.842
383.217 37.802
383.482 37.755
383.746 37.711
384.011 37.672
384.276 37.625
384.541 37.573
384.805 37.518
385.070 37.470
385.335 37.427
385.599 37.368
385.864 37.300
386.129 37.256
386.394 37.200
386.658 37.155
386.923 37.112
387.188 37.053
387.453 36.997
387.717 36.935
387.982 36.866
388.247 36.810
388.511 36.750
388.776 36.693
389.041 36.639
389.306 36.567
389.570 36.492
389.835 36.426
390.100 36.358
390.365 36.299
390.629 36.245
390.894 36.190
391.159 36.130
391.424 36.072
391.688 36.003
391.953 35.935
392.218 35.880
392.482 35.816
392.747 35.755
393.012 35.694
393.277 35.640
393.541 35.584
393.806 35.524
394.071 35.479
394.336 35.424
394.600 35.359
394.865 35.293
395.130 35.234
395.394 35.189
395.659 35.137
395.924 35.070
396.189 35.014
396.453 34.958
396.718 34.902
396.983 34.841
397.248 34.781
397.512 34.713
397.777 34.644
398.042 34.575
398.306 34.509
398.571 34.449
398.836 34.391
399.101 34.338
399.365 34.280
399.630 34.226
399.895 34.166
400.160 34.105
400.424 34.046
400.689 33.999
400.954 33.955
401.219 33.915
401.483 33.866
401.748 33.816
402.013 33.776
402.277 33.725
402.542 33.675
402.807 33.633
403.072 33.597
403.336 33.556
403.601 33.516
403.866 33.476
404.131 33.433
404.395 33.391
404.660 33.355
404.929 33.314
405.198 33.267
405.466 33.237
405.735 33.204
406.004 33.165
406.273 33.123
406.542 33.077
406.810 33.028
407.079 32.982
407.348 32.944
407.617 32.911
407.886 32.882
408.154 32.849
408.423 32.818
408.692 32.795
408.961 32.767
409.229 32.743
409.498 32.722
409.767 32.694
410.036 32.682
410.305 32.666
410.573 32.656
410.842 32.648
411.111 32.643
411.380 32.633
411.649 32.613
411.917 32.594
412.186 32.584
412.455 32.576
412.724 32.571
412.993 32.565
413.261 32.564
413.530 32.560
413.799 32.566
414.068 32.588
414.337 32.599
414.605 32.614
414.874 32.628
415.143 32.640
415.412 32.650
415.681 32.658
415.949 32.662
416.218 32.688
416.487 32.709
416.756 32.729
417.024 32.754
417.293 32.773
417.562 32.789
417.831 32.810
418.100 32.841
418.368 32.875
418.637 32.900
418.906 32.922
419.175 32.947
419.444 32.976
419.712 33.004
419.981 33.027
420.250 33.060
420.519 33.100
420.788 33.125
421.056 33.146
421.325 33.177
421.594 33.207
421.863 33.233
422.132 33.269
422.400 33.304
422.669 33.346
422.938 33.389
423.207 33.435
423.476 33.471
423.744 33.508
424.013 33.550
424.282 33.591
424.551 33.632
424.819 33.672
425.088 33.703
425.357 33.734
425.626 33.768
425.895 33.805
426.163 33.838
426.432 33.868
426.701 33.895
426.970 33.919
427.239 33.946
427.507 33.967
427.776 33.990
428.045 34.021
428.314 34.058
428.583 34.099
428.851 34.136
429.120 34.170
429.389 34.201
429.658 34.233
429.927 34.270
430.195 34.301
430.464 34.322
430.733 34.353
431.002 34.392
431.271 34.417
431.539 34.436
431.808 34.460
432.077 34.496
432.346 34.531
432.614 34.554
432.883 34.579
433.152 34.614
433.421 34.636
433.690 34.643
433.958 34.654
434.227 34.663
434.496 34.672
434.765 34.677
435.034 34.696
435.302 34.723
435.571 34.742
435.840 34.747
436.116 34.762
436.393 34.788
436.669 34.812
436.945 34.824
437.221 34.842
437.498 34.861
437.774 34.884
438.050 34.909
438.326 34.928
438.603 34.947
438.879 34.964
439.155 34.974
439.431 34.984
439.708 34.994
439.984 35.014
440.260 35.031
440.537 35.043
440.813 35.058
441.089 35.080
441.365 35.093
441.642 35.106
441.918 35.134
442.194 35.151
442.470 35.161
442.747 35.174
443.023 35.184
443.299 35.197
443.575 35.210
443.852 35.227
444.128 35.250
444.404 35.278
444.680 35.305
444.957 35.336
445.233 35.359
445.509 35.375
445.786 35.392
446.062 35.416
446.338 35.439
446.614 35.461
446.891 35.484
447.167 35.506
447.443 35.528
447.719 35.535
447.996 35.550
448.272 35.576
448.548 35.605
448.824 35.616
449.101 35.639
449.377 35.667
449.653 35.692
449.930 35.703
450.206 35.719
450.482 35.773
450.758 35.814
451.035 35.847
451.311 35.881
451.587 35.912
451.863 35.948
452.140 35.985
452.416 36.017
452.692 36.060
452.968 36.097
453.245 36.130
453.521 36.168
453.797 36.217
454.074 36.259
454.350 36.300
454.626 36.336
454.902 36.376
455.179 36.423
455.455 36.465
455.731 36.507
456.007 36.555
456.284 36.602
456.560 36.647
456.836 36.697
457.112 36.738
457.389 36.784
457.665 36.836
457.941 36.874
458.218 36.913
458.494 36.963
458.770 37.004
459.046 37.053
459.323 37.105
459.599 37.164
459.875 37.225
460.151 37.272
460.428 37.323
460.704 37.380
460.980 37.433
461.256 37.479
461.533 37.529
461.809 37.566
462.085 37.605
462.361 37.650
462.638 37.692
462.914 37.734
463.190 37.781
463.467 37.836
463.743 37.887
464.019 37.927
464.295 37.968
464.572 38.024
464.848 38.077
465.124 38.125
465.400 38.178
465.677 38.235
465.953 38.292
466.229 38.345
466.505 38.395
466.782 38.444
467.058 38.496
467.334 38.541
467.611 38.595
467.887 38.650
468.163 38.695
468.439 38.742
468.716 38.777
468.992 38.810
469.268 38.853
469.544 38.896
469.821 38.939
470.097 38.975
470.373 39.007
470.649 39.040
470.926 39.079
471.202 39.115
471.478 39.152
471.755 39.183
472.031 39.224
472.307 39.273
472.583 39.315
472.860 39.358
473.136 39.401
473.412 39.438
473.688 39.467
473.965 39.502
474.241 39.529
474.517 39.553
474.793 39.586
475.070 39.626
475.346 39.657
475.622 39.687
475.899 39.712
476.175 39.736
476.451 39.756
476.727 39.766
477.004 39.788
477.280 39.802
477.556 39.816
477.832 39.833
478.109 39.848
478.385 39.863
478.661 39.868
478.937 39.874
479.214 39.889
479.490 39.914
479.766 39.934
480.043 39.950
480.319 39.960
480.595 39.968
480.871 39.979
481.148 39.993
481.424 39.997
481.700 40.009
481.976 40.025
482.253 40.028
482.529 40.036
482.805 40.042
483.081 40.050
483.358 40.063
483.634 40.076
483.910 40.082
484.186 40.087
484.463 40.091
484.739 40.098
485.015 40.117
485.292 40.145
485.568 40.178
485.844 40.199
486.120 40.213
486.397 40.227
486.673 40.250
486.949 40.282
487.225 40.311
487.502 40.333
487.778 40.363
488.054 40.401
488.330 40.441
488.607 40.473
488.883 40.500
489.159 40.522
489.436 40.552
489.712 40.584
489.988 40.617
490.264 40.658
490.541 40.699
490.817 40.736
491.093 40.781
491.369 40.836
491.646 40.896
491.922 40.949
492.198 40.999
492.474 41.042
492.751 41.091
493.027 41.136
493.303 41.176
493.580 41.227
493.856 41.285
494.132 41.350
494.408 41.404
494.685 41.458
494.961 41.504
495.237 41.552
495.513 41.609
495.790 41.675
496.066 41.734
496.342 41.782
496.618 41.825
496.895 41.870
497.171 41.908
497.447 41.948
497.724 41.994
498.000 42.032
498.276 42.079
498.552 42.119
498.829 42.156
499.105 42.199
499.381 42.230
499.657 42.257
499.934 42.275
500.210 42.289
500.486 42.310
500.762 42.328
501.039 42.336
501.315 42.340
501.591 42.349
501.867 42.354
502.144 42.345
502.420 42.325
502.696 42.309
502.973 42.303
503.249 42.289
503.525 42.257
503.801 42.212
504.078 42.165
504.354 42.116
504.630 42.071
504.906 42.010
505.183 41.949
505.459 41.895
505.735 41.823
506.011 41.744
506.288 41.666
506.564 41.584
506.840 41.490
507.117 41.398
507.393 41.304
507.669 41.206
507.945 41.104
508.222 40.984
508.498 40.852
508.774 40.717
509.050 40.584
509.327 40.462
509.603 40.328
509.879 40.199
510.155 40.063
510.432 39.923
510.708 39.769
510.984 39.608
511.261 39.452
511.537 39.288
511.813 39.130
512.089 38.970
512.366 38.806
512.642 38.625
512.918 38.440
513.194 38.252
513.471 38.067
513.747 37.869
514.023 37.675
514.299 37.478
514.576 37.281
514.852 37.086
515.128 36.885
515.405 36.679
515.681 36.461
515.957 36.239
516.233 36.021
516.510 35.793
516.786 35.576
517.062 35.363
517.338 35.131
517.615 34.902
517.891 34.675
518.167 34.451
518.443 34.219
518.720 33.983
518.996 33.745
519.272 33.513
519.548 33.278
519.825 33.031
520.101 32.795
520.377 32.569
520.654 32.337
520.930 32.106
521.206 31.876
521.482 31.635
521.759 31.406
522.035 31.164
522.311 30.919
522.587 30.683
522.864 30.453
523.140 30.216
523.416 29.971
523.692 29.734
523.969 29.497
524.245 29.256
524.521 29.012
524.798 28.766
525.074 28.522
525.350 28.279
525.626 28.044
525.903 27.808
526.179 27.566
526.455 27.329
526.731 27.096
527.008 26.868
527.284 26.632
527.560 26.397
527.836 26.159
528.113 25.925
528.389 25.697
528.665 25.459
528.942 25.219
529.218 24.999
529.494 24.793
529.770 24.564
530.047 24.335
530.323 24.113
530.599 23.898
530.875 23.682
531.152 23.464
531.428 23.245
531.704 23.025
531.980 22.803
532.257 22.586
532.533 22.373
532.809 22.164
533.086 21.958
533.362 21.754
533.638 21.546
533.914 21.337
534.191 21.134
534.467 20.932
534.743 20.738
535.019 20.542
535.296 20.351
535.572 20.158
535.848 19.966
536.124 19.773
536.401 19.582
536.677 19.391
536.953 19.197
537.230 19.003
537.506 18.820
537.782 18.637
538.058 18.449
538.335 18.266
538.611 18.083
538.887 17.903
539.163 17.726
539.440 17.559
539.716 17.386
539.992 17.215
540.268 17.046
540.545 16.871
540.821 16.699
541.097 16.525
541.373 16.359
541.650 16.206
541.926 16.048
542.202 15.893
542.479 15.741
542.755 15.589
543.031 15.436
543.307 15.285
543.584 15.129
543.860 14.971
544.136 14.822
544.412 14.674
544.689 14.535
544.965 14.394
545.241 14.250
545.517 14.112
545.794 13.977
546.070 13.835
546.356 13.684
546.642 13.550
546.928 13.426
547.214 13.291
547.500 13.155
547.786 13.029
548.072 12.905
548.358 12.785
548.644 12.664
548.930 12.543
549.216 12.431
549.502 12.318
549.788 12.201
550.074 12.092
550.360 11.988
550.646 11.875
550.932 11.766
551.218 11.665
551.504 11.564
551.790 11.464
552.076 11.363
552.362 11.258
552.648 11.154
552.934 11.060
553.220 10.968
553.506 10.883
553.793 10.804
554.079 10.727
554.365 10.644
554.651 10.565
554.937 10.486
555.223 10.416
555.509 10.353
555.795 10.281
556.081 10.214
556.367 10.146
556.653 10.074
556.939 10.007
557.225 9.943
557.511 9.879
557.797 9.823
558.083 9.764
558.369 9.711
558.655 9.657
558.941 9.603
559.227 9.557
559.513 9.505
559.799 9.453
560.085 9.406
560.371 9.365
560.657 9.319
560.943 9.267
561.229 9.229
561.515 9.191
561.801 9.148
562.087 9.103
562.373 9.057
562.659 9.016
562.945 8.979
563.231 8.944
563.517 8.898
563.803 8.854
564.089 8.823
564.375 8.788
564.661 8.759
564.947 8.733
565.233 8.698
565.519 8.669
565.805 8.640
566.091 8.614
566.377 8.585
566.663 8.552
566.949 8.521
567.235 8.495
567.521 8.465
567.807 8.436
568.093 8.414
568.379 8.392
568.665 8.366
568.951 8.343
569.237 8.316
569.524 8.292
569.810 8.268
570.096 8.250
570.382 8.231
570.668 8.211
570.954 8.185
571.240 8.156
571.526 8.125
571.812 8.099
572.098 8.075
572.384 8.058
572.670 8.031
572.956 7.996
573.242 7.968
573.528 7.942
573.814 7.918
574.100 7.890
574.386 7.865
574.672 7.846
574.958 7.827
575.244 7.805
575.530 7.786
575.816 7.770
576.102 7.748
576.388 7.723
576.674 7.700
576.960 7.676
577.248 7.651
577.536 7.629
577.824 7.601
578.113 7.578
578.401 7.561
578.689 7.537
578.977 7.517
579.265 7.497
579.553 7.472
579.841 7.449
580.130 7.426
580.418 7.402
580.706 7.375
580.994 7.354
581.282 7.338
581.570 7.316
581.858 7.295
582.147 7.271
582.435 7.253
582.723 7.239
583.011 7.223
583.299 7.203
583.587 7.183
583.875 7.169
584.164 7.157
584.452 7.149
584.740 7.135
585.028 7.119
585.316 7.099
585.604 7.083
585.892 7.064
586.181 7.043
586.469 7.026
586.757 7.008
587.045 6.992
587.333 6.978
587.621 6.960
587.909 6.935
588.198 6.914
588.486 6.901
588.774 6.885
589.062 6.871
589.350 6.858
589.638 6.837
589.927 6.810
590.215 6.791
590.503 6.782
590.791 6.770
591.079 6.755
591.367 6.742
591.655 6.731
591.944 6.723
592.232 6.707
592.520 6.694
592.808 6.686
593.096 6.675
593.384 6.661
593.672 6.650
593.961 6.640
594.249 6.629
594.537 6.623
594.825 6.621
595.113 6.614
595.401 6.608
595.689 6.599
595.978 6.591
596.266 6.588
596.554 6.579
596.842 6.573
597.130 6.573
597.418 6.582
597.706 6.591
597.995 6.590
598.283 6.590
598.571 6.589
598.859 6.589
599.147 6.590
599.435 6.592
599.723 6.593
600.012 6.590
600.300 6.587
600.588 6.586
600.876 6.589
601.164 6.592
601.452 6.592
601.740 6.587
602.029 6.583
602.317 6.584
602.605 6.584
602.893 6.589
603.181 6.592
603.469 6.598
603.757 6.604
604.046 6.606
604.334 6.611
604.622 6.618
604.910 6.624
605.198 6.629
605.486 6.643
605.774 6.653
606.063 6.661
606.351 6.670
606.639 6.678
606.927 6.683
607.215 6.695
607.503 6.707
607.791 6.721
608.080 6.729
608.368 6.738
608.656 6.750
608.944 6.760
609.232 6.771
609.520 6.776
609.808 6.792
610.097 6.812
610.385 6.823
610.673 6.841
610.961 6.854
611.249 6.868
611.537 6.880
611.825 6.885
612.114 6.891
612.402 6.894
612.690 6.899
612.978 6.909
613.266 6.926
613.554 6.942
613.843 6.954
614.131 6.961
614.419 6.966
614.707 6.971
614.995 6.970
615.283 6.968
615.571 6.986
615.860 7.011
616.148 7.019
616.436 7.022
616.724 7.027
617.012 7.035
617.300 7.045
617.588 7.051
617.877 7.059
618.165 7.064
618.453 7.070
618.741 7.078
619.029 7.081
619.317 7.088
619.605 7.095
619.894 7.105
620.182 7.113
620.470 7.116
620.758 7.126
621.046 7.136
621.334 7.143
621.622 7.155
621.911 7.167
622.199 7.169
622.487 7.171
622.775 7.173
623.063 7.175
623.351 7.179
623.639 7.183
623.928 7.186
624.216 7.187
624.504 7.186
624.792 7.187
625.080 7.194
625.368 7.195
625.656 7.200
625.945 7.206
626.233 7.208
626.521 7.209
626.809 7.208
627.097 7.208
627.385 7.205
627.673 7.197
627.962 7.198
628.250 7.192
628.538 7.191
628.826 7.195
629.114 7.195
629.402 7.198
629.690 7.210
629.979 7.225
630.267 7.228
630.555 7.224
630.843 7.219
631.131 7.214
631.419 7.210
631.707 7.213
631.996 7.226
632.284 7.236
632.572 7.239
632.860 7.240
633.148 7.230
633.436 7.213
633.724 7.219
634.013 7.229
634.301 7.233
634.589 7.230
634.877 7.227
635.165 7.231
635.453 7.230
635.741 7.225
636.030 7.222
636.318 7.220
636.606 7.225
636.894 7.223
637.182 7.225
637.470 7.223
637.759 7.229
638.047 7.235
638.335 7.235
638.623 7.236
638.911 7.237
639.199 7.239
639.487 7.241
639.776 7.244
640.064 7.254
640.352 7.264
640.640 7.275
640.928 7.281
641.216 7.284
641.504 7.297
641.793 7.308
642.081 7.314
642.369 7.322
642.657 7.325
642.945 7.331
643.233 7.338
643.521 7.347
643.810 7.358
644.098 7.368
644.386 7.376
644.674 7.390
644.962 7.405
645.250 7.417
645.538 7.422
645.827 7.428
646.115 7.435
646.403 7.439
646.691 7.449
646.979 7.468
647.267 7.475
647.555 7.474
647.844 7.491
648.132 7.511
648.420 7.527
648.708 7.541
648.996 7.560
649.284 7.577
649.572 7.583
649.861 7.596
650.149 7.618
650.437 7.649
650.725 7.675
651.013 7.701
651.301 7.728
651.589 7.755
651.878 7.786
652.166 7.826
652.454 7.871
652.742 7.913
653.030 7.954
653.318 7.997
653.606 8.045
653.895 8.092
654.183 8.140
654.471 8.198
654.759 8.245
655.047 8.290
655.335 8.337
655.623 8.384
655.912 8.429
656.200 8.481
656.488 8.542
656.776 8.596
657.064 8.645
657.352 8.704
657.640 8.760
657.929 8.821
658.217 8.882
658.505 8.950
658.793 9.019
659.081 9.088
659.369 9.166
659.657 9.250
659.946 9.326
660.234 9.413
660.522 9.504
660.810 9.590
661.098 9.675
661.386 9.765
661.675 9.858
661.963 9.954
662.251 10.050
662.539 10.146
662.827 10.250
663.115 10.365
663.403 10.476
663.692 10.590
663.980 10.716
664.268 10.838
664.556 10.953
664.844 11.075
665.132 11.202
665.420 11.335
665.709 11.471
665.997 11.609
666.285 11.748
666.573 11.888
666.861 12.036
667.149 12.197
667.437 12.355
667.726 12.521
668.014 12.678
668.302 12.836
668.590 13.006
668.878 13.172
669.166 13.336
669.454 13.510
669.743 13.681
670.031 13.849
670.319 14.029
670.607 14.219
670.895 14.414
671.183 14.600
671.471 14.790
671.760 14.982
672.048 15.173
672.336 15.380
672.624 15.600
672.912 15.813
673.200 16.030
673.488 16.256
673.777 16.479
674.065 16.700
674.353 16.929
674.641 17.167
674.929 17.408
675.217 17.653
675.505 17.903
675.794 18.157
676.082 18.415
676.370 18.675
676.658 18.938
676.946 19.197
677.234 19.458
677.522 19.736
677.811 20.014
678.099 20.286
678.387 20.567
678.675 20.848
678.963 21.128
679.251 21.423
679.539 21.722
679.828 22.020
680.116 22.327
680.404 22.633
680.692 22.941
680.980 23.259
681.268 23.577
681.556 23.878
681.845 24.188
682.133 24.505
682.421 24.831
682.709 25.152
682.997 25.463
683.285 25.776
683.573 26.103
683.862 26.435
684.150 26.772
684.438 27.124
684.726 27.469
685.014 27.821
685.302 28.164
685.591 28.510
685.879 28.858
686.167 29.206
686.455 29.561
686.743 29.923
687.031 30.280
687.319 30.633
687.608 30.990
687.896 31.348
688.184 31.704
688.472 32.063
688.760 32.434
689.048 32.800
689.336 33.159
689.625 33.534
689.913 33.900
690.201 34.260
690.489 34.621
690.777 34.990
691.065 35.362
691.353 35.735
691.642 36.114
691.930 36.483
692.218 36.847
692.506 37.212
692.794 37.585
693.082 37.966
693.370 38.338
693.659 38.711
693.947 39.082
694.235 39.442
694.523 39.809
694.811 40.180
695.099 40.553
695.387 40.920
695.676 41.286
695.964 41.653
696.252 42.027
696.540 42.404
696.836 42.772
697.133 43.130
697.429 43.499
697.725 43.859
698.021 44.203
698.318 44.550
698.614 44.895
698.910 45.252
699.207 45.611
699.503 45.961
699.799 46.311
700.095 46.656
700.392 47.011
700.688 47.364
700.984 47.727
701.281 48.076
701.577 48.422
701.873 48.759
702.169 49.082
702.466 49.413
702.762 49.733
703.058 50.046
703.355 50.369
703.651 50.699
703.947 51.016
704.243 51.318
704.540 51.629
704.836 51.946
705.132 52.261
705.428 52.566
705.725 52.861
706.021 53.160
706.317 53.456
706.614 53.737
706.910 54.016
707.206 54.311
707.502 54.596
707.799 54.888
708.095 55.181
708.391 55.470
708.688 55.740
708.984 56.007
709.280 56.266
709.576 56.521
709.873 56.791
710.169 57.062
710.465 57.305
710.762 57.541
711.058 57.772
711.354 57.998
711.650 58.238
711.947 58.497
712.243 58.739
712.539 58.970
712.836 59.209
713.132 59.424
713.428 59.632
713.724 59.856
714.021 60.062
714.317 60.259
714.613 60.447
714.910 60.638
715.206 60.843
715.502 61.027
715.798 61.203
716.095 61.386
716.391 61.563
716.687 61.743
716.984 61.903
717.280 62.094
717.576 62.285
717.872 62.466
718.169 62.632
718.465 62.801
718.761 62.967
719.058 63.110
719.354 63.255
719.650 63.396
719.946 63.530
720.243 63.681
720.539 63.815
720.835 63.948
721.131 64.096
721.428 64.242
721.724 64.386
722.020 64.528
722.317 64.673
722.613 64.787
722.909 64.895
723.205 65.018
723.502 65.140
723.798 65.259
724.094 65.387
724.391 65.516
724.687 65.648
724.983 65.786
725.279 65.902
725.576 66.003
725.872 66.100
726.168 66.180
726.465 66.251
726.761 66.349
727.057 66.441
727.353 66.541
727.650 66.644
727.946 66.726
728.242 66.807
728.539 66.908
728.835 67.012
729.131 67.106
729.427 67.206
729.724 67.279
730.020 67.351
730.316 67.443
730.613 67.522
730.909 67.596
731.205 67.676
731.501 67.760
731.798 67.831
732.094 67.915
732.390 67.984
732.687 68.056
732.983 68.130
733.279 68.199
733.575 68.254
733.872 68.319
734.168 68.396
734.464 68.478
734.761 68.553
735.057 68.628
735.353 68.674
735.649 68.730
735.946 68.797
736.242 68.868
736.538 68.921
736.835 68.973
737.131 69.037
737.427 69.114
737.723 69.184
738.020 69.252
738.316 69.294
738.612 69.348
738.909 69.404
739.205 69.456
739.501 69.493
739.797 69.539
740.094 69.594
740.390 69.641
740.686 69.700
740.982 69.750
741.279 69.785
741.575 69.837
741.871 69.884
742.168 69.911
742.464 69.932
742.760 69.966
743.056 70.000
743.353 70.028
743.649 70.073
743.945 70.110
744.242 70.156
744.538 70.222
744.834 70.264
745.130 70.312
745.427 70.342
745.723 70.368
746.019 70.391
746.316 70.402
746.612 70.427
746.908 70.445
747.204 70.470
747.501 70.488
747.797 70.506
748.093 70.509
748.390 70.511
748.686 70.541
748.982 70.558
749.278 70.580
749.575 70.592
749.871 70.604
750.167 70.622
750.464 70.638
750.760 70.648
751.056 70.654
751.352 70.665
751.649 70.687
751.945 70.702
752.241 70.729
752.538 70.763
752.834 70.796
753.130 70.822
753.426 70.858
753.723 70.885
754.019 70.883
754.315 70.864
754.611 70.861
754.908 70.871
755.204 70.883
755.500 70.880
755.797 70.889
756.093 70.902
756.389 70.922
756.685 70.948
756.982 70.974
757.278 70.984
757.574 71.000
757.871 70.990
758.167 70.990
758.463 71.009
758.759 71.026
759.056 71.034
759.352 71.058
759.648 71.066
759.945 71.093
760.241 71.108
760.537 71.122
760.833 71.148
761.130 71.155
761.426 71.165
761.722 71.177
762.019 71.199
762.315 71.224
762.611 71.236
762.907 71.234
763.204 71.241
763.500 71.260
763.804 71.281
764.108 71.327
764.412 71.380
764.716 71.412
765.020 71.433
765.324 71.455
765.628 71.491
765.932 71.523
766.236 71.530
766.540 71.533
766.844 71.543
767.148 71.552
767.452 71.566
767.756 71.581
768.060 71.599
768.364 71.600
768.668 71.623
768.972 71.650
769.276 71.671
769.580 71.676
769.884 71.696
770.188 71.737
770.492 71.753
770.796 71.737
771.100 71.715
771.404 71.713
771.708 71.703
772.012 71.684
772.316 71.692
772.620 71.714
772.924 71.738
773.228 71.736
773.532 71.736
773.836 71.754
774.140 71.778
774.444 71.815
774.748 71.846
775.052 71.860
775.356 71.869
775.659 71.873
775.963 71.891
776.267 71.929
776.571 71.942
776.875 71.949
777.179 71.975
777.483 71.987
777.787 71.973
778.091 71.975
778.395 71.984
778.699 72.011
779.003 72.015
779.307 71.978
779.611 71.974
779.915 71.969
780.219 71.969
780.523 71.959
780.827 71.952
781.131 71.950
781.435 71.955
781.739 71.962
782.043 71.971
782.347 71.962
782.651 71.938
782.955 71.927
783.259 71.923
783.563 71.908
783.867 71.895
784.171 71.876
784.475 71.860
784.779 71.872
785.083 71.894
785.387 71.881
785.691 71.858
785.995 71.866
786.299 71.871
786.603 71.888
786.907 71.917
787.211 71.916
787.515 71.930
787.819 71.947
788.123 71.961
788.427 71.949
788.731 71.916
789.035 71.907
789.339 71.932
789.643 71.954
789.947 71.943
790.251 71.949
790.555 72.004
790.859 72.033
791.163 72.047
791.467 72.067
791.771 72.087
792.075 72.091
792.379 72.080
792.683 72.065
792.987 72.062
793.291 72.031
793.595 72.008
793.899 72.012
794.203 72.025
794.507 72.039
794.811 72.014
795.115 71.997
795.419 71.983
795.723 71.947
796.027 71.949
796.331 71.990
796.635 72.011
796.939 71.998
797.243 71.997
797.547 72.020
797.851 72.053
798.155 72.071
798.459 72.082
798.763 72.084
799.067 72.090
799.371 72.105
799.674 72.109
799.978 72.139
800.282 72.168
800.586 72.142
800.890 72.128
801.194 72.140
801.498 72.183
801.802 72.206
802.106 72.244
802.410 72.295
802.714 72.335
803.018 72.387
803.322 72.411
803.626 72.419
803.930 72.449
804.234 72.488
804.538 72.505
804.842 72.533
805.146 72.505
805.450 72.490
805.754 72.486
806.058 72.460
806.362 72.451
806.666 72.459
806.970 72.484
807.274 72.517
807.578 72.524
807.882 72.489
808.186 72.481
808.490 72.501
808.794 72.519
809.098 72.501
809.402 72.510
809.706 72.543
810.010 72.527
810.314 72.537
810.618 72.562
810.922 72.576
811.226 72.596
811.530 72.591
811.834 72.593
812.137 72.607
812.441 72.627
812.744 72.628
813.048 72.614
813.351 72.653
813.655 72.660
813.958 72.658
814.262 72.690
814.565 72.709
814.869 72.704
815.172 72.696
815.476 72.689
815.779 72.658
816.083 72.633
816.386 72.620
816.690 72.600
816.993 72.605
817.297 72.609
817.600 72.619
817.904 72.617
818.208 72.624
818.511 72.582
818.815 72.516
819.118 72.532
819.422 72.544
819.725 72.536
820.029 72.487
820.332 72.467
820.636 72.486
820.939 72.478
821.243 72.435
821.546 72.395
821.850 72.376
822.153 72.384
822.457 72.378
822.760 72.362
823.064 72.356
823.367 72.349
823.671 72.379
823.974 72.378
824.278 72.395
824.582 72.423
824.885 72.427
825.189 72.426
825.492 72.442
825.796 72.436
826.099 72.419
826.403 72.438
826.706 72.457
827.010 72.475
827.313 72.452
827.617 72.421
827.920 72.390
828.224 72.349
828.527 72.340
828.831 72.329
829.134 72.339
829.438 72.368
829.741 72.367
830.045 72.338
830.348 72.296
830.652 72.268
830.956 72.250
831.259 72.243
831.563 72.223
831.866 72.167
832.170 72.162
832.473 72.167
832.777 72.134
833.080 72.067
833.384 72.023
833.687 71.986
833.991 71.967
834.294 71.955
834.598 71.959
834.901 71.970
835.205 71.967
835.508 71.940
835.812 71.928
836.115 71.925
836.419 71.924
836.722 71.918
837.026 71.948
837.330 71.980
837.633 71.970
837.937 71.946
838.240 71.960
838.544 72.001
838.847 71.999
839.151 71.965
839.454 71.943
839.758 71.932
840.061 71.918
840.365 71.948
840.668 71.944
840.972 71.946
841.275 71.960
841.579 71.962
841.882 71.938
842.186 71.915
842.489 71.907
842.793 71.901
843.097 71.910
843.400 71.927
843.704 71.925
844.007 71.926
844.311 71.932
844.614 71.951
844.918 71.964
845.221 71.972
845.525 71.952
845.828 71.941
846.132 71.929
846.435 71.922
846.739 71.915
847.042 71.926
847.346 71.946
847.649 71.937
847.953 71.902
848.256 71.869
848.560 71.889
848.863 71.958
849.167 71.973
849.471 71.956
849.774 71.963
850.078 71.967
850.381 71.960
850.685 71.995
850.988 72.024
851.292 72.030
851.595 72.080
851.899 72.138
852.202 72.161
852.506 72.177
852.809 72.204
853.113 72.204
853.416 72.172
853.720 72.157
854.023 72.158
854.327 72.133
854.630 72.086
854.934 72.038
855.237 71.983
855.541 71.934
855.845 71.921
856.148 71.910
856.452 71.926
856.755 71.882
857.059 71.820
857.362 71.797
857.666 71.775
857.969 71.742
858.273 71.722
858.576 71.713
858.880 71.647
859.183 71.588
859.487 71.552
859.790 71.520
860.094 71.481
860.397 71.459
860.701 71.450
861.004 71.421
861.308 71.384
861.611 71.347
861.915 71.312
862.219 71.287
862.522 71.242
862.826 71.181
863.129 71.137
863.433 71.077
863.736 71.023
864.040 71.005
864.343 71.011
864.647 71.000
864.950 70.986
865.254 70.970
865.557 70.914
865.861 70.871
866.164 70.856
866.468 70.828
866.771 70.833
867.075 70.839
867.378 70.769
867.682 70.738
867.985 70.727
868.289 70.686
868.593 70.663
868.896 70.682
869.200 70.633
869.503 70.600
869.807 70.594
870.110 70.560
870.414 70.522
870.717 70.504
871.021 70.491
871.324 70.457
871.628 70.419
871.931 70.398
872.235 70.379
872.538 70.338
872.842 70.339
873.145 70.338
873.449 70.335
873.752 70.380
874.056 70.409
874.359 70.384
874.663 70.402
874.967 70.408
875.270 70.406
875.574 70.403
875.877 70.390
876.181 70.375
876.484 70.384
876.788 70.387
877.091 70.361
877.395 70.351
877.698 70.332
878.002 70.296
878.305 70.296
878.609 70.286
878.912 70.301
879.216 70.299
879.519 70.299
879.823 70.276
880.126 70.263
880.430 70.251
880.733 70.247
881.037 70.231
881.341 70.236
881.644 70.236
881.948 70.252
882.251 70.252
882.555 70.227
882.858 70.210
883.162 70.217
883.465 70.220
883.769 70.225
884.072 70.248
884.376 70.252
884.679 70.230
884.983 70.208
885.286 70.200
885.590 70.161
885.893 70.200
886.197 70.227
886.500 70.210
886.804 70.203
887.107 70.204
887.411 70.191
887.715 70.226
888.018 70.257
888.322 70.249
888.625 70.269
888.929 70.243
889.232 70.217
889.536 70.172
889.839 70.138
890.143 70.128
890.446 70.142
890.750 70.153
891.053 70.171
891.357 70.146
891.660 70.150
891.964 70.165
892.267 70.112
892.571 70.081
892.874 70.108
893.178 70.075
893.482 70.058
893.785 70.045
894.089 70.032
894.392 70.029
894.696 70.020
894.999 69.982
895.303 69.972
895.606 69.961
895.910 69.975
896.213 70.022
896.517 70.026
896.820 69.988
897.124 69.963
897.427 69.936
897.731 69.936
898.034 69.933
898.338 69.959
898.641 69.968
898.945 69.972
899.248 69.978
899.552 70.019
899.856 70.017
900.159 70.007
900.463 70.032
900.766 70.010
901.070 70.026
901.373 70.051
901.677 70.053
901.980 70.045
902.284 70.046
902.587 70.009
902.891 69.980
903.194 69.964
903.498 69.951
903.801 69.945
904.105 69.977
904.408 69.980
904.712 69.959
905.015 69.941
905.319 69.920
905.622 69.918
905.926 69.907
906.230 69.855
906.533 69.788
906.837 69.753
907.140 69.726
907.444 69.723
907.747 69.743
908.051 69.765
908.354 69.783
908.658 69.825
908.961 69.813
909.265 69.787
909.568 69.787
909.872 69.816
910.175 69.802
910.479 69.765
910.782 69.764
911.086 69.760
911.389 69.703
911.693 69.666
911.996 69.654
912.300 69.682
912.613 69.697
912.926 69.688
913.238 69.687
913.551 69.701
913.864 69.678
914.176 69.684
914.489 69.664
914.802 69.621
915.115 69.632
915.427 69.647
915.740 69.672
916.053 69.671
916.366 69.636
916.678 69.637
916.991 69.638
917.304 69.624
917.617 69.624
917.929 69.620
918.242 69.605
918.555 69.644
918.868 69.683
919.180 69.673
919.493 69.688
919.806 69.656
920.119 69.612
920.431 69.566
920.744 69.530
921.057 69.510
921.370 69.531
921.682 69.524
921.995 69.488
922.308 69.504
922.621 69.491
922.933 69.480
923.246 69.449
923.559 69.421
923.872 69.439
924.184 69.491
924.497 69.499
924.810 69.507
925.123 69.529
925.435 69.567
925.748 69.604
926.061 69.621
926.374 69.602
926.686 69.599
926.999 69.637
927.312 69.651
927.625 69.640
927.937 69.643
928.250 69.684
928.563 69.687
928.876 69.677
929.188 69.733
929.501 69.804
929.814 69.850
930.127 69.836
930.439 69.860
930.752 69.906
931.065 69.904
931.378 69.911
931.690 69.916
932.003 69.941
932.316 69.963
932.629 69.950
932.941 69.962
933.254 69.955
933.567 69.923
933.880 69.936
934.192 69.999
934.505 70.043
934.818 70.037
935.131 70.066
935.443 70.102
935.756 70.082
936.069 70.070
936.382 70.079
936.694 70.145
937.007 70.176
937.320 70.159
937.633 70.111
937.945 70.077
938.258 70.032
938.571 69.981
938.884 69.998
939.196 69.967
939.509 69.989
939.822 70.010
940.135 69.967
940.447 69.910
940.760 69.873
941.073 69.882
941.386 69.846
941.698 69.832
942.011 69.836
942.324 69.821
942.637 69.776
942.949 69.782
943.262 69.808
943.575 69.789
943.888 69.750
944.200 69.735
944.513 69.689
944.826 69.628
945.139 69.609
945.451 69.551
945.764 69.501
946.077 69.457
946.390 69.487
946.702 69.529
947.015 69.500
947.328 69.440
947.641 69.367
947.953 69.307
948.266 69.184
948.579 69.089
948.892 69.034
949.204 68.990
949.517 68.965
949.830 68.947
950.143 68.976
950.455 69.017
950.768 69.038
951.081 69.057
951.394 69.056
951.706 69.057
952.019 69.037
952.332 69.050
952.645 69.066
952.957 69.047
953.270 69.035
953.583 69.014
953.896 69.013
954.208 68.999
954.521 68.988
954.834 69.039
955.147 69.041
955.459 68.998
955.772 68.858
956.085 68.758
956.398 68.692
956.710 68.667
957.023 68.675
957.336 68.705
957.649 68.698
957.961 68.679
958.274 68.745
958.587 68.728
958.900 68.686
959.212 68.637
959.525 68.545
959.838 68.543
960.151 68.545
960.463 68.496
960.776 68.417
961.089 68.319
961.402 68.314
961.714 68.322
962.027 68.243
962.340 68.172
962.653 68.150
962.965 68.170
963.278 68.123
963.591 68.053
963.904 68.030
964.216 67.949
964.529 67.915
964.842 67.890
965.154 67.912
965.467 67.859
965.780 67.687
966.094 67.643
966.409 67.673
966.723 67.726
967.037 67.735
967.352 67.754
967.666 67.776
967.980 67.795
968.295 67.813
968.609 67.731
968.923 67.636
969.238 67.566
969.552 67.459
969.866 67.415
970.181 67.330
970.495 67.258
970.809 67.241
971.124 67.193
971.438 67.093
971.752 67.087
972.067 67.079
972.381 66.958
972.695 66.869
973.010 66.840
973.324 66.836
973.638 66.794
973.953 66.795
974.267 66.877
974.581 66.916
974.896 66.901
975.210 66.884
975.524 66.847
975.839 66.828
976.153 66.831
976.467 66.873
976.781 66.946
977.096 66.935
977.410 66.872
977.724 66.895
978.039 66.884
978.353 66.932
978.667 67.071
978.982 67.101
979.296 67.118
979.610 67.184
979.925 67.188
980.239 67.161
980.553 67.107
980.868 67.120
981.182 67.128
981.496 67.149
981.811 67.143
982.125 67.109
982.439 67.089
982.754 67.148
983.068 67.167
983.382 67.217
983.697 67.258
984.011 67.247
984.325 67.148
984.640 67.076
984.954 67.146
985.268 67.130
985.583 67.090
985.897 67.088
986.211 67.120
986.526 67.117
986.840 67.156
987.154 67.158
987.469 67.149
987.783 67.254
988.097 67.359
988.412 67.326
988.726 67.244
989.040 67.168
989.355 67.172
989.669 67.281
989.983 67.317
990.298 67.357
990.612 67.467
990.926 67.531
991.241 67.640
991.555 67.726
991.869 67.735
992.184 67.754
992.498 67.752
992.812 67.764
993.127 67.696
993.441 67.567
993.755 67.513
994.070 67.558
994.384 67.626
994.698 67.689
995.013 67.781
995.327 67.783
995.641 67.644
995.956 67.568
996.270 67.539
996.584 67.518
996.899 67.534
997.213 67.655
997.527 67.623
997.841 67.530
998.156 67.497
998.470 67.434
998.784 67.402
999.099 67.491
999.413 67.509
999.727 67.512
