200.182 81.489
200.437 80.852
200.691 80.231
200.946 79.521
201.201 78.620
201.455 77.932
201.710 77.269
201.964 76.604
202.219 75.941
202.474 75.336
202.728 74.586
202.983 73.887
203.237 73.237
203.492 72.311
203.747 71.221
204.001 70.245
204.256 69.358
204.510 68.430
204.765 67.563
205.020 66.751
205.274 65.972
205.529 65.012
205.783 63.972
206.038 62.979
206.293 61.947
206.547 61.015
206.802 59.950
207.057 58.934
207.311 57.870
207.566 56.905
207.820 56.032
208.075 55.142
208.330 54.233
208.584 53.380
208.839 52.724
209.093 52.017
209.348 51.086
209.603 50.181
209.857 49.276
210.112 48.446
210.366 47.550
210.621 46.671
210.876 45.776
211.130 45.002
211.385 44.303
211.639 43.622
211.894 42.818
212.149 42.047
212.403 41.248
212.658 40.440
212.913 39.702
213.167 38.997
213.422 38.405
213.676 37.725
213.931 36.996
214.186 36.202
214.440 35.493
214.695 34.981
214.949 34.485
215.204 33.836
215.459 33.245
215.713 32.712
215.968 32.142
216.222 31.495
216.477 30.922
216.732 30.464
216.986 29.967
217.241 29.380
217.495 28.824
217.750 28.353
218.005 27.877
218.259 27.421
218.514 26.906
218.769 26.339
219.023 25.867
219.278 25.460
219.532 24.972
219.787 24.504
220.042 24.026
220.296 23.563
220.551 23.062
220.805 22.607
221.060 22.209
221.315 21.843
221.569 21.459
221.824 21.039
222.078 20.667
222.333 20.301
222.588 19.970
222.842 19.600
223.097 19.200
223.351 18.797
223.606 18.355
223.861 17.903
224.115 17.498
224.370 17.121
224.625 16.732
224.879 16.417
225.134 16.072
225.388 15.752
225.643 15.439
225.898 15.160
226.152 14.876
226.407 14.580
226.661 14.209
226.916 13.887
227.171 13.571
227.425 13.285
227.680 13.012
227.934 12.786
228.189 12.524
228.444 12.298
228.698 12.090
228.953 11.860
229.208 11.635
229.462 11.394
229.717 11.176
229.971 10.942
230.226 10.723
230.481 10.513
230.735 10.344
230.990 10.176
231.244 9.996
231.499 9.809
231.754 9.657
232.008 9.526
232.263 9.426
232.517 9.290
232.772 9.160
233.027 9.002
233.281 8.829
233.536 8.684
233.790 8.528
234.045 8.392
234.300 8.284
234.554 8.174
234.809 8.060
235.064 7.972
235.318 7.899
235.573 7.842
235.827 7.769
236.082 7.682
236.337 7.621
236.591 7.561
236.846 7.503
237.100 7.446
237.355 7.413
237.610 7.380
237.864 7.326
238.119 7.303
238.373 7.270
238.628 7.229
238.883 7.209
239.137 7.175
239.392 7.146
239.646 7.136
239.901 7.129
240.156 7.112
240.410 7.117
240.665 7.120
240.920 7.116
241.174 7.121
241.429 7.125
241.683 7.125
241.938 7.136
242.193 7.154
242.447 7.172
242.702 7.198
242.956 7.220
243.211 7.246
243.466 7.268
243.720 7.304
243.975 7.342
244.229 7.376
244.484 7.405
244.739 7.442
244.993 7.496
245.248 7.547
245.503 7.600
245.757 7.655
246.012 7.718
246.266 7.787
246.521 7.856
246.776 7.935
247.030 7.999
247.285 8.056
247.539 8.116
247.794 8.189
248.049 8.265
248.303 8.344
248.558 8.435
248.812 8.519
249.067 8.592
249.322 8.681
249.576 8.775
249.831 8.879
250.085 8.978
250.340 9.080
250.595 9.189
250.849 9.310
251.104 9.435
251.359 9.554
251.613 9.672
251.868 9.794
252.122 9.919
252.377 10.053
252.632 10.195
252.886 10.327
253.141 10.452
253.395 10.590
253.650 10.736
253.905 10.877
254.161 11.023
254.416 11.174
254.672 11.339
254.927 11.525
255.183 11.708
255.438 11.881
255.694 12.062
255.949 12.251
256.205 12.435
256.460 12.627
256.715 12.815
256.971 13.012
257.226 13.221
257.482 13.430
257.737 13.636
257.993 13.838
258.248 14.052
258.504 14.270
258.759 14.487
259.014 14.723
259.270 14.956
259.525 15.184
259.781 15.430
260.036 15.699
260.292 15.960
260.547 16.211
260.803 16.469
261.058 16.743
261.314 17.020
261.569 17.285
261.824 17.553
262.080 17.819
262.335 18.087
262.591 18.371
262.846 18.666
263.102 18.962
263.357 19.247
263.613 19.547
263.868 19.857
264.123 20.158
264.379 20.458
264.634 20.767
264.890 21.074
265.145 21.399
265.401 21.709
265.656 22.027
265.912 22.346
266.167 22.663
266.423 22.973
266.678 23.282
266.933 23.605
267.189 23.933
267.444 24.257
267.700 24.572
267.955 24.890
268.211 25.207
268.466 25.547
268.722 25.891
268.977 26.240
269.232 26.568
269.488 26.897
269.743 27.235
269.999 27.578
270.254 27.917
270.510 28.238
270.765 28.558
271.021 28.878
271.276 29.200
271.532 29.524
271.787 29.840
272.042 30.149
272.298 30.472
272.553 30.789
272.809 31.099
273.064 31.421
273.320 31.755
273.575 32.089
273.831 32.404
274.086 32.724
274.342 33.041
274.597 33.338
274.852 33.646
275.108 33.948
275.363 34.241
275.619 34.522
275.874 34.806
276.130 35.091
276.385 35.373
276.641 35.654
276.896 35.926
277.151 36.210
277.407 36.493
277.662 36.774
277.918 37.051
278.173 37.319
278.429 37.577
278.684 37.829
278.940 38.092
279.195 38.345
279.451 38.590
279.706 38.828
279.961 39.079
280.217 39.325
280.472 39.558
280.728 39.777
280.983 40.007
281.239 40.238
281.494 40.468
281.750 40.698
282.005 40.924
282.260 41.136
282.516 41.341
282.771 41.543
283.027 41.741
283.282 41.948
283.538 42.139
283.793 42.331
284.049 42.508
284.304 42.680
284.560 42.848
284.815 43.028
285.070 43.207
285.326 43.378
285.581 43.545
285.837 43.700
286.092 43.866
286.348 44.027
286.603 44.197
286.859 44.364
287.114 44.533
287.369 44.701
287.625 44.864
287.880 45.011
288.136 45.168
288.391 45.335
288.647 45.480
288.902 45.611
289.158 45.747
289.413 45.890
289.669 46.016
289.924 46.143
290.179 46.284
290.435 46.417
290.690 46.554
290.946 46.679
291.201 46.815
291.457 46.938
291.712 47.068
291.968 47.201
292.223 47.312
292.479 47.426
292.734 47.531
292.989 47.651
293.245 47.766
293.500 47.871
293.756 47.978
294.011 48.090
294.267 48.190
294.522 48.284
294.778 48.388
295.033 48.485
295.288 48.587
295.544 48.681
295.799 48.774
296.055 48.875
296.310 48.982
296.566 49.078
296.821 49.159
297.077 49.237
297.332 49.316
297.588 49.385
297.843 49.473
298.098 49.557
298.354 49.641
298.609 49.727
298.865 49.804
299.120 49.889
299.376 49.969
299.631 50.045
299.887 50.127
300.142 50.210
300.397 50.292
300.653 50.369
300.908 50.444
301.164 50.512
301.419 50.582
301.675 50.648
301.930 50.716
302.186 50.776
302.441 50.841
302.697 50.892
302.952 50.951
303.207 51.016
303.463 51.080
303.718 51.139
303.974 51.176
304.229 51.228
304.485 51.287
304.740 51.341
304.996 51.392
305.251 51.461
305.506 51.519
305.762 51.571
306.017 51.623
306.273 51.676
306.528 51.732
306.784 51.777
307.039 51.828
307.295 51.860
307.550 51.895
307.806 51.950
308.061 52.014
308.316 52.079
308.572 52.122
308.827 52.160
309.083 52.210
309.338 52.257
309.594 52.277
309.849 52.314
310.105 52.352
310.360 52.379
310.615 52.415
310.871 52.454
311.126 52.490
311.382 52.534
311.637 52.576
311.893 52.601
312.148 52.633
312.404 52.674
312.659 52.704
312.915 52.722
313.170 52.749
313.429 52.770
313.688 52.799
313.947 52.835
314.206 52.871
314.465 52.903
314.724 52.932
314.983 52.966
315.242 53.000
315.501 53.035
315.760 53.068
316.019 53.093
316.278 53.124
316.536 53.157
316.795 53.188
317.054 53.218
317.313 53.245
317.572 53.283
317.831 53.326
318.090 53.366
318.349 53.408
318.608 53.441
318.867 53.472
319.126 53.498
319.385 53.527
319.644 53.558
319.903 53.591
320.162 53.619
320.421 53.635
320.680 53.654
320.939 53.674
321.198 53.698
321.457 53.722
321.716 53.747
321.975 53.761
322.234 53.782
322.493 53.802
322.752 53.835
323.010 53.874
323.269 53.903
323.528 53.926
323.787 53.942
324.046 53.951
324.305 53.963
324.564 53.991
324.823 54.010
325.082 54.037
325.341 54.090
325.600 54.138
325.859 54.180
326.118 54.219
326.377 54.257
326.636 54.290
326.895 54.312
327.154 54.334
327.413 54.358
327.672 54.396
327.931 54.436
328.190 54.454
328.449 54.477
328.708 54.523
328.967 54.576
329.226 54.625
329.485 54.661
329.743 54.685
330.002 54.712
330.261 54.754
330.520 54.799
330.779 54.823
331.038 54.849
331.297 54.878
331.556 54.901
331.815 54.930
332.074 54.946
332.333 54.964
332.592 54.998
332.851 55.031
333.110 55.060
333.369 55.074
333.628 55.093
333.887 55.109
334.146 55.117
334.405 55.133
334.664 55.149
334.923 55.176
335.182 55.195
335.441 55.220
335.700 55.249
335.959 55.281
336.217 55.320
336.476 55.362
336.735 55.393
336.994 55.430
337.253 55.467
337.512 55.498
337.771 55.541
338.030 55.580
338.289 55.617
338.548 55.642
338.807 55.668
339.066 55.698
339.325 55.723
339.584 55.753
339.843 55.785
340.102 55.824
340.361 55.862
340.620 55.889
340.879 55.904
341.138 55.930
341.397 55.943
341.656 55.961
341.915 55.994
342.174 56.008
342.433 56.041
342.691 56.084
342.950 56.112
343.209 56.146
343.468 56.174
343.727 56.192
343.986 56.224
344.245 56.269
344.504 56.299
344.763 56.318
345.022 56.334
345.281 56.351
345.540 56.372
345.799 56.378
346.058 56.381
346.317 56.398
346.576 56.429
346.835 56.458
347.094 56.467
347.353 56.499
347.612 56.517
347.871 56.547
348.130 56.576
348.389 56.595
348.648 56.622
348.907 56.662
349.166 56.716
349.424 56.753
349.683 56.779
349.942 56.818
350.201 56.846
350.460 56.872
350.719 56.894
350.978 56.916
351.237 56.958
351.496 56.985
351.755 56.994
352.014 57.020
352.273 57.035
352.532 57.047
352.791 57.063
353.050 57.085
353.309 57.118
353.568 57.132
353.827 57.143
354.086 57.156
354.345 57.164
354.604 57.176
354.863 57.188
355.122 57.202
355.381 57.213
355.640 57.224
355.898 57.226
356.157 57.235
356.416 57.259
356.675 57.270
356.934 57.260
357.193 57.273
357.452 57.295
357.711 57.299
357.970 57.320
358.229 57.331
358.488 57.328
358.747 57.332
359.006 57.332
359.265 57.348
359.524 57.374
359.783 57.407
360.042 57.419
360.301 57.433
360.560 57.444
360.819 57.451
361.078 57.464
361.337 57.493
361.596 57.524
361.855 57.560
362.114 57.584
362.372 57.605
362.631 57.610
362.890 57.635
363.149 57.637
363.408 57.657
363.667 57.684
363.926 57.706
364.185 57.731
364.444 57.748
364.703 57.756
364.962 57.752
365.221 57.758
365.480 57.765
365.745 57.766
366.009 57.782
366.274 57.812
366.539 57.843
366.804 57.880
367.068 57.895
367.333 57.910
367.598 57.934
367.863 57.945
368.127 57.960
368.392 57.984
368.657 58.006
368.921 58.019
369.186 58.028
369.451 58.051
369.716 58.065
369.980 58.078
370.245 58.100
370.510 58.121
370.775 58.143
371.039 58.152
371.304 58.155
371.569 58.176
371.834 58.219
372.098 58.238
372.363 58.262
372.628 58.296
372.892 58.332
373.157 58.353
373.422 58.365
373.687 58.389
373.951 58.412
374.216 58.430
374.481 58.456
374.746 58.481
375.010 58.510
375.275 58.531
375.540 58.540
375.804 58.571
376.069 58.592
376.334 58.603
376.599 58.629
376.863 58.665
377.128 58.690
377.393 58.703
377.658 58.735
377.922 58.761
378.187 58.781
378.452 58.802
378.716 58.834
378.981 58.872
379.246 58.910
379.511 58.940
379.775 58.956
380.040 58.965
380.305 58.978
380.570 58.999
380.834 59.019
381.099 59.035
381.364 59.057
381.629 59.086
381.893 59.113
382.158 59.135
382.423 59.143
382.687 59.145
382.952 59.156
383.217 59.168
383.482 59.179
383.746 59.193
384.011 59.201
384.276 59.220
384.541 59.229
384.805 59.234
385.070 59.241
385.335 59.230
385.599 59.222
385.864 59.228
386.129 59.242
386.394 59.253
386.658 59.265
386.923 59.271
387.188 59.289
387.453 59.308
387.717 59.312
387.982 59.302
388.247 59.297
388.511 59.281
388.776 59.263
389.041 59.259
389.306 59.250
389.570 59.227
389.835 59.213
390.100 59.190
390.365 59.182
390.629 59.180
390.894 59.177
391.159 59.161
391.424 59.125
391.688 59.091
391.953 59.033
392.218 59.013
392.482 58.995
392.747 58.964
393.012 58.947
393.277 58.921
393.541 58.885
393.806 58.836
394.071 58.804
394.336 58.766
394.600 58.717
394.865 58.665
395.130 58.610
395.394 58.551
395.659 58.494
395.924 58.442
396.189 58.404
396.453 58.345
396.718 58.290
396.983 58.249
397.248 58.205
397.512 58.147
397.777 58.081
398.042 58.018
398.306 57.961
398.571 57.908
398.836 57.852
399.101 57.779
399.365 57.702
399.630 57.656
399.895 57.611
400.160 57.555
400.424 57.491
400.689 57.433
400.954 57.372
401.219 57.315
401.483 57.283
401.748 57.239
402.013 57.199
402.277 57.149
402.542 57.107
402.807 57.054
403.072 56.998
403.336 56.941
403.601 56.896
403.866 56.846
404.131 56.771
404.395 56.718
404.660 56.672
404.929 56.623
405.198 56.578
405.466 56.542
405.735 56.516
406.004 56.489
406.273 56.454
406.542 56.404
406.810 56.350
407.079 56.295
407.348 56.240
407.617 56.203
407.886 56.181
408.154 56.146
408.423 56.099
408.692 56.060
408.961 56.017
409.229 55.967
409.498 55.938
409.767 55.907
410.036 55.869
410.305 55.814
410.573 55.784
410.842 55.753
411.111 55.741
411.380 55.721
411.649 55.697
411.917 55.686
412.186 55.674
412.455 55.653
412.724 55.633
412.993 55.607
413.261 55.568
413.530 55.533
413.799 55.508
414.068 55.493
414.337 55.480
414.605 55.466
414.874 55.447
415.143 55.429
415.412 55.413
415.681 55.399
415.949 55.360
416.218 55.335
416.487 55.313
416.756 55.286
417.024 55.252
417.293 55.216
417.562 55.176
417.831 55.136
418.100 55.101
418.368 55.062
418.637 55.014
418.906 54.954
419.175 54.901
419.444 54.852
419.712 54.798
419.981 54.729
420.250 54.669
420.519 54.623
420.788 54.556
421.056 54.479
421.325 54.405
421.594 54.318
421.863 54.226
422.132 54.132
422.400 54.024
422.669 53.934
422.938 53.849
423.207 53.749
423.476 53.645
423.744 53.553
424.013 53.454
424.282 53.331
424.551 53.227
424.819 53.117
425.088 53.006
425.357 52.908
425.626 52.793
425.895 52.675
426.163 52.562
426.432 52.466
426.701 52.363
426.970 52.236
427.239 52.122
427.507 51.984
427.776 51.840
428.045 51.713
428.314 51.574
428.583 51.429
428.851 51.280
429.120 51.137
429.389 50.995
429.658 50.847
429.927 50.704
430.195 50.551
430.464 50.397
430.733 50.246
431.002 50.085
431.271 49.914
431.539 49.746
431.808 49.578
432.077 49.408
432.346 49.237
432.614 49.042
432.883 48.851
433.152 48.672
433.421 48.501
433.690 48.312
433.958 48.114
434.227 47.906
434.496 47.698
434.765 47.491
435.034 47.290
435.302 47.079
435.571 46.861
435.840 46.637
436.116 46.423
436.393 46.210
436.669 45.989
436.945 45.771
437.221 45.548
437.498 45.329
437.774 45.122
438.050 44.912
438.326 44.688
438.603 44.462
438.879 44.234
439.155 43.991
439.431 43.739
439.708 43.492
439.984 43.252
440.260 43.010
440.537 42.765
440.813 42.520
441.089 42.270
441.365 42.016
441.642 41.745
441.918 41.470
442.194 41.204
442.470 40.922
442.747 40.636
443.023 40.343
443.299 40.045
443.575 39.753
443.852 39.463
444.128 39.180
444.404 38.900
444.680 38.603
444.957 38.296
445.233 37.996
445.509 37.698
445.786 37.396
446.062 37.094
446.338 36.787
446.614 36.474
446.891 36.174
447.167 35.859
447.443 35.536
447.719 35.207
447.996 34.884
448.272 34.568
448.548 34.252
448.824 33.929
449.101 33.610
449.377 33.296
449.653 32.986
449.930 32.668
450.206 32.338
450.482 32.027
450.758 31.717
451.035 31.409
451.311 31.099
451.587 30.779
451.863 30.463
452.140 30.161
452.416 29.860
452.692 29.568
452.968 29.270
453.245 28.977
453.521 28.690
453.797 28.399
454.074 28.109
454.350 27.827
454.626 27.538
454.902 27.256
455.179 26.987
455.455 26.716
455.731 26.452
456.007 26.190
456.284 25.930
456.560 25.668
456.836 25.409
457.112 25.157
457.389 24.910
457.665 24.669
457.941 24.419
458.218 24.168
458.494 23.939
458.770 23.715
459.046 23.492
459.323 23.276
459.599 23.063
459.875 22.851
460.151 22.649
460.428 22.447
460.704 22.244
460.980 22.037
461.256 21.836
461.533 21.648
461.809 21.468
462.085 21.279
462.361 21.097
462.638 20.918
462.914 20.743
463.190 20.572
463.467 20.406
463.743 20.233
464.019 20.069
464.295 19.912
464.572 19.770
464.848 19.632
465.124 19.492
465.400 19.350
465.677 19.210
465.953 19.075
466.229 18.938
466.505 18.802
466.782 18.670
467.058 18.550
467.334 18.436
467.611 18.324
467.887 18.216
468.163 18.102
468.439 17.989
468.716 17.874
468.992 17.760
469.268 17.657
469.544 17.550
469.821 17.442
470.097 17.332
470.373 17.219
470.649 17.112
470.926 17.013
471.202 16.910
471.478 16.811
471.755 16.707
472.031 16.611
472.307 16.517
472.583 16.415
472.860 16.324
473.136 16.244
473.412 16.171
473.688 16.089
473.965 15.999
474.241 15.908
474.517 15.822
474.793 15.746
475.070 15.674
475.346 15.596
475.622 15.517
475.899 15.435
476.175 15.358
476.451 15.283
476.727 15.206
477.004 15.129
477.280 15.048
477.556 14.970
477.832 14.900
478.109 14.830
478.385 14.754
478.661 14.676
478.937 14.609
479.214 14.546
479.490 14.487
479.766 14.421
480.043 14.362
480.319 14.305
480.595 14.252
480.871 14.202
481.148 14.149
481.424 14.090
481.700 14.041
481.976 13.996
482.253 13.956
482.529 13.916
482.805 13.870
483.081 13.832
483.358 13.798
483.634 13.773
483.910 13.738
484.186 13.701
484.463 13.665
484.739 13.624
485.015 13.601
485.292 13.589
485.568 13.572
485.844 13.553
486.120 13.537
486.397 13.514
486.673 13.494
486.949 13.480
487.225 13.466
487.502 13.451
487.778 13.436
488.054 13.429
488.330 13.424
488.607 13.412
488.883 13.395
489.159 13.388
489.436 13.384
489.712 13.379
489.988 13.371
490.264 13.364
490.541 13.355
490.817 13.348
491.093 13.351
491.369 13.364
491.646 13.368
491.922 13.376
492.198 13.386
492.474 13.389
492.751 13.396
493.027 13.402
493.303 13.410
493.580 13.417
493.856 13.434
494.132 13.456
494.408 13.471
494.685 13.488
494.961 13.503
495.237 13.524
495.513 13.550
495.790 13.577
496.066 13.605
496.342 13.631
496.618 13.657
496.895 13.686
497.171 13.709
497.447 13.735
497.724 13.765
498.000 13.792
498.276 13.828
498.552 13.864
498.829 13.894
499.105 13.921
499.381 13.957
499.657 14.001
499.934 14.037
500.210 14.072
500.486 14.110
500.762 14.157
501.039 14.196
501.315 14.235
501.591 14.286
501.867 14.337
502.144 14.384
502.420 14.433
502.696 14.482
502.973 14.526
503.249 14.577
503.525 14.631
503.801 14.680
504.078 14.734
504.354 14.791
504.630 14.857
504.906 14.918
505.183 14.978
505.459 15.048
505.735 15.116
506.011 15.176
506.288 15.245
506.564 15.314
506.840 15.380
507.117 15.455
507.393 15.534
507.669 15.611
507.945 15.682
508.222 15.747
508.498 15.818
508.774 15.884
509.050 15.950
509.327 16.023
509.603 16.093
509.879 16.168
510.155 16.238
510.432 16.317
510.708 16.387
510.984 16.454
511.261 16.530
511.537 16.598
511.813 16.664
512.089 16.734
512.366 16.801
512.642 16.857
512.918 16.912
513.194 16.968
513.471 17.024
513.747 17.076
514.023 17.131
514.299 17.186
514.576 17.237
514.852 17.287
515.128 17.333
515.405 17.371
515.681 17.405
515.957 17.446
516.233 17.478
516.510 17.507
516.786 17.541
517.062 17.575
517.338 17.596
517.615 17.606
517.891 17.628
518.167 17.658
518.443 17.669
518.720 17.665
518.996 17.662
519.272 17.660
519.548 17.654
519.825 17.649
520.101 17.647
520.377 17.648
520.654 17.644
520.930 17.631
521.206 17.615
521.482 17.592
521.759 17.566
522.035 17.533
522.311 17.498
522.587 17.464
522.864 17.435
523.140 17.399
523.416 17.351
523.692 17.303
523.969 17.249
524.245 17.193
524.521 17.139
524.798 17.078
525.074 17.005
525.350 16.933
525.626 16.871
525.903 16.807
526.179 16.729
526.455 16.655
526.731 16.588
527.008 16.522
527.284 16.444
527.560 16.363
527.836 16.282
528.113 16.195
528.389 16.113
528.665 16.033
528.942 15.943
529.218 15.855
529.494 15.781
529.770 15.694
530.047 15.599
530.323 15.504
530.599 15.413
530.875 15.322
531.152 15.226
531.428 15.128
531.704 15.030
531.980 14.929
532.257 14.832
532.533 14.734
532.809 14.634
533.086 14.536
533.362 14.437
533.638 14.338
533.914 14.240
534.191 14.144
534.467 14.053
534.743 13.958
535.019 13.853
535.296 13.755
535.572 13.664
535.848 13.572
536.124 13.478
536.401 13.390
536.677 13.298
536.953 13.202
537.230 13.100
537.506 13.008
537.782 12.923
538.058 12.836
538.335 12.743
538.611 12.652
538.887 12.567
539.163 12.482
539.440 12.397
539.716 12.305
539.992 12.213
540.268 12.132
540.545 12.050
540.821 11.963
541.097 11.874
541.373 11.788
541.650 11.714
541.926 11.642
542.202 11.565
542.479 11.486
542.755 11.407
543.031 11.336
543.307 11.268
543.584 11.189
543.860 11.107
544.136 11.026
544.412 10.948
544.689 10.875
544.965 10.804
545.241 10.731
545.517 10.661
545.794 10.591
546.070 10.522
546.356 10.446
546.642 10.374
546.928 10.316
547.214 10.260
547.500 10.197
547.786 10.131
548.072 10.069
548.358 10.010
548.644 9.958
548.930 9.903
549.216 9.846
549.502 9.792
549.788 9.735
550.074 9.685
550.360 9.633
550.646 9.577
550.932 9.522
551.218 9.463
551.504 9.408
551.790 9.354
552.076 9.298
552.362 9.244
552.648 9.195
552.934 9.145
553.220 9.098
553.506 9.056
553.793 9.022
554.079 8.988
554.365 8.949
554.651 8.903
554.937 8.856
555.223 8.817
555.509 8.784
555.795 8.743
556.081 8.702
556.367 8.664
556.653 8.629
556.939 8.594
557.225 8.561
557.511 8.521
557.797 8.487
558.083 8.458
558.369 8.432
558.655 8.405
558.941 8.375
559.227 8.349
559.513 8.320
559.799 8.293
560.085 8.266
560.371 8.243
560.657 8.215
560.943 8.188
561.229 8.170
561.515 8.153
561.801 8.130
562.087 8.105
562.373 8.074
562.659 8.048
562.945 8.028
563.231 8.008
563.517 7.982
563.803 7.960
564.089 7.943
564.375 7.920
564.661 7.898
564.947 7.879
565.233 7.859
565.519 7.840
565.805 7.822
566.091 7.799
566.377 7.780
566.663 7.766
566.949 7.751
567.235 7.737
567.521 7.721
567.807 7.708
568.093 7.695
568.379 7.683
568.665 7.669
568.951 7.658
569.237 7.645
569.524 7.634
569.810 7.626
570.096 7.616
570.382 7.609
570.668 7.603
570.954 7.585
571.240 7.561
571.526 7.541
571.812 7.529
572.098 7.521
572.384 7.515
572.670 7.503
572.956 7.487
573.242 7.476
573.528 7.469
573.814 7.462
574.100 7.452
574.386 7.446
574.672 7.440
574.958 7.435
575.244 7.431
575.530 7.427
575.816 7.425
576.102 7.417
576.388 7.406
576.674 7.401
576.960 7.395
577.248 7.390
577.536 7.387
577.824 7.378
578.113 7.371
578.401 7.425
578.689 7.422
578.977 7.425
579.265 7.429
579.553 7.431
579.841 7.429
580.130 7.424
580.418 7.420
580.706 7.411
580.994 7.413
581.282 7.416
581.570 7.417
581.858 7.418
582.147 7.418
582.435 7.420
582.723 7.424
583.011 7.433
583.299 7.435
583.587 7.440
583.875 7.445
584.164 7.449
584.452 7.462
584.740 7.471
585.028 7.480
585.316 7.485
585.604 7.489
585.892 7.493
586.181 7.495
586.469 7.500
586.757 7.508
587.045 7.515
587.333 7.520
587.621 7.524
587.909 7.526
588.198 7.526
588.486 7.536
588.774 7.546
589.062 7.557
589.350 7.570
589.638 7.577
589.927 7.579
590.215 7.586
590.503 7.601
590.791 7.620
591.079 7.638
591.367 7.656
591.655 7.675
591.944 7.696
592.232 7.716
592.520 7.736
592.808 7.760
593.096 7.779
593.384 7.803
593.672 7.829
593.961 7.853
594.249 7.870
594.537 7.895
594.825 7.921
595.113 7.946
595.401 7.973
595.689 8.002
595.978 8.036
596.266 8.072
596.554 8.105
596.842 8.141
597.130 8.175
597.418 8.221
597.706 8.267
597.995 8.305
598.283 8.346
598.571 8.384
598.859 8.427
599.147 8.474
599.435 8.523
599.723 8.570
600.012 8.616
600.300 8.666
600.588 8.718
600.876 8.772
601.164 8.829
601.452 8.889
601.740 8.947
602.029 9.003
602.317 9.065
602.605 9.132
602.893 9.202
603.181 9.273
603.469 9.346
603.757 9.422
604.046 9.491
604.334 9.561
604.622 9.641
604.910 9.726
605.198 9.811
605.486 9.901
605.774 9.988
606.063 10.079
606.351 10.174
606.639 10.270
606.927 10.368
607.215 10.472
607.503 10.578
607.791 10.691
608.080 10.799
608.368 10.903
608.656 11.013
608.944 11.121
609.232 11.237
609.520 11.356
609.808 11.479
610.097 11.609
610.385 11.735
610.673 11.871
610.961 11.999
611.249 12.134
611.537 12.273
611.825 12.411
612.114 12.551
612.402 12.696
612.690 12.838
612.978 12.988
613.266 13.143
613.554 13.301
613.843 13.460
614.131 13.616
614.419 13.771
614.707 13.934
614.995 14.096
615.283 14.261
615.571 14.446
615.860 14.632
616.148 14.814
616.436 15.000
616.724 15.184
617.012 15.375
617.300 15.574
617.588 15.772
617.877 15.970
618.165 16.166
618.453 16.373
618.741 16.581
619.029 16.785
619.317 16.994
619.605 17.207
619.894 17.426
620.182 17.645
620.470 17.860
620.758 18.083
621.046 18.315
621.334 18.554
621.622 18.798
621.911 19.046
622.199 19.289
622.487 19.531
622.775 19.772
623.063 20.017
623.351 20.269
623.639 20.524
623.928 20.781
624.216 21.037
624.504 21.295
624.792 21.558
625.080 21.825
625.368 22.087
625.656 22.357
625.945 22.640
626.233 22.915
626.521 23.196
626.809 23.478
627.097 23.756
627.385 24.037
627.673 24.315
627.962 24.604
628.250 24.879
628.538 25.160
628.826 25.451
629.114 25.748
629.402 26.055
629.690 26.365
629.979 26.669
630.267 26.979
630.555 27.300
630.843 27.610
631.131 27.917
631.419 28.221
631.707 28.537
631.996 28.863
632.284 29.182
632.572 29.494
632.860 29.809
633.148 30.122
633.436 30.439
633.724 30.761
634.013 31.085
634.301 31.416
634.589 31.742
634.877 32.063
635.165 32.390
635.453 32.714
635.741 33.044
636.030 33.367
636.318 33.699
636.606 34.033
636.894 34.367
637.182 34.707
637.470 35.035
637.759 35.368
638.047 35.710
638.335 36.043
638.623 36.372
638.911 36.702
639.199 37.036
639.487 37.368
639.776 37.697
640.064 38.028
640.352 38.361
640.640 38.702
640.928 39.038
641.216 39.367
641.504 39.689
641.793 40.008
642.081 40.331
642.369 40.648
642.657 40.971
642.945 41.294
643.233 41.605
643.521 41.906
643.810 42.212
644.098 42.522
644.386 42.829
644.674 43.146
644.962 43.454
645.250 43.759
645.538 44.055
645.827 44.351
646.115 44.653
646.403 44.942
646.691 45.219
646.979 45.497
647.267 45.773
647.555 46.044
647.844 46.323
648.132 46.588
648.420 46.843
648.708 47.098
648.996 47.372
649.284 47.638
649.572 47.899
649.861 48.164
650.149 48.430
650.437 48.698
650.725 48.955
651.013 49.202
651.301 49.446
651.589 49.689
651.878 49.927
652.166 50.166
652.454 50.407
652.742 50.647
653.030 50.894
653.318 51.120
653.606 51.349
653.895 51.574
654.183 51.807
654.471 52.039
654.759 52.254
655.047 52.469
655.335 52.682
655.623 52.886
655.912 53.086
656.200 53.288
656.488 53.487
656.776 53.681
657.064 53.866
657.352 54.050
657.640 54.228
657.929 54.414
658.217 54.595
658.505 54.780
658.793 54.958
659.081 55.133
659.369 55.308
659.657 55.474
659.946 55.630
660.234 55.783
660.522 55.945
660.810 56.108
661.098 56.269
661.386 56.429
661.675 56.578
661.963 56.717
662.251 56.851
662.539 56.996
662.827 57.141
663.115 57.286
663.403 57.431
663.692 57.565
663.980 57.708
664.268 57.860
664.556 57.998
664.844 58.135
665.132 58.273
665.420 58.390
665.709 58.512
665.997 58.647
666.285 58.788
666.573 58.906
666.861 59.016
667.149 59.136
667.437 59.258
667.726 59.385
668.014 59.498
668.302 59.604
668.590 59.706
668.878 59.807
669.166 59.894
669.454 59.971
669.743 60.049
670.031 60.139
670.319 60.223
670.607 60.307
670.895 60.397
671.183 60.471
671.471 60.535
671.760 60.594
672.048 60.655
672.336 60.724
672.624 60.797
672.912 60.866
673.200 60.933
673.488 60.996
673.777 61.057
674.065 61.116
674.353 61.157
674.641 61.217
674.929 61.285
675.217 61.351
675.505 61.408
675.794 61.458
676.082 61.503
676.370 61.547
676.658 61.605
676.946 61.660
677.234 61.712
677.522 61.765
677.811 61.822
678.099 61.855
678.387 61.895
678.675 61.947
678.963 61.986
679.251 62.029
679.539 62.079
679.828 62.123
680.116 62.151
680.404 62.183
680.692 62.214
680.980 62.241
681.268 62.264
681.556 62.274
681.845 62.282
682.133 62.305
682.421 62.321
682.709 62.332
682.997 62.348
683.285 62.358
683.573 62.372
683.862 62.374
684.150 62.383
684.438 62.403
684.726 62.407
685.014 62.408
685.302 62.401
685.591 62.403
685.879 62.405
686.167 62.414
686.455 62.427
686.743 62.454
687.031 62.477
687.319 62.490
687.608 62.490
687.896 62.495
688.184 62.492
688.472 62.492
688.760 62.499
689.048 62.514
689.336 62.512
689.625 62.509
689.913 62.506
690.201 62.501
690.489 62.482
690.777 62.466
691.065 62.462
691.353 62.449
691.642 62.441
691.930 62.441
692.218 62.424
692.506 62.407
692.794 62.395
693.082 62.376
693.370 62.348
693.659 62.323
693.947 62.303
694.235 62.277
694.523 62.245
694.811 62.224
695.099 62.210
695.387 62.192
695.676 62.182
695.964 62.160
696.252 62.136
696.540 62.132
696.836 62.125
697.133 62.098
697.429 62.077
697.725 62.066
698.021 62.038
698.318 62.005
698.614 61.973
698.910 61.964
699.207 61.953
699.503 61.937
699.799 61.910
700.095 61.881
700.392 61.857
700.688 61.835
700.984 61.819
701.281 61.800
701.577 61.791
701.873 61.772
702.169 61.751
702.466 61.736
702.762 61.714
703.058 61.694
703.355 61.669
703.651 61.641
703.947 61.598
704.243 61.551
704.540 61.507
704.836 61.477
705.132 61.444
705.428 61.404
705.725 61.359
706.021 61.316
706.317 61.272
706.614 61.236
706.910 61.195
707.206 61.158
707.502 61.127
707.799 61.092
708.095 61.056
708.391 61.027
708.688 61.006
708.984 60.978
709.280 60.952
709.576 60.903
709.873 60.856
710.169 60.821
710.465 60.786
710.762 60.740
711.058 60.696
711.354 60.661
711.650 60.630
711.947 60.611
712.243 60.579
712.539 60.553
712.836 60.520
713.132 60.461
713.428 60.400
713.724 60.355
714.021 60.311
714.317 60.260
714.613 60.185
714.910 60.116
715.206 60.071
715.502 60.017
715.798 59.965
716.095 59.922
716.391 59.878
716.687 59.844
716.984 59.791
717.280 59.754
717.576 59.714
717.872 59.668
718.169 59.616
718.465 59.574
718.761 59.533
719.058 59.470
719.354 59.410
719.650 59.347
719.946 59.290
720.243 59.235
720.539 59.186
720.835 59.119
721.131 59.046
721.428 58.991
721.724 58.950
722.020 58.906
722.317 58.870
722.613 58.813
722.909 58.745
723.205 58.687
723.502 58.637
723.798 58.596
724.094 58.555
724.391 58.514
724.687 58.468
724.983 58.416
725.279 58.362
725.576 58.285
725.872 58.222
726.168 58.148
726.465 58.067
726.761 57.996
727.057 57.941
727.353 57.889
727.650 57.834
727.946 57.783
728.242 57.722
728.539 57.658
728.835 57.603
729.131 57.558
729.427 57.509
729.724 57.443
730.020 57.364
730.316 57.302
730.613 57.224
730.909 57.153
731.205 57.113
731.501 57.069
731.798 57.015
732.094 56.963
732.390 56.897
732.687 56.846
732.983 56.790
733.279 56.733
733.575 56.669
733.872 56.593
734.168 56.530
734.464 56.472
734.761 56.395
735.057 56.334
735.353 56.279
735.649 56.205
735.946 56.127
736.242 56.078
736.538 56.014
736.835 55.953
737.131 55.904
737.427 55.843
737.723 55.780
738.020 55.723
738.316 55.668
738.612 55.599
738.909 55.552
739.205 55.524
739.501 55.450
739.797 55.375
740.094 55.319
740.390 55.248
740.686 55.191
740.982 55.133
741.279 55.074
741.575 55.018
741.871 54.958
742.168 54.892
742.464 54.819
742.760 54.749
743.056 54.684
743.353 54.627
743.649 54.586
743.945 54.522
744.242 54.460
744.538 54.404
744.834 54.341
745.130 54.265
745.427 54.190
745.723 54.129
746.019 54.059
746.316 53.990
746.612 53.918
746.908 53.844
747.204 53.756
747.501 53.678
747.797 53.616
748.093 53.550
748.390 53.478
748.686 53.432
748.982 53.375
749.278 53.297
749.575 53.210
749.871 53.129
750.167 53.061
750.464 52.990
750.760 52.913
751.056 52.844
751.352 52.782
751.649 52.712
751.945 52.650
752.241 52.588
752.538 52.526
752.834 52.469
753.130 52.384
753.426 52.294
753.723 52.233
754.019 52.171
754.315 52.076
754.611 51.989
754.908 51.925
755.204 51.871
755.500 51.807
755.797 51.742
756.093 51.673
756.389 51.593
756.685 51.514
756.982 51.431
757.278 51.337
757.574 51.263
757.871 51.173
758.167 51.080
758.463 51.016
758.759 50.949
759.056 50.880
759.352 50.819
759.648 50.765
759.945 50.697
760.241 50.615
760.537 50.547
760.833 50.488
761.130 50.425
761.426 50.339
761.722 50.250
762.019 50.187
762.315 50.125
762.611 50.068
762.907 49.994
763.204 49.914
763.500 49.853
763.804 49.783
764.108 49.716
764.412 49.649
764.716 49.589
765.020 49.528
765.324 49.479
765.628 49.415
765.932 49.339
766.236 49.261
766.540 49.186
766.844 49.104
767.148 49.024
767.452 48.950
767.756 48.889
768.060 48.806
768.364 48.715
768.668 48.658
768.972 48.600
769.276 48.539
769.580 48.458
769.884 48.391
770.188 48.335
770.492 48.260
770.796 48.177
771.100 48.117
771.404 48.051
771.708 47.966
772.012 47.870
772.316 47.796
772.620 47.742
772.924 47.687
773.228 47.600
773.532 47.505
773.836 47.448
774.140 47.383
774.444 47.310
774.748 47.237
775.052 47.159
775.356 47.088
775.659 47.011
775.963 46.945
776.267 46.887
776.571 46.827
776.875 46.752
777.179 46.684
777.483 46.616
777.787 46.524
778.091 46.409
778.395 46.312
778.699 46.263
779.003 46.198
779.307 46.104
779.611 46.001
779.915 45.931
780.219 45.884
780.523 45.818
780.827 45.748
781.131 45.663
781.435 45.606
781.739 45.567
782.043 45.509
782.347 45.457
782.651 45.399
782.955 45.347
783.259 45.272
783.563 45.186
783.867 45.098
784.171 45.042
784.475 44.984
784.779 44.921
785.083 44.846
785.387 44.763
785.691 44.686
785.995 44.638
786.299 44.587
786.603 44.547
786.907 44.504
787.211 44.454
787.515 44.419
787.819 44.364
788.123 44.291
788.427 44.206
788.731 44.120
789.035 44.055
789.339 44.011
789.643 43.942
789.947 43.877
790.251 43.819
790.555 43.770
790.859 43.717
791.163 43.664
791.467 43.607
791.771 43.543
792.075 43.468
792.379 43.383
792.683 43.300
792.987 43.233
793.291 43.165
793.595 43.110
793.899 43.060
794.203 43.012
794.507 42.947
794.811 42.888
795.115 42.827
795.419 42.773
795.723 42.701
796.027 42.624
796.331 42.570
796.635 42.545
796.939 42.504
797.243 42.422
797.547 42.350
797.851 42.290
798.155 42.253
798.459 42.182
798.763 42.092
799.067 42.016
799.371 41.936
799.674 41.889
799.978 41.832
800.282 41.768
800.586 41.665
800.890 41.544
801.194 41.454
801.498 41.384
801.802 41.314
802.106 41.264
802.410 41.229
802.714 41.169
803.018 41.104
803.322 41.035
803.626 40.977
803.930 40.931
804.234 40.865
804.538 40.787
804.842 40.712
805.146 40.623
805.450 40.558
805.754 40.468
806.058 40.373
806.362 40.304
806.666 40.235
806.970 40.185
807.274 40.119
807.578 40.066
807.882 39.984
808.186 39.909
808.490 39.854
808.794 39.797
809.098 39.746
809.402 39.697
809.706 39.639
810.010 39.556
810.314 39.514
810.618 39.478
810.922 39.418
811.226 39.357
811.530 39.310
811.834 39.245
812.137 39.172
812.441 39.108
812.744 39.040
813.048 38.976
813.351 38.919
813.655 38.843
813.958 38.746
814.262 38.685
814.565 38.628
814.869 38.562
815.172 38.482
815.476 38.402
815.779 38.340
816.083 38.286
816.386 38.229
816.690 38.176
816.993 38.145
817.297 38.106
817.600 38.070
817.904 38.018
818.208 37.945
818.511 37.878
818.815 37.797
819.118 37.759
819.422 37.740
819.725 37.699
820.029 37.630
820.332 37.574
820.636 37.535
820.939 37.467
821.243 37.368
821.546 37.314
821.850 37.293
822.153 37.283
822.457 37.255
822.760 37.230
823.064 37.193
823.367 37.147
823.671 37.103
823.974 37.042
824.278 37.004
824.582 36.968
824.885 36.923
825.189 36.889
825.492 36.852
825.796 36.820
826.099 36.758
826.403 36.709
826.706 36.656
827.010 36.598
827.313 36.537
827.617 36.491
827.920 36.423
828.224 36.353
828.527 36.312
828.831 36.247
829.134 36.192
829.438 36.157
829.741 36.133
830.045 36.080
830.348 36.008
830.652 35.959
830.956 35.916
831.259 35.879
831.563 35.846
831.866 35.824
832.170 35.823
832.473 35.814
832.777 35.769
833.080 35.718
833.384 35.696
833.687 35.652
833.991 35.604
834.294 35.546
834.598 35.477
834.901 35.448
835.205 35.407
835.508 35.334
835.812 35.289
836.115 35.252
836.419 35.238
836.722 35.210
837.026 35.163
837.330 35.129
837.633 35.102
837.937 35.075
838.240 35.050
838.544 35.022
838.847 34.995
839.151 34.950
839.454 34.933
839.758 34.927
840.061 34.913
840.365 34.891
840.668 34.849
840.972 34.817
841.275 34.772
841.579 34.746
841.882 34.736
842.186 34.738
842.489 34.731
842.793 34.742
843.097 34.730
843.400 34.703
843.704 34.685
844.007 34.688
844.311 34.684
844.614 34.661
844.918 34.645
845.221 34.639
845.525 34.613
845.828 34.581
846.132 34.543
846.435 34.543
846.739 34.530
847.042 34.506
847.346 34.492
847.649 34.476
847.953 34.438
848.256 34.420
848.560 34.423
848.863 34.464
849.167 34.479
849.471 34.458
849.774 34.424
850.078 34.405
850.381 34.371
850.685 34.366
850.988 34.388
851.292 34.375
851.595 34.370
851.899 34.352
852.202 34.331
852.506 34.331
852.809 34.331
853.113 34.312
853.416 34.249
853.720 34.188
854.023 34.192
854.327 34.184
854.630 34.144
854.934 34.098
855.237 34.057
855.541 34.041
855.845 34.027
856.148 33.981
856.452 33.927
856.755 33.856
857.059 33.805
857.362 33.792
857.666 33.787
857.969 33.748
858.273 33.708
858.576 33.680
858.880 33.623
859.183 33.558
859.487 33.504
859.790 33.474
860.094 33.437
860.397 33.392
860.701 33.347
861.004 33.311
861.308 33.240
861.611 33.171
861.915 33.105
862.219 33.029
862.522 32.928
862.826 32.846
863.129 32.820
863.433 32.781
863.736 32.724
864.040 32.701
864.343 32.693
864.647 32.670
864.950 32.636
865.254 32.621
865.557 32.568
865.861 32.526
866.164 32.498
866.468 32.471
866.771 32.425
867.075 32.362
867.378 32.276
867.682 32.215
867.985 32.178
868.289 32.149
868.593 32.097
868.896 32.060
869.200 31.999
869.503 31.932
869.807 31.915
870.110 31.886
870.414 31.846
870.717 31.831
871.021 31.809
871.324 31.783
871.628 31.769
871.931 31.783
872.235 31.798
872.538 31.761
872.842 31.734
873.145 31.701
873.449 31.675
873.752 31.686
874.056 31.668
874.359 31.610
874.663 31.611
874.967 31.633
875.270 31.656
875.574 31.666
875.877 31.638
876.181 31.594
876.484 31.570
876.788 31.571
877.091 31.533
877.395 31.500
877.698 31.493
878.002 31.474
878.305 31.466
878.609 31.452
878.912 31.436
879.216 31.410
879.519 31.386
879.823 31.353
880.126 31.344
880.430 31.370
880.733 31.391
881.037 31.412
881.341 31.423
881.644 31.401
881.948 31.430
882.251 31.478
882.555 31.474
882.858 31.450
883.162 31.457
883.465 31.458
883.769 31.453
884.072 31.467
884.376 31.494
884.679 31.525
884.983 31.510
885.286 31.503
885.590 31.508
885.893 31.511
886.197 31.513
886.500 31.531
886.804 31.537
887.107 31.538
887.411 31.559
887.715 31.589
888.018 31.603
888.322 31.589
888.625 31.597
888.929 31.590
889.232 31.580
889.536 31.564
889.839 31.538
890.143 31.537
890.446 31.537
890.750 31.529
891.053 31.527
891.357 31.521
891.660 31.550
891.964 31.555
892.267 31.520
892.571 31.515
892.874 31.555
893.178 31.565
893.482 31.561
893.785 31.558
894.089 31.568
894.392 31.602
894.696 31.624
894.999 31.623
895.303 31.626
895.606 31.630
895.910 31.658
896.213 31.666
896.517 31.668
896.820 31.662
897.124 31.643
897.427 31.654
897.731 31.691
898.034 31.731
898.338 31.765
898.641 31.774
898.945 31.790
899.248 31.820
899.552 31.852
899.856 31.872
900.159 31.888
900.463 31.888
900.766 31.865
901.070 31.901
901.373 31.951
901.677 31.987
901.980 31.988
902.284 31.990
902.587 32.000
902.891 31.955
903.194 31.893
903.498 31.907
903.801 31.938
904.105 31.951
904.408 32.001
904.712 32.027
905.015 32.014
905.319 32.017
905.622 32.020
905.926 31.974
906.230 31.917
906.533 31.874
906.837 31.879
907.140 31.913
907.444 31.944
907.747 31.935
908.051 31.957
908.354 32.013
908.658 32.060
908.961 32.069
909.265 32.048
909.568 32.065
909.872 32.092
910.175 32.089
910.479 32.094
910.782 32.116
911.086 32.121
911.389 32.104
911.693 32.084
911.996 32.061
912.300 32.088
912.613 32.129
912.926 32.122
913.238 32.137
913.551 32.174
913.864 32.199
914.176 32.244
914.489 32.270
914.802 32.297
915.115 32.324
915.427 32.317
915.740 32.379
916.053 32.450
916.366 32.437
916.678 32.429
916.991 32.439
917.304 32.485
917.617 32.517
917.929 32.574
918.242 32.595
918.555 32.619
918.868 32.659
919.180 32.690
919.493 32.746
919.806 32.734
920.119 32.730
920.431 32.712
920.744 32.720
921.057 32.747
921.370 32.794
921.682 32.871
921.995 32.925
922.308 32.959
922.621 33.032
922.933 33.113
923.246 33.114
923.559 33.115
923.872 33.137
924.184 33.178
924.497 33.248
924.810 33.355
925.123 33.482
925.435 33.609
925.748 33.702
926.061 33.769
926.374 33.822
926.686 33.922
926.999 34.011
927.312 34.109
927.625 34.226
927.937 34.255
928.250 34.355
928.563 34.450
928.876 34.503
929.188 34.597
929.501 34.695
929.814 34.769
930.127 34.814
930.439 34.938
930.752 35.056
931.065 35.113
931.378 35.182
931.690 35.240
932.003 35.296
932.316 35.369
932.629 35.419
932.941 35.461
933.254 35.513
933.567 35.546
933.880 35.588
934.192 35.732
934.505 35.885
934.818 35.978
935.131 36.073
935.443 36.225
935.756 36.321
936.069 36.491
936.382 36.626
936.694 36.738
937.007 36.828
937.320 36.922
937.633 37.011
937.945 37.099
938.258 37.141
938.571 37.165
938.884 37.299
939.196 37.421
939.509 37.522
939.822 37.561
940.135 37.598
940.447 37.685
940.760 37.757
941.073 37.826
941.386 37.902
941.698 37.890
942.011 37.940
942.324 38.073
942.637 38.168
942.949 38.264
943.262 38.334
943.575 38.426
943.888 38.484
944.200 38.509
944.513 38.548
944.826 38.629
945.139 38.698
945.451 38.670
945.764 38.635
946.077 38.646
946.390 38.673
946.702 38.682
947.015 38.716
947.328 38.697
947.641 38.705
947.953 38.737
948.266 38.681
948.579 38.676
948.892 38.680
949.204 38.684
949.517 38.711
949.830 38.776
950.143 38.884
950.455 38.938
950.768 38.953
951.081 38.934
951.394 38.932
951.706 38.997
952.019 39.009
952.332 39.022
952.645 39.002
952.957 38.994
953.270 39.018
953.583 39.034
953.896 39.010
954.208 38.918
954.521 38.862
954.834 38.871
955.147 38.805
955.459 38.753
955.772 38.686
956.085 38.626
956.398 38.607
956.710 38.589
957.023 38.553
957.336 38.586
957.649 38.613
957.961 38.662
958.274 38.731
958.587 38.678
958.900 38.637
959.212 38.597
959.525 38.475
959.838 38.422
960.151 38.449
960.463 38.414
960.776 38.449
961.089 38.457
961.402 38.450
961.714 38.430
962.027 38.380
962.340 38.410
962.653 38.432
962.965 38.473
963.278 38.491
963.591 38.440
963.904 38.364
964.216 38.276
964.529 38.302
964.842 38.354
965.154 38.361
965.467 38.313
965.780 38.209
966.094 38.194
966.409 38.289
966.723 38.335
967.037 38.323
967.352 38.389
967.666 38.407
967.980 38.443
968.295 38.506
968.609 38.460
968.923 38.373
969.238 38.354
969.552 38.314
969.866 38.359
970.181 38.422
970.495 38.392
970.809 38.378
971.124 38.424
971.438 38.393
971.752 38.477
972.067 38.504
972.381 38.394
972.695 38.366
973.010 38.377
973.324 38.423
973.638 38.453
973.953 38.464
974.267 38.514
974.581 38.542
974.896 38.561
975.210 38.584
975.524 38.553
975.839 38.574
976.153 38.673
976.467 38.735
976.781 38.759
977.096 38.700
977.410 38.639
977.724 38.765
978.039 38.888
978.353 38.983
978.667 39.183
978.982 39.364
979.296 39.471
979.610 39.642
979.925 39.656
980.239 39.625
980.553 39.527
980.868 39.579
981.182 39.641
981.496 39.653
981.811 39.576
982.125 39.522
982.439 39.557
982.754 39.602
983.068 39.624
983.382 39.691
983.697 39.787
984.011 39.818
984.325 39.823
984.640 39.875
984.954 39.992
985.268 40.070
985.583 40.068
985.897 40.105
986.211 40.220
986.526 40.281
986.840 40.362
987.154 40.474
987.469 40.517
987.783 40.588
988.097 40.707
988.412 40.702
988.726 40.725
989.040 40.697
989.355 40.704
989.669 40.850
989.983 40.893
990.298 40.909
990.612 41.077
990.926 41.201
991.241 41.360
991.555 41.542
991.869 41.577
992.184 41.655
992.498 41.724
992.812 41.737
993.127 41.855
993.441 41.857
993.755 41.860
994.070 41.927
994.384 42.011
994.698 42.154
995.013 42.270
995.327 42.340
995.641 42.354
995.956 42.395
996.270 42.436
996.584 42.479
996.899 42.507
997.213 42.629
997.527 42.676
997.841 42.650
998.156 42.596
998.470 42.466
998.784 42.402
999.099 42.529
999.413 42.502
999.727 42.579
