200.182 84.910
200.437 84.232
200.691 83.789
200.946 83.191
201.201 82.243
201.455 81.339
201.710 80.393
201.964 79.607
202.219 78.876
202.474 78.129
202.728 77.423
202.983 76.826
203.237 76.110
203.492 75.181
203.747 74.100
204.001 73.070
204.256 72.017
204.510 70.904
204.765 70.016
205.020 69.450
205.274 68.785
205.529 67.839
205.783 66.910
206.038 65.879
206.293 64.709
206.547 63.512
206.802 62.382
207.057 61.522
207.311 60.544
207.566 59.414
207.820 58.455
208.075 57.566
208.330 56.545
208.584 55.519
208.839 54.777
209.093 54.002
209.348 52.904
209.603 51.932
209.857 50.965
210.112 50.152
210.366 49.356
210.621 48.530
210.876 47.658
211.130 46.939
211.385 46.324
211.639 45.499
211.894 44.471
212.149 43.609
212.403 42.874
212.658 42.121
212.913 41.386
213.167 40.565
213.422 39.900
213.676 39.237
213.931 38.512
214.186 37.770
214.440 37.095
214.695 36.495
214.949 35.905
215.204 35.232
215.459 34.663
215.713 34.122
215.968 33.465
216.222 32.671
216.477 31.959
216.732 31.447
216.986 30.925
217.241 30.302
217.495 29.708
217.750 29.169
218.005 28.751
218.259 28.257
218.514 27.632
218.769 27.009
219.023 26.504
219.278 26.033
219.532 25.480
219.787 24.974
220.042 24.509
220.296 24.024
220.551 23.520
220.805 23.074
221.060 22.616
221.315 22.143
221.569 21.719
221.824 21.331
222.078 20.963
222.333 20.537
222.588 20.155
222.842 19.759
223.097 19.329
223.351 18.918
223.606 18.453
223.861 17.935
224.115 17.500
224.370 17.082
224.625 16.640
224.879 16.267
225.134 15.845
225.388 15.467
225.643 15.116
225.898 14.774
226.152 14.385
226.407 14.006
226.661 13.579
226.916 13.210
227.171 12.850
227.425 12.484
227.680 12.137
227.934 11.864
228.189 11.554
228.444 11.241
228.698 10.972
228.953 10.670
229.208 10.384
229.462 10.098
229.717 9.847
229.971 9.616
230.226 9.401
230.481 9.127
230.735 8.885
230.990 8.674
231.244 8.444
231.499 8.217
231.754 8.027
232.008 7.846
232.263 7.701
232.517 7.526
232.772 7.380
233.027 7.220
233.281 7.030
233.536 6.838
233.790 6.620
234.045 6.441
234.300 6.296
234.554 6.163
234.809 6.012
235.064 5.889
235.318 5.772
235.573 5.663
235.827 5.561
236.082 5.455
236.337 5.370
236.591 5.284
236.846 5.186
237.100 5.093
237.355 5.022
237.610 4.947
237.864 4.854
238.119 4.797
238.373 4.731
238.628 4.655
238.883 4.599
239.137 4.536
239.392 4.480
239.646 4.435
239.901 4.397
240.156 4.356
240.410 4.325
240.665 4.286
240.920 4.247
241.174 4.216
241.429 4.185
241.683 4.155
241.938 4.119
242.193 4.089
242.447 4.062
242.702 4.043
242.956 4.027
243.211 4.009
243.466 3.990
243.720 3.984
243.975 3.977
244.229 3.966
244.484 3.950
244.739 3.944
244.993 3.949
245.248 3.947
245.503 3.945
245.757 3.946
246.012 3.948
246.266 3.951
246.521 3.953
246.776 3.964
247.030 3.963
247.285 3.960
247.539 3.963
247.794 3.970
248.049 3.978
248.303 3.985
248.558 4.000
248.812 4.007
249.067 3.994
249.322 3.997
249.576 4.016
249.831 4.037
250.085 4.047
250.340 4.061
250.595 4.083
250.849 4.107
251.104 4.122
251.359 4.139
251.613 4.157
251.868 4.173
252.122 4.179
252.377 4.196
252.632 4.219
252.886 4.227
253.141 4.232
253.395 4.247
253.650 4.268
253.905 4.289
254.161 4.310
254.416 4.327
254.672 4.354
254.927 4.386
255.183 4.406
255.438 4.421
255.694 4.445
255.949 4.474
256.205 4.494
256.460 4.514
256.715 4.534
256.971 4.565
257.226 4.592
257.482 4.619
257.737 4.640
257.993 4.659
258.248 4.686
258.504 4.708
258.759 4.722
259.014 4.744
259.270 4.765
259.525 4.782
259.781 4.805
260.036 4.843
260.292 4.876
260.547 4.892
260.803 4.913
261.058 4.942
261.314 4.965
261.569 4.981
261.824 5.003
262.080 5.026
262.335 5.049
262.591 5.083
262.846 5.105
263.102 5.117
263.357 5.131
263.613 5.155
263.868 5.176
264.123 5.196
264.379 5.209
264.634 5.228
264.890 5.245
265.145 5.267
265.401 5.276
265.656 5.285
265.912 5.293
266.167 5.291
266.423 5.295
266.678 5.312
266.933 5.324
267.189 5.331
267.444 5.334
267.700 5.347
267.955 5.352
268.211 5.353
268.466 5.368
268.722 5.381
268.977 5.396
269.232 5.408
269.488 5.414
269.743 5.419
269.999 5.433
270.254 5.447
270.510 5.448
270.765 5.453
271.021 5.458
271.276 5.471
271.532 5.481
271.787 5.486
272.042 5.489
272.298 5.487
272.553 5.483
272.809 5.481
273.064 5.482
273.320 5.494
273.575 5.500
273.831 5.492
274.086 5.491
274.342 5.485
274.597 5.477
274.852 5.474
275.108 5.476
275.363 5.472
275.619 5.455
275.874 5.440
276.130 5.434
276.385 5.430
276.641 5.426
276.896 5.417
277.151 5.415
277.407 5.404
277.662 5.383
277.918 5.361
278.173 5.339
278.429 5.325
278.684 5.320
278.940 5.315
279.195 5.304
279.451 5.298
279.706 5.285
279.961 5.274
280.217 5.263
280.472 5.255
280.728 5.241
280.983 5.231
281.239 5.218
281.494 5.211
281.750 5.211
282.005 5.203
282.260 5.191
282.516 5.170
282.771 5.151
283.027 5.139
283.282 5.127
283.538 5.111
283.793 5.097
284.049 5.079
284.304 5.057
284.560 5.035
284.815 5.012
285.070 4.991
285.326 4.978
285.581 4.961
285.837 4.930
286.092 4.907
286.348 4.896
286.603 4.887
286.859 4.863
287.114 4.841
287.369 4.825
287.625 4.814
287.880 4.805
288.136 4.796
288.391 4.784
288.647 4.767
288.902 4.739
289.158 4.717
289.413 4.703
289.669 4.684
289.924 4.676
290.179 4.668
290.435 4.653
290.690 4.631
290.946 4.611
291.201 4.599
291.457 4.586
291.712 4.574
291.968 4.559
292.223 4.533
292.479 4.512
292.734 4.486
292.989 4.472
293.245 4.467
293.500 4.459
293.756 4.446
294.011 4.434
294.267 4.418
294.522 4.400
294.778 4.387
295.033 4.368
295.288 4.353
295.544 4.336
295.799 4.321
296.055 4.305
296.310 4.291
296.566 4.280
296.821 4.277
297.077 4.265
297.332 4.245
297.588 4.222
297.843 4.199
298.098 4.188
298.354 4.178
298.609 4.164
298.865 4.152
299.120 4.145
299.376 4.130
299.631 4.112
299.887 4.102
300.142 4.095
300.397 4.084
300.653 4.072
300.908 4.057
301.164 4.044
301.419 4.036
301.675 4.024
301.930 4.001
302.186 3.983
302.441 3.970
302.697 3.949
302.952 3.929
303.207 3.910
303.463 3.895
303.718 3.875
303.974 3.861
304.229 3.856
304.485 3.847
304.740 3.836
304.996 3.825
305.251 3.817
305.506 3.806
305.762 3.792
306.017 3.778
306.273 3.771
306.528 3.762
306.784 3.753
307.039 3.747
307.295 3.730
307.550 3.715
307.806 3.712
308.061 3.704
308.316 3.694
308.572 3.679
308.827 3.663
309.083 3.652
309.338 3.638
309.594 3.620
309.849 3.610
310.105 3.599
310.360 3.582
310.615 3.568
310.871 3.556
311.126 3.541
311.382 3.534
311.637 3.527
311.893 3.513
312.148 3.495
312.404 3.476
312.659 3.462
312.915 3.451
313.170 3.443
313.429 3.434
313.688 3.424
313.947 3.416
314.206 3.407
314.465 3.397
314.724 3.383
314.983 3.373
315.242 3.362
315.501 3.348
315.760 3.343
316.019 3.340
316.278 3.339
316.536 3.334
316.795 3.325
317.054 3.324
317.313 3.321
317.572 3.320
317.831 3.322
318.090 3.324
318.349 3.324
318.608 3.323
318.867 3.317
319.126 3.310
319.385 3.312
319.644 3.315
319.903 3.308
320.162 3.300
320.421 3.296
320.680 3.292
320.939 3.287
321.198 3.276
321.457 3.267
321.716 3.263
321.975 3.256
322.234 3.251
322.493 3.249
322.752 3.243
323.010 3.241
323.269 3.235
323.528 3.221
323.787 3.217
324.046 3.218
324.305 3.222
324.564 3.229
324.823 3.225
325.082 3.227
325.341 3.236
325.600 3.245
325.859 3.253
326.118 3.265
326.377 3.274
326.636 3.278
326.895 3.287
327.154 3.285
327.413 3.281
327.672 3.277
327.931 3.283
328.190 3.289
328.449 3.297
328.708 3.307
328.967 3.315
329.226 3.329
329.485 3.338
329.743 3.343
330.002 3.344
330.261 3.348
330.520 3.357
330.779 3.358
331.038 3.366
331.297 3.380
331.556 3.387
331.815 3.394
332.074 3.389
332.333 3.394
332.592 3.409
332.851 3.414
333.110 3.417
333.369 3.420
333.628 3.420
333.887 3.416
334.146 3.419
334.405 3.427
334.664 3.441
334.923 3.465
335.182 3.481
335.441 3.481
335.700 3.484
335.959 3.500
336.217 3.521
336.476 3.539
336.735 3.553
336.994 3.573
337.253 3.603
337.512 3.631
337.771 3.649
338.030 3.666
338.289 3.684
338.548 3.706
338.807 3.732
339.066 3.767
339.325 3.789
339.584 3.810
339.843 3.837
340.102 3.859
340.361 3.877
340.620 3.906
340.879 3.932
341.138 3.950
341.397 3.957
341.656 3.966
341.915 3.983
342.174 3.998
342.433 4.029
342.691 4.066
342.950 4.101
343.209 4.134
343.468 4.167
343.727 4.193
343.986 4.223
344.245 4.252
344.504 4.280
344.763 4.312
345.022 4.337
345.281 4.359
345.540 4.383
345.799 4.409
346.058 4.437
346.317 4.463
346.576 4.492
346.835 4.528
347.094 4.566
347.353 4.609
347.612 4.642
347.871 4.682
348.130 4.716
348.389 4.744
348.648 4.775
348.907 4.810
349.166 4.854
349.424 4.893
349.683 4.933
349.942 4.980
350.201 5.021
350.460 5.051
350.719 5.068
350.978 5.090
351.237 5.136
351.496 5.180
351.755 5.210
352.014 5.238
352.273 5.270
352.532 5.298
352.791 5.330
353.050 5.370
353.309 5.412
353.568 5.444
353.827 5.476
354.086 5.504
354.345 5.522
354.604 5.546
354.863 5.561
355.122 5.598
355.381 5.634
355.640 5.659
355.898 5.683
356.157 5.713
356.416 5.745
356.675 5.782
356.934 5.815
357.193 5.864
357.452 5.920
357.711 5.951
357.970 5.988
358.229 6.019
358.488 6.037
358.747 6.054
359.006 6.078
359.265 6.117
359.524 6.168
359.783 6.209
360.042 6.240
360.301 6.269
360.560 6.303
360.819 6.336
361.078 6.362
361.337 6.393
361.596 6.436
361.855 6.473
362.114 6.508
362.372 6.551
362.631 6.584
362.890 6.603
363.149 6.614
363.408 6.643
363.667 6.672
363.926 6.700
364.185 6.732
364.444 6.756
364.703 6.777
364.962 6.798
365.221 6.829
365.480 6.858
365.745 6.869
366.009 6.891
366.274 6.931
366.539 6.963
366.804 6.990
367.068 7.011
367.333 7.025
367.598 7.043
367.863 7.062
368.127 7.080
368.392 7.112
368.657 7.142
368.921 7.142
369.186 7.139
369.451 7.154
369.716 7.172
369.980 7.190
370.245 7.217
370.510 7.240
370.775 7.264
371.039 7.289
371.304 7.310
371.569 7.324
371.834 7.343
372.098 7.360
372.363 7.378
372.628 7.395
372.892 7.415
373.157 7.415
373.422 7.410
373.687 7.422
373.951 7.433
374.216 7.440
374.481 7.450
374.746 7.465
375.010 7.476
375.275 7.476
375.540 7.467
375.804 7.458
376.069 7.456
376.334 7.465
376.599 7.469
376.863 7.472
377.128 7.483
377.393 7.492
377.658 7.492
377.922 7.486
378.187 7.491
378.452 7.494
378.716 7.498
378.981 7.506
379.246 7.511
379.511 7.512
379.775 7.518
380.040 7.520
380.305 7.511
380.570 7.510
380.834 7.522
381.099 7.535
381.364 7.536
381.629 7.539
381.893 7.546
382.158 7.546
382.423 7.534
382.687 7.529
382.952 7.527
383.217 7.523
383.482 7.524
383.746 7.525
384.011 7.529
384.276 7.537
384.541 7.525
384.805 7.500
385.070 7.493
385.335 7.497
385.599 7.507
385.864 7.510
386.129 7.516
386.394 7.520
386.658 7.520
386.923 7.512
387.188 7.490
387.453 7.467
387.717 7.457
387.982 7.445
388.247 7.433
388.511 7.414
388.776 7.394
389.041 7.385
389.306 7.381
389.570 7.368
389.835 7.356
390.100 7.348
390.365 7.348
390.629 7.345
390.894 7.340
391.159 7.338
391.424 7.333
391.688 7.317
391.953 7.308
392.218 7.309
392.482 7.300
392.747 7.290
393.012 7.282
393.277 7.283
393.541 7.288
393.806 7.287
394.071 7.292
394.336 7.284
394.600 7.271
394.865 7.256
395.130 7.246
395.394 7.235
395.659 7.226
395.924 7.217
396.189 7.207
396.453 7.200
396.718 7.200
396.983 7.185
397.248 7.173
397.512 7.162
397.777 7.143
398.042 7.119
398.306 7.103
398.571 7.095
398.836 7.093
399.101 7.087
399.365 7.083
399.630 7.090
399.895 7.092
400.160 7.076
400.424 7.053
400.689 7.048
400.954 7.060
401.219 7.065
401.483 7.057
401.748 7.038
402.013 7.031
402.277 7.016
402.542 6.999
402.807 6.988
403.072 6.989
403.336 6.989
403.601 6.989
403.866 6.989
404.131 6.992
404.395 7.001
404.660 7.013
404.929 7.010
405.198 7.001
405.466 6.994
405.735 6.988
406.004 6.993
406.273 6.990
406.542 6.970
406.810 6.954
407.079 6.942
407.348 6.934
407.617 6.930
407.886 6.929
408.154 6.925
408.423 6.918
408.692 6.917
408.961 6.914
409.229 6.906
409.498 6.901
409.767 6.891
410.036 6.876
410.305 6.866
410.573 6.866
410.842 6.861
411.111 6.857
411.380 6.848
411.649 6.841
411.917 6.831
412.186 6.826
412.455 6.820
412.724 6.813
412.993 6.802
413.261 6.792
413.530 6.777
413.799 6.771
414.068 6.777
414.337 6.790
414.605 6.796
414.874 6.791
415.143 6.781
415.412 6.772
415.681 6.757
415.949 6.734
416.218 6.724
416.487 6.720
416.756 6.717
417.024 6.716
417.293 6.700
417.562 6.687
417.831 6.684
418.100 6.685
418.368 6.680
418.637 6.678
418.906 6.677
419.175 6.678
419.444 6.671
419.712 6.666
419.981 6.664
420.250 6.661
420.519 6.656
420.788 6.637
421.056 6.612
421.325 6.600
421.594 6.588
421.863 6.576
422.132 6.569
422.400 6.553
422.669 6.545
422.938 6.548
423.207 6.547
423.476 6.540
423.744 6.533
424.013 6.528
424.282 6.522
424.551 6.518
424.819 6.507
425.088 6.491
425.357 6.480
425.626 6.477
425.895 6.473
426.163 6.462
426.432 6.462
426.701 6.454
426.970 6.435
427.239 6.425
427.507 6.416
427.776 6.412
428.045 6.412
428.314 6.408
428.583 6.404
428.851 6.402
429.120 6.400
429.389 6.396
429.658 6.396
429.927 6.396
430.195 6.389
430.464 6.381
430.733 6.375
431.002 6.370
431.271 6.368
431.539 6.359
431.808 6.349
432.077 6.351
432.346 6.354
432.614 6.351
432.883 6.348
433.152 6.358
433.421 6.361
433.690 6.353
433.958 6.349
434.227 6.342
434.496 6.331
434.765 6.319
435.034 6.314
435.302 6.306
435.571 6.291
435.840 6.277
436.116 6.268
436.393 6.273
436.669 6.279
436.945 6.277
437.221 6.285
437.498 6.299
437.774 6.309
438.050 6.322
438.326 6.331
438.603 6.340
438.879 6.345
439.155 6.343
439.431 6.343
439.708 6.346
439.984 6.349
440.260 6.353
440.537 6.352
440.813 6.353
441.089 6.357
441.365 6.364
441.642 6.364
441.918 6.367
442.194 6.371
442.470 6.357
442.747 6.354
443.023 6.352
443.299 6.357
443.575 6.368
443.852 6.370
444.128 6.376
444.404 6.382
444.680 6.382
444.957 6.381
445.233 6.381
445.509 6.383
445.786 6.387
446.062 6.384
446.338 6.380
446.614 6.379
446.891 6.381
447.167 6.383
447.443 6.389
447.719 6.387
447.996 6.386
448.272 6.392
448.548 6.404
448.824 6.405
449.101 6.406
449.377 6.414
449.653 6.425
449.930 6.428
450.206 6.425
450.482 6.440
450.758 6.451
451.035 6.460
451.311 6.469
451.587 6.477
451.863 6.487
452.140 6.503
452.416 6.511
452.692 6.523
452.968 6.533
453.245 6.536
453.521 6.540
453.797 6.550
454.074 6.551
454.350 6.551
454.626 6.555
454.902 6.563
455.179 6.571
455.455 6.580
455.731 6.585
456.007 6.592
456.284 6.598
456.560 6.604
456.836 6.613
457.112 6.622
457.389 6.637
457.665 6.653
457.941 6.660
458.218 6.667
458.494 6.678
458.770 6.688
459.046 6.701
459.323 6.724
459.599 6.746
459.875 6.765
460.151 6.783
460.428 6.803
460.704 6.824
460.980 6.842
461.256 6.862
461.533 6.887
461.809 6.914
462.085 6.938
462.361 6.954
462.638 6.974
462.914 7.008
463.190 7.036
463.467 7.059
463.743 7.081
464.019 7.096
464.295 7.109
464.572 7.138
464.848 7.172
465.124 7.202
465.400 7.225
465.677 7.254
465.953 7.286
466.229 7.318
466.505 7.348
466.782 7.375
467.058 7.406
467.334 7.440
467.611 7.470
467.887 7.504
468.163 7.536
468.439 7.570
468.716 7.602
468.992 7.633
469.268 7.675
469.544 7.719
469.821 7.759
470.097 7.796
470.373 7.829
470.649 7.863
470.926 7.906
471.202 7.944
471.478 7.989
471.755 8.032
472.031 8.079
472.307 8.128
472.583 8.176
472.860 8.234
473.136 8.294
473.412 8.350
473.688 8.405
473.965 8.455
474.241 8.506
474.517 8.563
474.793 8.626
475.070 8.694
475.346 8.764
475.622 8.832
475.899 8.891
476.175 8.950
476.451 9.011
476.727 9.073
477.004 9.136
477.280 9.193
477.556 9.255
477.832 9.326
478.109 9.396
478.385 9.465
478.661 9.529
478.937 9.596
479.214 9.673
479.490 9.753
479.766 9.828
480.043 9.914
480.319 9.995
480.595 10.078
480.871 10.177
481.148 10.278
481.424 10.364
481.700 10.451
481.976 10.548
482.253 10.647
482.529 10.746
482.805 10.846
483.081 10.946
483.358 11.044
483.634 11.150
483.910 11.254
484.186 11.361
484.463 11.473
484.739 11.583
485.015 11.700
485.292 11.818
485.568 11.934
485.844 12.056
486.120 12.184
486.397 12.305
486.673 12.432
486.949 12.565
487.225 12.702
487.502 12.838
487.778 12.976
488.054 13.121
488.330 13.259
488.607 13.397
488.883 13.533
489.159 13.670
489.436 13.816
489.712 13.954
489.988 14.095
490.264 14.250
490.541 14.406
490.817 14.564
491.093 14.722
491.369 14.886
491.646 15.046
491.922 15.204
492.198 15.365
492.474 15.523
492.751 15.694
493.027 15.866
493.303 16.038
493.580 16.215
493.856 16.393
494.132 16.583
494.408 16.766
494.685 16.950
494.961 17.129
495.237 17.317
495.513 17.514
495.790 17.711
496.066 17.910
496.342 18.115
496.618 18.316
496.895 18.517
497.171 18.720
497.447 18.918
497.724 19.106
498.000 19.294
498.276 19.496
498.552 19.705
498.829 19.907
499.105 20.108
499.381 20.308
499.657 20.513
499.934 20.718
500.210 20.933
500.486 21.158
500.762 21.385
501.039 21.605
501.315 21.828
501.591 22.058
501.867 22.292
502.144 22.526
502.420 22.754
502.696 22.976
502.973 23.196
503.249 23.426
503.525 23.658
503.801 23.881
504.078 24.105
504.354 24.333
504.630 24.566
504.906 24.798
505.183 25.033
505.459 25.275
505.735 25.515
506.011 25.752
506.288 25.987
506.564 26.227
506.840 26.466
507.117 26.711
507.393 26.963
507.669 27.204
507.945 27.445
508.222 27.681
508.498 27.920
508.774 28.159
509.050 28.403
509.327 28.653
509.603 28.901
509.879 29.156
510.155 29.407
510.432 29.660
510.708 29.911
510.984 30.149
511.261 30.402
511.537 30.658
511.813 30.915
512.089 31.160
512.366 31.403
512.642 31.650
512.918 31.895
513.194 32.129
513.471 32.365
513.747 32.609
514.023 32.854
514.299 33.106
514.576 33.361
514.852 33.619
515.128 33.877
515.405 34.124
515.681 34.369
515.957 34.615
516.233 34.865
516.510 35.104
516.786 35.349
517.062 35.593
517.338 35.824
517.615 36.063
517.891 36.302
518.167 36.544
518.443 36.784
518.720 37.010
518.996 37.236
519.272 37.472
519.548 37.708
519.825 37.941
520.101 38.174
520.377 38.416
520.654 38.663
520.930 38.898
521.206 39.127
521.482 39.358
521.759 39.594
522.035 39.823
522.311 40.045
522.587 40.265
522.864 40.494
523.140 40.719
523.416 40.945
523.692 41.170
523.969 41.388
524.245 41.584
524.521 41.787
524.798 42.000
525.074 42.210
525.350 42.420
525.626 42.636
525.903 42.840
526.179 43.039
526.455 43.243
526.731 43.449
527.008 43.656
527.284 43.856
527.560 44.057
527.836 44.263
528.113 44.465
528.389 44.662
528.665 44.852
528.942 45.048
529.218 45.243
529.494 45.430
529.770 45.623
530.047 45.819
530.323 46.012
530.599 46.192
530.875 46.380
531.152 46.565
531.428 46.751
531.704 46.931
531.980 47.096
532.257 47.272
532.533 47.459
532.809 47.647
533.086 47.827
533.362 48.004
533.638 48.170
533.914 48.334
534.191 48.510
534.467 48.670
534.743 48.830
535.019 48.983
535.296 49.140
535.572 49.310
535.848 49.478
536.124 49.639
536.401 49.796
536.677 49.959
536.953 50.116
537.230 50.260
537.506 50.401
537.782 50.550
538.058 50.707
538.335 50.853
538.611 50.992
538.887 51.143
539.163 51.292
539.440 51.441
539.716 51.584
539.992 51.728
540.268 51.873
540.545 52.014
540.821 52.144
541.097 52.283
541.373 52.427
541.650 52.568
541.926 52.711
542.202 52.847
542.479 52.976
542.755 53.115
543.031 53.251
543.307 53.396
543.584 53.519
543.860 53.648
544.136 53.772
544.412 53.887
544.689 54.008
544.965 54.129
545.241 54.236
545.517 54.353
545.794 54.478
546.070 54.598
546.356 54.717
546.642 54.824
546.928 54.931
547.214 55.043
547.500 55.163
547.786 55.278
548.072 55.386
548.358 55.487
548.644 55.594
548.930 55.713
549.216 55.817
549.502 55.913
549.788 56.009
550.074 56.106
550.360 56.214
550.646 56.324
550.932 56.420
551.218 56.513
551.504 56.616
551.790 56.725
552.076 56.832
552.362 56.927
552.648 57.007
552.934 57.090
553.220 57.178
553.506 57.265
553.793 57.344
554.079 57.439
554.365 57.531
554.651 57.623
554.937 57.714
555.223 57.801
555.509 57.890
555.795 57.976
556.081 58.062
556.367 58.145
556.653 58.235
556.939 58.312
557.225 58.386
557.511 58.464
557.797 58.534
558.083 58.614
558.369 58.703
558.655 58.793
558.941 58.873
559.227 58.941
559.513 59.008
559.799 59.085
560.085 59.154
560.371 59.229
560.657 59.292
560.943 59.356
561.229 59.409
561.515 59.476
561.801 59.551
562.087 59.614
562.373 59.668
562.659 59.741
562.945 59.808
563.231 59.858
563.517 59.906
563.803 59.968
564.089 60.032
564.375 60.088
564.661 60.140
564.947 60.190
565.233 60.237
565.519 60.290
565.805 60.348
566.091 60.400
566.377 60.447
566.663 60.504
566.949 60.560
567.235 60.610
567.521 60.666
567.807 60.714
568.093 60.766
568.379 60.826
568.665 60.877
568.951 60.929
569.237 60.975
569.524 61.017
569.810 61.062
570.096 61.121
570.382 61.177
570.668 61.229
570.954 61.276
571.240 61.322
571.526 61.357
571.812 61.396
572.098 61.436
572.384 61.478
572.670 61.516
572.956 61.552
573.242 61.599
573.528 61.635
573.814 61.672
574.100 61.707
574.386 61.754
574.672 61.808
574.958 61.841
575.244 61.881
575.530 61.918
575.816 61.949
576.102 61.983
576.388 62.019
576.674 62.065
576.960 62.112
577.248 62.150
577.536 62.190
577.824 62.234
578.113 62.273
578.401 62.310
578.689 62.355
578.977 62.402
579.265 62.441
579.553 62.482
579.841 62.530
580.130 62.558
580.418 62.588
580.706 62.625
580.994 62.678
581.282 62.728
581.570 62.773
581.858 62.814
582.147 62.858
582.435 62.898
582.723 62.942
583.011 62.985
583.299 63.021
583.587 63.056
583.875 63.091
584.164 63.120
584.452 63.151
584.740 63.188
585.028 63.218
585.316 63.248
585.604 63.275
585.892 63.303
586.181 63.328
586.469 63.353
586.757 63.379
587.045 63.414
587.333 63.460
587.621 63.499
587.909 63.519
588.198 63.538
588.486 63.568
588.774 63.601
589.062 63.634
589.350 63.669
589.638 63.703
589.927 63.733
590.215 63.754
590.503 63.779
590.791 63.808
591.079 63.840
591.367 63.877
591.655 63.907
591.944 63.942
592.232 63.967
592.520 63.999
592.808 64.030
593.096 64.066
593.384 64.101
593.672 64.125
593.961 64.152
594.249 64.177
594.537 64.201
594.825 64.224
595.113 64.252
595.401 64.262
595.689 64.275
595.978 64.301
596.266 64.328
596.554 64.338
596.842 64.352
597.130 64.380
597.418 64.403
597.706 64.432
597.995 64.456
598.283 64.473
598.571 64.482
598.859 64.491
599.147 64.503
599.435 64.523
599.723 64.545
600.012 64.561
600.300 64.583
600.588 64.605
600.876 64.621
601.164 64.636
601.452 64.658
601.740 64.682
602.029 64.710
602.317 64.736
602.605 64.761
602.893 64.776
603.181 64.788
603.469 64.801
603.757 64.816
604.046 64.824
604.334 64.832
604.622 64.837
604.910 64.843
605.198 64.852
605.486 64.868
605.774 64.887
606.063 64.905
606.351 64.926
606.639 64.944
606.927 64.956
607.215 64.976
607.503 64.991
607.791 65.021
608.080 65.049
608.368 65.067
608.656 65.097
608.944 65.116
609.232 65.129
609.520 65.144
609.808 65.157
610.097 65.182
610.385 65.205
610.673 65.233
610.961 65.254
611.249 65.271
611.537 65.284
611.825 65.296
612.114 65.307
612.402 65.333
612.690 65.354
612.978 65.371
613.266 65.390
613.554 65.406
613.843 65.425
614.131 65.442
614.419 65.452
614.707 65.449
614.995 65.460
615.283 65.474
615.571 65.501
615.860 65.535
616.148 65.562
616.436 65.590
616.724 65.616
617.012 65.637
617.300 65.652
617.588 65.673
617.877 65.680
618.165 65.686
618.453 65.713
618.741 65.742
619.029 65.743
619.317 65.750
619.605 65.752
619.894 65.767
620.182 65.792
620.470 65.817
620.758 65.833
621.046 65.856
621.334 65.888
621.622 65.919
621.911 65.960
622.199 65.989
622.487 65.998
622.775 65.999
623.063 66.015
623.351 66.027
623.639 66.041
623.928 66.056
624.216 66.073
624.504 66.093
624.792 66.106
625.080 66.131
625.368 66.145
625.656 66.159
625.945 66.173
626.233 66.168
626.521 66.171
626.809 66.192
627.097 66.198
627.385 66.223
627.673 66.233
627.962 66.244
628.250 66.239
628.538 66.239
628.826 66.246
629.114 66.263
629.402 66.277
629.690 66.291
629.979 66.301
630.267 66.305
630.555 66.325
630.843 66.345
631.131 66.370
631.419 66.385
631.707 66.401
631.996 66.421
632.284 66.442
632.572 66.448
632.860 66.464
633.148 66.466
633.436 66.472
633.724 66.484
634.013 66.485
634.301 66.492
634.589 66.499
634.877 66.510
635.165 66.524
635.453 66.541
635.741 66.564
636.030 66.581
636.318 66.592
636.606 66.624
636.894 66.641
637.182 66.658
637.470 66.664
637.759 66.671
638.047 66.682
638.335 66.706
638.623 66.728
638.911 66.738
639.199 66.744
639.487 66.750
639.776 66.750
640.064 66.767
640.352 66.803
640.640 66.831
640.928 66.865
641.216 66.883
641.504 66.900
641.793 66.915
642.081 66.927
642.369 66.934
642.657 66.947
642.945 66.964
643.233 66.975
643.521 66.980
643.810 66.988
644.098 66.991
644.386 66.994
644.674 67.005
644.962 66.999
645.250 66.998
645.538 66.989
645.827 66.984
646.115 66.989
646.403 66.995
646.691 66.984
646.979 66.978
647.267 66.971
647.555 66.950
647.844 66.940
648.132 66.927
648.420 66.907
648.708 66.877
648.996 66.857
649.284 66.856
649.572 66.860
649.861 66.872
650.149 66.884
650.437 66.893
650.725 66.896
651.013 66.882
651.301 66.874
651.589 66.872
651.878 66.871
652.166 66.877
652.454 66.883
652.742 66.892
653.030 66.903
653.318 66.901
653.606 66.909
653.895 66.913
654.183 66.919
654.471 66.933
654.759 66.944
655.047 66.949
655.335 66.950
655.623 66.958
655.912 66.956
656.200 66.943
656.488 66.937
656.776 66.939
657.064 66.936
657.352 66.941
657.640 66.940
657.929 66.934
658.217 66.936
658.505 66.940
658.793 66.952
659.081 66.960
659.369 66.966
659.657 66.965
659.946 66.966
660.234 66.973
660.522 66.991
660.810 67.004
661.098 67.017
661.386 67.026
661.675 67.046
661.963 67.050
662.251 67.053
662.539 67.067
662.827 67.079
663.115 67.104
663.403 67.130
663.692 67.139
663.980 67.152
664.268 67.179
664.556 67.198
664.844 67.225
665.132 67.259
665.420 67.285
665.709 67.314
665.997 67.345
666.285 67.381
666.573 67.410
666.861 67.415
667.149 67.429
667.437 67.438
667.726 67.452
668.014 67.475
668.302 67.488
668.590 67.516
668.878 67.535
669.166 67.550
669.454 67.562
669.743 67.564
670.031 67.576
670.319 67.571
670.607 67.573
670.895 67.593
671.183 67.595
671.471 67.592
671.760 67.594
672.048 67.598
672.336 67.620
672.624 67.648
672.912 67.669
673.200 67.681
673.488 67.698
673.777 67.715
674.065 67.737
674.353 67.746
674.641 67.750
674.929 67.761
675.217 67.772
675.505 67.780
675.794 67.793
676.082 67.787
676.370 67.775
676.658 67.785
676.946 67.797
677.234 67.812
677.522 67.823
677.811 67.823
678.099 67.806
678.387 67.802
678.675 67.810
678.963 67.810
679.251 67.804
679.539 67.803
679.828 67.811
680.116 67.815
680.404 67.825
680.692 67.827
680.980 67.837
681.268 67.855
681.556 67.854
681.845 67.845
682.133 67.849
682.421 67.857
682.709 67.850
682.997 67.853
683.285 67.854
683.573 67.852
683.862 67.849
684.150 67.863
684.438 67.889
684.726 67.900
685.014 67.916
685.302 67.922
685.591 67.928
685.879 67.936
686.167 67.941
686.455 67.948
686.743 67.947
687.031 67.947
687.319 67.951
687.608 67.953
687.896 67.963
688.184 67.970
688.472 67.973
688.760 67.980
689.048 67.994
689.336 67.988
689.625 67.988
689.913 67.972
690.201 67.960
690.489 67.951
690.777 67.940
691.065 67.943
691.353 67.946
691.642 67.932
691.930 67.930
692.218 67.937
692.506 67.940
692.794 67.943
693.082 67.950
693.370 67.948
693.659 67.970
693.947 68.004
694.235 68.000
694.523 67.990
694.811 67.979
695.099 67.981
695.387 67.993
695.676 68.007
695.964 68.004
696.252 68.006
696.540 68.024
696.836 68.048
697.133 68.061
697.429 68.072
697.725 68.074
698.021 68.066
698.318 68.073
698.614 68.082
698.910 68.095
699.207 68.114
699.503 68.121
699.799 68.119
700.095 68.114
700.392 68.122
700.688 68.123
700.984 68.131
701.281 68.138
701.577 68.152
701.873 68.154
702.169 68.161
702.466 68.171
702.762 68.161
703.058 68.147
703.355 68.131
703.651 68.133
703.947 68.124
704.243 68.114
704.540 68.125
704.836 68.139
705.132 68.146
705.428 68.151
705.725 68.155
706.021 68.146
706.317 68.121
706.614 68.104
706.910 68.096
707.206 68.100
707.502 68.104
707.799 68.118
708.095 68.131
708.391 68.131
708.688 68.137
708.984 68.138
709.280 68.131
709.576 68.131
709.873 68.138
710.169 68.142
710.465 68.152
710.762 68.154
711.058 68.141
711.354 68.136
711.650 68.144
711.947 68.156
712.243 68.170
712.539 68.196
712.836 68.228
713.132 68.224
713.428 68.216
713.724 68.222
714.021 68.226
714.317 68.214
714.613 68.194
714.910 68.176
715.206 68.184
715.502 68.182
715.798 68.185
716.095 68.190
716.391 68.181
716.687 68.185
716.984 68.184
717.280 68.185
717.576 68.189
717.872 68.205
718.169 68.193
718.465 68.188
718.761 68.194
719.058 68.184
719.354 68.178
719.650 68.157
719.946 68.146
720.243 68.127
720.539 68.116
720.835 68.114
721.131 68.113
721.428 68.112
721.724 68.105
722.020 68.110
722.317 68.119
722.613 68.098
722.909 68.083
723.205 68.083
723.502 68.071
723.798 68.079
724.094 68.100
724.391 68.122
724.687 68.146
724.983 68.166
725.279 68.166
725.576 68.158
725.872 68.153
726.168 68.134
726.465 68.119
726.761 68.117
727.057 68.117
727.353 68.134
727.650 68.145
727.946 68.145
728.242 68.140
728.539 68.134
728.835 68.141
729.131 68.147
729.427 68.150
729.724 68.128
730.020 68.095
730.316 68.076
730.613 68.036
730.909 68.012
731.205 68.026
731.501 68.036
731.798 68.029
732.094 68.036
732.390 68.023
732.687 68.020
732.983 68.027
733.279 68.029
733.575 68.024
733.872 68.008
734.168 67.999
734.464 67.996
734.761 67.976
735.057 67.959
735.353 67.943
735.649 67.943
735.946 67.945
736.242 67.974
736.538 67.978
736.835 67.972
737.131 67.971
737.427 67.983
737.723 68.009
738.020 68.026
738.316 68.045
738.612 68.042
738.909 68.036
739.205 68.051
739.501 68.054
739.797 68.069
740.094 68.074
740.390 68.069
740.686 68.093
740.982 68.106
741.279 68.100
741.575 68.117
741.871 68.113
742.168 68.095
742.464 68.085
742.760 68.082
743.056 68.080
743.353 68.098
743.649 68.114
743.945 68.118
744.242 68.129
744.538 68.141
744.834 68.140
745.130 68.128
745.427 68.132
745.723 68.129
746.019 68.118
746.316 68.121
746.612 68.109
746.908 68.091
747.204 68.074
747.501 68.073
747.797 68.063
748.093 68.056
748.390 68.051
748.686 68.061
748.982 68.061
749.278 68.040
749.575 68.014
749.871 67.999
750.167 67.998
750.464 68.009
750.760 68.004
751.056 67.986
751.352 67.963
751.649 67.945
751.945 67.958
752.241 67.972
752.538 67.975
752.834 67.980
753.130 67.985
753.426 67.986
753.723 67.977
754.019 67.960
754.315 67.924
754.611 67.916
754.908 67.919
755.204 67.926
755.500 67.911
755.797 67.895
756.093 67.873
756.389 67.856
756.685 67.851
756.982 67.853
757.278 67.841
757.574 67.837
757.871 67.819
758.167 67.809
758.463 67.815
758.759 67.814
759.056 67.795
759.352 67.795
759.648 67.782
759.945 67.768
760.241 67.759
760.537 67.758
760.833 67.749
761.130 67.731
761.426 67.700
761.722 67.688
762.019 67.686
762.315 67.670
762.611 67.664
762.907 67.654
763.204 67.648
763.500 67.626
763.804 67.624
764.108 67.637
764.412 67.628
764.716 67.621
765.020 67.624
765.324 67.647
765.628 67.656
765.932 67.670
766.236 67.676
766.540 67.667
766.844 67.665
767.148 67.645
767.452 67.639
767.756 67.632
768.060 67.622
768.364 67.598
768.668 67.610
768.972 67.624
769.276 67.631
769.580 67.627
769.884 67.626
770.188 67.633
770.492 67.623
770.796 67.608
771.100 67.588
771.404 67.568
771.708 67.543
772.012 67.536
772.316 67.546
772.620 67.545
772.924 67.540
773.228 67.517
773.532 67.511
773.836 67.524
774.140 67.535
774.444 67.544
774.748 67.554
775.052 67.558
775.356 67.569
775.659 67.566
775.963 67.567
776.267 67.569
776.571 67.573
776.875 67.579
777.179 67.575
777.483 67.580
777.787 67.566
778.091 67.543
778.395 67.528
778.699 67.530
779.003 67.509
779.307 67.471
779.611 67.462
779.915 67.468
780.219 67.470
780.523 67.458
780.827 67.437
781.131 67.420
781.435 67.413
781.739 67.413
782.043 67.441
782.347 67.447
782.651 67.417
782.955 67.408
783.259 67.407
783.563 67.395
783.867 67.376
784.171 67.354
784.475 67.329
784.779 67.327
785.083 67.325
785.387 67.319
785.691 67.335
785.995 67.334
786.299 67.330
786.603 67.338
786.907 67.356
787.211 67.349
787.515 67.344
787.819 67.324
788.123 67.312
788.427 67.308
788.731 67.261
789.035 67.245
789.339 67.259
789.643 67.268
789.947 67.272
790.251 67.280
790.555 67.301
790.859 67.304
791.163 67.332
791.467 67.348
791.771 67.365
792.075 67.355
792.379 67.340
792.683 67.312
792.987 67.282
793.291 67.254
793.595 67.226
793.899 67.202
794.203 67.204
794.507 67.200
794.811 67.181
795.115 67.153
795.419 67.145
795.723 67.148
796.027 67.135
796.331 67.124
796.635 67.153
796.939 67.161
797.243 67.175
797.547 67.212
797.851 67.253
798.155 67.267
798.459 67.259
798.763 67.246
799.067 67.234
799.371 67.244
799.674 67.253
799.978 67.277
800.282 67.303
800.586 67.267
800.890 67.233
801.194 67.246
801.498 67.269
801.802 67.284
802.106 67.296
802.410 67.309
802.714 67.318
803.018 67.336
803.322 67.306
803.626 67.291
803.930 67.294
804.234 67.299
804.538 67.319
804.842 67.320
805.146 67.309
805.450 67.300
805.754 67.284
806.058 67.256
806.362 67.262
806.666 67.278
806.970 67.295
807.274 67.331
807.578 67.351
807.882 67.333
808.186 67.311
808.490 67.313
808.794 67.358
809.098 67.361
809.402 67.352
809.706 67.329
810.010 67.297
810.314 67.305
810.618 67.316
810.922 67.307
811.226 67.316
811.530 67.328
811.834 67.321
812.137 67.317
812.441 67.329
812.744 67.327
813.048 67.338
813.351 67.369
813.655 67.381
813.958 67.362
814.262 67.363
814.565 67.363
814.869 67.389
815.172 67.383
815.476 67.395
815.779 67.386
816.083 67.373
816.386 67.347
816.690 67.336
816.993 67.328
817.297 67.317
817.600 67.349
817.904 67.355
818.208 67.357
818.511 67.338
818.815 67.287
819.118 67.279
819.422 67.297
819.725 67.297
820.029 67.283
820.332 67.287
820.636 67.317
820.939 67.330
821.243 67.328
821.546 67.328
821.850 67.352
822.153 67.388
822.457 67.395
822.760 67.367
823.064 67.358
823.367 67.393
823.671 67.414
823.974 67.421
824.278 67.414
824.582 67.426
824.885 67.439
825.189 67.433
825.492 67.413
825.796 67.379
826.099 67.334
826.403 67.321
826.706 67.336
827.010 67.323
827.313 67.262
827.617 67.235
827.920 67.220
828.224 67.205
828.527 67.214
828.831 67.199
829.134 67.180
829.438 67.198
829.741 67.214
830.045 67.220
830.348 67.195
830.652 67.210
830.956 67.234
831.259 67.245
831.563 67.207
831.866 67.173
832.170 67.177
832.473 67.199
832.777 67.177
833.080 67.141
833.384 67.120
833.687 67.088
833.991 67.015
834.294 66.972
834.598 66.958
834.901 66.968
835.205 66.959
835.508 66.953
835.812 66.958
836.115 66.934
836.419 66.922
836.722 66.891
837.026 66.866
837.330 66.859
837.633 66.857
837.937 66.829
838.240 66.812
838.544 66.784
838.847 66.756
839.151 66.714
839.454 66.675
839.758 66.622
840.061 66.583
840.365 66.584
840.668 66.580
840.972 66.567
841.275 66.575
841.579 66.585
841.882 66.564
842.186 66.517
842.489 66.484
842.793 66.488
843.097 66.496
843.400 66.501
843.704 66.505
844.007 66.512
844.311 66.527
844.614 66.538
844.918 66.538
845.221 66.540
845.525 66.526
845.828 66.480
846.132 66.429
846.435 66.422
846.739 66.425
847.042 66.442
847.346 66.452
847.649 66.446
847.953 66.403
848.256 66.351
848.560 66.342
848.863 66.393
849.167 66.403
849.471 66.363
849.774 66.316
850.078 66.311
850.381 66.295
850.685 66.292
850.988 66.303
851.292 66.282
851.595 66.284
851.899 66.270
852.202 66.268
852.506 66.309
852.809 66.326
853.113 66.310
853.416 66.281
853.720 66.258
854.023 66.277
854.327 66.268
854.630 66.247
854.934 66.228
855.237 66.217
855.541 66.241
855.845 66.277
856.148 66.278
856.452 66.260
856.755 66.232
857.059 66.211
857.362 66.190
857.666 66.152
857.969 66.118
858.273 66.130
858.576 66.166
858.880 66.152
859.183 66.108
859.487 66.084
859.790 66.063
860.094 66.008
860.397 65.955
860.701 65.980
861.004 65.986
861.308 65.952
861.611 65.908
861.915 65.871
862.219 65.867
862.522 65.864
862.826 65.823
863.129 65.812
863.433 65.806
863.736 65.789
864.040 65.788
864.343 65.829
864.647 65.857
864.950 65.826
865.254 65.823
865.557 65.762
865.861 65.725
866.164 65.732
866.468 65.741
866.771 65.742
867.075 65.723
867.378 65.661
867.682 65.611
867.985 65.597
868.289 65.613
868.593 65.610
868.896 65.610
869.200 65.596
869.503 65.551
869.807 65.555
870.110 65.575
870.414 65.593
870.717 65.593
871.021 65.590
871.324 65.584
871.628 65.570
871.931 65.578
872.235 65.568
872.538 65.511
872.842 65.472
873.145 65.433
873.449 65.401
873.752 65.411
874.056 65.382
874.359 65.347
874.663 65.371
874.967 65.398
875.270 65.400
875.574 65.410
875.877 65.397
876.181 65.396
876.484 65.406
876.788 65.393
877.091 65.346
877.395 65.313
877.698 65.285
878.002 65.227
878.305 65.188
878.609 65.209
878.912 65.252
879.216 65.262
879.519 65.241
879.823 65.212
880.126 65.213
880.430 65.218
880.733 65.174
881.037 65.121
881.341 65.120
881.644 65.112
881.948 65.118
882.251 65.126
882.555 65.111
882.858 65.089
883.162 65.088
883.465 65.101
883.769 65.074
884.072 65.089
884.376 65.107
884.679 65.095
884.983 65.072
885.286 65.076
885.590 65.045
885.893 65.040
886.197 65.040
886.500 65.015
886.804 64.957
887.107 64.946
887.411 64.958
887.715 64.966
888.018 64.973
888.322 64.971
888.625 64.956
888.929 64.893
889.232 64.856
889.536 64.827
889.839 64.778
890.143 64.756
890.446 64.741
890.750 64.741
891.053 64.756
891.357 64.732
891.660 64.710
891.964 64.701
892.267 64.682
892.571 64.671
892.874 64.677
893.178 64.670
893.482 64.667
893.785 64.665
894.089 64.669
894.392 64.686
894.696 64.699
894.999 64.690
895.303 64.681
895.606 64.668
895.910 64.680
896.213 64.703
896.517 64.733
896.820 64.770
897.124 64.737
897.427 64.706
897.731 64.684
898.034 64.705
898.338 64.725
898.641 64.697
898.945 64.699
899.248 64.697
899.552 64.706
899.856 64.716
900.159 64.718
900.463 64.682
900.766 64.603
901.070 64.577
901.373 64.565
901.677 64.541
901.980 64.522
902.284 64.535
902.587 64.534
902.891 64.482
903.194 64.415
903.498 64.400
903.801 64.397
904.105 64.399
904.408 64.410
904.712 64.394
905.015 64.381
905.319 64.402
905.622 64.391
905.926 64.359
906.230 64.341
906.533 64.311
906.837 64.272
907.140 64.268
907.444 64.288
907.747 64.281
908.051 64.272
908.354 64.276
908.658 64.270
908.961 64.200
909.265 64.147
909.568 64.152
909.872 64.198
910.175 64.209
910.479 64.186
910.782 64.151
911.086 64.128
911.389 64.105
911.693 64.029
911.996 63.946
912.300 63.931
912.613 63.901
912.926 63.876
913.238 63.866
913.551 63.853
913.864 63.807
914.176 63.786
914.489 63.788
914.802 63.739
915.115 63.722
915.427 63.668
915.740 63.649
916.053 63.599
916.366 63.505
916.678 63.437
916.991 63.413
917.304 63.447
917.617 63.430
917.929 63.453
918.242 63.427
918.555 63.411
918.868 63.406
919.180 63.420
919.493 63.430
919.806 63.362
920.119 63.294
920.431 63.260
920.744 63.214
921.057 63.144
921.370 63.108
921.682 63.083
921.995 63.077
922.308 63.068
922.621 63.053
922.933 63.076
923.246 63.031
923.559 62.976
923.872 62.971
924.184 62.947
924.497 62.899
924.810 62.891
925.123 62.872
925.435 62.836
925.748 62.821
926.061 62.794
926.374 62.752
926.686 62.759
926.999 62.776
927.312 62.847
927.625 62.913
927.937 62.915
928.250 62.914
928.563 62.868
928.876 62.807
929.188 62.834
929.501 62.864
929.814 62.873
930.127 62.808
930.439 62.718
930.752 62.673
931.065 62.669
931.378 62.612
931.690 62.539
932.003 62.466
932.316 62.473
932.629 62.468
932.941 62.468
933.254 62.477
933.567 62.389
933.880 62.356
934.192 62.386
934.505 62.405
934.818 62.404
935.131 62.414
935.443 62.466
935.756 62.480
936.069 62.466
936.382 62.383
936.694 62.350
937.007 62.345
937.320 62.340
937.633 62.323
937.945 62.312
938.258 62.260
938.571 62.221
938.884 62.285
939.196 62.336
939.509 62.342
939.822 62.323
940.135 62.301
940.447 62.313
940.760 62.253
941.073 62.187
941.386 62.154
941.698 62.089
942.011 62.039
942.324 62.038
942.637 62.014
942.949 61.967
943.262 61.963
943.575 61.977
943.888 61.967
944.200 61.916
944.513 61.908
944.826 61.944
945.139 61.943
945.451 61.840
945.764 61.719
946.077 61.642
946.390 61.603
946.702 61.554
947.015 61.506
947.328 61.501
947.641 61.495
947.953 61.474
948.266 61.369
948.579 61.255
948.892 61.116
949.204 61.047
949.517 61.059
949.830 61.108
950.143 61.164
950.455 61.244
950.768 61.316
951.081 61.307
951.394 61.213
951.706 61.163
952.019 61.099
952.332 61.056
952.645 61.074
952.957 61.087
953.270 61.088
953.583 61.124
953.896 61.160
954.208 61.144
954.521 61.107
954.834 61.050
955.147 61.022
955.459 61.091
955.772 61.050
956.085 60.964
956.398 60.896
956.710 60.855
957.023 60.811
957.336 60.828
957.649 60.806
957.961 60.762
958.274 60.768
958.587 60.742
958.900 60.731
959.212 60.698
959.525 60.542
959.838 60.547
960.151 60.603
960.463 60.551
960.776 60.523
961.089 60.446
961.402 60.406
961.714 60.444
962.027 60.385
962.340 60.340
962.653 60.323
962.965 60.308
963.278 60.289
963.591 60.182
963.904 60.023
964.216 59.894
964.529 59.933
964.842 60.004
965.154 60.015
965.467 59.930
965.780 59.848
966.094 59.859
966.409 59.835
966.723 59.783
967.037 59.776
967.352 59.802
967.666 59.886
967.980 60.035
968.295 60.097
968.609 60.028
968.923 59.927
969.238 59.837
969.552 59.729
969.866 59.775
970.181 59.849
970.495 59.846
970.809 59.887
971.124 59.999
971.438 59.962
971.752 59.966
972.067 59.996
972.381 59.945
972.695 59.849
973.010 59.748
973.324 59.720
973.638 59.678
973.953 59.726
974.267 59.781
974.581 59.764
974.896 59.732
975.210 59.741
975.524 59.743
975.839 59.717
976.153 59.772
976.467 59.779
976.781 59.849
977.096 59.866
977.410 59.815
977.724 59.874
978.039 59.926
978.353 60.026
978.667 60.152
978.982 60.212
979.296 60.219
979.610 60.283
979.925 60.271
980.239 60.286
980.553 60.228
980.868 60.168
981.182 60.201
981.496 60.221
981.811 60.166
982.125 60.114
982.439 60.113
982.754 60.232
983.068 60.338
983.382 60.453
983.697 60.487
984.011 60.484
984.325 60.470
984.640 60.446
984.954 60.445
985.268 60.456
985.583 60.476
985.897 60.552
986.211 60.676
986.526 60.723
986.840 60.724
987.154 60.773
987.469 60.836
987.783 60.877
988.097 60.953
988.412 60.919
988.726 60.912
989.040 60.760
989.355 60.679
989.669 60.733
989.983 60.783
990.298 60.747
990.612 60.850
990.926 60.827
991.241 60.775
991.555 60.748
991.869 60.738
992.184 60.736
992.498 60.733
992.812 60.789
993.127 60.837
993.441 60.792
993.755 60.776
994.070 60.831
994.384 60.853
994.698 60.915
995.013 61.017
995.327 60.997
995.641 60.989
995.956 60.953
996.270 60.923
996.584 60.928
996.899 60.893
997.213 60.886
997.527 60.781
997.841 60.720
998.156 60.690
998.470 60.628
998.784 60.601
999.099 60.721
999.413 60.741
999.727 60.796
