200.182 84.117
200.437 83.378
200.691 82.901
200.946 82.448
201.201 81.741
201.455 80.959
201.710 80.200
201.964 79.607
202.219 79.004
202.474 78.276
202.728 77.568
202.983 76.990
203.237 76.414
203.492 75.615
203.747 74.619
204.001 73.833
204.256 72.924
204.510 71.914
204.765 70.943
205.020 70.074
205.274 69.244
205.529 68.286
205.783 67.431
206.038 66.524
206.293 65.573
206.547 64.648
206.802 63.718
207.057 62.947
207.311 62.054
207.566 61.263
207.820 60.340
208.075 59.487
208.330 58.670
208.584 57.969
208.839 57.348
209.093 56.781
209.348 55.862
209.603 54.977
209.857 54.019
210.112 53.265
210.366 52.433
210.621 51.522
210.876 50.822
211.130 50.131
211.385 49.411
211.639 48.530
211.894 47.595
212.149 46.770
212.403 46.083
212.658 45.260
212.913 44.504
213.167 43.817
213.422 43.210
213.676 42.584
213.931 41.943
214.186 41.179
214.440 40.457
214.695 39.928
214.949 39.450
215.204 38.953
215.459 38.525
215.713 38.124
215.968 37.610
216.222 36.932
216.477 36.330
216.732 35.937
216.986 35.480
217.241 34.915
217.495 34.424
217.750 33.950
218.005 33.552
218.259 33.209
218.514 32.711
218.769 32.194
219.023 31.756
219.278 31.389
219.532 30.911
219.787 30.455
220.042 30.022
220.296 29.678
220.551 29.341
220.805 29.024
221.060 28.713
221.315 28.393
221.569 28.032
221.824 27.673
222.078 27.366
222.333 27.009
222.588 26.666
222.842 26.275
223.097 25.927
223.351 25.629
223.606 25.252
223.861 24.788
224.115 24.420
224.370 24.094
224.625 23.744
224.879 23.424
225.134 23.066
225.388 22.775
225.643 22.473
225.898 22.216
226.152 21.920
226.407 21.631
226.661 21.322
226.916 21.018
227.171 20.720
227.425 20.418
227.680 20.127
227.934 19.887
228.189 19.644
228.444 19.409
228.698 19.151
228.953 18.905
229.208 18.679
229.462 18.409
229.717 18.209
229.971 18.023
230.226 17.837
230.481 17.609
230.735 17.389
230.990 17.212
231.244 17.031
231.499 16.847
231.754 16.660
232.008 16.497
232.263 16.358
232.517 16.195
232.772 16.051
233.027 15.889
233.281 15.705
233.536 15.545
233.790 15.374
234.045 15.237
234.300 15.117
234.554 14.976
234.809 14.830
235.064 14.719
235.318 14.629
235.573 14.548
235.827 14.456
236.082 14.346
236.337 14.266
236.591 14.185
236.846 14.079
237.100 13.972
237.355 13.897
237.610 13.830
237.864 13.752
238.119 13.689
238.373 13.611
238.628 13.536
238.883 13.477
239.137 13.410
239.392 13.346
239.646 13.291
239.901 13.244
240.156 13.188
240.410 13.150
240.665 13.114
240.920 13.071
241.174 13.028
241.429 12.984
241.683 12.951
241.938 12.911
242.193 12.873
242.447 12.849
242.702 12.832
242.956 12.803
243.211 12.762
243.466 12.717
243.720 12.696
243.975 12.675
244.229 12.649
244.484 12.609
244.739 12.581
244.993 12.566
245.248 12.544
245.503 12.526
245.757 12.516
246.012 12.501
246.266 12.484
246.521 12.459
246.776 12.444
247.030 12.425
247.285 12.401
247.539 12.385
247.794 12.374
248.049 12.357
248.303 12.336
248.558 12.329
248.812 12.308
249.067 12.272
249.322 12.251
249.576 12.240
249.831 12.229
250.085 12.212
250.340 12.201
250.595 12.198
250.849 12.198
251.104 12.188
251.359 12.176
251.613 12.164
251.868 12.150
252.122 12.122
252.377 12.107
252.632 12.099
252.886 12.079
253.141 12.057
253.395 12.035
253.650 12.024
253.905 12.010
254.161 11.993
254.416 11.977
254.672 11.971
254.927 11.973
255.183 11.961
255.438 11.950
255.694 11.945
255.949 11.933
256.205 11.917
256.460 11.906
256.715 11.891
256.971 11.886
257.226 11.878
257.482 11.870
257.737 11.854
257.993 11.840
258.248 11.829
258.504 11.815
258.759 11.803
259.014 11.802
259.270 11.785
259.525 11.760
259.781 11.755
260.036 11.767
260.292 11.768
260.547 11.757
260.803 11.754
261.058 11.752
261.314 11.741
261.569 11.726
261.824 11.715
262.080 11.716
262.335 11.718
262.591 11.726
262.846 11.725
263.102 11.709
263.357 11.691
263.613 11.687
263.868 11.686
264.123 11.670
264.379 11.654
264.634 11.650
264.890 11.647
265.145 11.650
265.401 11.643
265.656 11.628
265.912 11.610
266.167 11.587
266.423 11.563
266.678 11.548
266.933 11.544
267.189 11.539
267.444 11.530
267.700 11.529
267.955 11.520
268.211 11.506
268.466 11.497
268.722 11.488
268.977 11.490
269.232 11.488
269.488 11.486
269.743 11.482
269.999 11.476
270.254 11.475
270.510 11.463
270.765 11.454
271.021 11.445
271.276 11.442
271.532 11.446
271.787 11.443
272.042 11.434
272.298 11.425
272.553 11.409
272.809 11.399
273.064 11.395
273.320 11.403
273.575 11.405
273.831 11.394
274.086 11.391
274.342 11.384
274.597 11.370
274.852 11.369
275.108 11.372
275.363 11.365
275.619 11.345
275.874 11.326
276.130 11.312
276.385 11.303
276.641 11.300
276.896 11.291
277.151 11.286
277.407 11.279
277.662 11.258
277.918 11.234
278.173 11.212
278.429 11.202
278.684 11.201
278.940 11.199
279.195 11.187
279.451 11.183
279.706 11.177
279.961 11.174
280.217 11.164
280.472 11.148
280.728 11.133
280.983 11.123
281.239 11.116
281.494 11.113
281.750 11.110
282.005 11.104
282.260 11.101
282.516 11.090
282.771 11.077
283.027 11.060
283.282 11.044
283.538 11.026
283.793 11.017
284.049 11.012
284.304 10.998
284.560 10.981
284.815 10.971
285.070 10.958
285.326 10.954
285.581 10.947
285.837 10.929
286.092 10.914
286.348 10.907
286.603 10.902
286.859 10.886
287.114 10.877
287.369 10.871
287.625 10.863
287.880 10.857
288.136 10.854
288.391 10.848
288.647 10.839
288.902 10.819
289.158 10.800
289.413 10.794
289.669 10.785
289.924 10.780
290.179 10.779
290.435 10.770
290.690 10.760
290.946 10.750
291.201 10.747
291.457 10.746
291.712 10.741
291.968 10.736
292.223 10.718
292.479 10.704
292.734 10.690
292.989 10.685
293.245 10.688
293.500 10.692
293.756 10.684
294.011 10.672
294.267 10.658
294.522 10.646
294.778 10.641
295.033 10.636
295.288 10.632
295.544 10.624
295.799 10.614
296.055 10.610
296.310 10.609
296.566 10.608
296.821 10.615
297.077 10.611
297.332 10.605
297.588 10.598
297.843 10.587
298.098 10.576
298.354 10.565
298.609 10.565
298.865 10.564
299.120 10.568
299.376 10.567
299.631 10.557
299.887 10.557
300.142 10.564
300.397 10.559
300.653 10.553
300.908 10.541
301.164 10.535
301.419 10.534
301.675 10.529
301.930 10.515
302.186 10.505
302.441 10.499
302.697 10.483
302.952 10.467
303.207 10.456
303.463 10.446
303.718 10.430
303.974 10.419
304.229 10.413
304.485 10.407
304.740 10.405
304.996 10.402
305.251 10.399
305.506 10.394
305.762 10.387
306.017 10.379
306.273 10.375
306.528 10.374
306.784 10.371
307.039 10.373
307.295 10.366
307.550 10.356
307.806 10.360
308.061 10.363
308.316 10.360
308.572 10.350
308.827 10.339
309.083 10.329
309.338 10.322
309.594 10.312
309.849 10.310
310.105 10.309
310.360 10.306
310.615 10.303
310.871 10.302
311.126 10.297
311.382 10.303
311.637 10.303
311.893 10.296
312.148 10.283
312.404 10.263
312.659 10.254
312.915 10.248
313.170 10.237
313.429 10.229
313.688 10.230
313.947 10.230
314.206 10.223
314.465 10.222
314.724 10.213
314.983 10.201
315.242 10.195
315.501 10.190
315.760 10.185
316.019 10.189
316.278 10.192
316.536 10.193
316.795 10.186
317.054 10.186
317.313 10.187
317.572 10.196
317.831 10.206
318.090 10.208
318.349 10.209
318.608 10.211
318.867 10.209
319.126 10.202
319.385 10.214
319.644 10.223
319.903 10.222
320.162 10.225
320.421 10.220
320.680 10.212
320.939 10.204
321.198 10.191
321.457 10.180
321.716 10.175
321.975 10.161
322.234 10.148
322.493 10.142
322.752 10.134
323.010 10.133
323.269 10.129
323.528 10.117
323.787 10.106
324.046 10.106
324.305 10.114
324.564 10.123
324.823 10.124
325.082 10.125
325.341 10.134
325.600 10.145
325.859 10.148
326.118 10.154
326.377 10.157
326.636 10.150
326.895 10.149
327.154 10.139
327.413 10.134
327.672 10.128
327.931 10.128
328.190 10.128
328.449 10.131
328.708 10.137
328.967 10.142
329.226 10.147
329.485 10.144
329.743 10.138
330.002 10.136
330.261 10.134
330.520 10.140
330.779 10.139
331.038 10.141
331.297 10.148
331.556 10.149
331.815 10.142
332.074 10.131
332.333 10.129
332.592 10.135
332.851 10.127
333.110 10.119
333.369 10.104
333.628 10.093
333.887 10.082
334.146 10.076
334.405 10.073
334.664 10.076
334.923 10.092
335.182 10.091
335.441 10.078
335.700 10.069
335.959 10.064
336.217 10.073
336.476 10.089
336.735 10.098
336.994 10.110
337.253 10.133
337.512 10.152
337.771 10.163
338.030 10.165
338.289 10.172
338.548 10.183
338.807 10.190
339.066 10.207
339.325 10.209
339.584 10.211
339.843 10.216
340.102 10.217
340.361 10.216
340.620 10.221
340.879 10.222
341.138 10.213
341.397 10.196
341.656 10.193
341.915 10.197
342.174 10.189
342.433 10.195
342.691 10.210
342.950 10.225
343.209 10.236
343.468 10.250
343.727 10.257
343.986 10.272
344.245 10.279
344.504 10.279
344.763 10.286
345.022 10.292
345.281 10.295
345.540 10.301
345.799 10.302
346.058 10.300
346.317 10.298
346.576 10.308
346.835 10.320
347.094 10.327
347.353 10.341
347.612 10.347
347.871 10.354
348.130 10.358
348.389 10.358
348.648 10.364
348.907 10.373
349.166 10.393
349.424 10.406
349.683 10.418
349.942 10.432
350.201 10.445
350.460 10.453
350.719 10.457
350.978 10.462
351.237 10.483
351.496 10.505
351.755 10.515
352.014 10.518
352.273 10.516
352.532 10.511
352.791 10.508
353.050 10.514
353.309 10.524
353.568 10.525
353.827 10.532
354.086 10.527
354.345 10.514
354.604 10.512
354.863 10.503
355.122 10.516
355.381 10.528
355.640 10.536
355.898 10.542
356.157 10.545
356.416 10.555
356.675 10.574
356.934 10.584
357.193 10.605
357.452 10.628
357.711 10.626
357.970 10.640
358.229 10.657
358.488 10.657
358.747 10.656
359.006 10.660
359.265 10.679
359.524 10.709
359.783 10.729
360.042 10.734
360.301 10.747
360.560 10.759
360.819 10.770
361.078 10.777
361.337 10.788
361.596 10.815
361.855 10.838
362.114 10.853
362.372 10.872
362.631 10.879
362.890 10.884
363.149 10.878
363.408 10.892
363.667 10.910
363.926 10.921
364.185 10.944
364.444 10.960
364.703 10.972
364.962 10.975
365.221 10.988
365.480 11.003
365.745 11.004
366.009 11.014
366.274 11.040
366.539 11.051
366.804 11.061
367.068 11.068
367.333 11.073
367.598 11.076
367.863 11.081
368.127 11.090
368.392 11.115
368.657 11.141
368.921 11.137
369.186 11.134
369.451 11.147
369.716 11.157
369.980 11.167
370.245 11.187
370.510 11.205
370.775 11.228
371.039 11.247
371.304 11.260
371.569 11.262
371.834 11.275
372.098 11.288
372.363 11.296
372.628 11.302
372.892 11.321
373.157 11.322
373.422 11.313
373.687 11.326
373.951 11.334
374.216 11.332
374.481 11.340
374.746 11.350
375.010 11.360
375.275 11.357
375.540 11.344
375.804 11.336
376.069 11.345
376.334 11.353
376.599 11.359
376.863 11.366
377.128 11.380
377.393 11.391
377.658 11.391
377.922 11.389
378.187 11.402
378.452 11.407
378.716 11.412
378.981 11.418
379.246 11.425
379.511 11.427
379.775 11.438
380.040 11.454
380.305 11.455
380.570 11.463
380.834 11.476
381.099 11.491
381.364 11.502
381.629 11.514
381.893 11.534
382.158 11.546
382.423 11.543
382.687 11.549
382.952 11.558
383.217 11.564
383.482 11.568
383.746 11.570
384.011 11.578
384.276 11.592
384.541 11.591
384.805 11.584
385.070 11.594
385.335 11.607
385.599 11.622
385.864 11.640
386.129 11.666
386.394 11.689
386.658 11.701
386.923 11.704
387.188 11.703
387.453 11.705
387.717 11.723
387.982 11.731
388.247 11.740
388.511 11.740
388.776 11.740
389.041 11.747
389.306 11.762
389.570 11.773
389.835 11.777
390.100 11.786
390.365 11.803
390.629 11.817
390.894 11.830
391.159 11.837
391.424 11.849
391.688 11.856
391.953 11.862
392.218 11.874
392.482 11.892
392.747 11.916
393.012 11.926
393.277 11.943
393.541 11.967
393.806 11.983
394.071 12.005
394.336 12.020
394.600 12.038
394.865 12.055
395.130 12.069
395.394 12.088
395.659 12.111
395.924 12.122
396.189 12.129
396.453 12.141
396.718 12.156
396.983 12.164
397.248 12.179
397.512 12.187
397.777 12.188
398.042 12.187
398.306 12.194
398.571 12.204
398.836 12.214
399.101 12.222
399.365 12.238
399.630 12.269
399.895 12.300
400.160 12.320
400.424 12.326
400.689 12.343
400.954 12.364
401.219 12.379
401.483 12.386
401.748 12.396
402.013 12.411
402.277 12.417
402.542 12.420
402.807 12.431
403.072 12.453
403.336 12.468
403.601 12.486
403.866 12.501
404.131 12.514
404.395 12.531
404.660 12.559
404.929 12.577
405.198 12.587
405.466 12.604
405.735 12.625
406.004 12.652
406.273 12.673
406.542 12.683
406.810 12.686
407.079 12.696
407.348 12.713
407.617 12.720
407.886 12.733
408.154 12.749
408.423 12.762
408.692 12.767
408.961 12.766
409.229 12.779
409.498 12.801
409.767 12.807
410.036 12.814
410.305 12.822
410.573 12.830
410.842 12.834
411.111 12.841
411.380 12.847
411.649 12.850
411.917 12.850
412.186 12.857
412.455 12.869
412.724 12.878
412.993 12.880
413.261 12.887
413.530 12.884
413.799 12.889
414.068 12.909
414.337 12.930
414.605 12.946
414.874 12.954
415.143 12.959
415.412 12.967
415.681 12.972
415.949 12.968
416.218 12.972
416.487 12.979
416.756 12.986
417.024 12.996
417.293 13.003
417.562 13.015
417.831 13.030
418.100 13.044
418.368 13.054
418.637 13.057
418.906 13.065
419.175 13.076
419.444 13.079
419.712 13.086
419.981 13.093
420.250 13.101
420.519 13.111
420.788 13.111
421.056 13.106
421.325 13.110
421.594 13.112
421.863 13.111
422.132 13.109
422.400 13.105
422.669 13.108
422.938 13.119
423.207 13.134
423.476 13.140
423.744 13.146
424.013 13.163
424.282 13.176
424.551 13.182
424.819 13.188
425.088 13.197
425.357 13.211
425.626 13.221
425.895 13.230
426.163 13.243
426.432 13.261
426.701 13.276
426.970 13.283
427.239 13.289
427.507 13.293
427.776 13.302
428.045 13.318
428.314 13.331
428.583 13.349
428.851 13.364
429.120 13.374
429.389 13.394
429.658 13.413
429.927 13.432
430.195 13.451
430.464 13.468
430.733 13.490
431.002 13.503
431.271 13.517
431.539 13.533
431.808 13.553
432.077 13.576
432.346 13.603
432.614 13.626
432.883 13.648
433.152 13.682
433.421 13.710
433.690 13.729
433.958 13.748
434.227 13.767
434.496 13.789
434.765 13.812
435.034 13.842
435.302 13.864
435.571 13.877
435.840 13.896
436.116 13.926
436.393 13.964
436.669 14.001
436.945 14.029
437.221 14.063
437.498 14.102
437.774 14.143
438.050 14.189
438.326 14.227
438.603 14.263
438.879 14.298
439.155 14.333
439.431 14.363
439.708 14.394
439.984 14.431
440.260 14.472
440.537 14.506
440.813 14.543
441.089 14.591
441.365 14.631
441.642 14.664
441.918 14.703
442.194 14.745
442.470 14.766
442.747 14.795
443.023 14.828
443.299 14.863
443.575 14.908
443.852 14.949
444.128 14.996
444.404 15.051
444.680 15.096
444.957 15.144
445.233 15.188
445.509 15.232
445.786 15.279
446.062 15.318
446.338 15.359
446.614 15.400
446.891 15.447
447.167 15.489
447.443 15.535
447.719 15.580
447.996 15.629
448.272 15.680
448.548 15.731
448.824 15.768
449.101 15.804
449.377 15.848
449.653 15.902
449.930 15.952
450.206 15.999
450.482 16.060
450.758 16.115
451.035 16.161
451.311 16.208
451.587 16.252
451.863 16.303
452.140 16.365
452.416 16.429
452.692 16.490
452.968 16.544
453.245 16.594
453.521 16.645
453.797 16.703
454.074 16.756
454.350 16.809
454.626 16.865
454.902 16.925
455.179 16.986
455.455 17.040
455.731 17.094
456.007 17.148
456.284 17.209
456.560 17.269
456.836 17.330
457.112 17.385
457.389 17.446
457.665 17.505
457.941 17.555
458.218 17.611
458.494 17.675
458.770 17.731
459.046 17.789
459.323 17.860
459.599 17.925
459.875 17.989
460.151 18.052
460.428 18.115
460.704 18.184
460.980 18.248
461.256 18.308
461.533 18.372
461.809 18.436
462.085 18.503
462.361 18.568
462.638 18.633
462.914 18.708
463.190 18.778
463.467 18.855
463.743 18.918
464.019 18.978
464.295 19.039
464.572 19.107
464.848 19.179
465.124 19.253
465.400 19.325
465.677 19.403
465.953 19.488
466.229 19.570
466.505 19.643
466.782 19.711
467.058 19.782
467.334 19.851
467.611 19.925
467.887 20.009
468.163 20.084
468.439 20.160
468.716 20.232
468.992 20.305
469.268 20.379
469.544 20.454
469.821 20.528
470.097 20.596
470.373 20.664
470.649 20.735
470.926 20.809
471.202 20.883
471.478 20.958
471.755 21.028
472.031 21.106
472.307 21.193
472.583 21.280
472.860 21.371
473.136 21.458
473.412 21.536
473.688 21.612
473.965 21.691
474.241 21.762
474.517 21.841
474.793 21.925
475.070 22.010
475.346 22.092
475.622 22.179
475.899 22.264
476.175 22.344
476.451 22.427
476.727 22.504
477.004 22.584
477.280 22.660
477.556 22.742
477.832 22.833
478.109 22.919
478.385 23.000
478.661 23.075
478.937 23.148
479.214 23.229
479.490 23.312
479.766 23.391
480.043 23.482
480.319 23.563
480.595 23.646
480.871 23.742
481.148 23.837
481.424 23.921
481.700 23.999
481.976 24.084
482.253 24.170
482.529 24.255
482.805 24.332
483.081 24.413
483.358 24.496
483.634 24.584
483.910 24.665
484.186 24.751
484.463 24.837
484.739 24.916
485.015 25.011
485.292 25.106
485.568 25.194
485.844 25.279
486.120 25.367
486.397 25.446
486.673 25.530
486.949 25.625
487.225 25.715
487.502 25.803
487.778 25.892
488.054 25.990
488.330 26.083
488.607 26.164
488.883 26.244
489.159 26.328
489.436 26.408
489.712 26.482
489.988 26.557
490.264 26.641
490.541 26.730
490.817 26.815
491.093 26.905
491.369 26.994
491.646 27.084
491.922 27.175
492.198 27.263
492.474 27.344
492.751 27.430
493.027 27.518
493.303 27.605
493.580 27.693
493.856 27.782
494.132 27.877
494.408 27.964
494.685 28.048
494.961 28.127
495.237 28.218
495.513 28.315
495.790 28.410
496.066 28.505
496.342 28.596
496.618 28.688
496.895 28.771
497.171 28.856
497.447 28.935
497.724 29.000
498.000 29.065
498.276 29.142
498.552 29.232
498.829 29.310
499.105 29.383
499.381 29.459
499.657 29.537
499.934 29.606
500.210 29.681
500.486 29.762
500.762 29.847
501.039 29.919
501.315 29.995
501.591 30.083
501.867 30.159
502.144 30.234
502.420 30.306
502.696 30.377
502.973 30.454
503.249 30.529
503.525 30.602
503.801 30.671
504.078 30.746
504.354 30.824
504.630 30.904
504.906 30.977
505.183 31.053
505.459 31.142
505.735 31.221
506.011 31.296
506.288 31.378
506.564 31.457
506.840 31.533
507.117 31.621
507.393 31.713
507.669 31.800
507.945 31.883
508.222 31.969
508.498 32.046
508.774 32.122
509.050 32.200
509.327 32.292
509.603 32.379
509.879 32.463
510.155 32.542
510.432 32.625
510.708 32.708
510.984 32.784
511.261 32.867
511.537 32.946
511.813 33.030
512.089 33.111
512.366 33.194
512.642 33.268
512.918 33.349
513.194 33.434
513.471 33.513
513.747 33.591
514.023 33.672
514.299 33.767
514.576 33.869
514.852 33.974
515.128 34.083
515.405 34.171
515.681 34.263
515.957 34.363
516.233 34.457
516.510 34.548
516.786 34.640
517.062 34.738
517.338 34.826
517.615 34.918
517.891 35.017
518.167 35.106
518.443 35.184
518.720 35.267
518.996 35.351
519.272 35.447
519.548 35.539
519.825 35.619
520.101 35.711
520.377 35.814
520.654 35.908
520.930 35.996
521.206 36.080
521.482 36.165
521.759 36.246
522.035 36.320
522.311 36.387
522.587 36.464
522.864 36.553
523.140 36.631
523.416 36.714
523.692 36.795
523.969 36.870
524.245 36.937
524.521 37.004
524.798 37.075
525.074 37.132
525.350 37.198
525.626 37.267
525.903 37.329
526.179 37.383
526.455 37.441
526.731 37.500
527.008 37.562
527.284 37.626
527.560 37.685
527.836 37.740
528.113 37.787
528.389 37.835
528.665 37.879
528.942 37.922
529.218 37.964
529.494 38.022
529.770 38.062
530.047 38.096
530.323 38.130
530.599 38.167
530.875 38.210
531.152 38.235
531.428 38.260
531.704 38.274
531.980 38.283
532.257 38.305
532.533 38.320
532.809 38.338
533.086 38.357
533.362 38.368
533.638 38.378
533.914 38.381
534.191 38.378
534.467 38.367
534.743 38.358
535.019 38.350
535.296 38.340
535.572 38.331
535.848 38.326
536.124 38.306
536.401 38.292
536.677 38.278
536.953 38.258
537.230 38.234
537.506 38.211
537.782 38.188
538.058 38.167
538.335 38.137
538.611 38.101
538.887 38.061
539.163 38.028
539.440 37.996
539.716 37.944
539.992 37.896
540.268 37.854
540.545 37.809
540.821 37.748
541.097 37.680
541.373 37.616
541.650 37.552
541.926 37.495
542.202 37.430
542.479 37.362
542.755 37.298
543.031 37.222
543.307 37.143
543.584 37.066
543.860 36.989
544.136 36.900
544.412 36.809
544.689 36.727
544.965 36.637
545.241 36.543
545.517 36.457
545.794 36.370
546.070 36.278
546.356 36.174
546.642 36.074
546.928 35.975
547.214 35.876
547.500 35.769
547.786 35.662
548.072 35.559
548.358 35.448
548.644 35.339
548.930 35.232
549.216 35.121
549.502 35.009
549.788 34.880
550.074 34.756
550.360 34.637
550.646 34.518
550.932 34.391
551.218 34.266
551.504 34.150
551.790 34.034
552.076 33.908
552.362 33.789
552.648 33.660
552.934 33.524
553.220 33.393
553.506 33.259
553.793 33.127
554.079 32.999
554.365 32.853
554.651 32.706
554.937 32.561
555.223 32.413
555.509 32.269
555.795 32.128
556.081 31.990
556.367 31.849
556.653 31.701
556.939 31.553
557.225 31.409
557.511 31.254
557.797 31.102
558.083 30.957
558.369 30.817
558.655 30.678
558.941 30.536
559.227 30.392
559.513 30.246
559.799 30.102
560.085 29.951
560.371 29.805
560.657 29.660
560.943 29.507
561.229 29.358
561.515 29.210
561.801 29.064
562.087 28.905
562.373 28.754
562.659 28.604
562.945 28.450
563.231 28.292
563.517 28.129
563.803 27.969
564.089 27.813
564.375 27.660
564.661 27.505
564.947 27.356
565.233 27.194
565.519 27.039
565.805 26.887
566.091 26.733
566.377 26.575
566.663 26.421
566.949 26.265
567.235 26.117
567.521 25.966
567.807 25.817
568.093 25.669
568.379 25.525
568.665 25.378
568.951 25.232
569.237 25.083
569.524 24.935
569.810 24.784
570.096 24.639
570.382 24.499
570.668 24.359
570.954 24.212
571.240 24.063
571.526 23.910
571.812 23.770
572.098 23.636
572.384 23.503
572.670 23.368
572.956 23.234
573.242 23.099
573.528 22.971
573.814 22.839
574.100 22.704
574.386 22.580
574.672 22.450
574.958 22.320
575.244 22.197
575.530 22.079
575.816 21.961
576.102 21.835
576.388 21.714
576.674 21.605
576.960 21.492
577.248 21.372
577.536 21.263
577.824 21.156
578.113 21.046
578.401 20.937
578.689 20.831
578.977 20.730
579.265 20.626
579.553 20.524
579.841 20.428
580.130 20.333
580.418 20.235
580.706 20.140
580.994 20.056
581.282 19.975
581.570 19.890
581.858 19.802
582.147 19.716
582.435 19.633
582.723 19.554
583.011 19.478
583.299 19.402
583.587 19.327
583.875 19.249
584.164 19.169
584.452 19.098
584.740 19.025
585.028 18.955
585.316 18.883
585.604 18.814
585.892 18.749
586.181 18.684
586.469 18.617
586.757 18.553
587.045 18.494
587.333 18.436
587.621 18.375
587.909 18.309
588.198 18.252
588.486 18.201
588.774 18.153
589.062 18.104
589.350 18.056
589.638 18.004
589.927 17.953
590.215 17.902
590.503 17.857
590.791 17.814
591.079 17.767
591.367 17.724
591.655 17.687
591.944 17.649
592.232 17.609
592.520 17.573
592.808 17.536
593.096 17.491
593.384 17.453
593.672 17.420
593.961 17.378
594.249 17.328
594.537 17.291
594.825 17.262
595.113 17.221
595.401 17.181
595.689 17.141
595.978 17.109
596.266 17.077
596.554 17.039
596.842 17.010
597.130 16.987
597.418 16.967
597.706 16.945
597.995 16.921
598.283 16.894
598.571 16.858
598.859 16.819
599.147 16.784
599.435 16.755
599.723 16.730
600.012 16.699
600.300 16.665
600.588 16.633
600.876 16.603
601.164 16.572
601.452 16.548
601.740 16.519
602.029 16.487
602.317 16.460
602.605 16.432
602.893 16.406
603.181 16.373
603.469 16.340
603.757 16.303
604.046 16.262
604.334 16.220
604.622 16.186
604.910 16.157
605.198 16.126
605.486 16.101
605.774 16.063
606.063 16.027
606.351 15.998
606.639 15.971
606.927 15.942
607.215 15.911
607.503 15.879
607.791 15.852
608.080 15.818
608.368 15.784
608.656 15.754
608.944 15.720
609.232 15.682
609.520 15.646
609.808 15.612
610.097 15.576
610.385 15.536
610.673 15.511
610.961 15.475
611.249 15.435
611.537 15.402
611.825 15.361
612.114 15.314
612.402 15.273
612.690 15.234
612.978 15.193
613.266 15.156
613.554 15.119
613.843 15.078
614.131 15.036
614.419 14.987
614.707 14.941
614.995 14.894
615.283 14.845
615.571 14.811
615.860 14.786
616.148 14.747
616.436 14.714
616.724 14.685
617.012 14.653
617.300 14.619
617.588 14.585
617.877 14.551
618.165 14.514
618.453 14.477
618.741 14.450
619.029 14.418
619.317 14.391
619.605 14.363
619.894 14.337
620.182 14.308
620.470 14.274
620.758 14.250
621.046 14.231
621.334 14.210
621.622 14.197
621.911 14.189
622.199 14.175
622.487 14.153
622.775 14.124
623.063 14.098
623.351 14.081
623.639 14.064
623.928 14.037
624.216 14.015
624.504 13.994
624.792 13.975
625.080 13.956
625.368 13.934
625.656 13.917
625.945 13.901
626.233 13.879
626.521 13.857
626.809 13.837
627.097 13.816
627.385 13.807
627.673 13.795
627.962 13.787
628.250 13.774
628.538 13.758
628.826 13.745
629.114 13.734
629.402 13.731
629.690 13.735
629.979 13.735
630.267 13.730
630.555 13.727
630.843 13.723
631.131 13.715
631.419 13.710
631.707 13.715
631.996 13.726
632.284 13.732
632.572 13.734
632.860 13.738
633.148 13.734
633.436 13.723
633.724 13.729
634.013 13.737
634.301 13.748
634.589 13.745
634.877 13.738
635.165 13.744
635.453 13.756
635.741 13.760
636.030 13.760
636.318 13.757
636.606 13.755
636.894 13.749
637.182 13.753
637.470 13.751
637.759 13.754
638.047 13.765
638.335 13.769
638.623 13.769
638.911 13.774
639.199 13.778
639.487 13.782
639.776 13.781
640.064 13.789
640.352 13.801
640.640 13.815
640.928 13.823
641.216 13.826
641.504 13.841
641.793 13.852
642.081 13.858
642.369 13.867
642.657 13.872
642.945 13.877
643.233 13.884
643.521 13.885
643.810 13.892
644.098 13.901
644.386 13.915
644.674 13.934
644.962 13.939
645.250 13.942
645.538 13.941
645.827 13.933
646.115 13.932
646.403 13.937
646.691 13.939
646.979 13.944
647.267 13.943
647.555 13.935
647.844 13.940
648.132 13.944
648.420 13.944
648.708 13.946
648.996 13.948
649.284 13.953
649.572 13.949
649.861 13.946
650.149 13.948
650.437 13.957
650.725 13.963
651.013 13.967
651.301 13.976
651.589 13.973
651.878 13.965
652.166 13.977
652.454 13.998
652.742 14.004
653.030 14.005
653.318 14.016
653.606 14.034
653.895 14.044
654.183 14.052
654.471 14.073
654.759 14.083
655.047 14.086
655.335 14.086
655.623 14.087
655.912 14.093
656.200 14.098
656.488 14.102
656.776 14.098
657.064 14.084
657.352 14.084
657.640 14.085
657.929 14.083
658.217 14.078
658.505 14.082
658.793 14.090
659.081 14.092
659.369 14.090
659.657 14.092
659.946 14.085
660.234 14.088
660.522 14.098
660.810 14.100
661.098 14.101
661.386 14.100
661.675 14.099
661.963 14.095
662.251 14.086
662.539 14.083
662.827 14.080
663.115 14.087
663.403 14.093
663.692 14.102
663.980 14.116
664.268 14.123
664.556 14.125
664.844 14.124
665.132 14.129
665.420 14.130
665.709 14.133
665.997 14.139
666.285 14.146
666.573 14.151
666.861 14.151
667.149 14.155
667.437 14.157
667.726 14.163
668.014 14.164
668.302 14.156
668.590 14.157
668.878 14.155
669.166 14.154
669.454 14.146
669.743 14.130
670.031 14.117
670.319 14.113
670.607 14.108
670.895 14.106
671.183 14.095
671.471 14.086
671.760 14.085
672.048 14.075
672.336 14.068
672.624 14.074
672.912 14.072
673.200 14.065
673.488 14.057
673.777 14.054
674.065 14.048
674.353 14.038
674.641 14.037
674.929 14.033
675.217 14.027
675.505 14.030
675.794 14.033
676.082 14.034
676.370 14.031
676.658 14.034
676.946 14.039
677.234 14.036
677.522 14.038
677.811 14.037
678.099 14.029
678.387 14.024
678.675 14.022
678.963 14.019
679.251 14.021
679.539 14.024
679.828 14.024
680.116 14.025
680.404 14.030
680.692 14.034
680.980 14.039
681.268 14.040
681.556 14.026
681.845 14.023
682.133 14.020
682.421 14.027
682.709 14.024
682.997 14.022
683.285 14.024
683.573 14.022
683.862 14.015
684.150 14.012
684.438 14.011
684.726 14.014
685.014 14.032
685.302 14.037
685.591 14.040
685.879 14.049
686.167 14.054
686.455 14.061
686.743 14.071
687.031 14.081
687.319 14.100
687.608 14.106
687.896 14.112
688.184 14.127
688.472 14.137
688.760 14.158
689.048 14.179
689.336 14.186
689.625 14.200
689.913 14.218
690.201 14.228
690.489 14.241
690.777 14.262
691.065 14.284
691.353 14.303
691.642 14.335
691.930 14.362
692.218 14.384
692.506 14.403
692.794 14.423
693.082 14.443
693.370 14.460
693.659 14.479
693.947 14.497
694.235 14.515
694.523 14.537
694.811 14.570
695.099 14.612
695.387 14.650
695.676 14.690
695.964 14.739
696.252 14.789
696.540 14.837
696.836 14.880
697.133 14.919
697.429 14.962
697.725 15.003
698.021 15.051
698.318 15.092
698.614 15.129
698.910 15.175
699.207 15.233
699.503 15.289
699.799 15.345
700.095 15.395
700.392 15.451
700.688 15.503
700.984 15.566
701.281 15.639
701.577 15.712
701.873 15.778
702.169 15.851
702.466 15.925
702.762 15.983
703.058 16.045
703.355 16.117
703.651 16.189
703.947 16.262
704.243 16.331
704.540 16.400
704.836 16.482
705.132 16.558
705.428 16.640
705.725 16.722
706.021 16.788
706.317 16.855
706.614 16.925
706.910 17.005
707.206 17.100
707.502 17.200
707.799 17.289
708.095 17.381
708.391 17.482
708.688 17.582
708.984 17.670
709.280 17.759
709.576 17.843
709.873 17.945
710.169 18.053
710.465 18.164
710.762 18.273
711.058 18.382
711.354 18.498
711.650 18.618
711.947 18.751
712.243 18.872
712.539 18.997
712.836 19.115
713.132 19.221
713.428 19.335
713.724 19.451
714.021 19.567
714.317 19.691
714.613 19.817
714.910 19.955
715.206 20.096
715.502 20.226
715.798 20.355
716.095 20.480
716.391 20.624
716.687 20.775
716.984 20.921
717.280 21.079
717.576 21.226
717.872 21.374
718.169 21.517
718.465 21.654
718.761 21.806
719.058 21.957
719.354 22.095
719.650 22.247
719.946 22.397
720.243 22.544
720.539 22.695
720.835 22.847
721.131 22.997
721.428 23.150
721.724 23.312
722.020 23.469
722.317 23.636
722.613 23.804
722.909 23.973
723.205 24.142
723.502 24.314
723.798 24.491
724.094 24.673
724.391 24.849
724.687 25.034
724.983 25.225
725.279 25.405
725.576 25.581
725.872 25.771
726.168 25.947
726.465 26.110
726.761 26.277
727.057 26.456
727.353 26.644
727.650 26.834
727.946 27.016
728.242 27.207
728.539 27.395
728.835 27.576
729.131 27.757
729.427 27.939
729.724 28.112
730.020 28.283
730.316 28.463
730.613 28.625
730.909 28.799
731.205 28.985
731.501 29.156
731.798 29.336
732.094 29.518
732.390 29.676
732.687 29.836
732.983 29.996
733.279 30.164
733.575 30.333
733.872 30.501
734.168 30.683
734.464 30.851
734.761 31.010
735.057 31.171
735.353 31.331
735.649 31.498
735.946 31.674
736.242 31.860
736.538 32.042
736.835 32.213
737.131 32.367
737.427 32.553
737.723 32.731
738.020 32.906
738.316 33.081
738.612 33.247
738.909 33.414
739.205 33.590
739.501 33.755
739.797 33.925
740.094 34.108
740.390 34.277
740.686 34.445
740.982 34.588
741.279 34.735
741.575 34.892
741.871 35.030
742.168 35.177
742.464 35.338
742.760 35.494
743.056 35.630
743.353 35.777
743.649 35.920
743.945 36.053
744.242 36.191
744.538 36.340
744.834 36.495
745.130 36.649
745.427 36.792
745.723 36.929
746.019 37.065
746.316 37.180
746.612 37.313
746.908 37.454
747.204 37.584
747.501 37.720
747.797 37.854
748.093 37.972
748.390 38.110
748.686 38.270
748.982 38.417
749.278 38.548
749.575 38.680
749.871 38.813
750.167 38.942
750.464 39.089
750.760 39.237
751.056 39.359
751.352 39.484
751.649 39.618
751.945 39.758
752.241 39.888
752.538 40.024
752.834 40.164
753.130 40.305
753.426 40.451
753.723 40.591
754.019 40.719
754.315 40.841
754.611 40.980
754.908 41.133
755.204 41.298
755.500 41.423
755.797 41.554
756.093 41.687
756.389 41.821
756.685 41.961
756.982 42.107
757.278 42.240
757.574 42.374
757.871 42.506
758.167 42.627
758.463 42.753
758.759 42.892
759.056 43.045
759.352 43.201
759.648 43.353
759.945 43.514
760.241 43.647
760.537 43.788
760.833 43.930
761.130 44.079
761.426 44.220
761.722 44.372
762.019 44.520
762.315 44.679
762.611 44.846
762.907 44.994
763.204 45.150
763.500 45.304
763.804 45.467
764.108 45.628
764.412 45.798
764.716 45.957
765.020 46.127
765.324 46.306
765.628 46.456
765.932 46.598
766.236 46.748
766.540 46.888
766.844 47.030
767.148 47.167
767.452 47.316
767.756 47.485
768.060 47.650
768.364 47.800
768.668 47.945
768.972 48.089
769.276 48.258
769.580 48.417
769.884 48.568
770.188 48.724
770.492 48.868
770.796 49.011
771.100 49.170
771.404 49.321
771.708 49.448
772.012 49.594
772.316 49.755
772.620 49.900
772.924 50.034
773.228 50.139
773.532 50.247
773.836 50.405
774.140 50.547
774.444 50.686
774.748 50.839
775.052 50.989
775.356 51.120
775.659 51.246
775.963 51.396
776.267 51.524
776.571 51.647
776.875 51.773
777.179 51.886
777.483 51.992
777.787 52.104
778.091 52.195
778.395 52.291
778.699 52.423
779.003 52.533
779.307 52.630
779.611 52.727
779.915 52.829
780.219 52.926
780.523 53.044
780.827 53.166
781.131 53.269
781.435 53.387
781.739 53.484
782.043 53.587
782.347 53.682
782.651 53.780
782.955 53.878
783.259 53.966
783.563 54.029
783.867 54.104
784.171 54.194
784.475 54.297
784.779 54.381
785.083 54.448
785.387 54.513
785.691 54.579
785.995 54.662
786.299 54.734
786.603 54.794
786.907 54.867
787.211 54.946
787.515 55.030
787.819 55.088
788.123 55.138
788.427 55.198
788.731 55.250
789.035 55.316
789.339 55.383
789.643 55.432
789.947 55.476
790.251 55.532
790.555 55.570
790.859 55.608
791.163 55.679
791.467 55.761
791.771 55.837
792.075 55.901
792.379 55.948
792.683 56.001
792.987 56.057
793.291 56.077
793.595 56.114
793.899 56.190
794.203 56.272
794.507 56.318
794.811 56.373
795.115 56.427
795.419 56.482
795.723 56.534
796.027 56.594
796.331 56.638
796.635 56.700
796.939 56.736
797.243 56.765
797.547 56.829
797.851 56.891
798.155 56.955
798.459 56.995
798.763 57.013
799.067 57.028
799.371 57.038
799.674 57.068
799.978 57.113
800.282 57.183
800.586 57.200
800.890 57.221
801.194 57.254
801.498 57.293
801.802 57.329
802.106 57.390
802.410 57.450
802.714 57.488
803.018 57.519
803.322 57.553
803.626 57.595
803.930 57.648
804.234 57.704
804.538 57.727
804.842 57.766
805.146 57.785
805.450 57.810
805.754 57.846
806.058 57.876
806.362 57.921
806.666 57.957
806.970 58.006
807.274 58.060
807.578 58.122
807.882 58.148
808.186 58.172
808.490 58.208
808.794 58.262
809.098 58.297
809.402 58.343
809.706 58.373
810.010 58.363
810.314 58.401
810.618 58.455
810.922 58.476
811.226 58.492
811.530 58.503
811.834 58.530
812.137 58.557
812.441 58.586
812.744 58.609
813.048 58.639
813.351 58.659
813.655 58.665
813.958 58.657
814.262 58.688
814.565 58.713
814.869 58.741
815.172 58.761
815.476 58.792
815.779 58.820
816.083 58.836
816.386 58.835
816.690 58.843
816.993 58.871
817.297 58.918
817.600 58.980
817.904 59.022
818.208 59.039
818.511 59.018
818.815 58.980
819.118 59.018
819.422 59.036
819.725 59.048
820.029 59.060
820.332 59.082
820.636 59.126
820.939 59.157
821.243 59.175
821.546 59.187
821.850 59.233
822.153 59.296
822.457 59.305
822.760 59.312
823.064 59.346
823.367 59.376
823.671 59.435
823.974 59.471
824.278 59.498
824.582 59.540
824.885 59.582
825.189 59.631
825.492 59.669
825.796 59.697
826.099 59.686
826.403 59.707
826.706 59.769
827.010 59.803
827.313 59.799
827.617 59.800
827.920 59.785
828.224 59.774
828.527 59.799
828.831 59.796
829.134 59.799
829.438 59.823
829.741 59.858
830.045 59.901
830.348 59.904
830.652 59.936
830.956 59.973
831.259 60.003
831.563 60.021
831.866 60.068
832.170 60.141
832.473 60.202
832.777 60.243
833.080 60.250
833.384 60.267
833.687 60.284
833.991 60.323
834.294 60.348
834.598 60.353
834.901 60.404
835.205 60.431
835.508 60.449
835.812 60.493
836.115 60.512
836.419 60.542
836.722 60.565
837.026 60.606
837.330 60.642
837.633 60.659
837.937 60.699
838.240 60.759
838.544 60.822
838.847 60.852
839.151 60.839
839.454 60.847
839.758 60.873
840.061 60.912
840.365 60.965
840.668 61.007
840.972 61.085
841.275 61.161
841.579 61.234
841.882 61.264
842.186 61.269
842.489 61.286
842.793 61.306
843.097 61.353
843.400 61.400
843.704 61.430
844.007 61.477
844.311 61.511
844.614 61.553
844.918 61.591
845.221 61.606
845.525 61.651
845.828 61.691
846.132 61.734
846.435 61.788
846.739 61.828
847.042 61.883
847.346 61.964
847.649 62.025
847.953 62.047
848.256 62.058
848.560 62.121
848.863 62.209
849.167 62.248
849.471 62.232
849.774 62.236
850.078 62.281
850.381 62.322
850.685 62.379
850.988 62.445
851.292 62.440
851.595 62.467
851.899 62.511
852.202 62.551
852.506 62.601
852.809 62.670
853.113 62.730
853.416 62.729
853.720 62.746
854.023 62.794
854.327 62.809
854.630 62.845
854.934 62.863
855.237 62.869
855.541 62.905
855.845 62.959
856.148 62.985
856.452 63.010
856.755 63.002
857.059 63.016
857.362 63.050
857.666 63.092
857.969 63.111
858.273 63.141
858.576 63.190
858.880 63.214
859.183 63.198
859.487 63.200
859.790 63.201
860.094 63.199
860.397 63.231
860.701 63.283
861.004 63.319
861.308 63.329
861.611 63.312
861.915 63.313
862.219 63.340
862.522 63.351
862.826 63.344
863.129 63.363
863.433 63.377
863.736 63.385
864.040 63.389
864.343 63.426
864.647 63.476
864.950 63.529
865.254 63.583
865.557 63.586
865.861 63.584
866.164 63.597
866.468 63.614
866.771 63.647
867.075 63.659
867.378 63.657
867.682 63.657
867.985 63.702
868.289 63.766
868.593 63.776
868.896 63.770
869.200 63.753
869.503 63.770
869.807 63.846
870.110 63.915
870.414 63.967
870.717 64.011
871.021 64.023
871.324 64.034
871.628 64.049
871.931 64.114
872.235 64.163
872.538 64.171
872.842 64.215
873.145 64.209
873.449 64.238
873.752 64.345
874.056 64.375
874.359 64.349
874.663 64.404
874.967 64.461
875.270 64.516
875.574 64.540
875.877 64.548
876.181 64.561
876.484 64.589
876.788 64.632
877.091 64.632
877.395 64.601
877.698 64.615
878.002 64.616
878.305 64.618
878.609 64.624
878.912 64.633
879.216 64.645
879.519 64.697
879.823 64.737
880.126 64.757
880.430 64.795
880.733 64.823
881.037 64.847
881.341 64.884
881.644 64.935
881.948 64.985
882.251 65.030
882.555 65.052
882.858 65.082
883.162 65.116
883.465 65.132
883.769 65.164
884.072 65.217
884.376 65.254
884.679 65.279
884.983 65.316
885.286 65.363
885.590 65.382
885.893 65.407
886.197 65.458
886.500 65.468
886.804 65.478
887.107 65.514
887.411 65.543
887.715 65.594
888.018 65.616
888.322 65.598
888.625 65.603
888.929 65.603
889.232 65.617
889.536 65.629
889.839 65.628
890.143 65.651
890.446 65.661
890.750 65.671
891.053 65.717
891.357 65.731
891.660 65.777
891.964 65.798
892.267 65.782
892.571 65.813
892.874 65.881
893.178 65.904
893.482 65.887
893.785 65.874
894.089 65.888
894.392 65.959
894.696 65.994
894.999 66.019
895.303 66.032
895.606 66.034
895.910 66.083
896.213 66.120
896.517 66.159
896.820 66.219
897.124 66.241
897.427 66.271
897.731 66.323
898.034 66.341
898.338 66.348
898.641 66.347
898.945 66.349
899.248 66.390
899.552 66.435
899.856 66.456
900.159 66.453
900.463 66.465
900.766 66.460
901.070 66.487
901.373 66.513
901.677 66.538
901.980 66.560
902.284 66.577
902.587 66.579
902.891 66.574
903.194 66.536
903.498 66.536
903.801 66.541
904.105 66.545
904.408 66.584
904.712 66.579
905.015 66.576
905.319 66.559
905.622 66.556
905.926 66.586
906.230 66.565
906.533 66.527
906.837 66.546
907.140 66.579
907.444 66.599
907.747 66.586
908.051 66.584
908.354 66.596
908.658 66.631
908.961 66.649
909.265 66.665
909.568 66.655
909.872 66.645
910.175 66.634
910.479 66.619
910.782 66.613
911.086 66.578
911.389 66.561
911.693 66.572
911.996 66.587
912.300 66.594
912.613 66.574
912.926 66.521
913.238 66.518
913.551 66.510
913.864 66.473
914.176 66.509
914.489 66.540
914.802 66.569
915.115 66.583
915.427 66.534
915.740 66.523
916.053 66.481
916.366 66.406
916.678 66.385
916.991 66.407
917.304 66.453
917.617 66.457
917.929 66.449
918.242 66.435
918.555 66.461
918.868 66.471
919.180 66.464
919.493 66.491
919.806 66.472
920.119 66.415
920.431 66.362
920.744 66.312
921.057 66.287
921.370 66.319
921.682 66.319
921.995 66.320
922.308 66.284
922.621 66.281
922.933 66.300
923.246 66.270
923.559 66.245
923.872 66.244
924.184 66.227
924.497 66.198
924.810 66.165
925.123 66.188
925.435 66.208
925.748 66.178
926.061 66.154
926.374 66.128
926.686 66.167
926.999 66.216
927.312 66.246
927.625 66.233
927.937 66.224
928.250 66.198
928.563 66.199
928.876 66.193
929.188 66.187
929.501 66.197
929.814 66.207
930.127 66.202
930.439 66.209
930.752 66.185
931.065 66.161
931.378 66.172
931.690 66.170
932.003 66.147
932.316 66.134
932.629 66.093
932.941 66.068
933.254 66.014
933.567 65.903
933.880 65.852
934.192 65.855
934.505 65.890
934.818 65.876
935.131 65.859
935.443 65.856
935.756 65.824
936.069 65.820
936.382 65.804
936.694 65.826
937.007 65.836
937.320 65.808
937.633 65.768
937.945 65.720
938.258 65.632
938.571 65.549
938.884 65.548
939.196 65.534
939.509 65.548
939.822 65.509
940.135 65.412
940.447 65.351
940.760 65.353
941.073 65.343
941.386 65.291
941.698 65.183
942.011 65.114
942.324 65.094
942.637 65.072
942.949 65.049
943.262 65.030
943.575 65.030
943.888 65.033
944.200 64.987
944.513 64.979
944.826 64.984
945.139 64.953
945.451 64.888
945.764 64.792
946.077 64.743
946.390 64.710
946.702 64.667
947.015 64.575
947.328 64.539
947.641 64.505
947.953 64.476
948.266 64.407
948.579 64.337
948.892 64.211
949.204 64.150
949.517 64.140
949.830 64.163
950.143 64.221
950.455 64.211
950.768 64.217
951.081 64.209
951.394 64.169
951.706 64.165
952.019 64.122
952.332 64.137
952.645 64.185
952.957 64.135
953.270 64.114
953.583 64.090
953.896 64.099
954.208 64.107
954.521 64.090
954.834 64.055
955.147 63.976
955.459 63.943
955.772 63.910
956.085 63.846
956.398 63.801
956.710 63.768
957.023 63.747
957.336 63.794
957.649 63.766
957.961 63.774
958.274 63.820
958.587 63.733
958.900 63.729
959.212 63.765
959.525 63.658
959.838 63.602
960.151 63.619
960.463 63.623
960.776 63.644
961.089 63.586
961.402 63.512
961.714 63.506
962.027 63.506
962.340 63.524
962.653 63.523
962.965 63.513
963.278 63.493
963.591 63.391
963.904 63.315
964.216 63.242
964.529 63.245
964.842 63.274
965.154 63.252
965.467 63.222
965.780 63.134
966.094 63.094
966.409 63.082
966.723 63.019
967.037 62.944
967.352 62.927
967.666 62.975
967.980 63.092
968.295 63.157
968.609 63.115
968.923 62.980
969.238 62.864
969.552 62.770
969.866 62.748
970.181 62.765
970.495 62.756
970.809 62.687
971.124 62.691
971.438 62.645
971.752 62.635
972.067 62.646
972.381 62.564
972.695 62.528
973.010 62.469
973.324 62.447
973.638 62.436
973.953 62.450
974.267 62.492
974.581 62.447
974.896 62.368
975.210 62.353
975.524 62.330
975.839 62.297
976.153 62.336
976.467 62.347
976.781 62.390
977.096 62.378
977.410 62.355
977.724 62.430
978.039 62.440
978.353 62.477
978.667 62.622
978.982 62.658
979.296 62.679
979.610 62.712
979.925 62.647
980.239 62.675
980.553 62.685
980.868 62.689
981.182 62.657
981.496 62.643
981.811 62.511
982.125 62.378
982.439 62.329
982.754 62.338
983.068 62.360
983.382 62.373
983.697 62.334
984.011 62.296
984.325 62.255
984.640 62.198
984.954 62.227
985.268 62.231
985.583 62.211
985.897 62.260
986.211 62.359
986.526 62.410
986.840 62.368
987.154 62.287
987.469 62.172
987.783 62.130
988.097 62.155
988.412 62.083
988.726 62.006
989.040 61.878
989.355 61.781
989.669 61.806
989.983 61.877
990.298 61.879
990.612 61.911
990.926 61.890
991.241 61.917
991.555 61.966
991.869 61.895
992.184 61.837
992.498 61.840
992.812 61.843
993.127 61.864
993.441 61.779
993.755 61.726
994.070 61.710
994.384 61.747
994.698 61.768
995.013 61.849
995.327 61.857
995.641 61.845
995.956 61.857
996.270 61.800
996.584 61.755
996.899 61.771
997.213 61.822
997.527 61.709
997.841 61.538
998.156 61.475
998.470 61.346
998.784 61.295
999.099 61.400
999.413 61.382
999.727 61.384
