200.182 86.103
200.437 85.488
200.691 85.010
200.946 84.374
201.201 83.398
201.455 82.597
201.710 81.974
201.964 81.471
202.219 80.940
202.474 80.228
202.728 79.533
202.983 78.870
203.237 78.129
203.492 77.218
203.747 76.289
204.001 75.485
204.256 74.536
204.510 73.426
204.765 72.468
205.020 71.758
205.274 71.043
205.529 70.108
205.783 69.216
206.038 68.409
206.293 67.477
206.547 66.518
206.802 65.399
207.057 64.570
207.311 63.773
207.566 62.827
207.820 61.792
208.075 60.863
208.330 59.863
208.584 58.725
208.839 57.764
209.093 56.965
209.348 55.943
209.603 55.012
209.857 54.116
210.112 53.319
210.366 52.390
210.621 51.406
210.876 50.498
211.130 49.757
211.385 49.009
211.639 48.251
211.894 47.371
212.149 46.704
212.403 46.064
212.658 45.329
212.913 44.553
213.167 43.763
213.422 43.186
213.676 42.534
213.931 41.775
214.186 40.960
214.440 40.260
214.695 39.638
214.949 39.071
215.204 38.452
215.459 37.852
215.713 37.300
215.968 36.673
216.222 35.938
216.477 35.322
216.732 34.852
216.986 34.298
217.241 33.672
217.495 33.046
217.750 32.470
218.005 32.081
218.259 31.648
218.514 31.057
218.769 30.497
219.023 30.099
219.278 29.701
219.532 29.204
219.787 28.759
220.042 28.360
220.296 27.971
220.551 27.547
220.805 27.181
221.060 26.789
221.315 26.370
221.569 25.914
221.824 25.477
222.078 25.080
222.333 24.693
222.588 24.309
222.842 23.902
223.097 23.522
223.351 23.180
223.606 22.740
223.861 22.268
224.115 21.867
224.370 21.455
224.625 21.018
224.879 20.629
225.134 20.262
225.388 19.975
225.643 19.673
225.898 19.382
226.152 19.112
226.407 18.825
226.661 18.471
226.916 18.146
227.171 17.781
227.425 17.445
227.680 17.147
227.934 16.895
228.189 16.624
228.444 16.399
228.698 16.164
228.953 15.906
229.208 15.654
229.462 15.405
229.717 15.200
229.971 14.976
230.226 14.791
230.481 14.557
230.735 14.355
230.990 14.189
231.244 14.012
231.499 13.821
231.754 13.652
232.008 13.493
232.263 13.354
232.517 13.206
232.772 13.065
233.027 12.916
233.281 12.754
233.536 12.575
233.790 12.394
234.045 12.253
234.300 12.125
234.554 11.996
234.809 11.871
235.064 11.762
235.318 11.674
235.573 11.590
235.827 11.499
236.082 11.403
236.337 11.319
236.591 11.238
236.846 11.158
237.100 11.075
237.355 11.025
237.610 10.978
237.864 10.903
238.119 10.849
238.373 10.793
238.628 10.733
238.883 10.685
239.137 10.634
239.392 10.591
239.646 10.557
239.901 10.525
240.156 10.492
240.410 10.473
240.665 10.445
240.920 10.406
241.174 10.372
241.429 10.345
241.683 10.313
241.938 10.281
242.193 10.259
242.447 10.236
242.702 10.224
242.956 10.216
243.211 10.203
243.466 10.190
243.720 10.187
243.975 10.187
244.229 10.181
244.484 10.166
244.739 10.158
244.993 10.154
245.248 10.148
245.503 10.144
245.757 10.141
246.012 10.145
246.266 10.144
246.521 10.145
246.776 10.154
247.030 10.153
247.285 10.149
247.539 10.147
247.794 10.144
248.049 10.141
248.303 10.143
248.558 10.159
248.812 10.167
249.067 10.155
249.322 10.152
249.576 10.156
249.831 10.165
250.085 10.168
250.340 10.174
250.595 10.195
250.849 10.223
251.104 10.240
251.359 10.248
251.613 10.258
251.868 10.269
252.122 10.275
252.377 10.290
252.632 10.312
252.886 10.317
253.141 10.315
253.395 10.327
253.650 10.342
253.905 10.347
254.161 10.348
254.416 10.357
254.672 10.381
254.927 10.407
255.183 10.416
255.438 10.426
255.694 10.450
255.949 10.473
256.205 10.488
256.460 10.508
256.715 10.520
256.971 10.536
257.226 10.555
257.482 10.579
257.737 10.596
257.993 10.614
258.248 10.638
258.504 10.650
258.759 10.660
259.014 10.683
259.270 10.704
259.525 10.716
259.781 10.740
260.036 10.776
260.292 10.803
260.547 10.827
260.803 10.854
261.058 10.883
261.314 10.908
261.569 10.930
261.824 10.948
262.080 10.971
262.335 11.001
262.591 11.047
262.846 11.085
263.102 11.111
263.357 11.134
263.613 11.166
263.868 11.194
264.123 11.211
264.379 11.229
264.634 11.257
264.890 11.284
265.145 11.321
265.401 11.346
265.656 11.373
265.912 11.396
266.167 11.411
266.423 11.421
266.678 11.440
266.933 11.466
267.189 11.485
267.444 11.504
267.700 11.530
267.955 11.555
268.211 11.574
268.466 11.608
268.722 11.642
268.977 11.676
269.232 11.707
269.488 11.737
269.743 11.776
269.999 11.813
270.254 11.847
270.510 11.879
270.765 11.918
271.021 11.951
271.276 11.980
271.532 12.015
271.787 12.050
272.042 12.073
272.298 12.102
272.553 12.136
272.809 12.167
273.064 12.202
273.320 12.249
273.575 12.294
273.831 12.328
274.086 12.365
274.342 12.402
274.597 12.426
274.852 12.461
275.108 12.502
275.363 12.533
275.619 12.555
275.874 12.581
276.130 12.615
276.385 12.652
276.641 12.690
276.896 12.721
277.151 12.755
277.407 12.795
277.662 12.828
277.918 12.856
278.173 12.874
278.429 12.895
278.684 12.931
278.940 12.973
279.195 13.003
279.451 13.040
279.706 13.075
279.961 13.110
280.217 13.148
280.472 13.185
280.728 13.214
280.983 13.258
281.239 13.298
281.494 13.346
281.750 13.396
282.005 13.440
282.260 13.488
282.516 13.523
282.771 13.560
283.027 13.597
283.282 13.633
283.538 13.663
283.793 13.697
284.049 13.733
284.304 13.770
284.560 13.802
284.815 13.832
285.070 13.875
285.326 13.918
285.581 13.963
285.837 13.996
286.092 14.024
286.348 14.056
286.603 14.098
286.859 14.141
287.114 14.179
287.369 14.217
287.625 14.267
287.880 14.314
288.136 14.360
288.391 14.404
288.647 14.448
288.902 14.482
289.158 14.511
289.413 14.551
289.669 14.593
289.924 14.643
290.179 14.691
290.435 14.732
290.690 14.770
290.946 14.812
291.201 14.862
291.457 14.907
291.712 14.948
291.968 14.995
292.223 15.038
292.479 15.082
292.734 15.116
292.989 15.161
293.245 15.219
293.500 15.271
293.756 15.322
294.011 15.377
294.267 15.425
294.522 15.468
294.778 15.514
295.033 15.564
295.288 15.611
295.544 15.656
295.799 15.700
296.055 15.749
296.310 15.805
296.566 15.850
296.821 15.904
297.077 15.953
297.332 15.997
297.588 16.040
297.843 16.081
298.098 16.128
298.354 16.181
298.609 16.234
298.865 16.289
299.120 16.347
299.376 16.398
299.631 16.443
299.887 16.491
300.142 16.551
300.397 16.608
300.653 16.650
300.908 16.697
301.164 16.747
301.419 16.797
301.675 16.849
301.930 16.900
302.186 16.956
302.441 17.009
302.697 17.062
302.952 17.119
303.207 17.177
303.463 17.238
303.718 17.292
303.974 17.348
304.229 17.400
304.485 17.457
304.740 17.523
304.996 17.581
305.251 17.637
305.506 17.694
305.762 17.762
306.017 17.822
306.273 17.886
306.528 17.955
306.784 18.026
307.039 18.102
307.295 18.165
307.550 18.221
307.806 18.289
308.061 18.366
308.316 18.439
308.572 18.504
308.827 18.565
309.083 18.632
309.338 18.705
309.594 18.772
309.849 18.847
310.105 18.923
310.360 18.994
310.615 19.062
310.871 19.141
311.126 19.222
311.382 19.307
311.637 19.390
311.893 19.460
312.148 19.537
312.404 19.608
312.659 19.678
312.915 19.749
313.170 19.824
313.429 19.902
313.688 19.989
313.947 20.073
314.206 20.158
314.465 20.242
314.724 20.328
314.983 20.418
315.242 20.504
315.501 20.584
315.760 20.672
316.019 20.771
316.278 20.872
316.536 20.961
316.795 21.048
317.054 21.144
317.313 21.243
317.572 21.347
317.831 21.451
318.090 21.553
318.349 21.651
318.608 21.751
318.867 21.843
319.126 21.925
319.385 22.014
319.644 22.115
319.903 22.214
320.162 22.313
320.421 22.406
320.680 22.504
320.939 22.611
321.198 22.707
321.457 22.795
321.716 22.890
321.975 22.984
322.234 23.075
322.493 23.170
322.752 23.266
323.010 23.369
323.269 23.471
323.528 23.564
323.787 23.653
324.046 23.753
324.305 23.855
324.564 23.961
324.823 24.062
325.082 24.154
325.341 24.263
325.600 24.372
325.859 24.476
326.118 24.592
326.377 24.706
326.636 24.810
326.895 24.921
327.154 25.027
327.413 25.133
327.672 25.239
327.931 25.346
328.190 25.449
328.449 25.557
328.708 25.670
328.967 25.784
329.226 25.903
329.485 26.009
329.743 26.114
330.002 26.220
330.261 26.327
330.520 26.435
330.779 26.539
331.038 26.652
331.297 26.768
331.556 26.870
331.815 26.975
332.074 27.072
332.333 27.176
332.592 27.290
332.851 27.400
333.110 27.513
333.369 27.613
333.628 27.699
333.887 27.790
334.146 27.895
334.405 28.002
334.664 28.120
334.923 28.250
335.182 28.377
335.441 28.491
335.700 28.604
335.959 28.718
336.217 28.837
336.476 28.968
336.735 29.092
336.994 29.225
337.253 29.362
337.512 29.494
337.771 29.626
338.030 29.750
338.289 29.874
338.548 29.994
338.807 30.120
339.066 30.255
339.325 30.388
339.584 30.518
339.843 30.645
340.102 30.777
340.361 30.908
340.620 31.040
340.879 31.176
341.138 31.305
341.397 31.424
341.656 31.550
341.915 31.687
342.174 31.819
342.433 31.965
342.691 32.103
342.950 32.236
343.209 32.378
343.468 32.521
343.727 32.657
343.986 32.801
344.245 32.954
344.504 33.096
344.763 33.241
345.022 33.373
345.281 33.514
345.540 33.656
345.799 33.794
346.058 33.938
346.317 34.082
346.576 34.232
346.835 34.386
347.094 34.531
347.353 34.693
347.612 34.841
347.871 34.992
348.130 35.156
348.389 35.306
348.648 35.458
348.907 35.606
349.166 35.780
349.424 35.964
349.683 36.136
349.942 36.306
350.201 36.472
350.460 36.620
350.719 36.756
350.978 36.901
351.237 37.065
351.496 37.241
351.755 37.410
352.014 37.577
352.273 37.726
352.532 37.868
352.791 38.013
353.050 38.176
353.309 38.343
353.568 38.486
353.827 38.634
354.086 38.789
354.345 38.937
354.604 39.082
354.863 39.227
355.122 39.383
355.381 39.537
355.640 39.697
355.898 39.845
356.157 40.000
356.416 40.158
356.675 40.311
356.934 40.464
357.193 40.636
357.452 40.807
357.711 40.947
357.970 41.091
358.229 41.235
358.488 41.383
358.747 41.519
359.006 41.650
359.265 41.806
359.524 41.983
359.783 42.145
360.042 42.284
360.301 42.431
360.560 42.578
360.819 42.724
361.078 42.867
361.337 43.017
361.596 43.164
361.855 43.311
362.114 43.459
362.372 43.605
362.631 43.735
362.890 43.887
363.149 44.022
363.408 44.160
363.667 44.302
363.926 44.436
364.185 44.584
364.444 44.720
364.703 44.855
364.962 44.967
365.221 45.091
365.480 45.225
365.745 45.344
366.009 45.469
366.274 45.619
366.539 45.763
366.804 45.899
367.068 46.023
367.333 46.123
367.598 46.219
367.863 46.324
368.127 46.433
368.392 46.554
368.657 46.667
368.921 46.756
369.186 46.852
369.451 46.969
369.716 47.084
369.980 47.178
370.245 47.279
370.510 47.387
370.775 47.496
371.039 47.598
371.304 47.687
371.569 47.780
371.834 47.887
372.098 47.975
372.363 48.073
372.628 48.171
372.892 48.267
373.157 48.338
373.422 48.407
373.687 48.490
373.951 48.581
374.216 48.653
374.481 48.720
374.746 48.811
375.010 48.900
375.275 48.974
375.540 49.027
375.804 49.088
376.069 49.167
376.334 49.249
376.599 49.323
376.863 49.396
377.128 49.464
377.393 49.520
377.658 49.589
377.922 49.655
378.187 49.709
378.452 49.765
378.716 49.820
378.981 49.870
379.246 49.918
379.511 49.972
379.775 50.036
380.040 50.095
380.305 50.136
380.570 50.174
380.834 50.211
381.099 50.253
381.364 50.287
381.629 50.310
381.893 50.345
382.158 50.382
382.423 50.401
382.687 50.425
382.952 50.457
383.217 50.490
383.482 50.528
383.746 50.570
384.011 50.615
384.276 50.655
384.541 50.681
384.805 50.719
385.070 50.758
385.335 50.788
385.599 50.820
385.864 50.848
386.129 50.889
386.394 50.934
386.658 50.971
386.923 50.995
387.188 51.012
387.453 51.047
387.717 51.073
387.982 51.073
388.247 51.087
388.511 51.101
388.776 51.111
389.041 51.117
389.306 51.128
389.570 51.133
389.835 51.146
390.100 51.156
390.365 51.186
390.629 51.209
390.894 51.229
391.159 51.246
391.424 51.252
391.688 51.255
391.953 51.264
392.218 51.276
392.482 51.278
392.747 51.279
393.012 51.285
393.277 51.294
393.541 51.306
393.806 51.307
394.071 51.319
394.336 51.333
394.600 51.344
394.865 51.351
395.130 51.348
395.394 51.353
395.659 51.360
395.924 51.355
396.189 51.350
396.453 51.342
396.718 51.351
396.983 51.359
397.248 51.363
397.512 51.365
397.777 51.369
398.042 51.366
398.306 51.356
398.571 51.347
398.836 51.348
399.101 51.339
399.365 51.328
399.630 51.327
399.895 51.324
400.160 51.306
400.424 51.297
400.689 51.299
400.954 51.296
401.219 51.307
401.483 51.307
401.748 51.297
402.013 51.298
402.277 51.295
402.542 51.288
402.807 51.280
403.072 51.277
403.336 51.270
403.601 51.273
403.866 51.285
404.131 51.298
404.395 51.318
404.660 51.324
404.929 51.322
405.198 51.325
405.466 51.340
405.735 51.359
406.004 51.379
406.273 51.391
406.542 51.391
406.810 51.391
407.079 51.399
407.348 51.394
407.617 51.384
407.886 51.395
408.154 51.397
408.423 51.390
408.692 51.387
408.961 51.393
409.229 51.402
409.498 51.405
409.767 51.412
410.036 51.427
410.305 51.424
410.573 51.422
410.842 51.413
411.111 51.421
411.380 51.429
411.649 51.432
411.917 51.427
412.186 51.434
412.455 51.443
412.724 51.451
412.993 51.457
413.261 51.464
413.530 51.473
413.799 51.477
414.068 51.493
414.337 51.518
414.605 51.544
414.874 51.563
415.143 51.578
415.412 51.599
415.681 51.619
415.949 51.634
416.218 51.665
416.487 51.694
416.756 51.710
417.024 51.723
417.293 51.729
417.562 51.735
417.831 51.768
418.100 51.790
418.368 51.811
418.637 51.825
418.906 51.845
419.175 51.876
419.444 51.911
419.712 51.943
419.981 51.954
420.250 51.964
420.519 51.989
420.788 51.997
421.056 52.002
421.325 52.030
421.594 52.067
421.863 52.096
422.132 52.115
422.400 52.124
422.669 52.150
422.938 52.179
423.207 52.208
423.476 52.226
423.744 52.253
424.013 52.287
424.282 52.303
424.551 52.328
424.819 52.356
425.088 52.383
425.357 52.412
425.626 52.440
425.895 52.479
426.163 52.512
426.432 52.553
426.701 52.590
426.970 52.626
427.239 52.673
427.507 52.717
427.776 52.764
428.045 52.811
428.314 52.848
428.583 52.891
428.851 52.924
429.120 52.962
429.389 52.997
429.658 53.033
429.927 53.069
430.195 53.102
430.464 53.144
430.733 53.179
431.002 53.208
431.271 53.242
431.539 53.284
431.808 53.324
432.077 53.361
432.346 53.397
432.614 53.422
432.883 53.451
433.152 53.503
433.421 53.552
433.690 53.579
433.958 53.594
434.227 53.605
434.496 53.642
434.765 53.674
435.034 53.714
435.302 53.742
435.571 53.760
435.840 53.766
436.116 53.782
436.393 53.820
436.669 53.851
436.945 53.885
437.221 53.917
437.498 53.942
437.774 53.962
438.050 53.973
438.326 53.980
438.603 54.002
438.879 54.029
439.155 54.038
439.431 54.057
439.708 54.074
439.984 54.086
440.260 54.101
440.537 54.124
440.813 54.155
441.089 54.180
441.365 54.201
441.642 54.215
441.918 54.233
442.194 54.246
442.470 54.250
442.747 54.254
443.023 54.246
443.299 54.243
443.575 54.247
443.852 54.249
444.128 54.253
444.404 54.265
444.680 54.261
444.957 54.262
445.233 54.261
445.509 54.273
445.786 54.286
446.062 54.296
446.338 54.311
446.614 54.320
446.891 54.336
447.167 54.335
447.443 54.337
447.719 54.336
447.996 54.334
448.272 54.326
448.548 54.317
448.824 54.311
449.101 54.316
449.377 54.332
449.653 54.337
449.930 54.326
450.206 54.328
450.482 54.351
450.758 54.364
451.035 54.364
451.311 54.353
451.587 54.347
451.863 54.349
452.140 54.352
452.416 54.350
452.692 54.358
452.968 54.363
453.245 54.352
453.521 54.356
453.797 54.362
454.074 54.349
454.350 54.354
454.626 54.354
454.902 54.362
455.179 54.373
455.455 54.371
455.731 54.370
456.007 54.373
456.284 54.357
456.560 54.341
456.836 54.328
457.112 54.309
457.389 54.288
457.665 54.276
457.941 54.257
458.218 54.237
458.494 54.228
458.770 54.213
459.046 54.201
459.323 54.197
459.599 54.199
459.875 54.198
460.151 54.194
460.428 54.186
460.704 54.174
460.980 54.159
461.256 54.130
461.533 54.127
461.809 54.130
462.085 54.123
462.361 54.104
462.638 54.072
462.914 54.048
463.190 54.023
463.467 53.994
463.743 53.953
464.019 53.912
464.295 53.877
464.572 53.866
464.848 53.853
465.124 53.829
465.400 53.801
465.677 53.771
465.953 53.744
466.229 53.696
466.505 53.654
466.782 53.616
467.058 53.570
467.334 53.525
467.611 53.486
467.887 53.450
468.163 53.412
468.439 53.369
468.716 53.315
468.992 53.268
469.268 53.226
469.544 53.182
469.821 53.139
470.097 53.101
470.373 53.051
470.649 53.001
470.926 52.963
471.202 52.921
471.478 52.884
471.755 52.837
472.031 52.794
472.307 52.760
472.583 52.716
472.860 52.668
473.136 52.637
473.412 52.602
473.688 52.571
473.965 52.550
474.241 52.523
474.517 52.479
474.793 52.444
475.070 52.416
475.346 52.386
475.622 52.354
475.899 52.321
476.175 52.287
476.451 52.246
476.727 52.207
477.004 52.170
477.280 52.131
477.556 52.096
477.832 52.062
478.109 52.033
478.385 51.989
478.661 51.941
478.937 51.898
479.214 51.861
479.490 51.844
479.766 51.825
480.043 51.795
480.319 51.767
480.595 51.747
480.871 51.732
481.148 51.706
481.424 51.663
481.700 51.632
481.976 51.604
482.253 51.577
482.529 51.545
482.805 51.509
483.081 51.489
483.358 51.468
483.634 51.448
483.910 51.425
484.186 51.401
484.463 51.379
484.739 51.364
485.015 51.351
485.292 51.334
485.568 51.309
485.844 51.274
486.120 51.246
486.397 51.215
486.673 51.186
486.949 51.157
487.225 51.122
487.502 51.085
487.778 51.056
488.054 51.031
488.330 51.001
488.607 50.961
488.883 50.919
489.159 50.880
489.436 50.848
489.712 50.821
489.988 50.780
490.264 50.747
490.541 50.712
490.817 50.678
491.093 50.651
491.369 50.637
491.646 50.615
491.922 50.587
492.198 50.556
492.474 50.518
492.751 50.488
493.027 50.456
493.303 50.424
493.580 50.388
493.856 50.358
494.132 50.335
494.408 50.299
494.685 50.263
494.961 50.231
495.237 50.200
495.513 50.161
495.790 50.129
496.066 50.093
496.342 50.046
496.618 50.002
496.895 49.964
497.171 49.923
497.447 49.878
497.724 49.837
498.000 49.792
498.276 49.756
498.552 49.709
498.829 49.660
499.105 49.615
499.381 49.570
499.657 49.525
499.934 49.470
500.210 49.416
500.486 49.359
500.762 49.308
501.039 49.242
501.315 49.186
501.591 49.125
501.867 49.060
502.144 49.000
502.420 48.944
502.696 48.893
502.973 48.844
503.249 48.784
503.525 48.717
503.801 48.645
504.078 48.577
504.354 48.502
504.630 48.424
504.906 48.340
505.183 48.260
505.459 48.183
505.735 48.102
506.011 48.008
506.288 47.909
506.564 47.810
506.840 47.717
507.117 47.630
507.393 47.537
507.669 47.433
507.945 47.317
508.222 47.197
508.498 47.075
508.774 46.942
509.050 46.803
509.327 46.679
509.603 46.551
509.879 46.417
510.155 46.278
510.432 46.143
510.708 46.002
510.984 45.857
511.261 45.723
511.537 45.581
511.813 45.429
512.089 45.273
512.366 45.122
512.642 44.957
512.918 44.801
513.194 44.634
513.471 44.458
513.747 44.280
514.023 44.104
514.299 43.930
514.576 43.751
514.852 43.575
515.128 43.396
515.405 43.214
515.681 43.026
515.957 42.840
516.233 42.650
516.510 42.452
516.786 42.262
517.062 42.067
517.338 41.865
517.615 41.664
517.891 41.468
518.167 41.263
518.443 41.050
518.720 40.842
518.996 40.635
519.272 40.429
519.548 40.216
519.825 39.987
520.101 39.767
520.377 39.560
520.654 39.350
520.930 39.130
521.206 38.919
521.482 38.707
521.759 38.493
522.035 38.273
522.311 38.055
522.587 37.829
522.864 37.610
523.140 37.394
523.416 37.172
523.692 36.951
523.969 36.726
524.245 36.496
524.521 36.270
524.798 36.051
525.074 35.825
525.350 35.598
525.626 35.389
525.903 35.187
526.179 34.965
526.455 34.740
526.731 34.525
527.008 34.312
527.284 34.091
527.560 33.869
527.836 33.640
528.113 33.409
528.389 33.184
528.665 32.958
528.942 32.737
529.218 32.522
529.494 32.313
529.770 32.094
530.047 31.874
530.323 31.661
530.599 31.452
530.875 31.245
531.152 31.040
531.428 30.834
531.704 30.620
531.980 30.405
532.257 30.195
532.533 29.992
532.809 29.789
533.086 29.584
533.362 29.379
533.638 29.175
533.914 28.979
534.191 28.787
534.467 28.593
534.743 28.402
535.019 28.208
535.296 28.017
535.572 27.828
535.848 27.636
536.124 27.445
536.401 27.265
536.677 27.091
536.953 26.916
537.230 26.734
537.506 26.563
537.782 26.396
538.058 26.223
538.335 26.049
538.611 25.876
538.887 25.705
539.163 25.536
539.440 25.375
539.716 25.212
539.992 25.050
540.268 24.901
540.545 24.752
540.821 24.597
541.097 24.443
541.373 24.291
541.650 24.145
541.926 24.000
542.202 23.853
542.479 23.704
542.755 23.556
543.031 23.418
543.307 23.281
543.584 23.142
543.860 23.007
544.136 22.874
544.412 22.745
544.689 22.625
544.965 22.503
545.241 22.373
545.517 22.250
545.794 22.129
546.070 22.010
546.356 21.883
546.642 21.756
546.928 21.646
547.214 21.532
547.500 21.418
547.786 21.305
548.072 21.187
548.358 21.073
548.644 20.966
548.930 20.858
549.216 20.753
549.502 20.646
549.788 20.535
550.074 20.435
550.360 20.335
550.646 20.224
550.932 20.113
551.218 20.006
551.504 19.901
551.790 19.798
552.076 19.696
552.362 19.597
552.648 19.493
552.934 19.393
553.220 19.296
553.506 19.195
553.793 19.100
554.079 19.010
554.365 18.920
554.651 18.822
554.937 18.722
555.223 18.629
555.509 18.548
555.795 18.461
556.081 18.372
556.367 18.289
556.653 18.210
556.939 18.131
557.225 18.058
557.511 17.970
557.797 17.878
558.083 17.798
558.369 17.719
558.655 17.643
558.941 17.566
559.227 17.493
559.513 17.421
559.799 17.353
560.085 17.287
560.371 17.220
560.657 17.150
560.943 17.074
561.229 17.002
561.515 16.936
561.801 16.863
562.087 16.788
562.373 16.720
562.659 16.660
562.945 16.597
563.231 16.535
563.517 16.466
563.803 16.403
564.089 16.349
564.375 16.294
564.661 16.240
564.947 16.184
565.233 16.127
565.519 16.074
565.805 16.024
566.091 15.974
566.377 15.926
566.663 15.879
566.949 15.832
567.235 15.788
567.521 15.742
567.807 15.707
568.093 15.681
568.379 15.650
568.665 15.614
568.951 15.581
569.237 15.545
569.524 15.511
569.810 15.477
570.096 15.454
570.382 15.431
570.668 15.406
570.954 15.376
571.240 15.341
571.526 15.307
571.812 15.270
572.098 15.241
572.384 15.222
572.670 15.200
572.956 15.164
573.242 15.134
573.528 15.113
573.814 15.093
574.100 15.063
574.386 15.037
574.672 15.005
574.958 14.980
575.244 14.961
575.530 14.935
575.816 14.918
576.102 14.896
576.388 14.865
576.674 14.841
576.960 14.817
577.248 14.792
577.536 14.770
577.824 14.746
578.113 14.720
578.401 14.696
578.689 14.671
578.977 14.648
579.265 14.625
579.553 14.601
579.841 14.573
580.130 14.550
580.418 14.523
580.706 14.493
580.994 14.474
581.282 14.458
581.570 14.439
581.858 14.408
582.147 14.376
582.435 14.350
582.723 14.329
583.011 14.311
583.299 14.288
583.587 14.262
583.875 14.237
584.164 14.213
584.452 14.194
584.740 14.169
585.028 14.142
585.316 14.108
585.604 14.073
585.892 14.038
586.181 14.003
586.469 13.967
586.757 13.934
587.045 13.902
587.333 13.869
587.621 13.828
587.909 13.785
588.198 13.744
588.486 13.713
588.774 13.684
589.062 13.653
589.350 13.622
589.638 13.587
589.927 13.545
590.215 13.504
590.503 13.472
590.791 13.443
591.079 13.410
591.367 13.375
591.655 13.343
591.944 13.312
592.232 13.277
592.520 13.243
592.808 13.209
593.096 13.177
593.384 13.144
593.672 13.112
593.961 13.087
594.249 13.055
594.537 13.024
594.825 12.998
595.113 12.966
595.401 12.932
595.689 12.905
595.978 12.883
596.266 12.863
596.554 12.838
596.842 12.813
597.130 12.793
597.418 12.781
597.706 12.768
597.995 12.751
598.283 12.734
598.571 12.709
598.859 12.684
599.147 12.665
599.435 12.655
599.723 12.645
600.012 12.628
600.300 12.610
600.588 12.595
600.876 12.582
601.164 12.569
601.452 12.559
601.740 12.543
602.029 12.526
602.317 12.519
602.605 12.515
602.893 12.511
603.181 12.505
603.469 12.503
603.757 12.500
604.046 12.493
604.334 12.491
604.622 12.494
604.910 12.503
605.198 12.512
605.486 12.524
605.774 12.527
606.063 12.526
606.351 12.527
606.639 12.532
606.927 12.541
607.215 12.553
607.503 12.567
607.791 12.584
608.080 12.596
608.368 12.605
608.656 12.613
608.944 12.619
609.232 12.629
609.520 12.641
609.808 12.653
610.097 12.668
610.385 12.687
610.673 12.711
610.961 12.726
611.249 12.740
611.537 12.756
611.825 12.764
612.114 12.769
612.402 12.776
612.690 12.783
612.978 12.789
613.266 12.799
613.554 12.813
613.843 12.824
614.131 12.836
614.419 12.845
614.707 12.851
614.995 12.855
615.283 12.857
615.571 12.878
615.860 12.905
616.148 12.918
616.436 12.934
616.724 12.944
617.012 12.953
617.300 12.958
617.588 12.965
617.877 12.977
618.165 12.982
618.453 12.995
618.741 13.015
619.029 13.026
619.317 13.036
619.605 13.048
619.894 13.056
620.182 13.063
620.470 13.075
620.758 13.088
621.046 13.101
621.334 13.116
621.622 13.133
621.911 13.156
622.199 13.178
622.487 13.187
622.775 13.186
623.063 13.189
623.351 13.205
623.639 13.225
623.928 13.241
624.216 13.256
624.504 13.267
624.792 13.281
625.080 13.293
625.368 13.294
625.656 13.306
625.945 13.323
626.233 13.334
626.521 13.345
626.809 13.350
627.097 13.354
627.385 13.368
627.673 13.378
627.962 13.387
628.250 13.389
628.538 13.393
628.826 13.399
629.114 13.406
629.402 13.424
629.690 13.451
629.979 13.473
630.267 13.488
630.555 13.512
630.843 13.526
631.131 13.536
631.419 13.548
631.707 13.560
631.996 13.582
632.284 13.608
632.572 13.625
632.860 13.642
633.148 13.652
633.436 13.654
633.724 13.676
634.013 13.695
634.301 13.717
634.589 13.729
634.877 13.741
635.165 13.765
635.453 13.783
635.741 13.800
636.030 13.814
636.318 13.825
636.606 13.840
636.894 13.854
637.182 13.873
637.470 13.889
637.759 13.910
638.047 13.930
638.335 13.945
638.623 13.962
638.911 13.979
639.199 14.003
639.487 14.022
639.776 14.035
640.064 14.061
640.352 14.090
640.640 14.122
640.928 14.145
641.216 14.160
641.504 14.182
641.793 14.209
642.081 14.232
642.369 14.251
642.657 14.271
642.945 14.298
643.233 14.319
643.521 14.339
643.810 14.365
644.098 14.394
644.386 14.424
644.674 14.458
644.962 14.487
645.250 14.516
645.538 14.534
645.827 14.551
646.115 14.574
646.403 14.603
646.691 14.622
646.979 14.644
647.267 14.662
647.555 14.679
647.844 14.705
648.132 14.723
648.420 14.743
648.708 14.766
648.996 14.790
649.284 14.820
649.572 14.847
649.861 14.875
650.149 14.909
650.437 14.946
650.725 14.976
651.013 15.006
651.301 15.038
651.589 15.066
651.878 15.098
652.166 15.149
652.454 15.206
652.742 15.248
653.030 15.292
653.318 15.339
653.606 15.389
653.895 15.435
654.183 15.476
654.471 15.530
654.759 15.575
655.047 15.621
655.335 15.669
655.623 15.718
655.912 15.770
656.200 15.821
656.488 15.872
656.776 15.911
657.064 15.949
657.352 16.003
657.640 16.056
657.929 16.104
658.217 16.153
658.505 16.209
658.793 16.267
659.081 16.320
659.369 16.367
659.657 16.419
659.946 16.474
660.234 16.535
660.522 16.598
660.810 16.657
661.098 16.719
661.386 16.780
661.675 16.844
661.963 16.905
662.251 16.957
662.539 17.016
662.827 17.081
663.115 17.159
663.403 17.243
663.692 17.323
663.980 17.403
664.268 17.485
664.556 17.566
664.844 17.647
665.132 17.723
665.420 17.812
665.709 17.915
665.997 18.012
666.285 18.103
666.573 18.198
666.861 18.291
667.149 18.387
667.437 18.479
667.726 18.580
668.014 18.679
668.302 18.772
668.590 18.876
668.878 18.976
669.166 19.074
669.454 19.174
669.743 19.274
670.031 19.371
670.319 19.477
670.607 19.585
670.895 19.699
671.183 19.808
671.471 19.925
671.760 20.050
672.048 20.172
672.336 20.306
672.624 20.442
672.912 20.572
673.200 20.698
673.488 20.832
673.777 20.972
674.065 21.113
674.353 21.257
674.641 21.400
674.929 21.544
675.217 21.691
675.505 21.853
675.794 22.018
676.082 22.182
676.370 22.356
676.658 22.537
676.946 22.719
677.234 22.901
677.522 23.086
677.811 23.277
678.099 23.458
678.387 23.637
678.675 23.824
678.963 24.016
679.251 24.213
679.539 24.421
679.828 24.636
680.116 24.851
680.404 25.069
680.692 25.288
680.980 25.506
681.268 25.724
681.556 25.942
681.845 26.165
682.133 26.387
682.421 26.622
682.709 26.861
682.997 27.100
683.285 27.335
683.573 27.581
683.862 27.830
684.150 28.082
684.438 28.345
684.726 28.608
685.014 28.882
685.302 29.149
685.591 29.417
685.879 29.693
686.167 29.979
686.455 30.269
686.743 30.566
687.031 30.864
687.319 31.155
687.608 31.442
687.896 31.737
688.184 32.040
688.472 32.349
688.760 32.663
689.048 32.965
689.336 33.265
689.625 33.573
689.913 33.879
690.201 34.192
690.489 34.504
690.777 34.825
691.065 35.147
691.353 35.462
691.642 35.795
691.930 36.124
692.218 36.453
692.506 36.786
692.794 37.124
693.082 37.459
693.370 37.788
693.659 38.116
693.947 38.446
694.235 38.778
694.523 39.108
694.811 39.439
695.099 39.784
695.387 40.135
695.676 40.486
695.964 40.839
696.252 41.198
696.540 41.554
696.836 41.915
697.133 42.258
697.429 42.598
697.725 42.934
698.021 43.272
698.318 43.613
698.614 43.948
698.910 44.308
699.207 44.651
699.503 44.982
699.799 45.317
700.095 45.652
700.392 45.999
700.688 46.325
700.984 46.661
701.281 47.004
701.577 47.349
701.873 47.687
702.169 48.009
702.466 48.337
702.762 48.640
703.058 48.941
703.355 49.253
703.651 49.564
703.947 49.859
704.243 50.161
704.540 50.467
704.836 50.763
705.132 51.060
705.428 51.356
705.725 51.648
706.021 51.938
706.317 52.204
706.614 52.463
706.910 52.735
707.206 53.011
707.502 53.286
707.799 53.551
708.095 53.826
708.391 54.102
708.688 54.364
708.984 54.623
709.280 54.882
709.576 55.121
709.873 55.373
710.169 55.624
710.465 55.858
710.762 56.076
711.058 56.297
711.354 56.511
711.650 56.741
711.947 56.989
712.243 57.209
712.539 57.433
712.836 57.659
713.132 57.851
713.428 58.030
713.724 58.231
714.021 58.424
714.317 58.591
714.613 58.750
714.910 58.903
715.206 59.093
715.502 59.272
715.798 59.436
716.095 59.610
716.391 59.769
716.687 59.939
716.984 60.098
717.280 60.267
717.576 60.434
717.872 60.602
718.169 60.748
718.465 60.891
718.761 61.040
719.058 61.177
719.354 61.301
719.650 61.426
719.946 61.549
720.243 61.686
720.539 61.826
720.835 61.949
721.131 62.070
721.428 62.190
721.724 62.310
722.020 62.440
722.317 62.548
722.613 62.641
722.909 62.751
723.205 62.868
723.502 62.972
723.798 63.075
724.094 63.175
724.391 63.295
724.687 63.415
724.983 63.535
725.279 63.637
725.576 63.719
725.872 63.813
726.168 63.881
726.465 63.939
726.761 64.016
727.057 64.092
727.353 64.178
727.650 64.265
727.946 64.339
728.242 64.422
728.539 64.501
728.835 64.588
729.131 64.667
729.427 64.739
729.724 64.797
730.020 64.837
730.316 64.888
730.613 64.929
730.909 64.988
731.205 65.054
731.501 65.128
731.798 65.186
732.094 65.241
732.390 65.289
732.687 65.337
732.983 65.394
733.279 65.442
733.575 65.486
733.872 65.538
734.168 65.575
734.464 65.625
734.761 65.668
735.057 65.702
735.353 65.748
735.649 65.795
735.946 65.829
736.242 65.884
736.538 65.927
736.835 65.953
737.131 65.981
737.427 66.028
737.723 66.056
738.020 66.085
738.316 66.111
738.612 66.117
738.909 66.138
739.205 66.173
739.501 66.197
739.797 66.226
740.094 66.253
740.390 66.298
740.686 66.354
740.982 66.376
741.279 66.381
741.575 66.408
741.871 66.435
742.168 66.444
742.464 66.443
742.760 66.465
743.056 66.478
743.353 66.502
743.649 66.538
743.945 66.561
744.242 66.578
744.538 66.596
744.834 66.603
745.130 66.605
745.427 66.596
745.723 66.599
746.019 66.598
746.316 66.582
746.612 66.580
746.908 66.569
747.204 66.562
747.501 66.592
747.797 66.605
748.093 66.603
748.390 66.612
748.686 66.634
748.982 66.643
749.278 66.640
749.575 66.624
749.871 66.612
750.167 66.609
750.464 66.627
750.760 66.636
751.056 66.628
751.352 66.618
751.649 66.611
751.945 66.623
752.241 66.642
752.538 66.654
752.834 66.647
753.130 66.639
753.426 66.631
753.723 66.647
754.019 66.643
754.315 66.623
754.611 66.622
754.908 66.629
755.204 66.641
755.500 66.629
755.797 66.637
756.093 66.643
756.389 66.650
756.685 66.662
756.982 66.700
757.278 66.720
757.574 66.732
757.871 66.726
758.167 66.713
758.463 66.716
758.759 66.709
759.056 66.695
759.352 66.696
759.648 66.694
759.945 66.692
760.241 66.702
760.537 66.726
760.833 66.732
761.130 66.713
761.426 66.694
761.722 66.692
762.019 66.698
762.315 66.720
762.611 66.748
762.907 66.755
763.204 66.775
763.500 66.796
763.804 66.802
764.108 66.829
764.412 66.854
764.716 66.860
765.020 66.875
765.324 66.905
765.628 66.918
765.932 66.934
766.236 66.948
766.540 66.966
766.844 66.987
767.148 66.975
767.452 66.980
767.756 66.997
768.060 67.003
768.364 67.011
768.668 67.020
768.972 67.040
769.276 67.068
769.580 67.084
769.884 67.112
770.188 67.148
770.492 67.173
770.796 67.165
771.100 67.163
771.404 67.162
771.708 67.146
772.012 67.129
772.316 67.149
772.620 67.163
772.924 67.149
773.228 67.144
773.532 67.126
773.836 67.147
774.140 67.172
774.444 67.176
774.748 67.159
775.052 67.154
775.356 67.142
775.659 67.121
775.963 67.117
776.267 67.126
776.571 67.134
776.875 67.121
777.179 67.118
777.483 67.134
777.787 67.144
778.091 67.145
778.395 67.139
778.699 67.137
779.003 67.132
779.307 67.131
779.611 67.155
779.915 67.168
780.219 67.173
780.523 67.173
780.827 67.151
781.131 67.142
781.435 67.153
781.739 67.152
782.043 67.166
782.347 67.167
782.651 67.146
782.955 67.161
783.259 67.181
783.563 67.203
783.867 67.200
784.171 67.186
784.475 67.156
784.779 67.140
785.083 67.128
785.387 67.091
785.691 67.089
785.995 67.089
786.299 67.078
786.603 67.086
786.907 67.107
787.211 67.137
787.515 67.160
787.819 67.155
788.123 67.143
788.427 67.117
788.731 67.086
789.035 67.070
789.339 67.083
789.643 67.091
789.947 67.106
790.251 67.122
790.555 67.123
790.859 67.118
791.163 67.131
791.467 67.167
791.771 67.178
792.075 67.192
792.379 67.204
792.683 67.189
792.987 67.201
793.291 67.197
793.595 67.187
793.899 67.194
794.203 67.202
794.507 67.203
794.811 67.212
795.115 67.216
795.419 67.202
795.723 67.181
796.027 67.172
796.331 67.162
796.635 67.173
796.939 67.175
797.243 67.181
797.547 67.196
797.851 67.187
798.155 67.188
798.459 67.199
798.763 67.176
799.067 67.146
799.371 67.125
799.674 67.129
799.978 67.153
800.282 67.173
800.586 67.152
800.890 67.127
801.194 67.140
801.498 67.145
801.802 67.136
802.106 67.144
802.410 67.149
802.714 67.141
803.018 67.161
803.322 67.158
803.626 67.148
803.930 67.182
804.234 67.196
804.538 67.201
804.842 67.216
805.146 67.196
805.450 67.186
805.754 67.173
806.058 67.162
806.362 67.180
806.666 67.185
806.970 67.216
807.274 67.224
807.578 67.229
807.882 67.225
808.186 67.224
808.490 67.222
808.794 67.241
809.098 67.278
809.402 67.315
809.706 67.329
810.010 67.298
810.314 67.297
810.618 67.320
810.922 67.308
811.226 67.301
811.530 67.280
811.834 67.281
812.137 67.307
812.441 67.332
812.744 67.359
813.048 67.355
813.351 67.346
813.655 67.327
813.958 67.326
814.262 67.351
814.565 67.357
814.869 67.388
815.172 67.402
815.476 67.400
815.779 67.376
816.083 67.360
816.386 67.353
816.690 67.332
816.993 67.305
817.297 67.316
817.600 67.382
817.904 67.436
818.208 67.438
818.511 67.404
818.815 67.357
819.118 67.347
819.422 67.368
819.725 67.351
820.029 67.310
820.332 67.307
820.636 67.299
820.939 67.301
821.243 67.308
821.546 67.307
821.850 67.352
822.153 67.417
822.457 67.427
822.760 67.421
823.064 67.413
823.367 67.404
823.671 67.427
823.974 67.433
824.278 67.426
824.582 67.437
824.885 67.417
825.189 67.425
825.492 67.447
825.796 67.451
826.099 67.440
826.403 67.422
826.706 67.448
827.010 67.454
827.313 67.428
827.617 67.414
827.920 67.390
828.224 67.355
828.527 67.373
828.831 67.397
829.134 67.388
829.438 67.365
829.741 67.359
830.045 67.355
830.348 67.328
830.652 67.311
830.956 67.310
831.259 67.303
831.563 67.292
831.866 67.296
832.170 67.338
832.473 67.354
832.777 67.340
833.080 67.321
833.384 67.275
833.687 67.233
833.991 67.223
834.294 67.207
834.598 67.168
834.901 67.164
835.205 67.185
835.508 67.207
835.812 67.241
836.115 67.218
836.419 67.202
836.722 67.191
837.026 67.205
837.330 67.216
837.633 67.240
837.937 67.233
838.240 67.234
838.544 67.273
838.847 67.296
839.151 67.299
839.454 67.281
839.758 67.248
840.061 67.240
840.365 67.221
840.668 67.170
840.972 67.143
841.275 67.159
841.579 67.186
841.882 67.220
842.186 67.229
842.489 67.211
842.793 67.203
843.097 67.231
843.400 67.277
843.704 67.283
844.007 67.256
844.311 67.251
844.614 67.248
844.918 67.237
845.221 67.211
845.525 67.201
845.828 67.195
846.132 67.177
846.435 67.180
846.739 67.213
847.042 67.207
847.346 67.200
847.649 67.223
847.953 67.255
848.256 67.249
848.560 67.249
848.863 67.283
849.167 67.266
849.471 67.224
849.774 67.219
850.078 67.265
850.381 67.287
850.685 67.290
850.988 67.312
851.292 67.316
851.595 67.355
851.899 67.384
852.202 67.423
852.506 67.476
852.809 67.524
853.113 67.568
853.416 67.555
853.720 67.539
854.023 67.570
854.327 67.541
854.630 67.525
854.934 67.521
855.237 67.509
855.541 67.494
855.845 67.523
856.148 67.525
856.452 67.520
856.755 67.507
857.059 67.466
857.362 67.439
857.666 67.412
857.969 67.405
858.273 67.409
858.576 67.401
858.880 67.373
859.183 67.364
859.487 67.378
859.790 67.365
860.094 67.361
860.397 67.330
860.701 67.309
861.004 67.305
861.308 67.286
861.611 67.231
861.915 67.176
862.219 67.168
862.522 67.172
862.826 67.140
863.129 67.105
863.433 67.091
863.736 67.074
864.040 67.083
864.343 67.105
864.647 67.106
864.950 67.072
865.254 67.041
865.557 67.012
865.861 66.995
866.164 66.986
866.468 66.960
866.771 66.960
867.075 66.965
867.378 66.924
867.682 66.912
867.985 66.917
868.289 66.910
868.593 66.868
868.896 66.848
869.200 66.807
869.503 66.800
869.807 66.842
870.110 66.851
870.414 66.846
870.717 66.813
871.021 66.766
871.324 66.729
871.628 66.699
871.931 66.710
872.235 66.693
872.538 66.621
872.842 66.621
873.145 66.595
873.449 66.567
873.752 66.585
874.056 66.586
874.359 66.565
874.663 66.576
874.967 66.609
875.270 66.629
875.574 66.644
875.877 66.612
876.181 66.598
876.484 66.618
876.788 66.643
877.091 66.643
877.395 66.649
877.698 66.625
878.002 66.571
878.305 66.548
878.609 66.529
878.912 66.518
879.216 66.534
879.519 66.536
879.823 66.531
880.126 66.549
880.430 66.586
880.733 66.581
881.037 66.567
881.341 66.577
881.644 66.587
881.948 66.626
882.251 66.653
882.555 66.616
882.858 66.574
883.162 66.574
883.465 66.583
883.769 66.584
884.072 66.602
884.376 66.617
884.679 66.622
884.983 66.628
885.286 66.644
885.590 66.668
885.893 66.706
886.197 66.729
886.500 66.737
886.804 66.728
887.107 66.722
887.411 66.722
887.715 66.761
888.018 66.756
888.322 66.710
888.625 66.686
888.929 66.691
889.232 66.705
889.536 66.716
889.839 66.716
890.143 66.698
890.446 66.694
890.750 66.732
891.053 66.774
891.357 66.746
891.660 66.756
891.964 66.757
892.267 66.726
892.571 66.740
892.874 66.740
893.178 66.711
893.482 66.693
893.785 66.692
894.089 66.687
894.392 66.745
894.696 66.778
894.999 66.770
895.303 66.777
895.606 66.760
895.910 66.764
896.213 66.799
896.517 66.851
896.820 66.895
897.124 66.913
897.427 66.955
897.731 66.971
898.034 66.976
898.338 67.008
898.641 66.988
898.945 66.952
899.248 66.958
899.552 66.957
899.856 66.959
900.159 66.999
900.463 67.040
900.766 67.035
901.070 67.065
901.373 67.090
901.677 67.100
901.980 67.125
902.284 67.158
902.587 67.165
902.891 67.169
903.194 67.135
903.498 67.112
903.801 67.124
904.105 67.124
904.408 67.135
904.712 67.146
905.015 67.157
905.319 67.157
905.622 67.165
905.926 67.134
906.230 67.097
906.533 67.081
906.837 67.074
907.140 67.087
907.444 67.087
907.747 67.090
908.051 67.091
908.354 67.129
908.658 67.179
908.961 67.176
909.265 67.136
909.568 67.116
909.872 67.113
910.175 67.112
910.479 67.121
910.782 67.135
911.086 67.121
911.389 67.126
911.693 67.118
911.996 67.107
912.300 67.105
912.613 67.117
912.926 67.071
913.238 67.042
913.551 67.019
913.864 66.973
914.176 67.006
914.489 67.042
914.802 67.038
915.115 67.031
915.427 66.998
915.740 66.984
916.053 66.939
916.366 66.889
916.678 66.881
916.991 66.863
917.304 66.874
917.617 66.884
917.929 66.908
918.242 66.927
918.555 66.961
918.868 66.952
919.180 66.911
919.493 66.943
919.806 66.953
920.119 66.942
920.431 66.900
920.744 66.823
921.057 66.768
921.370 66.759
921.682 66.721
921.995 66.678
922.308 66.687
922.621 66.706
922.933 66.729
923.246 66.742
923.559 66.723
923.872 66.708
924.184 66.710
924.497 66.677
924.810 66.710
925.123 66.747
925.435 66.792
925.748 66.813
926.061 66.805
926.374 66.809
926.686 66.845
926.999 66.901
927.312 66.933
927.625 66.963
927.937 66.979
928.250 67.000
928.563 67.054
928.876 67.121
929.188 67.187
929.501 67.227
929.814 67.232
930.127 67.154
930.439 67.150
930.752 67.210
931.065 67.256
931.378 67.280
931.690 67.282
932.003 67.351
932.316 67.422
932.629 67.449
932.941 67.443
933.254 67.450
933.567 67.407
933.880 67.399
934.192 67.435
934.505 67.486
934.818 67.529
935.131 67.571
935.443 67.658
935.756 67.702
936.069 67.743
936.382 67.786
936.694 67.840
937.007 67.849
937.320 67.846
937.633 67.813
937.945 67.825
938.258 67.815
938.571 67.777
938.884 67.834
939.196 67.882
939.509 67.939
939.822 68.034
940.135 68.088
940.447 68.143
940.760 68.207
941.073 68.275
941.386 68.275
941.698 68.199
942.011 68.149
942.324 68.140
942.637 68.135
942.949 68.119
943.262 68.151
943.575 68.230
943.888 68.205
944.200 68.171
944.513 68.168
944.826 68.213
945.139 68.225
945.451 68.167
945.764 68.072
946.077 68.010
946.390 67.989
946.702 67.979
947.015 67.982
947.328 68.011
947.641 67.975
947.953 67.948
948.266 67.867
948.579 67.846
948.892 67.872
949.204 67.916
949.517 67.925
949.830 67.915
950.143 67.894
950.455 67.906
950.768 67.948
951.081 67.869
951.394 67.839
951.706 67.915
952.019 67.960
952.332 67.981
952.645 68.000
952.957 67.993
953.270 67.975
953.583 67.923
953.896 67.878
954.208 67.844
954.521 67.773
954.834 67.761
955.147 67.750
955.459 67.749
955.772 67.742
956.085 67.710
956.398 67.663
956.710 67.663
957.023 67.635
957.336 67.666
957.649 67.648
957.961 67.596
958.274 67.586
958.587 67.510
958.900 67.446
959.212 67.402
959.525 67.322
959.838 67.296
960.151 67.297
960.463 67.262
960.776 67.258
961.089 67.195
961.402 67.130
961.714 67.172
962.027 67.201
962.340 67.219
962.653 67.247
962.965 67.342
963.278 67.365
963.591 67.308
963.904 67.261
964.216 67.236
964.529 67.297
964.842 67.374
965.154 67.451
965.467 67.455
965.780 67.412
966.094 67.394
966.409 67.394
966.723 67.410
967.037 67.375
967.352 67.390
967.666 67.398
967.980 67.408
968.295 67.474
968.609 67.451
968.923 67.354
969.238 67.350
969.552 67.320
969.866 67.323
970.181 67.363
970.495 67.332
970.809 67.268
971.124 67.262
971.438 67.172
971.752 67.183
972.067 67.207
972.381 67.158
972.695 67.166
973.010 67.159
973.324 67.152
973.638 67.140
973.953 67.136
974.267 67.143
974.581 67.084
974.896 67.039
975.210 67.061
975.524 67.049
975.839 67.061
976.153 67.167
976.467 67.207
976.781 67.275
977.096 67.303
977.410 67.312
977.724 67.439
978.039 67.518
978.353 67.537
978.667 67.587
978.982 67.584
979.296 67.621
979.610 67.736
979.925 67.801
980.239 67.871
980.553 67.891
980.868 67.861
981.182 67.825
981.496 67.785
981.811 67.631
982.125 67.463
982.439 67.402
982.754 67.452
983.068 67.514
983.382 67.610
983.697 67.630
984.011 67.607
984.325 67.572
984.640 67.553
984.954 67.560
985.268 67.557
985.583 67.535
985.897 67.545
986.211 67.673
986.526 67.670
986.840 67.620
987.154 67.586
987.469 67.540
987.783 67.553
988.097 67.621
988.412 67.552
988.726 67.515
989.040 67.460
989.355 67.451
989.669 67.502
989.983 67.559
990.298 67.581
990.612 67.686
990.926 67.693
991.241 67.745
991.555 67.819
991.869 67.797
992.184 67.797
992.498 67.851
992.812 67.942
993.127 67.986
993.441 67.941
993.755 67.999
994.070 68.072
994.384 68.128
994.698 68.198
995.013 68.234
995.327 68.201
995.641 68.120
995.956 68.019
996.270 67.908
996.584 67.887
996.899 67.954
997.213 68.054
997.527 68.014
997.841 67.936
998.156 67.874
998.470 67.752
998.784 67.676
999.099 67.735
999.413 67.701
999.727 67.729
