200.182 83.637
200.437 82.874
200.691 82.366
200.946 81.750
201.201 80.786
201.455 80.070
201.710 79.374
201.964 78.788
202.219 78.131
202.474 77.400
202.728 76.673
202.983 75.911
203.237 75.312
203.492 74.589
203.747 73.661
204.001 72.896
204.256 72.018
204.510 71.027
204.765 70.220
205.020 69.576
205.274 68.886
205.529 67.984
205.783 67.006
206.038 66.029
206.293 65.016
206.547 64.045
206.802 62.947
207.057 62.040
207.311 61.195
207.566 60.510
207.820 59.761
208.075 58.955
208.330 58.243
208.584 57.478
208.839 56.825
209.093 56.226
209.348 55.337
209.603 54.376
209.857 53.493
210.112 52.773
210.366 51.754
210.621 50.864
210.876 50.147
211.130 49.535
211.385 48.909
211.639 48.100
211.894 47.170
212.149 46.357
212.403 45.662
212.658 45.050
212.913 44.388
213.167 43.671
213.422 43.111
213.676 42.480
213.931 41.838
214.186 41.164
214.440 40.564
214.695 40.055
214.949 39.575
215.204 39.038
215.459 38.497
215.713 38.057
215.968 37.589
216.222 37.018
216.477 36.560
216.732 36.279
216.986 35.882
217.241 35.397
217.495 34.884
217.750 34.429
218.005 34.080
218.259 33.756
218.514 33.317
218.769 32.793
219.023 32.372
219.278 32.027
219.532 31.610
219.787 31.287
220.042 30.996
220.296 30.698
220.551 30.347
220.805 30.063
221.060 29.749
221.315 29.428
221.569 29.148
221.824 28.891
222.078 28.670
222.333 28.398
222.588 28.185
222.842 27.941
223.097 27.669
223.351 27.405
223.606 27.037
223.861 26.620
224.115 26.289
224.370 25.991
224.625 25.713
224.879 25.482
225.134 25.209
225.388 24.982
225.643 24.774
225.898 24.593
226.152 24.402
226.407 24.207
226.661 23.915
226.916 23.691
227.171 23.450
227.425 23.225
227.680 23.037
227.934 22.859
228.189 22.646
228.444 22.489
228.698 22.345
228.953 22.193
229.208 22.038
229.462 21.855
229.717 21.712
229.971 21.579
230.226 21.462
230.481 21.292
230.735 21.140
230.990 21.033
231.244 20.909
231.499 20.794
231.754 20.703
232.008 20.602
232.263 20.521
232.517 20.434
232.772 20.355
233.027 20.264
233.281 20.142
233.536 20.040
233.790 19.957
234.045 19.890
234.300 19.838
234.554 19.786
234.809 19.735
235.064 19.701
235.318 19.686
235.573 19.674
235.827 19.643
236.082 19.604
236.337 19.582
236.591 19.560
236.846 19.525
237.100 19.501
237.355 19.510
237.610 19.520
237.864 19.504
238.119 19.515
238.373 19.521
238.628 19.520
238.883 19.534
239.137 19.557
239.392 19.575
239.646 19.589
239.901 19.615
240.156 19.628
240.410 19.656
240.665 19.686
240.920 19.711
241.174 19.750
241.429 19.791
241.683 19.825
241.938 19.865
242.193 19.909
242.447 19.951
242.702 20.001
242.956 20.059
243.211 20.109
243.466 20.148
243.720 20.203
243.975 20.263
244.229 20.319
244.484 20.368
244.739 20.418
244.993 20.477
245.248 20.523
245.503 20.576
245.757 20.628
246.012 20.687
246.266 20.749
246.521 20.809
246.776 20.878
247.030 20.940
247.285 20.984
247.539 21.029
247.794 21.087
248.049 21.144
248.303 21.202
248.558 21.277
248.812 21.345
249.067 21.397
249.322 21.453
249.576 21.517
249.831 21.582
250.085 21.633
250.340 21.689
250.595 21.761
250.849 21.836
251.104 21.894
251.359 21.959
251.613 22.023
251.868 22.088
252.122 22.143
252.377 22.200
252.632 22.276
252.886 22.338
253.141 22.381
253.395 22.433
253.650 22.489
253.905 22.540
254.161 22.591
254.416 22.641
254.672 22.704
254.927 22.787
255.183 22.855
255.438 22.910
255.694 22.977
255.949 23.049
256.205 23.109
256.460 23.160
256.715 23.203
256.971 23.261
257.226 23.325
257.482 23.382
257.737 23.439
257.993 23.498
258.248 23.558
258.504 23.611
258.759 23.665
259.014 23.725
259.270 23.775
259.525 23.820
259.781 23.871
260.036 23.935
260.292 23.992
260.547 24.040
260.803 24.103
261.058 24.165
261.314 24.223
261.569 24.276
261.824 24.331
262.080 24.386
262.335 24.435
262.591 24.498
262.846 24.563
263.102 24.621
263.357 24.668
263.613 24.720
263.868 24.772
264.123 24.823
264.379 24.876
264.634 24.939
264.890 24.998
265.145 25.060
265.401 25.121
265.656 25.180
265.912 25.223
266.167 25.265
266.423 25.307
266.678 25.365
266.933 25.428
267.189 25.482
267.444 25.532
267.700 25.587
267.955 25.645
268.211 25.687
268.466 25.743
268.722 25.802
268.977 25.870
269.232 25.931
269.488 25.989
269.743 26.052
269.999 26.121
270.254 26.185
270.510 26.230
270.765 26.272
271.021 26.320
271.276 26.376
271.532 26.432
271.787 26.489
272.042 26.551
272.298 26.608
272.553 26.653
272.809 26.700
273.064 26.753
273.320 26.820
273.575 26.889
273.831 26.946
274.086 27.004
274.342 27.062
274.597 27.116
274.852 27.177
275.108 27.241
275.363 27.297
275.619 27.348
275.874 27.400
276.130 27.457
276.385 27.512
276.641 27.565
276.896 27.628
277.151 27.692
277.407 27.741
277.662 27.789
277.918 27.834
278.173 27.872
278.429 27.918
278.684 27.975
278.940 28.039
279.195 28.084
279.451 28.144
279.706 28.196
279.961 28.247
280.217 28.292
280.472 28.342
280.728 28.397
280.983 28.450
281.239 28.504
281.494 28.568
281.750 28.624
282.005 28.680
282.260 28.724
282.516 28.759
282.771 28.808
283.027 28.859
283.282 28.905
283.538 28.946
283.793 28.996
284.049 29.037
284.304 29.080
284.560 29.123
284.815 29.174
285.070 29.220
285.326 29.268
285.581 29.316
285.837 29.355
286.092 29.399
286.348 29.445
286.603 29.495
286.859 29.543
287.114 29.591
287.369 29.639
287.625 29.685
287.880 29.734
288.136 29.784
288.391 29.838
288.647 29.888
288.902 29.917
289.158 29.952
289.413 29.991
289.669 30.032
289.924 30.081
290.179 30.134
290.435 30.176
290.690 30.214
290.946 30.254
291.201 30.300
291.457 30.343
291.712 30.385
291.968 30.433
292.223 30.474
292.479 30.505
292.734 30.530
292.989 30.569
293.245 30.612
293.500 30.656
293.756 30.704
294.011 30.748
294.267 30.776
294.522 30.800
294.778 30.843
295.033 30.878
295.288 30.911
295.544 30.940
295.799 30.971
296.055 31.007
296.310 31.041
296.566 31.076
296.821 31.120
297.077 31.156
297.332 31.195
297.588 31.226
297.843 31.272
298.098 31.316
298.354 31.357
298.609 31.397
298.865 31.436
299.120 31.468
299.376 31.499
299.631 31.538
299.887 31.585
300.142 31.627
300.397 31.656
300.653 31.692
300.908 31.725
301.164 31.758
301.419 31.789
301.675 31.812
301.930 31.843
302.186 31.883
302.441 31.917
302.697 31.936
302.952 31.956
303.207 31.984
303.463 32.014
303.718 32.047
303.974 32.076
304.229 32.105
304.485 32.136
304.740 32.159
304.996 32.193
305.251 32.227
305.506 32.245
305.762 32.262
306.017 32.290
306.273 32.322
306.528 32.357
306.784 32.389
307.039 32.429
307.295 32.457
307.550 32.481
307.806 32.515
308.061 32.552
308.316 32.588
308.572 32.615
308.827 32.640
309.083 32.669
309.338 32.691
309.594 32.715
309.849 32.751
310.105 32.789
310.360 32.821
310.615 32.854
310.871 32.890
311.126 32.926
311.382 32.972
311.637 33.008
311.893 33.038
312.148 33.064
312.404 33.085
312.659 33.118
312.915 33.146
313.170 33.172
313.429 33.193
313.688 33.220
313.947 33.245
314.206 33.264
314.465 33.287
314.724 33.319
314.983 33.350
315.242 33.370
315.501 33.391
315.760 33.425
316.019 33.467
316.278 33.501
316.536 33.531
316.795 33.561
317.054 33.601
317.313 33.639
317.572 33.678
317.831 33.713
318.090 33.750
318.349 33.788
318.608 33.821
318.867 33.839
319.126 33.862
319.385 33.896
319.644 33.931
319.903 33.968
320.162 34.010
320.421 34.045
320.680 34.071
320.939 34.099
321.198 34.124
321.457 34.144
321.716 34.165
321.975 34.191
322.234 34.213
322.493 34.235
322.752 34.269
323.010 34.306
323.269 34.330
323.528 34.350
323.787 34.377
324.046 34.402
324.305 34.433
324.564 34.462
324.823 34.490
325.082 34.524
325.341 34.559
325.600 34.593
325.859 34.628
326.118 34.666
326.377 34.702
326.636 34.724
326.895 34.747
327.154 34.765
327.413 34.784
327.672 34.801
327.931 34.829
328.190 34.863
328.449 34.891
328.708 34.918
328.967 34.949
329.226 34.981
329.485 35.008
329.743 35.034
330.002 35.068
330.261 35.101
330.520 35.128
330.779 35.152
331.038 35.179
331.297 35.212
331.556 35.231
331.815 35.245
332.074 35.260
332.333 35.284
332.592 35.301
332.851 35.311
333.110 35.338
333.369 35.361
333.628 35.371
333.887 35.384
334.146 35.407
334.405 35.423
334.664 35.449
334.923 35.490
335.182 35.514
335.441 35.533
335.700 35.563
335.959 35.588
336.217 35.616
336.476 35.659
336.735 35.692
336.994 35.739
337.253 35.799
337.512 35.845
337.771 35.880
338.030 35.915
338.289 35.956
338.548 35.982
338.807 36.015
339.066 36.056
339.325 36.079
339.584 36.100
339.843 36.140
340.102 36.181
340.361 36.224
340.620 36.262
340.879 36.293
341.138 36.318
341.397 36.340
341.656 36.363
341.915 36.398
342.174 36.420
342.433 36.465
342.691 36.513
342.950 36.547
343.209 36.586
343.468 36.633
343.727 36.674
343.986 36.710
344.245 36.754
344.504 36.788
344.763 36.835
345.022 36.882
345.281 36.914
345.540 36.941
345.799 36.967
346.058 36.999
346.317 37.037
346.576 37.077
346.835 37.124
347.094 37.158
347.353 37.204
347.612 37.240
347.871 37.290
348.130 37.343
348.389 37.395
348.648 37.443
348.907 37.487
349.166 37.537
349.424 37.598
349.683 37.652
349.942 37.713
350.201 37.775
350.460 37.827
350.719 37.850
350.978 37.876
351.237 37.917
351.496 37.951
351.755 37.991
352.014 38.038
352.273 38.071
352.532 38.115
352.791 38.148
353.050 38.191
353.309 38.249
353.568 38.294
353.827 38.331
354.086 38.363
354.345 38.390
354.604 38.428
354.863 38.466
355.122 38.520
355.381 38.571
355.640 38.608
355.898 38.647
356.157 38.684
356.416 38.721
356.675 38.761
356.934 38.804
357.193 38.869
357.452 38.930
357.711 38.963
357.970 39.014
358.229 39.054
358.488 39.091
358.747 39.134
359.006 39.180
359.265 39.227
359.524 39.281
359.783 39.342
360.042 39.386
360.301 39.444
360.560 39.487
360.819 39.521
361.078 39.569
361.337 39.632
361.596 39.688
361.855 39.743
362.114 39.790
362.372 39.842
362.631 39.896
362.890 39.950
363.149 39.996
363.408 40.057
363.667 40.104
363.926 40.143
364.185 40.195
364.444 40.245
364.703 40.294
364.962 40.346
365.221 40.394
365.480 40.434
365.745 40.463
366.009 40.516
366.274 40.587
366.539 40.661
366.804 40.731
367.068 40.785
367.333 40.839
367.598 40.900
367.863 40.955
368.127 41.015
368.392 41.067
368.657 41.123
368.921 41.157
369.186 41.196
369.451 41.248
369.716 41.314
369.980 41.381
370.245 41.446
370.510 41.502
370.775 41.553
371.039 41.597
371.304 41.644
371.569 41.705
371.834 41.778
372.098 41.845
372.363 41.917
372.628 41.996
372.892 42.069
373.157 42.111
373.422 42.150
373.687 42.208
373.951 42.265
374.216 42.319
374.481 42.368
374.746 42.439
375.010 42.506
375.275 42.562
375.540 42.609
375.804 42.660
376.069 42.725
376.334 42.779
376.599 42.829
376.863 42.895
377.128 42.966
377.393 43.017
377.658 43.080
377.922 43.148
378.187 43.221
378.452 43.285
378.716 43.343
378.981 43.416
379.246 43.480
379.511 43.536
379.775 43.611
380.040 43.689
380.305 43.754
380.570 43.821
380.834 43.894
381.099 43.958
381.364 44.026
381.629 44.094
381.893 44.164
382.158 44.229
382.423 44.284
382.687 44.335
382.952 44.396
383.217 44.464
383.482 44.528
383.746 44.581
384.011 44.636
384.276 44.692
384.541 44.756
384.805 44.818
385.070 44.892
385.335 44.956
385.599 45.018
385.864 45.066
386.129 45.132
386.394 45.206
386.658 45.279
386.923 45.363
387.188 45.447
387.453 45.525
387.717 45.581
387.982 45.623
388.247 45.677
388.511 45.734
388.776 45.782
389.041 45.839
389.306 45.908
389.570 45.980
389.835 46.050
390.100 46.114
390.365 46.193
390.629 46.276
390.894 46.338
391.159 46.395
391.424 46.455
391.688 46.513
391.953 46.570
392.218 46.626
392.482 46.689
392.747 46.754
393.012 46.809
393.277 46.868
393.541 46.942
393.806 47.003
394.071 47.063
394.336 47.122
394.600 47.184
394.865 47.240
395.130 47.284
395.394 47.348
395.659 47.416
395.924 47.466
396.189 47.509
396.453 47.551
396.718 47.599
396.983 47.647
397.248 47.702
397.512 47.756
397.777 47.811
398.042 47.858
398.306 47.902
398.571 47.947
398.836 48.004
399.101 48.048
399.365 48.094
399.630 48.149
399.895 48.204
400.160 48.255
400.424 48.303
400.689 48.364
400.954 48.427
401.219 48.485
401.483 48.539
401.748 48.600
402.013 48.672
402.277 48.712
402.542 48.761
402.807 48.812
403.072 48.859
403.336 48.909
403.601 48.967
403.866 49.038
404.131 49.112
404.395 49.199
404.660 49.284
404.929 49.347
405.198 49.409
405.466 49.477
405.735 49.551
406.004 49.621
406.273 49.695
406.542 49.775
406.810 49.845
407.079 49.915
407.348 49.988
407.617 50.061
407.886 50.148
408.154 50.227
408.423 50.305
408.692 50.389
408.961 50.483
409.229 50.581
409.498 50.676
409.767 50.761
410.036 50.835
410.305 50.909
410.573 50.999
410.842 51.083
411.111 51.175
411.380 51.267
411.649 51.342
411.917 51.420
412.186 51.512
412.455 51.600
412.724 51.696
412.993 51.793
413.261 51.886
413.530 51.963
413.799 52.045
414.068 52.138
414.337 52.236
414.605 52.239
414.874 52.328
415.143 52.422
415.412 52.527
415.681 52.626
415.949 52.707
416.218 52.803
416.487 52.901
416.756 53.009
417.024 53.114
417.293 53.194
417.562 53.280
417.831 53.371
418.100 53.460
418.368 53.550
418.637 53.628
418.906 53.697
419.175 53.768
419.444 53.854
419.712 53.932
419.981 53.993
420.250 54.071
420.519 54.159
420.788 54.216
421.056 54.260
421.325 54.321
421.594 54.390
421.863 54.454
422.132 54.516
422.400 54.565
422.669 54.626
422.938 54.699
423.207 54.751
423.476 54.796
423.744 54.862
424.013 54.927
424.282 54.975
424.551 55.030
424.819 55.068
425.088 55.117
425.357 55.176
425.626 55.221
425.895 55.275
426.163 55.337
426.432 55.403
426.701 55.451
426.970 55.495
427.239 55.545
427.507 55.581
427.776 55.627
428.045 55.674
428.314 55.719
428.583 55.766
428.851 55.811
429.120 55.859
429.389 55.906
429.658 55.946
429.927 55.989
430.195 56.032
430.464 56.061
430.733 56.093
431.002 56.109
431.271 56.135
431.539 56.172
431.808 56.204
432.077 56.240
432.346 56.287
432.614 56.321
432.883 56.355
433.152 56.387
433.421 56.422
433.690 56.453
433.958 56.468
434.227 56.483
434.496 56.506
434.765 56.521
435.034 56.550
435.302 56.578
435.571 56.601
435.840 56.613
436.116 56.636
436.393 56.675
436.669 56.698
436.945 56.703
437.221 56.718
437.498 56.746
437.774 56.776
438.050 56.800
438.326 56.798
438.603 56.807
438.879 56.830
439.155 56.840
439.431 56.837
439.708 56.844
439.984 56.858
440.260 56.856
440.537 56.861
440.813 56.872
441.089 56.878
441.365 56.894
441.642 56.887
441.918 56.883
442.194 56.884
442.470 56.863
442.747 56.843
443.023 56.817
443.299 56.789
443.575 56.771
443.852 56.760
444.128 56.757
444.404 56.744
444.680 56.732
444.957 56.720
445.233 56.710
445.509 56.693
445.786 56.676
446.062 56.656
446.338 56.645
446.614 56.631
446.891 56.634
447.167 56.621
447.443 56.608
447.719 56.595
447.996 56.591
448.272 56.576
448.548 56.557
448.824 56.534
449.101 56.512
449.377 56.498
449.653 56.482
449.930 56.457
450.206 56.427
450.482 56.422
450.758 56.418
451.035 56.399
451.311 56.376
451.587 56.364
451.863 56.350
452.140 56.337
452.416 56.310
452.692 56.283
452.968 56.249
453.245 56.218
453.521 56.200
453.797 56.194
454.074 56.179
454.350 56.152
454.626 56.126
454.902 56.111
455.179 56.093
455.455 56.067
455.731 56.041
456.007 56.013
456.284 55.988
456.560 55.962
456.836 55.938
457.112 55.913
457.389 55.888
457.665 55.856
457.941 55.821
458.218 55.784
458.494 55.766
458.770 55.729
459.046 55.688
459.323 55.655
459.599 55.630
459.875 55.605
460.151 55.590
460.428 55.559
460.704 55.518
460.980 55.469
461.256 55.435
461.533 55.404
461.809 55.364
462.085 55.318
462.361 55.287
462.638 55.253
462.914 55.213
463.190 55.173
463.467 55.121
463.743 55.054
464.019 54.990
464.295 54.939
464.572 54.892
464.848 54.838
465.124 54.780
465.400 54.719
465.677 54.652
465.953 54.584
466.229 54.504
466.505 54.426
466.782 54.356
467.058 54.289
467.334 54.216
467.611 54.138
467.887 54.063
468.163 53.976
468.439 53.871
468.716 53.758
468.992 53.657
469.268 53.565
469.544 53.470
469.821 53.383
470.097 53.286
470.373 53.183
470.649 53.077
470.926 52.965
471.202 52.861
471.478 52.753
471.755 52.641
472.031 52.552
472.307 52.466
472.583 52.359
472.860 52.260
473.136 52.163
473.412 52.066
473.688 51.967
473.965 51.869
474.241 51.767
474.517 51.680
474.793 51.599
475.070 51.526
475.346 51.445
475.622 51.375
475.899 51.312
476.175 51.253
476.451 51.192
476.727 51.123
477.004 51.055
477.280 50.991
477.556 50.948
477.832 50.918
478.109 50.877
478.385 50.821
478.661 50.782
478.937 50.747
479.214 50.707
479.490 50.679
479.766 50.655
480.043 50.627
480.319 50.617
480.595 50.610
480.871 50.612
481.148 50.608
481.424 50.600
481.700 50.595
481.976 50.603
482.253 50.609
482.529 50.621
482.805 50.633
483.081 50.654
483.358 50.678
483.634 50.700
483.910 50.710
484.186 50.727
484.463 50.756
484.739 50.790
485.015 50.830
485.292 50.880
485.568 50.926
485.844 50.960
486.120 51.002
486.397 51.048
486.673 51.092
486.949 51.137
487.225 51.173
487.502 51.215
487.778 51.266
488.054 51.314
488.330 51.367
488.607 51.408
488.883 51.434
489.159 51.457
489.436 51.496
489.712 51.529
489.988 51.564
490.264 51.597
490.541 51.626
490.817 51.647
491.093 51.666
491.369 51.686
491.646 51.701
491.922 51.702
492.198 51.684
492.474 51.666
492.751 51.653
493.027 51.620
493.303 51.582
493.580 51.551
493.856 51.515
494.132 51.475
494.408 51.416
494.685 51.347
494.961 51.265
495.237 51.194
495.513 51.117
495.790 51.035
496.066 50.949
496.342 50.857
496.618 50.757
496.895 50.647
497.171 50.515
497.447 50.381
497.724 50.237
498.000 50.088
498.276 49.945
498.552 49.796
498.829 49.632
499.105 49.465
499.381 49.298
499.657 49.127
499.934 48.942
500.210 48.757
500.486 48.575
500.762 48.395
501.039 48.190
501.315 47.981
501.591 47.774
501.867 47.571
502.144 47.362
502.420 47.144
502.696 46.925
502.973 46.703
503.249 46.473
503.525 46.235
503.801 45.987
504.078 45.743
504.354 45.482
504.630 45.226
504.906 44.969
505.183 44.707
505.459 44.447
505.735 44.183
506.011 43.916
506.288 43.652
506.564 43.385
506.840 43.109
507.117 42.834
507.393 42.559
507.669 42.278
507.945 41.993
508.222 41.703
508.498 41.411
508.774 41.110
509.050 40.821
509.327 40.536
509.603 40.245
509.879 39.966
510.155 39.678
510.432 39.386
510.708 39.086
510.984 38.786
511.261 38.495
511.537 38.204
511.813 37.916
512.089 37.620
512.366 37.326
512.642 37.026
512.918 36.730
513.194 36.424
513.471 36.114
513.747 35.812
514.023 35.523
514.299 35.235
514.576 34.953
514.852 34.668
515.128 34.375
515.405 34.082
515.681 33.788
515.957 33.502
516.233 33.212
516.510 32.917
516.786 32.636
517.062 32.352
517.338 32.057
517.615 31.766
517.891 31.483
518.167 31.198
518.443 30.907
518.720 30.613
518.996 30.320
519.272 30.040
519.548 29.765
519.825 29.481
520.101 29.206
520.377 28.941
520.654 28.678
520.930 28.404
521.206 28.141
521.482 27.885
521.759 27.627
522.035 27.360
522.311 27.100
522.587 26.840
522.864 26.588
523.140 26.326
523.416 26.061
523.692 25.806
523.969 25.551
524.245 25.294
524.521 25.051
524.798 24.809
525.074 24.558
525.350 24.306
525.626 24.073
525.903 23.842
526.179 23.601
526.455 23.362
526.731 23.126
527.008 22.899
527.284 22.674
527.560 22.453
527.836 22.229
528.113 22.006
528.389 21.788
528.665 21.571
528.942 21.351
529.218 21.135
529.494 20.929
529.770 20.718
530.047 20.510
530.323 20.312
530.599 20.112
530.875 19.917
531.152 19.716
531.428 19.517
531.704 19.316
531.980 19.119
532.257 18.930
532.533 18.746
532.809 18.560
533.086 18.373
533.362 18.190
533.638 18.012
533.914 17.834
534.191 17.662
534.467 17.488
534.743 17.321
535.019 17.157
535.296 16.994
535.572 16.840
535.848 16.688
536.124 16.535
536.401 16.383
536.677 16.234
536.953 16.084
537.230 15.935
537.506 15.795
537.782 15.664
538.058 15.529
538.335 15.386
538.611 15.254
538.887 15.126
539.163 14.998
539.440 14.878
539.716 14.758
539.992 14.642
540.268 14.533
540.545 14.420
540.821 14.309
541.097 14.203
541.373 14.099
541.650 14.004
541.926 13.910
542.202 13.819
542.479 13.728
542.755 13.637
543.031 13.554
543.307 13.474
543.584 13.390
543.860 13.308
544.136 13.227
544.412 13.151
544.689 13.085
544.965 13.019
545.241 12.953
545.517 12.891
545.794 12.831
546.070 12.775
546.356 12.722
546.642 12.664
546.928 12.618
547.214 12.568
547.500 12.512
547.786 12.460
548.072 12.416
548.358 12.374
548.644 12.335
548.930 12.296
549.216 12.259
549.502 12.219
549.788 12.177
550.074 12.146
550.360 12.112
550.646 12.068
550.932 12.028
551.218 11.988
551.504 11.950
551.790 11.915
552.076 11.874
552.362 11.839
552.648 11.796
552.934 11.757
553.220 11.721
553.506 11.686
553.793 11.656
554.079 11.623
554.365 11.589
554.651 11.555
554.937 11.516
555.223 11.483
555.509 11.456
555.795 11.416
556.081 11.377
556.367 11.341
556.653 11.309
556.939 11.272
557.225 11.241
557.511 11.205
557.797 11.167
558.083 11.131
558.369 11.093
558.655 11.055
558.941 11.015
559.227 10.976
559.513 10.930
559.799 10.888
560.085 10.848
560.371 10.805
560.657 10.761
560.943 10.715
561.229 10.671
561.515 10.629
561.801 10.584
562.087 10.534
562.373 10.485
562.659 10.437
562.945 10.391
563.231 10.349
563.517 10.297
563.803 10.240
564.089 10.190
564.375 10.136
564.661 10.091
564.947 10.047
565.233 9.994
565.519 9.943
565.805 9.896
566.091 9.848
566.377 9.798
566.663 9.747
566.949 9.697
567.235 9.651
567.521 9.602
567.807 9.559
568.093 9.522
568.379 9.479
568.665 9.438
568.951 9.399
569.237 9.355
569.524 9.314
569.810 9.274
570.096 9.240
570.382 9.203
570.668 9.171
570.954 9.134
571.240 9.095
571.526 9.055
571.812 9.014
572.098 8.973
572.384 8.942
572.670 8.908
572.956 8.865
573.242 8.830
573.528 8.803
573.814 8.774
574.100 8.741
574.386 8.713
574.672 8.681
574.958 8.647
575.244 8.617
575.530 8.592
575.816 8.572
576.102 8.546
576.388 8.517
576.674 8.495
576.960 8.477
577.248 8.453
577.536 8.431
577.824 8.411
578.113 8.388
578.401 8.368
578.689 8.351
578.977 8.338
579.265 8.325
579.553 8.310
579.841 8.296
580.130 8.283
580.418 8.268
580.706 8.246
580.994 8.235
581.282 8.228
581.570 8.220
581.858 8.209
582.147 8.194
582.435 8.191
582.723 8.194
583.011 8.193
583.299 8.189
583.587 8.182
583.875 8.176
584.164 8.169
584.452 8.168
584.740 8.162
585.028 8.160
585.316 8.153
585.604 8.152
585.892 8.152
586.181 8.146
586.469 8.141
586.757 8.139
587.045 8.138
587.333 8.133
587.621 8.129
587.909 8.124
588.198 8.116
588.486 8.117
588.774 8.118
589.062 8.122
589.350 8.123
589.638 8.122
589.927 8.117
590.215 8.113
590.503 8.119
590.791 8.129
591.079 8.133
591.367 8.139
591.655 8.148
591.944 8.156
592.232 8.158
592.520 8.166
592.808 8.178
593.096 8.184
593.384 8.188
593.672 8.195
593.961 8.203
594.249 8.208
594.537 8.217
594.825 8.228
595.113 8.236
595.401 8.246
595.689 8.257
595.978 8.270
596.266 8.282
596.554 8.292
596.842 8.302
597.130 8.315
597.418 8.332
597.706 8.347
597.995 8.355
598.283 8.366
598.571 8.372
598.859 8.382
599.147 8.388
599.435 8.402
599.723 8.416
600.012 8.423
600.300 8.425
600.588 8.433
600.876 8.442
601.164 8.454
601.452 8.473
601.740 8.486
602.029 8.494
602.317 8.510
602.605 8.522
602.893 8.539
603.181 8.548
603.469 8.557
603.757 8.570
604.046 8.579
604.334 8.589
604.622 8.602
604.910 8.618
605.198 8.632
605.486 8.649
605.774 8.663
606.063 8.673
606.351 8.684
606.639 8.695
606.927 8.708
607.215 8.727
607.503 8.741
607.791 8.760
608.080 8.773
608.368 8.784
608.656 8.792
608.944 8.800
609.232 8.808
609.520 8.819
609.808 8.835
610.097 8.854
610.385 8.866
610.673 8.880
610.961 8.888
611.249 8.903
611.537 8.918
611.825 8.923
612.114 8.927
612.402 8.926
612.690 8.928
612.978 8.929
613.266 8.931
613.554 8.936
613.843 8.940
614.131 8.940
614.419 8.936
614.707 8.935
614.995 8.931
615.283 8.927
615.571 8.939
615.860 8.956
616.148 8.961
616.436 8.968
616.724 8.975
617.012 8.976
617.300 8.973
617.588 8.969
617.877 8.970
618.165 8.967
618.453 8.970
618.741 8.977
619.029 8.972
619.317 8.969
619.605 8.968
619.894 8.966
620.182 8.969
620.470 8.966
620.758 8.969
621.046 8.976
621.334 8.979
621.622 8.988
621.911 8.997
622.199 9.005
622.487 9.009
622.775 9.008
623.063 9.010
623.351 9.019
623.639 9.029
623.928 9.038
624.216 9.050
624.504 9.055
624.792 9.057
625.080 9.065
625.368 9.071
625.656 9.084
625.945 9.100
626.233 9.114
626.521 9.124
626.809 9.127
627.097 9.132
627.385 9.144
627.673 9.151
627.962 9.160
628.250 9.172
628.538 9.184
628.826 9.196
629.114 9.206
629.402 9.226
629.690 9.252
629.979 9.281
630.267 9.299
630.555 9.326
630.843 9.356
631.131 9.380
631.419 9.404
631.707 9.433
631.996 9.472
632.284 9.513
632.572 9.551
632.860 9.589
633.148 9.616
633.436 9.644
633.724 9.684
634.013 9.730
634.301 9.781
634.589 9.820
634.877 9.863
635.165 9.916
635.453 9.967
635.741 10.019
636.030 10.070
636.318 10.116
636.606 10.170
636.894 10.223
637.182 10.286
637.470 10.343
637.759 10.403
638.047 10.471
638.335 10.534
638.623 10.595
638.911 10.659
639.199 10.726
639.487 10.799
639.776 10.867
640.064 10.940
640.352 11.021
640.640 11.108
640.928 11.187
641.216 11.266
641.504 11.352
641.793 11.435
642.081 11.525
642.369 11.619
642.657 11.712
642.945 11.808
643.233 11.902
643.521 11.995
643.810 12.096
644.098 12.199
644.386 12.308
644.674 12.427
644.962 12.544
645.250 12.661
645.538 12.777
645.827 12.891
646.115 13.016
646.403 13.137
646.691 13.263
646.979 13.394
647.267 13.520
647.555 13.646
647.844 13.790
648.132 13.924
648.420 14.052
648.708 14.184
648.996 14.326
649.284 14.470
649.572 14.608
649.861 14.744
650.149 14.894
650.437 15.056
650.725 15.216
651.013 15.370
651.301 15.529
651.589 15.676
651.878 15.822
652.166 16.002
652.454 16.193
652.742 16.376
653.030 16.562
653.318 16.746
653.606 16.933
653.895 17.127
654.183 17.319
654.471 17.521
654.759 17.716
655.047 17.920
655.335 18.125
655.623 18.333
655.912 18.547
656.200 18.760
656.488 18.981
656.776 19.198
657.064 19.412
657.352 19.639
657.640 19.871
657.929 20.103
658.217 20.326
658.505 20.560
658.793 20.808
659.081 21.051
659.369 21.292
659.657 21.538
659.946 21.784
660.234 22.041
660.522 22.302
660.810 22.561
661.098 22.820
661.386 23.077
661.675 23.339
661.963 23.606
662.251 23.865
662.539 24.126
662.827 24.401
663.115 24.698
663.403 24.989
663.692 25.268
663.980 25.563
664.268 25.863
664.556 26.153
664.844 26.445
665.132 26.748
665.420 27.046
665.709 27.351
665.997 27.665
666.285 27.984
666.573 28.296
666.861 28.605
667.149 28.928
667.437 29.258
667.726 29.585
668.014 29.906
668.302 30.232
668.590 30.565
668.878 30.890
669.166 31.221
669.454 31.566
669.743 31.890
670.031 32.209
670.319 32.542
670.607 32.876
670.895 33.216
671.183 33.555
671.471 33.887
671.760 34.226
672.048 34.566
672.336 34.913
672.624 35.261
672.912 35.606
673.200 35.941
673.488 36.280
673.777 36.629
674.065 36.983
674.353 37.327
674.641 37.669
674.929 38.017
675.217 38.370
675.505 38.714
675.794 39.063
676.082 39.413
676.370 39.756
676.658 40.102
676.946 40.457
677.234 40.819
677.522 41.178
677.811 41.535
678.099 41.882
678.387 42.234
678.675 42.581
678.963 42.930
679.251 43.282
679.539 43.632
679.828 43.990
680.116 44.353
680.404 44.701
680.692 45.025
680.980 45.369
681.268 45.708
681.556 46.031
681.845 46.349
682.133 46.682
682.421 47.027
682.709 47.353
682.997 47.683
683.285 48.018
683.573 48.343
683.862 48.661
684.150 48.991
684.438 49.329
684.726 49.655
685.014 49.984
685.302 50.310
685.591 50.634
685.879 50.953
686.167 51.279
686.455 51.608
686.743 51.941
687.031 52.256
687.319 52.564
687.608 52.877
687.896 53.188
688.184 53.492
688.472 53.795
688.760 54.095
689.048 54.399
689.336 54.689
689.625 54.965
689.913 55.249
690.201 55.542
690.489 55.834
690.777 56.118
691.065 56.397
691.353 56.663
691.642 56.934
691.930 57.203
692.218 57.469
692.506 57.731
692.794 57.981
693.082 58.239
693.370 58.500
693.659 58.757
693.947 59.003
694.235 59.247
694.523 59.493
694.811 59.729
695.099 59.968
695.387 60.197
695.676 60.424
695.964 60.647
696.252 60.893
696.540 61.138
696.836 61.364
697.133 61.578
697.429 61.791
697.725 61.990
698.021 62.183
698.318 62.379
698.614 62.567
698.910 62.782
699.207 62.985
699.503 63.181
699.799 63.357
700.095 63.529
700.392 63.715
700.688 63.888
700.984 64.060
701.281 64.232
701.577 64.400
701.873 64.557
702.169 64.710
702.466 64.876
702.762 65.022
703.058 65.161
703.355 65.281
703.651 65.412
703.947 65.536
704.243 65.667
704.540 65.791
704.836 65.920
705.132 66.062
705.428 66.179
705.725 66.277
706.021 66.384
706.317 66.490
706.614 66.589
706.910 66.697
707.206 66.808
707.502 66.933
707.799 67.042
708.095 67.152
708.391 67.252
708.688 67.350
708.984 67.437
709.280 67.526
709.576 67.604
709.873 67.687
710.169 67.773
710.465 67.854
710.762 67.942
711.058 68.020
711.354 68.095
711.650 68.172
711.947 68.254
712.243 68.322
712.539 68.391
712.836 68.460
713.132 68.509
713.428 68.558
713.724 68.623
714.021 68.678
714.317 68.714
714.613 68.732
714.910 68.772
715.206 68.825
715.502 68.863
715.798 68.908
716.095 68.962
716.391 69.008
716.687 69.064
716.984 69.100
717.280 69.152
717.576 69.201
717.872 69.249
718.169 69.276
718.465 69.319
718.761 69.351
719.058 69.377
719.354 69.414
719.650 69.470
719.946 69.510
720.243 69.542
720.539 69.562
720.835 69.581
721.131 69.604
721.428 69.637
721.724 69.671
722.020 69.719
722.317 69.771
722.613 69.798
722.909 69.821
723.205 69.842
723.502 69.870
723.798 69.927
724.094 69.971
724.391 69.998
724.687 70.020
724.983 70.037
725.279 70.058
725.576 70.072
725.872 70.091
726.168 70.096
726.465 70.085
726.761 70.091
727.057 70.126
727.353 70.168
727.650 70.202
727.946 70.247
728.242 70.270
728.539 70.275
728.835 70.288
729.131 70.304
729.427 70.315
729.724 70.324
730.020 70.342
730.316 70.376
730.613 70.384
730.909 70.397
731.205 70.408
731.501 70.442
731.798 70.462
732.094 70.485
732.390 70.498
732.687 70.537
732.983 70.568
733.279 70.580
733.575 70.598
733.872 70.611
734.168 70.639
734.464 70.679
734.761 70.673
735.057 70.674
735.353 70.691
735.649 70.715
735.946 70.743
736.242 70.788
736.538 70.799
736.835 70.821
737.131 70.840
737.427 70.872
737.723 70.883
738.020 70.902
738.316 70.906
738.612 70.908
738.909 70.928
739.205 70.963
739.501 70.992
739.797 71.018
740.094 71.030
740.390 71.028
740.686 71.056
740.982 71.051
741.279 71.042
741.575 71.068
741.871 71.072
742.168 71.067
742.464 71.071
742.760 71.116
743.056 71.147
743.353 71.166
743.649 71.192
743.945 71.208
744.242 71.208
744.538 71.232
744.834 71.252
745.130 71.238
745.427 71.219
745.723 71.217
746.019 71.204
746.316 71.207
746.612 71.226
746.908 71.238
747.204 71.242
747.501 71.258
747.797 71.276
748.093 71.282
748.390 71.282
748.686 71.299
748.982 71.301
749.278 71.309
749.575 71.291
749.871 71.282
750.167 71.283
750.464 71.290
750.760 71.292
751.056 71.292
751.352 71.299
751.649 71.280
751.945 71.284
752.241 71.280
752.538 71.276
752.834 71.294
753.130 71.298
753.426 71.290
753.723 71.301
754.019 71.298
754.315 71.279
754.611 71.275
754.908 71.284
755.204 71.300
755.500 71.284
755.797 71.263
756.093 71.278
756.389 71.299
756.685 71.326
756.982 71.363
757.278 71.378
757.574 71.377
757.871 71.380
758.167 71.365
758.463 71.360
758.759 71.367
759.056 71.386
759.352 71.408
759.648 71.400
759.945 71.396
760.241 71.403
760.537 71.430
760.833 71.427
761.130 71.416
761.426 71.406
761.722 71.400
762.019 71.406
762.315 71.423
762.611 71.428
762.907 71.423
763.204 71.441
763.500 71.475
763.804 71.506
764.108 71.537
764.412 71.555
764.716 71.559
765.020 71.569
765.324 71.589
765.628 71.604
765.932 71.592
766.236 71.574
766.540 71.547
766.844 71.535
767.148 71.530
767.452 71.549
767.756 71.563
768.060 71.558
768.364 71.546
768.668 71.544
768.972 71.534
769.276 71.539
769.580 71.539
769.884 71.565
770.188 71.600
770.492 71.597
770.796 71.585
771.100 71.579
771.404 71.591
771.708 71.590
772.012 71.577
772.316 71.582
772.620 71.593
772.924 71.611
773.228 71.605
773.532 71.606
773.836 71.638
774.140 71.672
774.444 71.667
774.748 71.696
775.052 71.711
775.356 71.701
775.659 71.691
775.963 71.702
776.267 71.700
776.571 71.702
776.875 71.719
777.179 71.729
777.483 71.742
777.787 71.742
778.091 71.756
778.395 71.763
778.699 71.773
779.003 71.765
779.307 71.749
779.611 71.752
779.915 71.774
780.219 71.792
780.523 71.802
780.827 71.798
781.131 71.824
781.435 71.847
781.739 71.854
782.043 71.882
782.347 71.894
782.651 71.881
782.955 71.875
783.259 71.877
783.563 71.859
783.867 71.847
784.171 71.833
784.475 71.827
784.779 71.824
785.083 71.850
785.387 71.862
785.691 71.872
785.995 71.873
786.299 71.884
786.603 71.925
786.907 71.947
787.211 71.961
787.515 71.992
787.819 71.998
788.123 72.020
788.427 72.031
788.731 72.007
789.035 72.035
789.339 72.056
789.643 72.056
789.947 72.052
790.251 72.072
790.555 72.102
790.859 72.125
791.163 72.142
791.467 72.158
791.771 72.180
792.075 72.183
792.379 72.173
792.683 72.167
792.987 72.179
793.291 72.144
793.595 72.128
793.899 72.139
794.203 72.141
794.507 72.149
794.811 72.151
795.115 72.145
795.419 72.128
795.723 72.096
796.027 72.085
796.331 72.095
796.635 72.110
796.939 72.112
797.243 72.100
797.547 72.112
797.851 72.123
798.155 72.121
798.459 72.102
798.763 72.072
799.067 72.050
799.371 72.056
799.674 72.048
799.978 72.072
800.282 72.104
800.586 72.057
800.890 72.001
801.194 71.984
801.498 71.977
801.802 71.981
802.106 72.019
802.410 72.052
802.714 72.070
803.018 72.109
803.322 72.142
803.626 72.147
803.930 72.152
804.234 72.162
804.538 72.165
804.842 72.186
805.146 72.168
805.450 72.184
805.754 72.203
806.058 72.188
806.362 72.173
806.666 72.154
806.970 72.168
807.274 72.162
807.578 72.146
807.882 72.126
808.186 72.124
808.490 72.148
808.794 72.150
809.098 72.137
809.402 72.146
809.706 72.165
810.010 72.142
810.314 72.142
810.618 72.141
810.922 72.126
811.226 72.128
811.530 72.129
811.834 72.142
812.137 72.141
812.441 72.153
812.744 72.172
813.048 72.181
813.351 72.208
813.655 72.216
813.958 72.213
814.262 72.242
814.565 72.247
814.869 72.247
815.172 72.251
815.476 72.261
815.779 72.265
816.083 72.265
816.386 72.265
816.690 72.277
816.993 72.300
817.297 72.338
817.600 72.376
817.904 72.391
818.208 72.385
818.511 72.363
818.815 72.316
819.118 72.320
819.422 72.343
819.725 72.359
820.029 72.388
820.332 72.394
820.636 72.392
820.939 72.401
821.243 72.397
821.546 72.406
821.850 72.416
822.153 72.441
822.457 72.460
822.760 72.461
823.064 72.493
823.367 72.515
823.671 72.506
823.974 72.475
824.278 72.446
824.582 72.462
824.885 72.473
825.189 72.474
825.492 72.462
825.796 72.459
826.099 72.468
826.403 72.478
826.706 72.494
827.010 72.493
827.313 72.495
827.617 72.489
827.920 72.452
828.224 72.423
828.527 72.420
828.831 72.395
829.134 72.399
829.438 72.436
829.741 72.465
830.045 72.447
830.348 72.437
830.652 72.470
830.956 72.491
831.259 72.490
831.563 72.477
831.866 72.457
832.170 72.498
832.473 72.542
832.777 72.542
833.080 72.538
833.384 72.541
833.687 72.533
833.991 72.527
834.294 72.537
834.598 72.521
834.901 72.529
835.205 72.524
835.508 72.492
835.812 72.468
836.115 72.457
836.419 72.462
836.722 72.459
837.026 72.461
837.330 72.474
837.633 72.465
837.937 72.440
838.240 72.440
838.544 72.445
838.847 72.434
839.151 72.419
839.454 72.399
839.758 72.387
840.061 72.375
840.365 72.393
840.668 72.377
840.972 72.378
841.275 72.402
841.579 72.405
841.882 72.381
842.186 72.392
842.489 72.377
842.793 72.403
843.097 72.435
843.400 72.482
843.704 72.500
844.007 72.521
844.311 72.543
844.614 72.548
844.918 72.577
845.221 72.599
845.525 72.616
845.828 72.599
846.132 72.581
846.435 72.613
846.739 72.624
847.042 72.652
847.346 72.714
847.649 72.753
847.953 72.742
848.256 72.725
848.560 72.750
848.863 72.778
849.167 72.756
849.471 72.719
849.774 72.696
850.078 72.705
850.381 72.729
850.685 72.747
850.988 72.752
851.292 72.730
851.595 72.738
851.899 72.743
852.202 72.728
852.506 72.727
852.809 72.722
853.113 72.748
853.416 72.734
853.720 72.719
854.023 72.757
854.327 72.765
854.630 72.731
854.934 72.699
855.237 72.691
855.541 72.661
855.845 72.674
856.148 72.696
856.452 72.712
856.755 72.694
857.059 72.667
857.362 72.666
857.666 72.670
857.969 72.658
858.273 72.648
858.576 72.639
858.880 72.601
859.183 72.582
859.487 72.581
859.790 72.564
860.094 72.518
860.397 72.490
860.701 72.481
861.004 72.496
861.308 72.461
861.611 72.418
861.915 72.362
862.219 72.328
862.522 72.306
862.826 72.290
863.129 72.264
863.433 72.217
863.736 72.175
864.040 72.139
864.343 72.147
864.647 72.179
864.950 72.157
865.254 72.146
865.557 72.108
865.861 72.060
866.164 72.042
866.468 72.009
866.771 71.939
867.075 71.918
867.378 71.889
867.682 71.887
867.985 71.890
868.289 71.884
868.593 71.864
868.896 71.850
869.200 71.802
869.503 71.788
869.807 71.803
870.110 71.796
870.414 71.800
870.717 71.791
871.021 71.773
871.324 71.764
871.628 71.731
871.931 71.719
872.235 71.735
872.538 71.682
872.842 71.660
873.145 71.658
873.449 71.649
873.752 71.676
874.056 71.700
874.359 71.677
874.663 71.691
874.967 71.733
875.270 71.769
875.574 71.793
875.877 71.794
876.181 71.772
876.484 71.760
876.788 71.753
877.091 71.699
877.395 71.644
877.698 71.621
878.002 71.609
878.305 71.577
878.609 71.560
878.912 71.565
879.216 71.575
879.519 71.580
879.823 71.582
880.126 71.594
880.430 71.627
880.733 71.654
881.037 71.670
881.341 71.688
881.644 71.696
881.948 71.713
882.251 71.742
882.555 71.729
882.858 71.711
883.162 71.702
883.465 71.702
883.769 71.702
884.072 71.723
884.376 71.736
884.679 71.718
884.983 71.718
885.286 71.793
885.590 71.811
885.893 71.835
886.197 71.842
886.500 71.841
886.804 71.881
887.107 71.906
887.411 71.900
887.715 71.927
888.018 71.926
888.322 71.911
888.625 71.905
888.929 71.878
889.232 71.883
889.536 71.864
889.839 71.820
890.143 71.817
890.446 71.867
890.750 71.906
891.053 71.942
891.357 71.914
891.660 71.920
891.964 71.943
892.267 71.916
892.571 71.920
892.874 71.937
893.178 71.944
893.482 71.914
893.785 71.877
894.089 71.855
894.392 71.858
894.696 71.880
894.999 71.899
895.303 71.909
895.606 71.940
895.910 71.988
896.213 72.044
896.517 72.041
896.820 72.056
897.124 72.048
897.427 72.050
897.731 72.053
898.034 72.068
898.338 72.075
898.641 72.036
898.945 72.001
899.248 71.992
899.552 72.011
899.856 71.994
900.159 72.011
900.463 72.042
900.766 72.002
901.070 72.027
901.373 72.057
901.677 72.073
901.980 72.092
902.284 72.092
902.587 72.067
902.891 72.050
903.194 72.020
903.498 72.001
903.801 71.965
904.105 71.937
904.408 71.922
904.712 71.907
905.015 71.863
905.319 71.823
905.622 71.819
905.926 71.803
906.230 71.734
906.533 71.683
906.837 71.692
907.140 71.735
907.444 71.748
907.747 71.726
908.051 71.745
908.354 71.808
908.658 71.862
908.961 71.815
909.265 71.728
909.568 71.732
909.872 71.793
910.175 71.825
910.479 71.802
910.782 71.778
911.086 71.785
911.389 71.782
911.693 71.739
911.996 71.726
912.300 71.747
912.613 71.745
912.926 71.717
913.238 71.681
913.551 71.648
913.864 71.637
914.176 71.679
914.489 71.720
914.802 71.701
915.115 71.672
915.427 71.625
915.740 71.633
916.053 71.622
916.366 71.556
916.678 71.490
916.991 71.498
917.304 71.523
917.617 71.527
917.929 71.560
918.242 71.540
918.555 71.537
918.868 71.536
919.180 71.535
919.493 71.566
919.806 71.517
920.119 71.468
920.431 71.403
920.744 71.341
921.057 71.336
921.370 71.353
921.682 71.312
921.995 71.278
922.308 71.291
922.621 71.310
922.933 71.355
923.246 71.368
923.559 71.329
923.872 71.329
924.184 71.316
924.497 71.301
924.810 71.336
925.123 71.409
925.435 71.468
925.748 71.465
926.061 71.457
926.374 71.452
926.686 71.447
926.999 71.444
927.312 71.497
927.625 71.510
927.937 71.527
928.250 71.625
928.563 71.679
928.876 71.691
929.188 71.713
929.501 71.774
929.814 71.784
930.127 71.689
930.439 71.662
930.752 71.673
931.065 71.672
931.378 71.674
931.690 71.640
932.003 71.641
932.316 71.688
932.629 71.689
932.941 71.694
933.254 71.658
933.567 71.571
933.880 71.565
934.192 71.649
934.505 71.710
934.818 71.754
935.131 71.805
935.443 71.912
935.756 71.978
936.069 72.006
936.382 72.021
936.694 72.055
937.007 72.019
937.320 72.012
937.633 72.027
937.945 71.988
938.258 71.913
938.571 71.843
938.884 71.867
939.196 71.879
939.509 71.904
939.822 71.890
940.135 71.854
940.447 71.860
940.760 71.927
941.073 71.974
941.386 71.925
941.698 71.847
942.011 71.775
942.324 71.716
942.637 71.688
942.949 71.715
943.262 71.750
943.575 71.724
943.888 71.700
944.200 71.653
944.513 71.596
944.826 71.572
945.139 71.545
945.451 71.456
945.764 71.426
946.077 71.397
946.390 71.370
946.702 71.388
947.015 71.327
947.328 71.237
947.641 71.116
947.953 71.031
948.266 70.938
948.579 70.837
948.892 70.800
949.204 70.795
949.517 70.769
949.830 70.747
950.143 70.761
950.455 70.734
950.768 70.792
951.081 70.841
951.394 70.810
951.706 70.828
952.019 70.789
952.332 70.782
952.645 70.818
952.957 70.705
953.270 70.644
953.583 70.646
953.896 70.605
954.208 70.522
954.521 70.477
954.834 70.495
955.147 70.465
955.459 70.466
955.772 70.436
956.085 70.407
956.398 70.334
956.710 70.237
957.023 70.228
957.336 70.282
957.649 70.332
957.961 70.372
958.274 70.430
958.587 70.429
958.900 70.415
959.212 70.354
959.525 70.205
959.838 70.129
960.151 70.115
960.463 70.103
960.776 70.129
961.089 70.145
961.402 70.180
961.714 70.226
962.027 70.180
962.340 70.176
962.653 70.177
962.965 70.131
963.278 70.080
963.591 69.999
963.904 69.980
964.216 69.910
964.529 69.923
964.842 69.912
965.154 69.940
965.467 69.911
965.780 69.756
966.094 69.715
966.409 69.685
966.723 69.707
967.037 69.742
967.352 69.751
967.666 69.786
967.980 69.847
968.295 69.951
968.609 69.961
968.923 69.932
969.238 69.881
969.552 69.808
969.866 69.790
970.181 69.763
970.495 69.728
970.809 69.655
971.124 69.722
971.438 69.657
971.752 69.613
972.067 69.771
972.381 69.768
972.695 69.672
973.010 69.656
973.324 69.697
973.638 69.659
973.953 69.663
974.267 69.680
974.581 69.635
974.896 69.610
975.210 69.629
975.524 69.601
975.839 69.616
976.153 69.623
976.467 69.620
976.781 69.669
977.096 69.668
977.410 69.593
977.724 69.600
978.039 69.636
978.353 69.679
978.667 69.770
978.982 69.820
979.296 69.910
979.610 70.059
979.925 70.053
980.239 70.004
980.553 69.969
980.868 69.961
981.182 69.932
981.496 69.891
981.811 69.826
982.125 69.801
982.439 69.832
982.754 69.888
983.068 69.848
983.382 69.886
983.697 69.904
984.011 69.905
984.325 69.887
984.640 69.821
984.954 69.885
985.268 69.932
985.583 69.992
985.897 70.107
986.211 70.199
986.526 70.170
986.840 70.175
987.154 70.192
987.469 70.100
987.783 70.060
988.097 70.110
988.412 70.122
988.726 70.158
989.040 70.112
989.355 70.046
989.669 70.070
989.983 70.117
990.298 70.063
990.612 70.135
990.926 70.156
991.241 70.149
991.555 70.166
991.869 70.176
992.184 70.136
992.498 70.085
992.812 70.037
993.127 69.967
993.441 69.884
993.755 69.812
994.070 69.762
994.384 69.730
994.698 69.720
995.013 69.755
995.327 69.778
995.641 69.764
995.956 69.690
996.270 69.558
996.584 69.471
996.899 69.458
997.213 69.542
997.527 69.546
997.841 69.496
998.156 69.359
998.470 69.117
998.784 68.917
999.099 68.886
999.413 68.776
999.727 68.711
