200.182 83.876
200.437 83.156
200.691 82.397
200.946 81.615
201.201 80.647
201.455 79.946
201.710 79.250
201.964 78.600
202.219 78.001
202.474 77.282
202.728 76.569
202.983 75.818
203.237 75.027
203.492 74.083
203.747 72.973
204.001 71.905
204.256 70.819
204.510 69.752
204.765 68.796
205.020 68.023
205.274 67.227
205.529 66.271
205.783 65.252
206.038 64.222
206.293 63.201
206.547 62.201
206.802 61.184
207.057 60.334
207.311 59.517
207.566 58.635
207.820 57.638
208.075 56.666
208.330 55.597
208.584 54.458
208.839 53.519
209.093 52.657
209.348 51.742
209.603 50.828
209.857 49.812
210.112 48.953
210.366 48.116
210.621 47.251
210.876 46.281
211.130 45.453
211.385 44.679
211.639 43.750
211.894 42.680
212.149 41.715
212.403 40.938
212.658 40.224
212.913 39.513
213.167 38.752
213.422 38.190
213.676 37.555
213.931 36.826
214.186 36.049
214.440 35.300
214.695 34.667
214.949 34.149
215.204 33.606
215.459 33.013
215.713 32.364
215.968 31.740
216.222 31.080
216.477 30.507
216.732 30.101
216.986 29.631
217.241 29.045
217.495 28.492
217.750 27.978
218.005 27.550
218.259 27.120
218.514 26.602
218.769 26.000
219.023 25.464
219.278 25.022
219.532 24.498
219.787 24.004
220.042 23.517
220.296 23.120
220.551 22.706
220.805 22.309
221.060 21.885
221.315 21.456
221.569 21.000
221.824 20.590
222.078 20.250
222.333 19.846
222.588 19.434
222.842 19.033
223.097 18.665
223.351 18.297
223.606 17.864
223.861 17.412
224.115 17.038
224.370 16.688
224.625 16.343
224.879 16.001
225.134 15.629
225.388 15.280
225.643 14.937
225.898 14.643
226.152 14.346
226.407 14.039
226.661 13.676
226.916 13.348
227.171 13.022
227.425 12.734
227.680 12.463
227.934 12.218
228.189 11.951
228.444 11.696
228.698 11.428
228.953 11.137
229.208 10.881
229.462 10.626
229.717 10.405
229.971 10.179
230.226 9.987
230.481 9.762
230.735 9.571
230.990 9.408
231.244 9.250
231.499 9.092
231.754 8.928
232.008 8.764
232.263 8.621
232.517 8.461
232.772 8.339
233.027 8.202
233.281 8.047
233.536 7.895
233.790 7.722
234.045 7.581
234.300 7.457
234.554 7.337
234.809 7.212
235.064 7.116
235.318 7.030
235.573 6.944
235.827 6.856
236.082 6.760
236.337 6.687
236.591 6.616
236.846 6.549
237.100 6.482
237.355 6.428
237.610 6.375
237.864 6.309
238.119 6.274
238.373 6.219
238.628 6.162
238.883 6.122
239.137 6.071
239.392 6.022
239.646 5.984
239.901 5.952
240.156 5.917
240.410 5.896
240.665 5.866
240.920 5.828
241.174 5.808
241.429 5.788
241.683 5.758
241.938 5.732
242.193 5.713
242.447 5.695
242.702 5.686
242.956 5.674
243.211 5.662
243.466 5.652
243.720 5.656
243.975 5.656
244.229 5.647
244.484 5.624
244.739 5.612
244.993 5.608
245.248 5.597
245.503 5.591
245.757 5.594
246.012 5.592
246.266 5.595
246.521 5.595
246.776 5.600
247.030 5.597
247.285 5.590
247.539 5.584
247.794 5.582
248.049 5.581
248.303 5.577
248.558 5.589
248.812 5.591
249.067 5.572
249.322 5.567
249.576 5.567
249.831 5.570
250.085 5.566
250.340 5.568
250.595 5.579
250.849 5.593
251.104 5.602
251.359 5.608
251.613 5.614
251.868 5.620
252.122 5.616
252.377 5.607
252.632 5.606
252.886 5.604
253.141 5.594
253.395 5.597
253.650 5.604
253.905 5.604
254.161 5.604
254.416 5.603
254.672 5.609
254.927 5.619
255.183 5.622
255.438 5.618
255.694 5.620
255.949 5.626
256.205 5.627
256.460 5.628
256.715 5.624
256.971 5.634
257.226 5.646
257.482 5.651
257.737 5.654
257.993 5.657
258.248 5.664
258.504 5.671
258.759 5.668
259.014 5.670
259.270 5.667
259.525 5.656
259.781 5.659
260.036 5.687
260.292 5.704
260.547 5.705
260.803 5.713
261.058 5.723
261.314 5.727
261.569 5.726
261.824 5.721
262.080 5.719
262.335 5.720
262.591 5.740
262.846 5.757
263.102 5.760
263.357 5.762
263.613 5.771
263.868 5.776
264.123 5.774
264.379 5.774
264.634 5.781
264.890 5.786
265.145 5.797
265.401 5.799
265.656 5.796
265.912 5.793
266.167 5.778
266.423 5.765
266.678 5.762
266.933 5.756
267.189 5.745
267.444 5.736
267.700 5.734
267.955 5.739
268.211 5.738
268.466 5.740
268.722 5.737
268.977 5.734
269.232 5.731
269.488 5.728
269.743 5.724
269.999 5.725
270.254 5.726
270.510 5.725
270.765 5.728
271.021 5.735
271.276 5.740
271.532 5.743
271.787 5.742
272.042 5.734
272.298 5.726
272.553 5.710
272.809 5.697
273.064 5.698
273.320 5.707
273.575 5.711
273.831 5.704
274.086 5.695
274.342 5.689
274.597 5.682
274.852 5.681
275.108 5.686
275.363 5.685
275.619 5.667
275.874 5.648
276.130 5.638
276.385 5.635
276.641 5.635
276.896 5.629
277.151 5.632
277.407 5.634
277.662 5.625
277.918 5.612
278.173 5.593
278.429 5.579
278.684 5.579
278.940 5.579
279.195 5.571
279.451 5.574
279.706 5.571
279.961 5.563
280.217 5.556
280.472 5.551
280.728 5.545
280.983 5.542
281.239 5.538
281.494 5.539
281.750 5.551
282.005 5.560
282.260 5.564
282.516 5.561
282.771 5.559
283.027 5.559
283.282 5.565
283.538 5.565
283.793 5.562
284.049 5.559
284.304 5.556
284.560 5.553
284.815 5.554
285.070 5.560
285.326 5.569
285.581 5.579
285.837 5.574
286.092 5.572
286.348 5.574
286.603 5.578
286.859 5.576
287.114 5.578
287.369 5.585
287.625 5.595
287.880 5.606
288.136 5.623
288.391 5.641
288.647 5.651
288.902 5.646
289.158 5.648
289.413 5.659
289.669 5.672
289.924 5.687
290.179 5.703
290.435 5.714
290.690 5.720
290.946 5.724
291.201 5.737
291.457 5.755
291.712 5.772
291.968 5.786
292.223 5.789
292.479 5.798
292.734 5.801
292.989 5.809
293.245 5.827
293.500 5.846
293.756 5.861
294.011 5.875
294.267 5.883
294.522 5.888
294.778 5.900
295.033 5.913
295.288 5.929
295.544 5.943
295.799 5.957
296.055 5.973
296.310 5.989
296.566 6.005
296.821 6.028
297.077 6.046
297.332 6.055
297.588 6.060
297.843 6.069
298.098 6.084
298.354 6.101
298.609 6.114
298.865 6.124
299.120 6.135
299.376 6.148
299.631 6.155
299.887 6.169
300.142 6.188
300.397 6.199
300.653 6.206
300.908 6.212
301.164 6.220
301.419 6.239
301.675 6.249
301.930 6.252
302.186 6.258
302.441 6.269
302.697 6.272
302.952 6.279
303.207 6.293
303.463 6.307
303.718 6.310
303.974 6.314
304.229 6.329
304.485 6.343
304.740 6.357
304.996 6.365
305.251 6.374
305.506 6.381
305.762 6.387
306.017 6.393
306.273 6.403
306.528 6.415
306.784 6.428
307.039 6.442
307.295 6.443
307.550 6.444
307.806 6.459
308.061 6.469
308.316 6.476
308.572 6.481
308.827 6.485
309.083 6.487
309.338 6.488
309.594 6.489
309.849 6.498
310.105 6.507
310.360 6.513
310.615 6.514
310.871 6.517
311.126 6.523
311.382 6.534
311.637 6.541
311.893 6.540
312.148 6.541
312.404 6.536
312.659 6.534
312.915 6.538
313.170 6.545
313.429 6.554
313.688 6.563
313.947 6.569
314.206 6.574
314.465 6.577
314.724 6.582
314.983 6.590
315.242 6.595
315.501 6.597
315.760 6.602
316.019 6.615
316.278 6.625
316.536 6.630
316.795 6.635
317.054 6.649
317.313 6.656
317.572 6.671
317.831 6.687
318.090 6.697
318.349 6.705
318.608 6.709
318.867 6.706
319.126 6.708
319.385 6.722
319.644 6.737
319.903 6.740
320.162 6.744
320.421 6.752
320.680 6.756
320.939 6.759
321.198 6.758
321.457 6.758
321.716 6.762
321.975 6.763
322.234 6.766
322.493 6.769
322.752 6.773
323.010 6.785
323.269 6.789
323.528 6.786
323.787 6.786
324.046 6.793
324.305 6.810
324.564 6.823
324.823 6.830
325.082 6.841
325.341 6.854
325.600 6.867
325.859 6.877
326.118 6.893
326.377 6.908
326.636 6.913
326.895 6.922
327.154 6.922
327.413 6.926
327.672 6.929
327.931 6.936
328.190 6.951
328.449 6.965
328.708 6.975
328.967 6.981
329.226 6.989
329.485 6.996
329.743 7.002
330.002 7.007
330.261 7.017
330.520 7.027
330.779 7.028
331.038 7.039
331.297 7.059
331.556 7.066
331.815 7.070
332.074 7.071
332.333 7.078
332.592 7.093
332.851 7.098
333.110 7.108
333.369 7.114
333.628 7.114
333.887 7.118
334.146 7.125
334.405 7.135
334.664 7.149
334.923 7.172
335.182 7.188
335.441 7.183
335.700 7.185
335.959 7.197
336.217 7.211
336.476 7.227
336.735 7.239
336.994 7.255
337.253 7.283
337.512 7.310
337.771 7.328
338.030 7.342
338.289 7.358
338.548 7.368
338.807 7.381
339.066 7.406
339.325 7.416
339.584 7.426
339.843 7.443
340.102 7.455
340.361 7.465
340.620 7.480
340.879 7.493
341.138 7.498
341.397 7.497
341.656 7.506
341.915 7.515
342.174 7.517
342.433 7.537
342.691 7.560
342.950 7.581
343.209 7.595
343.468 7.617
343.727 7.632
343.986 7.643
344.245 7.657
344.504 7.673
344.763 7.692
345.022 7.707
345.281 7.721
345.540 7.738
345.799 7.753
346.058 7.765
346.317 7.772
346.576 7.786
346.835 7.807
347.094 7.824
347.353 7.849
347.612 7.864
347.871 7.885
348.130 7.907
348.389 7.914
348.648 7.916
348.907 7.925
349.166 7.948
349.424 7.967
349.683 7.979
349.942 8.003
350.201 8.026
350.460 8.041
350.719 8.041
350.978 8.041
351.237 8.067
351.496 8.092
351.755 8.102
352.014 8.111
352.273 8.124
352.532 8.133
352.791 8.144
353.050 8.167
353.309 8.192
353.568 8.201
353.827 8.210
354.086 8.221
354.345 8.228
354.604 8.240
354.863 8.239
355.122 8.258
355.381 8.281
355.640 8.292
355.898 8.298
356.157 8.311
356.416 8.329
356.675 8.352
356.934 8.370
357.193 8.396
357.452 8.422
357.711 8.431
357.970 8.456
358.229 8.475
358.488 8.477
358.747 8.481
359.006 8.487
359.265 8.507
359.524 8.537
359.783 8.566
360.042 8.581
360.301 8.593
360.560 8.608
360.819 8.619
361.078 8.627
361.337 8.641
361.596 8.667
361.855 8.691
362.114 8.711
362.372 8.740
362.631 8.754
362.890 8.759
363.149 8.757
363.408 8.769
363.667 8.785
363.926 8.801
364.185 8.829
364.444 8.856
364.703 8.878
364.962 8.887
365.221 8.906
365.480 8.933
365.745 8.937
366.009 8.950
366.274 8.978
366.539 8.998
366.804 9.012
367.068 9.021
367.333 9.029
367.598 9.038
367.863 9.046
368.127 9.056
368.392 9.080
368.657 9.096
368.921 9.083
369.186 9.073
369.451 9.086
369.716 9.099
369.980 9.108
370.245 9.127
370.510 9.142
370.775 9.160
371.039 9.176
371.304 9.188
371.569 9.194
371.834 9.209
372.098 9.220
372.363 9.232
372.628 9.240
372.892 9.256
373.157 9.254
373.422 9.256
373.687 9.271
373.951 9.280
374.216 9.285
374.481 9.297
374.746 9.312
375.010 9.329
375.275 9.331
375.540 9.325
375.804 9.314
376.069 9.314
376.334 9.325
376.599 9.332
376.863 9.337
377.128 9.350
377.393 9.362
377.658 9.364
377.922 9.362
378.187 9.376
378.452 9.386
378.716 9.392
378.981 9.398
379.246 9.409
379.511 9.423
379.775 9.432
380.040 9.437
380.305 9.426
380.570 9.425
380.834 9.431
381.099 9.443
381.364 9.451
381.629 9.450
381.893 9.463
382.158 9.476
382.423 9.476
382.687 9.483
382.952 9.495
383.217 9.505
383.482 9.509
383.746 9.512
384.011 9.520
384.276 9.532
384.541 9.527
384.805 9.524
385.070 9.531
385.335 9.537
385.599 9.549
385.864 9.558
386.129 9.572
386.394 9.583
386.658 9.585
386.923 9.588
387.188 9.583
387.453 9.582
387.717 9.589
387.982 9.588
388.247 9.590
388.511 9.586
388.776 9.585
389.041 9.591
389.306 9.602
389.570 9.599
389.835 9.598
390.100 9.603
390.365 9.619
390.629 9.631
390.894 9.634
391.159 9.631
391.424 9.633
391.688 9.625
391.953 9.629
392.218 9.646
392.482 9.658
392.747 9.665
393.012 9.670
393.277 9.682
393.541 9.693
393.806 9.699
394.071 9.708
394.336 9.704
394.600 9.700
394.865 9.698
395.130 9.699
395.394 9.707
395.659 9.715
395.924 9.722
396.189 9.723
396.453 9.726
396.718 9.732
396.983 9.725
397.248 9.723
397.512 9.722
397.777 9.724
398.042 9.717
398.306 9.708
398.571 9.704
398.836 9.701
399.101 9.696
399.365 9.692
399.630 9.708
399.895 9.726
400.160 9.727
400.424 9.717
400.689 9.717
400.954 9.730
401.219 9.746
401.483 9.750
401.748 9.742
402.013 9.739
402.277 9.731
402.542 9.728
402.807 9.734
403.072 9.741
403.336 9.748
403.601 9.750
403.866 9.757
404.131 9.767
404.395 9.780
404.660 9.797
404.929 9.796
405.198 9.799
405.466 9.804
405.735 9.813
406.004 9.831
406.273 9.837
406.542 9.826
406.810 9.818
407.079 9.821
407.348 9.831
407.617 9.838
407.886 9.854
408.154 9.861
408.423 9.860
408.692 9.862
408.961 9.864
409.229 9.870
409.498 9.881
409.767 9.887
410.036 9.882
410.305 9.880
410.573 9.891
410.842 9.896
411.111 9.906
411.380 9.920
411.649 9.916
411.917 9.903
412.186 9.897
412.455 9.895
412.724 9.904
412.993 9.908
413.261 9.914
413.530 9.909
413.799 9.908
414.068 9.919
414.337 9.932
414.605 9.945
414.874 9.950
415.143 9.958
415.412 9.970
415.681 9.973
415.949 9.963
416.218 9.966
416.487 9.976
416.756 9.989
417.024 10.006
417.293 10.005
417.562 9.997
417.831 10.003
418.100 10.018
418.368 10.036
418.637 10.046
418.906 10.052
419.175 10.061
419.444 10.067
419.712 10.075
419.981 10.086
420.250 10.094
420.519 10.099
420.788 10.092
421.056 10.082
421.325 10.089
421.594 10.085
421.863 10.081
422.132 10.077
422.400 10.066
422.669 10.062
422.938 10.069
423.207 10.075
423.476 10.082
423.744 10.088
424.013 10.092
424.282 10.088
424.551 10.090
424.819 10.087
425.088 10.079
425.357 10.078
425.626 10.076
425.895 10.072
426.163 10.068
426.432 10.079
426.701 10.088
426.970 10.082
427.239 10.075
427.507 10.069
427.776 10.067
428.045 10.080
428.314 10.091
428.583 10.097
428.851 10.103
429.120 10.105
429.389 10.105
429.658 10.111
429.927 10.122
430.195 10.127
430.464 10.125
430.733 10.134
431.002 10.136
431.271 10.135
431.539 10.130
431.808 10.125
432.077 10.130
432.346 10.137
432.614 10.135
432.883 10.132
433.152 10.142
433.421 10.151
433.690 10.153
433.958 10.164
434.227 10.166
434.496 10.166
434.765 10.163
435.034 10.167
435.302 10.169
435.571 10.165
435.840 10.163
436.116 10.165
436.393 10.177
436.669 10.187
436.945 10.196
437.221 10.211
437.498 10.224
437.774 10.239
438.050 10.256
438.326 10.269
438.603 10.283
438.879 10.299
439.155 10.311
439.431 10.318
439.708 10.327
439.984 10.334
440.260 10.344
440.537 10.357
440.813 10.370
441.089 10.380
441.365 10.391
441.642 10.396
441.918 10.408
442.194 10.426
442.470 10.426
442.747 10.427
443.023 10.428
443.299 10.434
443.575 10.452
443.852 10.469
444.128 10.483
444.404 10.500
444.680 10.506
444.957 10.517
445.233 10.528
445.509 10.537
445.786 10.547
446.062 10.558
446.338 10.565
446.614 10.571
446.891 10.580
447.167 10.589
447.443 10.599
447.719 10.612
447.996 10.632
448.272 10.649
448.548 10.666
448.824 10.671
449.101 10.687
449.377 10.710
449.653 10.725
449.930 10.731
450.206 10.737
450.482 10.762
450.758 10.780
451.035 10.795
451.311 10.803
451.587 10.809
451.863 10.822
452.140 10.846
452.416 10.866
452.692 10.886
452.968 10.896
453.245 10.903
453.521 10.918
453.797 10.935
454.074 10.943
454.350 10.950
454.626 10.962
454.902 10.982
455.179 11.000
455.455 11.013
455.731 11.020
456.007 11.023
456.284 11.027
456.560 11.033
456.836 11.044
457.112 11.051
457.389 11.061
457.665 11.078
457.941 11.089
458.218 11.101
458.494 11.120
458.770 11.129
459.046 11.137
459.323 11.151
459.599 11.167
459.875 11.187
460.151 11.206
460.428 11.223
460.704 11.239
460.980 11.252
461.256 11.265
461.533 11.281
461.809 11.297
462.085 11.315
462.361 11.334
462.638 11.352
462.914 11.376
463.190 11.401
463.467 11.425
463.743 11.439
464.019 11.450
464.295 11.460
464.572 11.473
464.848 11.489
465.124 11.513
465.400 11.534
465.677 11.562
465.953 11.584
466.229 11.601
466.505 11.624
466.782 11.642
467.058 11.663
467.334 11.686
467.611 11.705
467.887 11.729
468.163 11.757
468.439 11.785
468.716 11.804
468.992 11.818
469.268 11.844
469.544 11.872
469.821 11.898
470.097 11.919
470.373 11.930
470.649 11.945
470.926 11.971
471.202 11.999
471.478 12.022
471.755 12.037
472.031 12.066
472.307 12.098
472.583 12.128
472.860 12.167
473.136 12.210
473.412 12.251
473.688 12.288
473.965 12.325
474.241 12.354
474.517 12.388
474.793 12.428
475.070 12.463
475.346 12.497
475.622 12.540
475.899 12.580
476.175 12.626
476.451 12.671
476.727 12.711
477.004 12.749
477.280 12.777
477.556 12.813
477.832 12.855
478.109 12.893
478.385 12.933
478.661 12.971
478.937 13.012
479.214 13.052
479.490 13.093
479.766 13.135
480.043 13.174
480.319 13.215
480.595 13.259
480.871 13.308
481.148 13.355
481.424 13.398
481.700 13.444
481.976 13.495
482.253 13.545
482.529 13.592
482.805 13.640
483.081 13.688
483.358 13.739
483.634 13.802
483.910 13.851
484.186 13.898
484.463 13.949
484.739 13.999
485.015 14.051
485.292 14.108
485.568 14.165
485.844 14.225
486.120 14.280
486.397 14.326
486.673 14.382
486.949 14.448
487.225 14.515
487.502 14.580
487.778 14.643
488.054 14.708
488.330 14.776
488.607 14.842
488.883 14.899
489.159 14.963
489.436 15.029
489.712 15.091
489.988 15.152
490.264 15.221
490.541 15.291
490.817 15.359
491.093 15.434
491.369 15.515
491.646 15.592
491.922 15.675
492.198 15.751
492.474 15.826
492.751 15.904
493.027 15.973
493.303 16.050
493.580 16.129
493.856 16.214
494.132 16.308
494.408 16.391
494.685 16.481
494.961 16.569
495.237 16.659
495.513 16.754
495.790 16.855
496.066 16.962
496.342 17.069
496.618 17.170
496.895 17.271
497.171 17.365
497.447 17.461
497.724 17.564
498.000 17.667
498.276 17.776
498.552 17.887
498.829 17.992
499.105 18.098
499.381 18.206
499.657 18.312
499.934 18.419
500.210 18.532
500.486 18.649
500.762 18.780
501.039 18.900
501.315 19.015
501.591 19.144
501.867 19.277
502.144 19.406
502.420 19.536
502.696 19.662
502.973 19.788
503.249 19.921
503.525 20.061
503.801 20.194
504.078 20.325
504.354 20.454
504.630 20.595
504.906 20.738
505.183 20.878
505.459 21.026
505.735 21.169
506.011 21.312
506.288 21.461
506.564 21.605
506.840 21.751
507.117 21.906
507.393 22.068
507.669 22.225
507.945 22.377
508.222 22.525
508.498 22.677
508.774 22.832
509.050 22.993
509.327 23.161
509.603 23.329
509.879 23.505
510.155 23.672
510.432 23.845
510.708 24.009
510.984 24.176
511.261 24.358
511.537 24.528
511.813 24.704
512.089 24.876
512.366 25.047
512.642 25.214
512.918 25.382
513.194 25.553
513.471 25.726
513.747 25.903
514.023 26.090
514.299 26.279
514.576 26.460
514.852 26.647
515.128 26.831
515.405 27.007
515.681 27.182
515.957 27.375
516.233 27.563
516.510 27.742
516.786 27.928
517.062 28.114
517.338 28.287
517.615 28.467
517.891 28.657
518.167 28.848
518.443 29.026
518.720 29.202
518.996 29.379
519.272 29.561
519.548 29.748
519.825 29.935
520.101 30.118
520.377 30.312
520.654 30.504
520.930 30.687
521.206 30.872
521.482 31.054
521.759 31.244
522.035 31.431
522.311 31.607
522.587 31.790
522.864 31.978
523.140 32.163
523.416 32.354
523.692 32.545
523.969 32.726
524.245 32.896
524.521 33.078
524.798 33.264
525.074 33.443
525.350 33.616
525.626 33.803
525.903 33.987
526.179 34.151
526.455 34.323
526.731 34.498
527.008 34.678
527.284 34.854
527.560 35.030
527.836 35.197
528.113 35.362
528.389 35.533
528.665 35.701
528.942 35.861
529.218 36.030
529.494 36.209
529.770 36.370
530.047 36.521
530.323 36.675
530.599 36.837
530.875 37.003
531.152 37.159
531.428 37.322
531.704 37.483
531.980 37.642
532.257 37.805
532.533 37.964
532.809 38.111
533.086 38.271
533.362 38.434
533.638 38.588
533.914 38.740
534.191 38.890
534.467 39.028
534.743 39.172
535.019 39.318
535.296 39.467
535.572 39.616
535.848 39.768
536.124 39.910
536.401 40.054
536.677 40.200
536.953 40.355
537.230 40.487
537.506 40.619
537.782 40.764
538.058 40.911
538.335 41.041
538.611 41.160
538.887 41.287
539.163 41.418
539.440 41.551
539.716 41.686
539.992 41.822
540.268 41.961
540.545 42.093
540.821 42.217
541.097 42.337
541.373 42.458
541.650 42.583
541.926 42.703
542.202 42.827
542.479 42.938
542.755 43.049
543.031 43.179
543.307 43.303
543.584 43.417
543.860 43.528
544.136 43.638
544.412 43.749
544.689 43.864
544.965 43.972
545.241 44.077
545.517 44.185
545.794 44.304
546.070 44.414
546.356 44.516
546.642 44.623
546.928 44.740
547.214 44.857
547.500 44.964
547.786 45.066
548.072 45.173
548.358 45.278
548.644 45.383
548.930 45.480
549.216 45.571
549.502 45.667
549.788 45.760
550.074 45.843
550.360 45.940
550.646 46.037
550.932 46.132
551.218 46.233
551.504 46.336
551.790 46.435
552.076 46.531
552.362 46.627
552.648 46.714
552.934 46.809
553.220 46.911
553.506 46.998
553.793 47.083
554.079 47.163
554.365 47.243
554.651 47.329
554.937 47.418
555.223 47.507
555.509 47.606
555.795 47.705
556.081 47.793
556.367 47.876
556.653 47.958
556.939 48.029
557.225 48.108
557.511 48.186
557.797 48.251
558.083 48.317
558.369 48.395
558.655 48.479
558.941 48.569
559.227 48.661
559.513 48.739
559.799 48.823
560.085 48.903
560.371 48.981
560.657 49.059
560.943 49.132
561.229 49.211
561.515 49.295
561.801 49.383
562.087 49.460
562.373 49.535
562.659 49.619
562.945 49.703
563.231 49.778
563.517 49.849
563.803 49.930
564.089 50.022
564.375 50.110
564.661 50.191
564.947 50.271
565.233 50.359
565.519 50.443
565.805 50.515
566.091 50.584
566.377 50.666
566.663 50.748
566.949 50.830
567.235 50.919
567.521 51.016
567.807 51.093
568.093 51.170
568.379 51.246
568.665 51.328
568.951 51.410
569.237 51.482
569.524 51.564
569.810 51.643
570.096 51.729
570.382 51.809
570.668 51.882
570.954 51.959
571.240 52.032
571.526 52.105
571.812 52.195
572.098 52.283
572.384 52.360
572.670 52.428
572.956 52.492
573.242 52.560
573.528 52.637
573.814 52.715
574.100 52.798
574.386 52.871
574.672 52.935
574.958 53.001
575.244 53.082
575.530 53.171
575.816 53.254
576.102 53.326
576.388 53.377
576.674 53.440
576.960 53.514
577.248 53.580
577.536 53.650
577.824 53.725
578.113 53.791
578.401 53.862
578.689 53.930
578.977 53.998
579.265 54.051
579.553 54.100
579.841 54.164
580.130 54.227
580.418 54.282
580.706 54.342
580.994 54.413
581.282 54.475
581.570 54.534
581.858 54.578
582.147 54.619
582.435 54.667
582.723 54.710
583.011 54.755
583.299 54.812
583.587 54.866
583.875 54.915
584.164 54.967
584.452 55.017
584.740 55.063
585.028 55.104
585.316 55.147
585.604 55.199
585.892 55.248
586.181 55.280
586.469 55.311
586.757 55.357
587.045 55.396
587.333 55.435
587.621 55.479
587.909 55.514
588.198 55.545
588.486 55.585
588.774 55.629
589.062 55.672
589.350 55.702
589.638 55.736
589.927 55.781
590.215 55.821
590.503 55.868
590.791 55.909
591.079 55.955
591.367 56.003
591.655 56.037
591.944 56.083
592.232 56.123
592.520 56.156
592.808 56.197
593.096 56.231
593.384 56.263
593.672 56.303
593.961 56.351
594.249 56.383
594.537 56.416
594.825 56.457
595.113 56.497
595.401 56.526
595.689 56.562
595.978 56.605
596.266 56.643
596.554 56.669
596.842 56.713
597.130 56.777
597.418 56.830
597.706 56.873
597.995 56.919
598.283 56.963
598.571 56.991
598.859 57.014
599.147 57.036
599.435 57.070
599.723 57.113
600.012 57.157
600.300 57.199
600.588 57.237
600.876 57.274
601.164 57.312
601.452 57.348
601.740 57.386
602.029 57.426
602.317 57.463
602.605 57.493
602.893 57.529
603.181 57.557
603.469 57.599
603.757 57.638
604.046 57.668
604.334 57.693
604.622 57.714
604.910 57.748
605.198 57.775
605.486 57.805
605.774 57.836
606.063 57.869
606.351 57.911
606.639 57.942
606.927 57.973
607.215 58.000
607.503 58.025
607.791 58.056
608.080 58.094
608.368 58.133
608.656 58.163
608.944 58.193
609.232 58.226
609.520 58.257
609.808 58.289
610.097 58.328
610.385 58.357
610.673 58.392
610.961 58.427
611.249 58.458
611.537 58.493
611.825 58.529
612.114 58.562
612.402 58.595
612.690 58.628
612.978 58.650
613.266 58.659
613.554 58.672
613.843 58.697
614.131 58.728
614.419 58.751
614.707 58.761
614.995 58.774
615.283 58.789
615.571 58.820
615.860 58.858
616.148 58.884
616.436 58.915
616.724 58.954
617.012 58.992
617.300 59.026
617.588 59.062
617.877 59.092
618.165 59.116
618.453 59.152
618.741 59.182
619.029 59.210
619.317 59.234
619.605 59.250
619.894 59.276
620.182 59.309
620.470 59.338
620.758 59.368
621.046 59.386
621.334 59.415
621.622 59.459
621.911 59.500
622.199 59.537
622.487 59.559
622.775 59.579
623.063 59.603
623.351 59.628
623.639 59.649
623.928 59.668
624.216 59.703
624.504 59.739
624.792 59.764
625.080 59.794
625.368 59.818
625.656 59.844
625.945 59.867
626.233 59.889
626.521 59.909
626.809 59.936
627.097 59.970
627.385 60.010
627.673 60.032
627.962 60.060
628.250 60.081
628.538 60.103
628.826 60.116
629.114 60.130
629.402 60.152
629.690 60.187
629.979 60.218
630.267 60.245
630.555 60.282
630.843 60.325
631.131 60.359
631.419 60.394
631.707 60.429
631.996 60.458
632.284 60.483
632.572 60.503
632.860 60.520
633.148 60.523
633.436 60.533
633.724 60.568
634.013 60.598
634.301 60.626
634.589 60.652
634.877 60.675
635.165 60.700
635.453 60.716
635.741 60.752
636.030 60.784
636.318 60.823
636.606 60.859
636.894 60.879
637.182 60.914
637.470 60.935
637.759 60.964
638.047 60.990
638.335 61.013
638.623 61.047
638.911 61.082
639.199 61.111
639.487 61.136
639.776 61.163
640.064 61.198
640.352 61.233
640.640 61.275
640.928 61.315
641.216 61.345
641.504 61.379
641.793 61.408
642.081 61.435
642.369 61.468
642.657 61.493
642.945 61.522
643.233 61.542
643.521 61.554
643.810 61.573
644.098 61.599
644.386 61.628
644.674 61.656
644.962 61.680
645.250 61.713
645.538 61.741
645.827 61.773
646.115 61.816
646.403 61.861
646.691 61.898
646.979 61.937
647.267 61.962
647.555 61.993
647.844 62.036
648.132 62.077
648.420 62.112
648.708 62.146
648.996 62.176
649.284 62.204
649.572 62.245
649.861 62.298
650.149 62.347
650.437 62.400
650.725 62.452
651.013 62.488
651.301 62.507
651.589 62.523
651.878 62.538
652.166 62.569
652.454 62.609
652.742 62.623
653.030 62.654
653.318 62.680
653.606 62.694
653.895 62.707
654.183 62.734
654.471 62.772
654.759 62.797
655.047 62.818
655.335 62.842
655.623 62.878
655.912 62.908
656.200 62.928
656.488 62.940
656.776 62.960
657.064 62.974
657.352 62.993
657.640 63.008
657.929 63.038
658.217 63.067
658.505 63.110
658.793 63.147
659.081 63.155
659.369 63.166
659.657 63.188
659.946 63.199
660.234 63.222
660.522 63.261
660.810 63.299
661.098 63.333
661.386 63.350
661.675 63.380
661.963 63.396
662.251 63.406
662.539 63.427
662.827 63.442
663.115 63.463
663.403 63.485
663.692 63.491
663.980 63.507
664.268 63.522
664.556 63.539
664.844 63.561
665.132 63.571
665.420 63.571
665.709 63.583
665.997 63.599
666.285 63.618
666.573 63.629
666.861 63.635
667.149 63.646
667.437 63.653
667.726 63.676
668.014 63.701
668.302 63.717
668.590 63.739
668.878 63.757
669.166 63.775
669.454 63.799
669.743 63.802
670.031 63.806
670.319 63.832
670.607 63.852
670.895 63.868
671.183 63.892
671.471 63.911
671.760 63.919
672.048 63.933
672.336 63.961
672.624 64.003
672.912 64.029
673.200 64.039
673.488 64.058
673.777 64.081
674.065 64.108
674.353 64.121
674.641 64.144
674.929 64.172
675.217 64.209
675.505 64.235
675.794 64.252
676.082 64.261
676.370 64.276
676.658 64.315
676.946 64.352
677.234 64.386
677.522 64.422
677.811 64.450
678.099 64.462
678.387 64.476
678.675 64.501
678.963 64.528
679.251 64.544
679.539 64.567
679.828 64.592
680.116 64.617
680.404 64.648
680.692 64.676
680.980 64.703
681.268 64.736
681.556 64.753
681.845 64.766
682.133 64.781
682.421 64.800
682.709 64.824
682.997 64.846
683.285 64.860
683.573 64.883
683.862 64.901
684.150 64.915
684.438 64.950
684.726 64.982
685.014 65.013
685.302 65.033
685.591 65.048
685.879 65.063
686.167 65.075
686.455 65.099
686.743 65.130
687.031 65.151
687.319 65.172
687.608 65.193
687.896 65.216
688.184 65.246
688.472 65.277
688.760 65.303
689.048 65.322
689.336 65.336
689.625 65.354
689.913 65.374
690.201 65.392
690.489 65.403
690.777 65.414
691.065 65.433
691.353 65.447
691.642 65.465
691.930 65.493
692.218 65.513
692.506 65.524
692.794 65.535
693.082 65.556
693.370 65.570
693.659 65.582
693.947 65.593
694.235 65.600
694.523 65.609
694.811 65.620
695.099 65.642
695.387 65.662
695.676 65.680
695.964 65.692
696.252 65.719
696.540 65.762
696.836 65.801
697.133 65.830
697.429 65.858
697.725 65.878
698.021 65.900
698.318 65.923
698.614 65.942
698.910 65.961
699.207 65.976
699.503 66.000
699.799 66.020
700.095 66.045
700.392 66.076
700.688 66.091
700.984 66.113
701.281 66.137
701.577 66.159
701.873 66.183
702.169 66.209
702.466 66.235
702.762 66.246
703.058 66.256
703.355 66.273
703.651 66.287
703.947 66.298
704.243 66.310
704.540 66.324
704.836 66.340
705.132 66.367
705.428 66.391
705.725 66.402
706.021 66.409
706.317 66.418
706.614 66.422
706.910 66.437
707.206 66.463
707.502 66.484
707.799 66.494
708.095 66.505
708.391 66.526
708.688 66.550
708.984 66.567
709.280 66.585
709.576 66.594
709.873 66.609
710.169 66.637
710.465 66.667
710.762 66.681
711.058 66.677
711.354 66.685
711.650 66.709
711.947 66.748
712.243 66.771
712.539 66.792
712.836 66.804
713.132 66.799
713.428 66.796
713.724 66.814
714.021 66.830
714.317 66.834
714.613 66.822
714.910 66.811
715.206 66.819
715.502 66.824
715.798 66.826
716.095 66.840
716.391 66.839
716.687 66.839
716.984 66.839
717.280 66.862
717.576 66.882
717.872 66.903
718.169 66.902
718.465 66.907
718.761 66.916
719.058 66.910
719.354 66.896
719.650 66.898
719.946 66.901
720.243 66.891
720.539 66.883
720.835 66.880
721.131 66.893
721.428 66.908
721.724 66.929
722.020 66.956
722.317 66.985
722.613 66.996
722.909 67.000
723.205 67.019
723.502 67.039
723.798 67.068
724.094 67.080
724.391 67.094
724.687 67.109
724.983 67.129
725.279 67.158
725.576 67.178
725.872 67.205
726.168 67.201
726.465 67.190
726.761 67.197
727.057 67.210
727.353 67.234
727.650 67.254
727.946 67.251
728.242 67.245
728.539 67.253
728.835 67.268
729.131 67.290
729.427 67.311
729.724 67.308
730.020 67.302
730.316 67.303
730.613 67.291
730.909 67.294
731.205 67.317
731.501 67.343
731.798 67.369
732.094 67.383
732.390 67.384
732.687 67.393
732.983 67.418
733.279 67.440
733.575 67.444
733.872 67.453
734.168 67.456
734.464 67.472
734.761 67.475
735.057 67.490
735.353 67.511
735.649 67.521
735.946 67.529
736.242 67.554
736.538 67.557
736.835 67.573
737.131 67.600
737.427 67.650
737.723 67.673
738.020 67.691
738.316 67.707
738.612 67.725
738.909 67.753
739.205 67.759
739.501 67.752
739.797 67.769
740.094 67.789
740.390 67.800
740.686 67.828
740.982 67.849
741.279 67.845
741.575 67.848
741.871 67.833
742.168 67.834
742.464 67.833
742.760 67.856
743.056 67.867
743.353 67.863
743.649 67.874
743.945 67.883
744.242 67.913
744.538 67.945
744.834 67.962
745.130 67.965
745.427 67.972
745.723 67.981
746.019 67.999
746.316 68.013
746.612 68.010
746.908 68.003
747.204 67.989
747.501 67.985
747.797 67.999
748.093 67.997
748.390 68.004
748.686 68.027
748.982 68.030
749.278 68.023
749.575 68.008
749.871 67.987
750.167 67.990
750.464 67.992
750.760 67.996
751.056 67.990
751.352 67.977
751.649 67.959
751.945 67.961
752.241 67.973
752.538 67.977
752.834 67.987
753.130 67.985
753.426 67.975
753.723 67.983
754.019 67.973
754.315 67.944
754.611 67.946
754.908 67.955
755.204 67.960
755.500 67.943
755.797 67.951
756.093 67.962
756.389 67.971
756.685 67.968
756.982 67.971
757.278 67.998
757.574 68.021
757.871 68.014
758.167 68.014
758.463 68.024
758.759 68.025
759.056 68.022
759.352 68.028
759.648 68.027
759.945 68.055
760.241 68.071
760.537 68.076
760.833 68.077
761.130 68.078
761.426 68.081
761.722 68.083
762.019 68.071
762.315 68.059
762.611 68.056
762.907 68.041
763.204 68.059
763.500 68.064
763.804 68.065
764.108 68.074
764.412 68.082
764.716 68.101
765.020 68.122
765.324 68.143
765.628 68.155
765.932 68.164
766.236 68.164
766.540 68.168
766.844 68.193
767.148 68.207
767.452 68.226
767.756 68.245
768.060 68.249
768.364 68.253
768.668 68.278
768.972 68.293
769.276 68.294
769.580 68.303
769.884 68.340
770.188 68.366
770.492 68.368
770.796 68.375
771.100 68.384
771.404 68.380
771.708 68.362
772.012 68.360
772.316 68.390
772.620 68.406
772.924 68.392
773.228 68.377
773.532 68.370
773.836 68.389
774.140 68.403
774.444 68.407
774.748 68.433
775.052 68.462
775.356 68.479
775.659 68.465
775.963 68.449
776.267 68.434
776.571 68.432
776.875 68.439
777.179 68.454
777.483 68.457
777.787 68.461
778.091 68.464
778.395 68.461
778.699 68.473
779.003 68.484
779.307 68.456
779.611 68.442
779.915 68.436
780.219 68.435
780.523 68.445
780.827 68.450
781.131 68.456
781.435 68.488
781.739 68.478
782.043 68.458
782.347 68.461
782.651 68.452
782.955 68.441
783.259 68.428
783.563 68.424
783.867 68.419
784.171 68.415
784.475 68.400
784.779 68.421
785.083 68.427
785.387 68.396
785.691 68.399
785.995 68.412
786.299 68.414
786.603 68.429
786.907 68.430
787.211 68.425
787.515 68.420
787.819 68.413
788.123 68.408
788.427 68.379
788.731 68.366
789.035 68.375
789.339 68.372
789.643 68.369
789.947 68.378
790.251 68.397
790.555 68.413
790.859 68.408
791.163 68.429
791.467 68.468
791.771 68.496
792.075 68.518
792.379 68.531
792.683 68.523
792.987 68.541
793.291 68.515
793.595 68.475
793.899 68.478
794.203 68.475
794.507 68.483
794.811 68.501
795.115 68.502
795.419 68.490
795.723 68.464
796.027 68.461
796.331 68.483
796.635 68.503
796.939 68.499
797.243 68.492
797.547 68.514
797.851 68.557
798.155 68.597
798.459 68.594
798.763 68.563
799.067 68.550
799.371 68.550
799.674 68.547
799.978 68.541
800.282 68.558
800.586 68.560
800.890 68.549
801.194 68.567
801.498 68.591
801.802 68.607
802.106 68.649
802.410 68.691
802.714 68.708
803.018 68.734
803.322 68.736
803.626 68.734
803.930 68.753
804.234 68.756
804.538 68.739
804.842 68.741
805.146 68.724
805.450 68.721
805.754 68.721
806.058 68.722
806.362 68.744
806.666 68.772
806.970 68.821
807.274 68.835
807.578 68.850
807.882 68.862
808.186 68.866
808.490 68.874
808.794 68.892
809.098 68.890
809.402 68.886
809.706 68.886
810.010 68.874
810.314 68.878
810.618 68.862
810.922 68.835
811.226 68.830
811.530 68.792
811.834 68.782
812.137 68.806
812.441 68.806
812.744 68.838
813.048 68.858
813.351 68.866
813.655 68.843
813.958 68.819
814.262 68.841
814.565 68.855
814.869 68.843
815.172 68.819
815.476 68.815
815.779 68.794
816.083 68.772
816.386 68.747
816.690 68.712
816.993 68.718
817.297 68.749
817.600 68.796
817.904 68.817
818.208 68.821
818.511 68.808
818.815 68.769
819.118 68.753
819.422 68.734
819.725 68.706
820.029 68.701
820.332 68.717
820.636 68.703
820.939 68.699
821.243 68.689
821.546 68.679
821.850 68.700
822.153 68.750
822.457 68.745
822.760 68.743
823.064 68.761
823.367 68.754
823.671 68.756
823.974 68.765
824.278 68.768
824.582 68.784
824.885 68.790
825.189 68.769
825.492 68.740
825.796 68.723
826.099 68.688
826.403 68.641
826.706 68.629
827.010 68.629
827.313 68.616
827.617 68.622
827.920 68.619
828.224 68.592
828.527 68.572
828.831 68.535
829.134 68.514
829.438 68.525
829.741 68.531
830.045 68.527
830.348 68.504
830.652 68.480
830.956 68.481
831.259 68.465
831.563 68.431
831.866 68.425
832.170 68.449
832.473 68.444
832.777 68.416
833.080 68.373
833.384 68.340
833.687 68.324
833.991 68.319
834.294 68.338
834.598 68.322
834.901 68.324
835.205 68.321
835.508 68.310
835.812 68.321
836.115 68.298
836.419 68.299
836.722 68.305
837.026 68.291
837.330 68.305
837.633 68.347
837.937 68.373
838.240 68.392
838.544 68.393
838.847 68.381
839.151 68.380
839.454 68.347
839.758 68.331
840.061 68.333
840.365 68.334
840.668 68.315
840.972 68.357
841.275 68.369
841.579 68.363
841.882 68.388
842.186 68.390
842.489 68.353
842.793 68.319
843.097 68.308
843.400 68.323
843.704 68.321
844.007 68.323
844.311 68.323
844.614 68.327
844.918 68.365
845.221 68.373
845.525 68.351
845.828 68.303
846.132 68.260
846.435 68.258
846.739 68.263
847.042 68.292
847.346 68.331
847.649 68.360
847.953 68.320
848.256 68.282
848.560 68.314
848.863 68.351
849.167 68.347
849.471 68.314
849.774 68.294
850.078 68.301
850.381 68.277
850.685 68.293
850.988 68.346
851.292 68.349
851.595 68.378
851.899 68.406
852.202 68.422
852.506 68.441
852.809 68.442
853.113 68.444
853.416 68.432
853.720 68.423
854.023 68.457
854.327 68.437
854.630 68.423
854.934 68.382
855.237 68.331
855.541 68.329
855.845 68.330
856.148 68.302
856.452 68.270
856.755 68.233
857.059 68.211
857.362 68.204
857.666 68.166
857.969 68.144
858.273 68.133
858.576 68.134
858.880 68.108
859.183 68.068
859.487 68.022
859.790 68.006
860.094 67.978
860.397 67.933
860.701 67.924
861.004 67.933
861.308 67.943
861.611 67.921
861.915 67.885
862.219 67.879
862.522 67.875
862.826 67.860
863.129 67.837
863.433 67.816
863.736 67.821
864.040 67.829
864.343 67.859
864.647 67.893
864.950 67.903
865.254 67.911
865.557 67.868
865.861 67.842
866.164 67.835
866.468 67.834
866.771 67.860
867.075 67.844
867.378 67.816
867.682 67.826
867.985 67.838
868.289 67.836
868.593 67.812
868.896 67.814
869.200 67.765
869.503 67.722
869.807 67.749
870.110 67.777
870.414 67.793
870.717 67.779
871.021 67.734
871.324 67.686
871.628 67.682
871.931 67.669
872.235 67.660
872.538 67.592
872.842 67.558
873.145 67.511
873.449 67.489
873.752 67.527
874.056 67.535
874.359 67.490
874.663 67.499
874.967 67.534
875.270 67.541
875.574 67.556
875.877 67.550
876.181 67.528
876.484 67.541
876.788 67.551
877.091 67.516
877.395 67.469
877.698 67.462
878.002 67.431
878.305 67.395
878.609 67.401
878.912 67.414
879.216 67.394
879.519 67.388
879.823 67.358
880.126 67.350
880.430 67.368
880.733 67.368
881.037 67.368
881.341 67.351
881.644 67.364
881.948 67.387
882.251 67.395
882.555 67.380
882.858 67.369
883.162 67.355
883.465 67.345
883.769 67.328
884.072 67.306
884.376 67.279
884.679 67.272
884.983 67.251
885.286 67.211
885.590 67.169
885.893 67.136
886.197 67.123
886.500 67.101
886.804 67.103
887.107 67.134
887.411 67.118
887.715 67.151
888.018 67.175
888.322 67.154
888.625 67.111
888.929 67.063
889.232 67.031
889.536 67.018
889.839 67.005
890.143 66.967
890.446 66.970
890.750 66.961
891.053 66.990
891.357 66.989
891.660 67.026
891.964 67.073
892.267 67.065
892.571 67.062
892.874 67.117
893.178 67.116
893.482 67.097
893.785 67.093
894.089 67.071
894.392 67.060
894.696 67.065
894.999 67.029
895.303 67.035
895.606 67.049
895.910 67.070
896.213 67.081
896.517 67.062
896.820 67.054
897.124 67.020
897.427 67.013
897.731 67.020
898.034 67.017
898.338 67.015
898.641 66.992
898.945 66.978
899.248 66.990
899.552 66.984
899.856 66.999
900.159 66.988
900.463 66.988
900.766 66.955
901.070 66.951
901.373 66.921
901.677 66.890
901.980 66.867
902.284 66.867
902.587 66.853
902.891 66.824
903.194 66.792
903.498 66.781
903.801 66.785
904.105 66.824
904.408 66.864
904.712 66.846
905.015 66.793
905.319 66.757
905.622 66.719
905.926 66.671
906.230 66.621
906.533 66.585
906.837 66.558
907.140 66.571
907.444 66.569
907.747 66.585
908.051 66.575
908.354 66.569
908.658 66.599
908.961 66.584
909.265 66.577
909.568 66.546
909.872 66.537
910.175 66.500
910.479 66.432
910.782 66.401
911.086 66.374
911.389 66.333
911.693 66.305
911.996 66.297
912.300 66.316
912.613 66.322
912.926 66.299
913.238 66.294
913.551 66.276
913.864 66.214
914.176 66.178
914.489 66.168
914.802 66.153
915.115 66.154
915.427 66.119
915.740 66.127
916.053 66.124
916.366 66.085
916.678 66.029
916.991 66.011
917.304 66.026
917.617 66.017
917.929 66.023
918.242 66.027
918.555 66.022
918.868 66.019
919.180 65.994
919.493 65.984
919.806 65.975
920.119 65.951
920.431 65.890
920.744 65.827
921.057 65.788
921.370 65.831
921.682 65.837
921.995 65.784
922.308 65.776
922.621 65.783
922.933 65.769
923.246 65.714
923.559 65.666
923.872 65.676
924.184 65.683
924.497 65.628
924.810 65.615
925.123 65.575
925.435 65.530
925.748 65.531
926.061 65.512
926.374 65.471
926.686 65.453
926.999 65.493
927.312 65.541
927.625 65.524
927.937 65.467
928.250 65.443
928.563 65.434
928.876 65.399
929.188 65.396
929.501 65.435
929.814 65.472
930.127 65.458
930.439 65.494
930.752 65.541
931.065 65.494
931.378 65.413
931.690 65.322
932.003 65.264
932.316 65.209
932.629 65.196
932.941 65.197
933.254 65.195
933.567 65.121
933.880 65.017
934.192 65.016
934.505 65.028
934.818 64.999
935.131 64.981
935.443 64.999
935.756 65.030
936.069 65.028
936.382 64.986
936.694 64.955
937.007 64.926
937.320 64.835
937.633 64.770
937.945 64.740
938.258 64.654
938.571 64.530
938.884 64.480
939.196 64.473
939.509 64.461
939.822 64.415
940.135 64.338
940.447 64.270
940.760 64.201
941.073 64.166
941.386 64.142
941.698 64.093
942.011 64.059
942.324 64.057
942.637 63.986
942.949 63.935
943.262 63.890
943.575 63.917
943.888 63.931
944.200 63.922
944.513 63.898
944.826 63.864
945.139 63.829
945.451 63.769
945.764 63.690
946.077 63.577
946.390 63.497
946.702 63.456
947.015 63.375
947.328 63.301
947.641 63.277
947.953 63.251
948.266 63.143
948.579 63.016
948.892 62.877
949.204 62.784
949.517 62.672
949.830 62.566
950.143 62.564
950.455 62.587
950.768 62.660
951.081 62.712
951.394 62.716
951.706 62.734
952.019 62.688
952.332 62.614
952.645 62.569
952.957 62.548
953.270 62.570
953.583 62.577
953.896 62.561
954.208 62.504
954.521 62.459
954.834 62.421
955.147 62.418
955.459 62.432
955.772 62.377
956.085 62.293
956.398 62.268
956.710 62.245
957.023 62.145
957.336 62.192
957.649 62.308
957.961 62.377
958.274 62.436
958.587 62.401
958.900 62.375
959.212 62.309
959.525 62.156
959.838 62.183
960.151 62.223
960.463 62.142
960.776 62.056
961.089 61.950
961.402 61.861
961.714 61.892
962.027 61.851
962.340 61.775
962.653 61.741
962.965 61.763
963.278 61.766
963.591 61.690
963.904 61.589
964.216 61.510
964.529 61.512
964.842 61.431
965.154 61.410
965.467 61.393
965.780 61.309
966.094 61.339
966.409 61.410
966.723 61.390
967.037 61.360
967.352 61.376
967.666 61.423
967.980 61.474
968.295 61.512
968.609 61.493
968.923 61.414
969.238 61.370
969.552 61.288
969.866 61.269
970.181 61.238
970.495 61.200
970.809 61.102
971.124 61.042
971.438 60.967
971.752 61.065
972.067 61.171
972.381 61.087
972.695 61.005
973.010 60.943
973.324 60.918
973.638 60.882
973.953 60.863
974.267 60.865
974.581 60.852
974.896 60.840
975.210 60.848
975.524 60.839
975.839 60.783
976.153 60.845
976.467 60.811
976.781 60.708
977.096 60.628
977.410 60.563
977.724 60.613
978.039 60.672
978.353 60.806
978.667 61.021
978.982 61.027
979.296 61.023
979.610 61.145
979.925 61.197
980.239 61.221
980.553 61.213
980.868 61.213
981.182 61.286
981.496 61.388
981.811 61.328
982.125 61.271
982.439 61.279
982.754 61.348
983.068 61.401
983.382 61.436
983.697 61.475
984.011 61.558
984.325 61.520
984.640 61.437
984.954 61.443
985.268 61.418
985.583 61.331
985.897 61.250
986.211 61.280
986.526 61.279
986.840 61.322
987.154 61.386
987.469 61.386
987.783 61.367
988.097 61.431
988.412 61.393
988.726 61.392
989.040 61.310
989.355 61.284
989.669 61.338
989.983 61.457
990.298 61.534
990.612 61.674
990.926 61.616
991.241 61.602
991.555 61.618
991.869 61.557
992.184 61.564
992.498 61.545
992.812 61.503
993.127 61.469
993.441 61.371
993.755 61.294
994.070 61.275
994.384 61.296
994.698 61.287
995.013 61.330
995.327 61.324
995.641 61.270
995.956 61.276
996.270 61.249
996.584 61.253
996.899 61.227
997.213 61.253
997.527 61.204
997.841 61.103
998.156 61.045
998.470 60.947
998.784 60.939
999.099 61.050
999.413 61.015
999.727 61.056
