200.182 83.627
200.437 82.787
200.691 81.911
200.946 81.129
201.201 80.198
201.455 79.538
201.710 78.704
201.964 77.943
202.219 77.201
202.474 76.407
202.728 75.654
202.983 74.876
203.237 74.034
203.492 73.008
203.747 71.936
204.001 71.003
204.256 69.962
204.510 68.866
204.765 67.900
205.020 67.308
205.274 66.615
205.529 65.637
205.783 64.666
206.038 63.645
206.293 62.538
206.547 61.537
206.802 60.462
207.057 59.352
207.311 58.236
207.566 57.346
207.820 56.422
208.075 55.468
208.330 54.589
208.584 53.700
208.839 52.969
209.093 52.271
209.348 51.374
209.603 50.527
209.857 49.577
210.112 48.627
210.366 47.629
210.621 46.667
210.876 45.853
211.130 45.085
211.385 44.387
211.639 43.507
211.894 42.510
212.149 41.646
212.403 40.912
212.658 40.134
212.913 39.315
213.167 38.568
213.422 37.951
213.676 37.301
213.931 36.588
214.186 35.876
214.440 35.187
214.695 34.530
214.949 33.964
215.204 33.367
215.459 32.869
215.713 32.411
215.968 31.852
216.222 31.260
216.477 30.674
216.732 30.230
216.986 29.692
217.241 29.094
217.495 28.530
217.750 27.963
218.005 27.493
218.259 27.075
218.514 26.595
218.769 26.036
219.023 25.544
219.278 25.060
219.532 24.511
219.787 24.046
220.042 23.585
220.296 23.135
220.551 22.654
220.805 22.241
221.060 21.814
221.315 21.278
221.569 20.814
221.824 20.438
222.078 20.081
222.333 19.662
222.588 19.325
222.842 18.947
223.097 18.540
223.351 18.158
223.606 17.683
223.861 17.178
224.115 16.775
224.370 16.396
224.625 15.958
224.879 15.528
225.134 15.083
225.388 14.736
225.643 14.424
225.898 14.117
226.152 13.774
226.407 13.425
226.661 13.075
226.916 12.750
227.171 12.404
227.425 12.064
227.680 11.766
227.934 11.507
228.189 11.196
228.444 10.919
228.698 10.639
228.953 10.367
229.208 10.102
229.462 9.823
229.717 9.569
229.971 9.326
230.226 9.124
230.481 8.894
230.735 8.683
230.990 8.487
231.244 8.287
231.499 8.106
231.754 7.936
232.008 7.761
232.263 7.613
232.517 7.465
232.772 7.336
233.027 7.181
233.281 7.015
233.536 6.861
233.790 6.678
234.045 6.517
234.300 6.387
234.554 6.264
234.809 6.126
235.064 6.012
235.318 5.918
235.573 5.825
235.827 5.732
236.082 5.626
236.337 5.538
236.591 5.457
236.846 5.384
237.100 5.307
237.355 5.247
237.610 5.189
237.864 5.121
238.119 5.074
238.373 4.999
238.628 4.933
238.883 4.880
239.137 4.823
239.392 4.770
239.646 4.729
239.901 4.689
240.156 4.641
240.410 4.617
240.665 4.587
240.920 4.544
241.174 4.513
241.429 4.487
241.683 4.460
241.938 4.429
242.193 4.400
242.447 4.372
242.702 4.349
242.956 4.334
243.211 4.317
243.466 4.296
243.720 4.286
243.975 4.273
244.229 4.255
244.484 4.224
244.739 4.200
244.993 4.190
245.248 4.179
245.503 4.171
245.757 4.160
246.012 4.148
246.266 4.140
246.521 4.133
246.776 4.132
247.030 4.118
247.285 4.100
247.539 4.086
247.794 4.075
248.049 4.065
248.303 4.059
248.558 4.064
248.812 4.060
249.067 4.031
249.322 4.017
249.576 4.014
249.831 4.010
250.085 4.000
250.340 3.999
250.595 4.004
250.849 4.010
251.104 4.006
251.359 4.007
251.613 4.009
251.868 4.007
252.122 4.001
252.377 3.999
252.632 4.003
252.886 3.996
253.141 3.983
253.395 3.979
253.650 3.980
253.905 3.975
254.161 3.970
254.416 3.964
254.672 3.969
254.927 3.980
255.183 3.979
255.438 3.972
255.694 3.973
255.949 3.976
256.205 3.973
256.460 3.973
256.715 3.966
256.971 3.967
257.226 3.970
257.482 3.972
257.737 3.972
257.993 3.966
258.248 3.967
258.504 3.964
258.759 3.955
259.014 3.957
259.270 3.958
259.525 3.949
259.781 3.952
260.036 3.972
260.292 3.984
260.547 3.981
260.803 3.983
261.058 3.988
261.314 3.991
261.569 3.990
261.824 3.989
262.080 3.997
262.335 4.004
262.591 4.018
262.846 4.026
263.102 4.026
263.357 4.022
263.613 4.027
263.868 4.029
264.123 4.026
264.379 4.024
264.634 4.031
264.890 4.036
265.145 4.048
265.401 4.047
265.656 4.048
265.912 4.046
266.167 4.035
266.423 4.026
266.678 4.029
266.933 4.028
267.189 4.020
267.444 4.013
267.700 4.016
267.955 4.013
268.211 4.006
268.466 4.009
268.722 4.008
268.977 4.009
269.232 4.011
269.488 4.007
269.743 3.999
269.999 3.996
270.254 3.997
270.510 3.992
270.765 3.988
271.021 3.984
271.276 3.982
271.532 3.980
271.787 3.973
272.042 3.967
272.298 3.959
272.553 3.948
272.809 3.941
273.064 3.939
273.320 3.945
273.575 3.951
273.831 3.944
274.086 3.939
274.342 3.932
274.597 3.918
274.852 3.913
275.108 3.919
275.363 3.913
275.619 3.892
275.874 3.874
276.130 3.864
276.385 3.856
276.641 3.851
276.896 3.844
277.151 3.841
277.407 3.840
277.662 3.821
277.918 3.800
278.173 3.787
278.429 3.780
278.684 3.780
278.940 3.784
279.195 3.779
279.451 3.773
279.706 3.762
279.961 3.755
280.217 3.747
280.472 3.740
280.728 3.730
280.983 3.726
281.239 3.720
281.494 3.713
281.750 3.713
282.005 3.710
282.260 3.704
282.516 3.692
282.771 3.682
283.027 3.673
283.282 3.665
283.538 3.653
283.793 3.641
284.049 3.631
284.304 3.625
284.560 3.616
284.815 3.602
285.070 3.592
285.326 3.594
285.581 3.594
285.837 3.581
286.092 3.572
286.348 3.566
286.603 3.566
286.859 3.562
287.114 3.564
287.369 3.566
287.625 3.567
287.880 3.568
288.136 3.571
288.391 3.569
288.647 3.563
288.902 3.549
289.158 3.536
289.413 3.535
289.669 3.538
289.924 3.542
290.179 3.547
290.435 3.546
290.690 3.537
290.946 3.531
291.201 3.534
291.457 3.538
291.712 3.542
291.968 3.542
292.223 3.533
292.479 3.526
292.734 3.513
292.989 3.506
293.245 3.510
293.500 3.514
293.756 3.511
294.011 3.508
294.267 3.505
294.522 3.498
294.778 3.493
295.033 3.492
295.288 3.493
295.544 3.490
295.799 3.487
296.055 3.484
296.310 3.485
296.566 3.486
296.821 3.491
297.077 3.492
297.332 3.486
297.588 3.480
297.843 3.473
298.098 3.472
298.354 3.476
298.609 3.483
298.865 3.486
299.120 3.489
299.376 3.493
299.631 3.491
299.887 3.492
300.142 3.498
300.397 3.501
300.653 3.504
300.908 3.500
301.164 3.500
301.419 3.506
301.675 3.504
301.930 3.499
302.186 3.500
302.441 3.500
302.697 3.490
302.952 3.481
303.207 3.477
303.463 3.476
303.718 3.468
303.974 3.462
304.229 3.465
304.485 3.466
304.740 3.468
304.996 3.469
305.251 3.466
305.506 3.463
305.762 3.456
306.017 3.448
306.273 3.449
306.528 3.454
306.784 3.461
307.039 3.468
307.295 3.461
307.550 3.458
307.806 3.471
308.061 3.476
308.316 3.477
308.572 3.477
308.827 3.476
309.083 3.476
309.338 3.473
309.594 3.465
309.849 3.465
310.105 3.461
310.360 3.458
310.615 3.455
310.871 3.449
311.126 3.445
311.382 3.451
311.637 3.453
311.893 3.445
312.148 3.437
312.404 3.421
312.659 3.411
312.915 3.408
313.170 3.402
313.429 3.396
313.688 3.395
313.947 3.397
314.206 3.395
314.465 3.392
314.724 3.387
314.983 3.382
315.242 3.376
315.501 3.371
315.760 3.368
316.019 3.367
316.278 3.370
316.536 3.371
316.795 3.365
317.054 3.366
317.313 3.368
317.572 3.372
317.831 3.378
318.090 3.379
318.349 3.378
318.608 3.376
318.867 3.370
319.126 3.367
319.385 3.374
319.644 3.381
319.903 3.376
320.162 3.374
320.421 3.373
320.680 3.366
320.939 3.365
321.198 3.359
321.457 3.356
321.716 3.356
321.975 3.348
322.234 3.341
322.493 3.335
322.752 3.327
323.010 3.325
323.269 3.316
323.528 3.302
323.787 3.294
324.046 3.292
324.305 3.298
324.564 3.303
324.823 3.300
325.082 3.298
325.341 3.303
325.600 3.308
325.859 3.315
326.118 3.327
326.377 3.333
326.636 3.331
326.895 3.332
327.154 3.326
327.413 3.323
327.672 3.326
327.931 3.333
328.190 3.339
328.449 3.348
328.708 3.353
328.967 3.362
329.226 3.375
329.485 3.379
329.743 3.378
330.002 3.373
330.261 3.372
330.520 3.377
330.779 3.375
331.038 3.381
331.297 3.393
331.556 3.399
331.815 3.403
332.074 3.394
332.333 3.394
332.592 3.406
332.851 3.409
333.110 3.410
333.369 3.404
333.628 3.397
333.887 3.390
334.146 3.386
334.405 3.389
334.664 3.399
334.923 3.417
335.182 3.429
335.441 3.426
335.700 3.426
335.959 3.433
336.217 3.442
336.476 3.456
336.735 3.463
336.994 3.471
337.253 3.493
337.512 3.510
337.771 3.516
338.030 3.519
338.289 3.527
338.548 3.537
338.807 3.554
339.066 3.578
339.325 3.582
339.584 3.588
339.843 3.600
340.102 3.602
340.361 3.604
340.620 3.615
340.879 3.623
341.138 3.624
341.397 3.617
341.656 3.614
341.915 3.619
342.174 3.622
342.433 3.639
342.691 3.662
342.950 3.676
343.209 3.686
343.468 3.693
343.727 3.695
343.986 3.705
344.245 3.714
344.504 3.726
344.763 3.740
345.022 3.745
345.281 3.749
345.540 3.754
345.799 3.762
346.058 3.770
346.317 3.778
346.576 3.791
346.835 3.808
347.094 3.821
347.353 3.837
347.612 3.839
347.871 3.857
348.130 3.872
348.389 3.872
348.648 3.869
348.907 3.878
349.166 3.902
349.424 3.915
349.683 3.929
349.942 3.953
350.201 3.971
350.460 3.979
350.719 3.976
350.978 3.969
351.237 3.985
351.496 4.006
351.755 4.012
352.014 4.021
352.273 4.023
352.532 4.017
352.791 4.020
353.050 4.036
353.309 4.056
353.568 4.064
353.827 4.074
354.086 4.079
354.345 4.076
354.604 4.075
354.863 4.068
355.122 4.087
355.381 4.103
355.640 4.109
355.898 4.118
356.157 4.125
356.416 4.137
356.675 4.157
356.934 4.174
357.193 4.204
357.452 4.235
357.711 4.242
357.970 4.257
358.229 4.269
358.488 4.271
358.747 4.278
359.006 4.290
359.265 4.320
359.524 4.360
359.783 4.386
360.042 4.397
360.301 4.402
360.560 4.414
360.819 4.432
361.078 4.444
361.337 4.460
361.596 4.486
361.855 4.512
362.114 4.531
362.372 4.559
362.631 4.572
362.890 4.575
363.149 4.571
363.408 4.586
363.667 4.600
363.926 4.618
364.185 4.640
364.444 4.658
364.703 4.674
364.962 4.678
365.221 4.691
365.480 4.711
365.745 4.711
366.009 4.719
366.274 4.740
366.539 4.750
366.804 4.764
367.068 4.778
367.333 4.787
367.598 4.799
367.863 4.804
368.127 4.816
368.392 4.842
368.657 4.867
368.921 4.859
369.186 4.854
369.451 4.870
369.716 4.880
369.980 4.890
370.245 4.911
370.510 4.924
370.775 4.936
371.039 4.951
371.304 4.963
371.569 4.966
371.834 4.978
372.098 4.994
372.363 5.009
372.628 5.019
372.892 5.030
373.157 5.026
373.422 5.021
373.687 5.029
373.951 5.040
374.216 5.043
374.481 5.047
374.746 5.054
375.010 5.058
375.275 5.048
375.540 5.032
375.804 5.021
376.069 5.021
376.334 5.028
376.599 5.026
376.863 5.027
377.128 5.037
377.393 5.045
377.658 5.044
377.922 5.038
378.187 5.043
378.452 5.042
378.716 5.046
378.981 5.052
379.246 5.059
379.511 5.071
379.775 5.086
380.040 5.089
380.305 5.081
380.570 5.082
380.834 5.090
381.099 5.102
381.364 5.113
381.629 5.115
381.893 5.127
382.158 5.135
382.423 5.131
382.687 5.132
382.952 5.135
383.217 5.136
383.482 5.138
383.746 5.139
384.011 5.150
384.276 5.159
384.541 5.153
384.805 5.137
385.070 5.133
385.335 5.135
385.599 5.139
385.864 5.147
386.129 5.161
386.394 5.170
386.658 5.173
386.923 5.175
387.188 5.164
387.453 5.152
387.717 5.156
387.982 5.153
388.247 5.149
388.511 5.137
388.776 5.127
389.041 5.128
389.306 5.128
389.570 5.121
389.835 5.113
390.100 5.107
390.365 5.114
390.629 5.122
390.894 5.118
391.159 5.120
391.424 5.125
391.688 5.115
391.953 5.112
392.218 5.121
392.482 5.131
392.747 5.140
393.012 5.138
393.277 5.143
393.541 5.155
393.806 5.157
394.071 5.163
394.336 5.158
394.600 5.154
394.865 5.147
395.130 5.145
395.394 5.150
395.659 5.150
395.924 5.142
396.189 5.140
396.453 5.139
396.718 5.142
396.983 5.134
397.248 5.136
397.512 5.133
397.777 5.129
398.042 5.112
398.306 5.103
398.571 5.102
398.836 5.107
399.101 5.107
399.365 5.107
399.630 5.115
399.895 5.122
400.160 5.117
400.424 5.103
400.689 5.107
400.954 5.123
401.219 5.136
401.483 5.136
401.748 5.130
402.013 5.130
402.277 5.126
402.542 5.124
402.807 5.130
403.072 5.136
403.336 5.139
403.601 5.149
403.866 5.155
404.131 5.161
404.395 5.168
404.660 5.180
404.929 5.181
405.198 5.178
405.466 5.175
405.735 5.181
406.004 5.198
406.273 5.204
406.542 5.197
406.810 5.189
407.079 5.187
407.348 5.190
407.617 5.187
407.886 5.192
408.154 5.195
408.423 5.197
408.692 5.201
408.961 5.200
409.229 5.201
409.498 5.209
409.767 5.207
410.036 5.206
410.305 5.205
410.573 5.214
410.842 5.217
411.111 5.218
411.380 5.217
411.649 5.212
411.917 5.201
412.186 5.196
412.455 5.192
412.724 5.191
412.993 5.191
413.261 5.191
413.530 5.178
413.799 5.176
414.068 5.183
414.337 5.193
414.605 5.198
414.874 5.201
415.143 5.199
415.412 5.196
415.681 5.187
415.949 5.172
416.218 5.167
416.487 5.166
416.756 5.172
417.024 5.173
417.293 5.161
417.562 5.153
417.831 5.153
418.100 5.161
418.368 5.165
418.637 5.156
418.906 5.149
419.175 5.153
419.444 5.151
419.712 5.150
419.981 5.145
420.250 5.144
420.519 5.146
420.788 5.136
421.056 5.121
421.325 5.118
421.594 5.110
421.863 5.100
422.132 5.092
422.400 5.075
422.669 5.064
422.938 5.059
423.207 5.055
423.476 5.050
423.744 5.044
424.013 5.043
424.282 5.044
424.551 5.042
424.819 5.028
425.088 5.009
425.357 5.003
425.626 4.998
425.895 4.986
426.163 4.974
426.432 4.973
426.701 4.968
426.970 4.950
427.239 4.938
427.507 4.930
427.776 4.924
428.045 4.920
428.314 4.920
428.583 4.922
428.851 4.920
429.120 4.914
429.389 4.908
429.658 4.904
429.927 4.905
430.195 4.899
430.464 4.891
430.733 4.897
431.002 4.895
431.271 4.889
431.539 4.881
431.808 4.876
432.077 4.877
432.346 4.885
432.614 4.886
432.883 4.881
433.152 4.887
433.421 4.891
433.690 4.887
433.958 4.888
434.227 4.882
434.496 4.869
434.765 4.857
435.034 4.860
435.302 4.859
435.571 4.843
435.840 4.828
436.116 4.825
436.393 4.832
436.669 4.836
436.945 4.832
437.221 4.836
437.498 4.843
437.774 4.847
438.050 4.856
438.326 4.866
438.603 4.872
438.879 4.875
439.155 4.878
439.431 4.881
439.708 4.884
439.984 4.885
440.260 4.886
440.537 4.885
440.813 4.883
441.089 4.886
441.365 4.892
441.642 4.892
441.918 4.893
442.194 4.897
442.470 4.886
442.747 4.877
443.023 4.868
443.299 4.867
443.575 4.875
443.852 4.878
444.128 4.883
444.404 4.893
444.680 4.895
444.957 4.893
445.233 4.889
445.509 4.891
445.786 4.898
446.062 4.898
446.338 4.898
446.614 4.895
446.891 4.894
447.167 4.892
447.443 4.890
447.719 4.887
447.996 4.886
448.272 4.887
448.548 4.887
448.824 4.882
449.101 4.877
449.377 4.878
449.653 4.882
449.930 4.873
450.206 4.868
450.482 4.876
450.758 4.876
451.035 4.877
451.311 4.880
451.587 4.875
451.863 4.872
452.140 4.873
452.416 4.874
452.692 4.883
452.968 4.882
453.245 4.876
453.521 4.875
453.797 4.876
454.074 4.866
454.350 4.859
454.626 4.858
454.902 4.860
455.179 4.860
455.455 4.858
455.731 4.858
456.007 4.854
456.284 4.846
456.560 4.841
456.836 4.843
457.112 4.845
457.389 4.845
457.665 4.845
457.941 4.840
458.218 4.834
458.494 4.832
458.770 4.827
459.046 4.825
459.323 4.831
459.599 4.837
459.875 4.840
460.151 4.842
460.428 4.845
460.704 4.849
460.980 4.846
461.256 4.842
461.533 4.843
461.809 4.846
462.085 4.846
462.361 4.842
462.638 4.839
462.914 4.843
463.190 4.841
463.467 4.843
463.743 4.841
464.019 4.832
464.295 4.824
464.572 4.827
464.848 4.831
465.124 4.835
465.400 4.838
465.677 4.843
465.953 4.845
466.229 4.848
466.505 4.854
466.782 4.857
467.058 4.860
467.334 4.861
467.611 4.862
467.887 4.869
468.163 4.870
468.439 4.876
468.716 4.874
468.992 4.871
469.268 4.877
469.544 4.881
469.821 4.888
470.097 4.892
470.373 4.888
470.649 4.885
470.926 4.893
471.202 4.897
471.478 4.900
471.755 4.897
472.031 4.904
472.307 4.913
472.583 4.916
472.860 4.927
473.136 4.943
473.412 4.958
473.688 4.967
473.965 4.969
474.241 4.968
474.517 4.975
474.793 4.986
475.070 4.997
475.346 5.006
475.622 5.019
475.899 5.026
476.175 5.032
476.451 5.040
476.727 5.047
477.004 5.051
477.280 5.045
477.556 5.045
477.832 5.051
478.109 5.056
478.385 5.061
478.661 5.065
478.937 5.071
479.214 5.078
479.490 5.090
479.766 5.099
480.043 5.112
480.319 5.120
480.595 5.131
480.871 5.153
481.148 5.168
481.424 5.176
481.700 5.190
481.976 5.208
482.253 5.225
482.529 5.243
482.805 5.260
483.081 5.277
483.358 5.295
483.634 5.319
483.910 5.336
484.186 5.353
484.463 5.370
484.739 5.386
485.015 5.411
485.292 5.437
485.568 5.460
485.844 5.489
486.120 5.513
486.397 5.529
486.673 5.552
486.949 5.583
487.225 5.611
487.502 5.641
487.778 5.668
488.054 5.705
488.330 5.739
488.607 5.769
488.883 5.796
489.159 5.828
489.436 5.864
489.712 5.891
489.988 5.922
490.264 5.958
490.541 5.992
490.817 6.032
491.093 6.077
491.369 6.122
491.646 6.169
491.922 6.216
492.198 6.264
492.474 6.312
492.751 6.363
493.027 6.414
493.303 6.469
493.580 6.519
493.856 6.579
494.132 6.651
494.408 6.712
494.685 6.772
494.961 6.828
495.237 6.892
495.513 6.964
495.790 7.037
496.066 7.117
496.342 7.196
496.618 7.270
496.895 7.349
497.171 7.425
497.447 7.496
497.724 7.569
498.000 7.643
498.276 7.727
498.552 7.810
498.829 7.888
499.105 7.964
499.381 8.045
499.657 8.133
499.934 8.219
500.210 8.308
500.486 8.401
500.762 8.505
501.039 8.608
501.315 8.705
501.591 8.809
501.867 8.919
502.144 9.031
502.420 9.142
502.696 9.250
502.973 9.360
503.249 9.475
503.525 9.587
503.801 9.695
504.078 9.813
504.354 9.927
504.630 10.050
504.906 10.174
505.183 10.304
505.459 10.444
505.735 10.577
506.011 10.706
506.288 10.843
506.564 10.986
506.840 11.126
507.117 11.270
507.393 11.421
507.669 11.575
507.945 11.730
508.222 11.878
508.498 12.028
508.774 12.179
509.050 12.335
509.327 12.495
509.603 12.659
509.879 12.828
510.155 12.987
510.432 13.162
510.708 13.332
510.984 13.499
511.261 13.679
511.537 13.865
511.813 14.050
512.089 14.234
512.366 14.417
512.642 14.600
512.918 14.776
513.194 14.956
513.471 15.143
513.747 15.330
514.023 15.530
514.299 15.732
514.576 15.934
514.852 16.139
515.128 16.344
515.405 16.550
515.681 16.758
515.957 16.975
516.233 17.187
516.510 17.397
516.786 17.613
517.062 17.832
517.338 18.049
517.615 18.264
517.891 18.484
518.167 18.716
518.443 18.934
518.720 19.152
518.996 19.378
519.272 19.605
519.548 19.835
519.825 20.058
520.101 20.298
520.377 20.552
520.654 20.804
520.930 21.050
521.206 21.304
521.482 21.562
521.759 21.809
522.035 22.050
522.311 22.293
522.587 22.544
522.864 22.806
523.140 23.063
523.416 23.319
523.692 23.579
523.969 23.836
524.245 24.089
524.521 24.338
524.798 24.589
525.074 24.848
525.350 25.109
525.626 25.381
525.903 25.652
526.179 25.914
526.455 26.175
526.731 26.446
527.008 26.727
527.284 27.000
527.560 27.273
527.836 27.544
528.113 27.817
528.389 28.088
528.665 28.362
528.942 28.639
529.218 28.927
529.494 29.223
529.770 29.508
530.047 29.787
530.323 30.069
530.599 30.351
530.875 30.639
531.152 30.929
531.428 31.222
531.704 31.515
531.980 31.796
532.257 32.079
532.533 32.371
532.809 32.665
533.086 32.958
533.362 33.251
533.638 33.542
533.914 33.832
534.191 34.127
534.467 34.421
534.743 34.711
535.019 34.998
535.296 35.290
535.572 35.591
535.848 35.891
536.124 36.189
536.401 36.488
536.677 36.802
536.953 37.102
537.230 37.385
537.506 37.667
537.782 37.963
538.058 38.260
538.335 38.542
538.611 38.830
538.887 39.123
539.163 39.414
539.440 39.708
539.716 39.992
539.992 40.280
540.268 40.577
540.545 40.869
540.821 41.154
541.097 41.437
541.373 41.729
541.650 42.026
541.926 42.322
542.202 42.614
542.479 42.892
542.755 43.179
543.031 43.475
543.307 43.772
543.584 44.053
543.860 44.335
544.136 44.616
544.412 44.899
544.689 45.187
544.965 45.472
545.241 45.748
545.517 46.029
545.794 46.303
546.070 46.565
546.356 46.827
546.642 47.104
546.928 47.386
547.214 47.665
547.500 47.940
547.786 48.206
548.072 48.474
548.358 48.733
548.644 48.993
548.930 49.265
549.216 49.529
549.502 49.789
549.788 50.045
550.074 50.302
550.360 50.555
550.646 50.806
550.932 51.058
551.218 51.306
551.504 51.552
551.790 51.803
552.076 52.053
552.362 52.304
552.648 52.543
552.934 52.774
553.220 53.011
553.506 53.253
553.793 53.485
554.079 53.711
554.365 53.938
554.651 54.178
554.937 54.407
555.223 54.628
555.509 54.861
555.795 55.095
556.081 55.326
556.367 55.550
556.653 55.770
556.939 55.982
557.225 56.201
557.511 56.408
557.797 56.612
558.083 56.831
558.369 57.052
558.655 57.270
558.941 57.486
559.227 57.693
559.513 57.896
559.799 58.099
560.085 58.296
560.371 58.485
560.657 58.675
560.943 58.860
561.229 59.045
561.515 59.240
561.801 59.429
562.087 59.606
562.373 59.785
562.659 59.972
562.945 60.160
563.231 60.337
563.517 60.512
563.803 60.690
564.089 60.872
564.375 61.050
564.661 61.216
564.947 61.386
565.233 61.564
565.519 61.730
565.805 61.901
566.091 62.069
566.377 62.234
566.663 62.409
566.949 62.578
567.235 62.741
567.521 62.909
567.807 63.071
568.093 63.232
568.379 63.396
568.665 63.553
568.951 63.718
569.237 63.879
569.524 64.036
569.810 64.191
570.096 64.345
570.382 64.506
570.668 64.662
570.954 64.801
571.240 64.941
571.526 65.085
571.812 65.237
572.098 65.385
572.384 65.528
572.670 65.661
572.956 65.791
573.242 65.924
573.528 66.054
573.814 66.186
574.100 66.318
574.386 66.455
574.672 66.584
574.958 66.719
575.244 66.861
575.530 66.990
575.816 67.113
576.102 67.236
576.388 67.354
576.674 67.475
576.960 67.595
577.248 67.728
577.536 67.854
577.824 67.987
578.113 68.110
578.401 68.233
578.689 68.352
578.977 68.464
579.265 68.574
579.553 68.688
579.841 68.795
580.130 68.905
580.418 69.015
580.706 69.134
580.994 69.254
581.282 69.369
581.570 69.470
581.858 69.566
582.147 69.672
582.435 69.777
582.723 69.868
583.011 69.964
583.299 70.063
583.587 70.164
583.875 70.259
584.164 70.340
584.452 70.423
584.740 70.512
585.028 70.599
585.316 70.687
585.604 70.781
585.892 70.867
586.181 70.944
586.469 71.018
586.757 71.098
587.045 71.171
587.333 71.250
587.621 71.329
587.909 71.406
588.198 71.474
588.486 71.554
588.774 71.621
589.062 71.693
589.350 71.771
589.638 71.842
589.927 71.909
590.215 71.979
590.503 72.062
590.791 72.143
591.079 72.227
591.367 72.310
591.655 72.390
591.944 72.471
592.232 72.537
592.520 72.604
592.808 72.665
593.096 72.727
593.384 72.798
593.672 72.871
593.961 72.940
594.249 72.997
594.537 73.053
594.825 73.099
595.113 73.166
595.401 73.222
595.689 73.282
595.978 73.346
596.266 73.405
596.554 73.455
596.842 73.516
597.130 73.588
597.418 73.657
597.706 73.720
597.995 73.764
598.283 73.802
598.571 73.848
598.859 73.879
599.147 73.923
599.435 73.971
599.723 74.023
600.012 74.081
600.300 74.139
600.588 74.205
600.876 74.261
601.164 74.311
601.452 74.355
601.740 74.407
602.029 74.472
602.317 74.533
602.605 74.586
602.893 74.633
603.181 74.667
603.469 74.714
603.757 74.761
604.046 74.796
604.334 74.826
604.622 74.875
604.910 74.927
605.198 74.965
605.486 74.989
605.774 75.022
606.063 75.053
606.351 75.099
606.639 75.146
606.927 75.180
607.215 75.221
607.503 75.260
607.791 75.318
608.080 75.367
608.368 75.410
608.656 75.445
608.944 75.478
609.232 75.514
609.520 75.548
609.808 75.588
610.097 75.632
610.385 75.678
610.673 75.738
610.961 75.790
611.249 75.815
611.537 75.844
611.825 75.883
612.114 75.915
612.402 75.964
612.690 76.000
612.978 76.022
613.266 76.051
613.554 76.094
613.843 76.132
614.131 76.168
614.419 76.195
614.707 76.210
614.995 76.240
615.283 76.266
615.571 76.309
615.860 76.362
616.148 76.405
616.436 76.455
616.724 76.492
617.012 76.538
617.300 76.572
617.588 76.600
617.877 76.635
618.165 76.646
618.453 76.665
618.741 76.697
619.029 76.735
619.317 76.774
619.605 76.799
619.894 76.823
620.182 76.857
620.470 76.892
620.758 76.923
621.046 76.942
621.334 76.978
621.622 77.022
621.911 77.069
622.199 77.108
622.487 77.125
622.775 77.152
623.063 77.192
623.351 77.233
623.639 77.277
623.928 77.320
624.216 77.364
624.504 77.401
624.792 77.424
625.080 77.466
625.368 77.491
625.656 77.512
625.945 77.526
626.233 77.542
626.521 77.559
626.809 77.580
627.097 77.606
627.385 77.643
627.673 77.671
627.962 77.703
628.250 77.708
628.538 77.713
628.826 77.744
629.114 77.782
629.402 77.809
629.690 77.856
629.979 77.887
630.267 77.915
630.555 77.953
630.843 77.986
631.131 78.019
631.419 78.059
631.707 78.095
631.996 78.134
632.284 78.166
632.572 78.176
632.860 78.196
633.148 78.208
633.436 78.215
633.724 78.237
634.013 78.259
634.301 78.289
634.589 78.313
634.877 78.341
635.165 78.370
635.453 78.397
635.741 78.441
636.030 78.480
636.318 78.509
636.606 78.528
636.894 78.546
637.182 78.578
637.470 78.607
637.759 78.625
638.047 78.642
638.335 78.669
638.623 78.707
638.911 78.733
639.199 78.756
639.487 78.782
639.776 78.803
640.064 78.845
640.352 78.879
640.640 78.905
640.928 78.932
641.216 78.954
641.504 78.966
641.793 78.982
642.081 79.014
642.369 79.048
642.657 79.077
642.945 79.104
643.233 79.128
643.521 79.154
643.810 79.181
644.098 79.214
644.386 79.249
644.674 79.276
644.962 79.288
645.250 79.302
645.538 79.305
645.827 79.328
646.115 79.363
646.403 79.381
646.691 79.385
646.979 79.412
647.267 79.433
647.555 79.447
647.844 79.465
648.132 79.482
648.420 79.495
648.708 79.494
648.996 79.501
649.284 79.524
649.572 79.545
649.861 79.576
650.149 79.625
650.437 79.671
650.725 79.712
651.013 79.741
651.301 79.749
651.589 79.757
651.878 79.770
652.166 79.792
652.454 79.812
652.742 79.828
653.030 79.833
653.318 79.843
653.606 79.859
653.895 79.874
654.183 79.907
654.471 79.937
654.759 79.941
655.047 79.949
655.335 79.974
655.623 80.004
655.912 80.020
656.200 80.022
656.488 80.037
656.776 80.056
657.064 80.060
657.352 80.061
657.640 80.061
657.929 80.077
658.217 80.111
658.505 80.150
658.793 80.183
659.081 80.207
659.369 80.215
659.657 80.213
659.946 80.205
660.234 80.205
660.522 80.226
660.810 80.242
661.098 80.264
661.386 80.292
661.675 80.321
661.963 80.327
662.251 80.332
662.539 80.360
662.827 80.388
663.115 80.417
663.403 80.433
663.692 80.440
663.980 80.465
664.268 80.510
664.556 80.531
664.844 80.544
665.132 80.556
665.420 80.562
665.709 80.581
665.997 80.615
666.285 80.641
666.573 80.655
666.861 80.663
667.149 80.684
667.437 80.691
667.726 80.706
668.014 80.715
668.302 80.726
668.590 80.753
668.878 80.789
669.166 80.822
669.454 80.837
669.743 80.840
670.031 80.862
670.319 80.879
670.607 80.895
670.895 80.917
671.183 80.932
671.471 80.950
671.760 80.957
672.048 80.963
672.336 80.992
672.624 81.017
672.912 81.036
673.200 81.067
673.488 81.108
673.777 81.140
674.065 81.160
674.353 81.173
674.641 81.201
674.929 81.243
675.217 81.276
675.505 81.304
675.794 81.318
676.082 81.320
676.370 81.339
676.658 81.372
676.946 81.410
677.234 81.452
677.522 81.503
677.811 81.546
678.099 81.552
678.387 81.575
678.675 81.598
678.963 81.609
679.251 81.611
679.539 81.628
679.828 81.671
680.116 81.692
680.404 81.707
680.692 81.726
680.980 81.748
681.268 81.775
681.556 81.789
681.845 81.783
682.133 81.787
682.421 81.798
682.709 81.808
682.997 81.824
683.285 81.829
683.573 81.828
683.862 81.844
684.150 81.865
684.438 81.898
684.726 81.919
685.014 81.950
685.302 81.976
685.591 82.009
685.879 82.025
686.167 82.039
686.455 82.068
686.743 82.100
687.031 82.125
687.319 82.157
687.608 82.177
687.896 82.204
688.184 82.234
688.472 82.252
688.760 82.281
689.048 82.314
689.336 82.334
689.625 82.353
689.913 82.373
690.201 82.400
690.489 82.414
690.777 82.413
691.065 82.414
691.353 82.426
691.642 82.445
691.930 82.462
692.218 82.470
692.506 82.477
692.794 82.491
693.082 82.508
693.370 82.517
693.659 82.520
693.947 82.523
694.235 82.525
694.523 82.531
694.811 82.545
695.099 82.555
695.387 82.567
695.676 82.603
695.964 82.623
696.252 82.642
696.540 82.678
696.836 82.718
697.133 82.754
697.429 82.767
697.725 82.779
698.021 82.788
698.318 82.811
698.614 82.843
698.910 82.876
699.207 82.890
699.503 82.902
699.799 82.929
700.095 82.954
700.392 82.981
700.688 83.008
700.984 83.053
701.281 83.084
701.577 83.111
701.873 83.142
702.169 83.167
702.466 83.196
702.762 83.196
703.058 83.182
703.355 83.163
703.651 83.180
703.947 83.195
704.243 83.196
704.540 83.206
704.836 83.221
705.132 83.245
705.428 83.261
705.725 83.262
706.021 83.274
706.317 83.281
706.614 83.280
706.910 83.276
707.206 83.296
707.502 83.325
707.799 83.346
708.095 83.365
708.391 83.382
708.688 83.414
708.984 83.446
709.280 83.476
709.576 83.486
709.873 83.506
710.169 83.545
710.465 83.559
710.762 83.560
711.058 83.580
711.354 83.605
711.650 83.648
711.947 83.677
712.243 83.696
712.539 83.717
712.836 83.734
713.132 83.747
713.428 83.757
713.724 83.777
714.021 83.790
714.317 83.786
714.613 83.773
714.910 83.772
715.206 83.782
715.502 83.787
715.798 83.794
716.095 83.801
716.391 83.790
716.687 83.798
716.984 83.799
717.280 83.815
717.576 83.833
717.872 83.844
718.169 83.853
718.465 83.870
718.761 83.874
719.058 83.859
719.354 83.865
719.650 83.878
719.946 83.880
720.243 83.878
720.539 83.881
720.835 83.881
721.131 83.890
721.428 83.913
721.724 83.926
722.020 83.949
722.317 83.978
722.613 83.982
722.909 84.000
723.205 84.008
723.502 84.001
723.798 84.016
724.094 84.038
724.391 84.055
724.687 84.080
724.983 84.108
725.279 84.120
725.576 84.117
725.872 84.112
726.168 84.104
726.465 84.101
726.761 84.094
727.057 84.097
727.353 84.115
727.650 84.151
727.946 84.179
728.242 84.178
728.539 84.185
728.835 84.209
729.131 84.212
729.427 84.211
729.724 84.201
730.020 84.201
730.316 84.214
730.613 84.223
730.909 84.233
731.205 84.246
731.501 84.261
731.798 84.267
732.094 84.290
732.390 84.304
732.687 84.323
732.983 84.341
733.279 84.348
733.575 84.361
733.872 84.383
734.168 84.427
734.464 84.454
734.761 84.447
735.057 84.457
735.353 84.483
735.649 84.507
735.946 84.527
736.242 84.550
736.538 84.566
736.835 84.584
737.131 84.598
737.427 84.620
737.723 84.632
738.020 84.652
738.316 84.662
738.612 84.659
738.909 84.689
739.205 84.732
739.501 84.753
739.797 84.772
740.094 84.782
740.390 84.779
740.686 84.801
740.982 84.816
741.279 84.835
741.575 84.875
741.871 84.893
742.168 84.906
742.464 84.920
742.760 84.949
743.056 84.975
743.353 85.007
743.649 85.039
743.945 85.047
744.242 85.053
744.538 85.070
744.834 85.094
745.130 85.101
745.427 85.111
745.723 85.127
746.019 85.121
746.316 85.114
746.612 85.120
746.908 85.121
747.204 85.111
747.501 85.113
747.797 85.128
748.093 85.126
748.390 85.117
748.686 85.124
748.982 85.135
749.278 85.127
749.575 85.099
749.871 85.099
750.167 85.118
750.464 85.122
750.760 85.109
751.056 85.097
751.352 85.097
751.649 85.102
751.945 85.112
752.241 85.119
752.538 85.140
752.834 85.148
753.130 85.155
753.426 85.156
753.723 85.160
754.019 85.144
754.315 85.129
754.611 85.123
754.908 85.119
755.204 85.138
755.500 85.156
755.797 85.166
756.093 85.180
756.389 85.212
756.685 85.239
756.982 85.266
757.278 85.277
757.574 85.289
757.871 85.280
758.167 85.284
758.463 85.288
758.759 85.288
759.056 85.284
759.352 85.269
759.648 85.255
759.945 85.267
760.241 85.279
760.537 85.292
760.833 85.285
761.130 85.260
761.426 85.246
761.722 85.254
762.019 85.276
762.315 85.297
762.611 85.299
762.907 85.288
763.204 85.296
763.500 85.288
763.804 85.275
764.108 85.288
764.412 85.309
764.716 85.343
765.020 85.365
765.324 85.399
765.628 85.431
765.932 85.438
766.236 85.430
766.540 85.437
766.844 85.457
767.148 85.451
767.452 85.461
767.756 85.495
768.060 85.487
768.364 85.455
768.668 85.468
768.972 85.490
769.276 85.522
769.580 85.529
769.884 85.518
770.188 85.536
770.492 85.532
770.796 85.526
771.100 85.544
771.404 85.541
771.708 85.514
772.012 85.495
772.316 85.514
772.620 85.515
772.924 85.513
773.228 85.503
773.532 85.484
773.836 85.480
774.140 85.498
774.444 85.489
774.748 85.456
775.052 85.455
775.356 85.446
775.659 85.425
775.963 85.428
776.267 85.441
776.571 85.444
776.875 85.463
777.179 85.461
777.483 85.468
777.787 85.490
778.091 85.484
778.395 85.465
778.699 85.440
779.003 85.425
779.307 85.413
779.611 85.413
779.915 85.405
780.219 85.388
780.523 85.366
780.827 85.349
781.131 85.349
781.435 85.347
781.739 85.337
782.043 85.351
782.347 85.351
782.651 85.343
782.955 85.354
783.259 85.344
783.563 85.335
783.867 85.319
784.171 85.298
784.475 85.279
784.779 85.289
785.083 85.305
785.387 85.280
785.691 85.283
785.995 85.289
786.299 85.281
786.603 85.311
786.907 85.335
787.211 85.328
787.515 85.336
787.819 85.313
788.123 85.288
788.427 85.278
788.731 85.244
789.035 85.232
789.339 85.257
789.643 85.264
789.947 85.255
790.251 85.277
790.555 85.318
790.859 85.327
791.163 85.357
791.467 85.375
791.771 85.388
792.075 85.404
792.379 85.403
792.683 85.372
792.987 85.361
793.291 85.355
793.595 85.341
793.899 85.350
794.203 85.364
794.507 85.363
794.811 85.372
795.115 85.359
795.419 85.327
795.723 85.309
796.027 85.298
796.331 85.301
796.635 85.316
796.939 85.312
797.243 85.320
797.547 85.335
797.851 85.350
798.155 85.367
798.459 85.377
798.763 85.362
799.067 85.369
799.371 85.385
799.674 85.389
799.978 85.418
800.282 85.460
800.586 85.438
800.890 85.394
801.194 85.375
801.498 85.362
801.802 85.367
802.106 85.399
802.410 85.430
802.714 85.442
803.018 85.468
803.322 85.479
803.626 85.464
803.930 85.484
804.234 85.473
804.538 85.464
804.842 85.469
805.146 85.439
805.450 85.428
805.754 85.447
806.058 85.443
806.362 85.465
806.666 85.533
806.970 85.570
807.274 85.595
807.578 85.623
807.882 85.606
808.186 85.593
808.490 85.605
808.794 85.630
809.098 85.630
809.402 85.657
809.706 85.680
810.010 85.674
810.314 85.685
810.618 85.689
810.922 85.687
811.226 85.683
811.530 85.685
811.834 85.701
812.137 85.722
812.441 85.726
812.744 85.731
813.048 85.734
813.351 85.739
813.655 85.735
813.958 85.732
814.262 85.753
814.565 85.750
814.869 85.746
815.172 85.747
815.476 85.764
815.779 85.754
816.083 85.766
816.386 85.748
816.690 85.722
816.993 85.687
817.297 85.683
817.600 85.673
817.904 85.658
818.208 85.668
818.511 85.634
818.815 85.582
819.118 85.590
819.422 85.645
819.725 85.676
820.029 85.668
820.332 85.648
820.636 85.613
820.939 85.586
821.243 85.579
821.546 85.594
821.850 85.624
822.153 85.676
822.457 85.670
822.760 85.674
823.064 85.691
823.367 85.709
823.671 85.709
823.974 85.706
824.278 85.704
824.582 85.720
824.885 85.703
825.189 85.644
825.492 85.626
825.796 85.598
826.099 85.562
826.403 85.521
826.706 85.491
827.010 85.454
827.313 85.410
827.617 85.381
827.920 85.340
828.224 85.288
828.527 85.250
828.831 85.229
829.134 85.232
829.438 85.239
829.741 85.256
830.045 85.246
830.348 85.202
830.652 85.183
830.956 85.205
831.259 85.191
831.563 85.148
831.866 85.128
832.170 85.150
832.473 85.168
832.777 85.153
833.080 85.146
833.384 85.134
833.687 85.094
833.991 85.063
834.294 85.071
834.598 85.059
834.901 85.074
835.205 85.065
835.508 85.072
835.812 85.092
836.115 85.090
836.419 85.101
836.722 85.070
837.026 85.069
837.330 85.077
837.633 85.068
837.937 85.009
838.240 84.969
838.544 84.987
838.847 84.981
839.151 84.998
839.454 85.006
839.758 84.958
840.061 84.880
840.365 84.805
840.668 84.730
840.972 84.729
841.275 84.724
841.579 84.688
841.882 84.618
842.186 84.571
842.489 84.542
842.793 84.492
843.097 84.444
843.400 84.435
843.704 84.425
844.007 84.456
844.311 84.475
844.614 84.459
844.918 84.475
845.221 84.521
845.525 84.554
845.828 84.516
846.132 84.474
846.435 84.462
846.739 84.438
847.042 84.455
847.346 84.469
847.649 84.455
847.953 84.406
848.256 84.376
848.560 84.387
848.863 84.414
849.167 84.389
849.471 84.338
849.774 84.337
850.078 84.357
850.381 84.322
850.685 84.326
850.988 84.334
851.292 84.304
851.595 84.294
851.899 84.264
852.202 84.261
852.506 84.266
852.809 84.237
853.113 84.206
853.416 84.161
853.720 84.130
854.023 84.106
854.327 84.056
854.630 84.040
854.934 84.011
855.237 83.978
855.541 83.961
855.845 83.952
856.148 83.945
856.452 83.944
856.755 83.934
857.059 83.888
857.362 83.865
857.666 83.831
857.969 83.790
858.273 83.784
858.576 83.808
858.880 83.803
859.183 83.786
859.487 83.741
859.790 83.710
860.094 83.703
860.397 83.722
860.701 83.765
861.004 83.759
861.308 83.732
861.611 83.704
861.915 83.678
862.219 83.687
862.522 83.656
862.826 83.599
863.129 83.560
863.433 83.522
863.736 83.464
864.040 83.445
864.343 83.472
864.647 83.496
864.950 83.506
865.254 83.521
865.557 83.500
865.861 83.462
866.164 83.457
866.468 83.443
866.771 83.409
867.075 83.401
867.378 83.362
867.682 83.339
867.985 83.306
868.289 83.273
868.593 83.249
868.896 83.265
869.200 83.232
869.503 83.198
869.807 83.210
870.110 83.226
870.414 83.237
870.717 83.204
871.021 83.178
871.324 83.178
871.628 83.180
871.931 83.151
872.235 83.161
872.538 83.146
872.842 83.166
873.145 83.151
873.449 83.156
873.752 83.224
874.056 83.235
874.359 83.209
874.663 83.222
874.967 83.260
875.270 83.291
875.574 83.326
875.877 83.343
876.181 83.329
876.484 83.339
876.788 83.344
877.091 83.321
877.395 83.297
877.698 83.275
878.002 83.234
878.305 83.225
878.609 83.241
878.912 83.245
879.216 83.252
879.519 83.270
879.823 83.264
880.126 83.294
880.430 83.327
880.733 83.326
881.037 83.297
881.341 83.273
881.644 83.280
881.948 83.297
882.251 83.318
882.555 83.285
882.858 83.251
883.162 83.238
883.465 83.206
883.769 83.184
884.072 83.193
884.376 83.208
884.679 83.199
884.983 83.204
885.286 83.232
885.590 83.220
885.893 83.216
886.197 83.203
886.500 83.196
886.804 83.181
887.107 83.155
887.411 83.123
887.715 83.142
888.018 83.160
888.322 83.140
888.625 83.111
888.929 83.053
889.232 83.022
889.536 82.993
889.839 82.968
890.143 82.930
890.446 82.938
890.750 82.921
891.053 82.908
891.357 82.860
891.660 82.848
891.964 82.805
892.267 82.706
892.571 82.659
892.874 82.639
893.178 82.591
893.482 82.533
893.785 82.470
894.089 82.412
894.392 82.385
894.696 82.370
894.999 82.314
895.303 82.277
895.606 82.257
895.910 82.288
896.213 82.325
896.517 82.394
896.820 82.404
897.124 82.346
897.427 82.312
897.731 82.247
898.034 82.203
898.338 82.203
898.641 82.152
898.945 82.085
899.248 82.036
899.552 82.024
899.856 82.056
900.159 82.051
900.463 82.028
900.766 81.971
901.070 81.951
901.373 81.935
901.677 81.881
901.980 81.829
902.284 81.797
902.587 81.728
902.891 81.691
903.194 81.616
903.498 81.572
903.801 81.535
904.105 81.496
904.408 81.497
904.712 81.483
905.015 81.469
905.319 81.432
905.622 81.402
905.926 81.341
906.230 81.259
906.533 81.201
906.837 81.154
907.140 81.093
907.444 81.060
907.747 81.068
908.051 81.058
908.354 81.046
908.658 81.036
908.961 81.009
909.265 81.025
909.568 81.040
909.872 81.042
910.175 81.041
910.479 81.015
910.782 81.004
911.086 80.970
911.389 80.939
911.693 80.924
911.996 80.904
912.300 80.895
912.613 80.864
912.926 80.803
913.238 80.779
913.551 80.776
913.864 80.737
914.176 80.684
914.489 80.632
914.802 80.581
915.115 80.514
915.427 80.436
915.740 80.394
916.053 80.350
916.366 80.279
916.678 80.229
916.991 80.224
917.304 80.212
917.617 80.181
917.929 80.174
918.242 80.130
918.555 80.099
918.868 80.075
919.180 80.043
919.493 80.046
919.806 80.001
920.119 79.938
920.431 79.864
920.744 79.787
921.057 79.741
921.370 79.739
921.682 79.715
921.995 79.707
922.308 79.669
922.621 79.630
922.933 79.638
923.246 79.613
923.559 79.567
923.872 79.497
924.184 79.453
924.497 79.394
924.810 79.383
925.123 79.370
925.435 79.340
925.748 79.350
926.061 79.350
926.374 79.328
926.686 79.309
926.999 79.334
927.312 79.296
927.625 79.223
927.937 79.156
928.250 79.075
928.563 78.974
928.876 78.867
929.188 78.778
929.501 78.718
929.814 78.651
930.127 78.575
930.439 78.525
930.752 78.458
931.065 78.355
931.378 78.239
931.690 78.158
932.003 78.126
932.316 78.032
932.629 77.911
932.941 77.829
933.254 77.804
933.567 77.709
933.880 77.576
934.192 77.463
934.505 77.365
934.818 77.274
935.131 77.235
935.443 77.207
935.756 77.128
936.069 77.068
936.382 77.023
936.694 76.961
937.007 76.870
937.320 76.774
937.633 76.614
937.945 76.493
938.258 76.369
938.571 76.219
938.884 76.164
939.196 76.150
939.509 76.162
939.822 76.084
940.135 75.944
940.447 75.802
940.760 75.684
941.073 75.604
941.386 75.506
941.698 75.378
942.011 75.266
942.324 75.176
942.637 75.045
942.949 74.942
943.262 74.887
943.575 74.849
943.888 74.790
944.200 74.674
944.513 74.601
944.826 74.536
945.139 74.438
945.451 74.294
945.764 74.137
946.077 73.994
946.390 73.907
946.702 73.876
947.015 73.792
947.328 73.706
947.641 73.678
947.953 73.661
948.266 73.571
948.579 73.499
948.892 73.418
949.204 73.302
949.517 73.188
949.830 73.123
950.143 73.153
950.455 73.179
950.768 73.172
951.081 73.126
951.394 73.103
951.706 73.114
952.019 73.102
952.332 73.105
952.645 73.107
952.957 73.072
953.270 73.124
953.583 73.196
953.896 73.240
954.208 73.210
954.521 73.147
954.834 73.086
955.147 72.972
955.459 72.856
955.772 72.769
956.085 72.703
956.398 72.637
956.710 72.666
957.023 72.661
957.336 72.646
957.649 72.635
957.961 72.634
958.274 72.653
958.587 72.554
958.900 72.535
959.212 72.543
959.525 72.479
959.838 72.443
960.151 72.403
960.463 72.374
960.776 72.360
961.089 72.309
961.402 72.251
961.714 72.243
962.027 72.171
962.340 72.104
962.653 72.055
962.965 72.025
963.278 71.986
963.591 71.834
963.904 71.711
964.216 71.618
964.529 71.557
964.842 71.484
965.154 71.438
965.467 71.357
965.780 71.214
966.094 71.162
966.409 71.117
966.723 71.030
967.037 70.898
967.352 70.852
967.666 70.889
967.980 70.944
968.295 71.022
968.609 71.032
968.923 70.936
969.238 70.791
969.552 70.656
969.866 70.654
970.181 70.599
970.495 70.527
970.809 70.469
971.124 70.432
971.438 70.277
971.752 70.202
972.067 70.215
972.381 70.095
972.695 69.925
973.010 69.787
973.324 69.686
973.638 69.610
973.953 69.599
974.267 69.619
974.581 69.633
974.896 69.577
975.210 69.536
975.524 69.512
975.839 69.458
976.153 69.463
976.467 69.477
976.781 69.458
977.096 69.377
977.410 69.278
977.724 69.331
978.039 69.359
978.353 69.369
978.667 69.452
978.982 69.449
979.296 69.439
979.610 69.434
979.925 69.365
980.239 69.295
980.553 69.198
980.868 69.128
981.182 69.123
981.496 69.162
981.811 69.087
982.125 68.960
982.439 68.871
982.754 68.909
983.068 68.923
983.382 68.932
983.697 68.926
984.011 68.939
984.325 68.896
984.640 68.877
984.954 68.879
985.268 68.787
985.583 68.712
985.897 68.762
986.211 68.940
986.526 68.944
986.840 68.870
987.154 68.853
987.469 68.744
987.783 68.676
988.097 68.688
988.412 68.662
988.726 68.615
989.040 68.475
989.355 68.424
989.669 68.452
989.983 68.443
990.298 68.441
990.612 68.531
990.926 68.529
991.241 68.484
991.555 68.453
991.869 68.443
992.184 68.393
992.498 68.384
992.812 68.402
993.127 68.368
993.441 68.266
993.755 68.187
994.070 68.145
994.384 68.098
994.698 68.020
995.013 68.014
995.327 67.993
995.641 67.915
995.956 67.834
996.270 67.740
996.584 67.611
996.899 67.533
997.213 67.533
997.527 67.430
997.841 67.257
998.156 67.153
998.470 67.031
998.784 66.941
999.099 66.952
999.413 66.893
999.727 66.939
