200.182 82.799
200.437 82.001
200.691 81.303
200.946 80.526
201.201 79.542
201.455 78.778
201.710 78.022
201.964 77.363
202.219 76.814
202.474 76.119
202.728 75.274
202.983 74.515
203.237 73.728
203.492 72.764
203.747 71.754
204.001 70.941
204.256 70.070
204.510 68.999
204.765 68.048
205.020 67.377
205.274 66.637
205.529 65.636
205.783 64.467
206.038 63.378
206.293 62.212
206.547 61.113
206.802 59.963
207.057 59.156
207.311 58.264
207.566 57.305
207.820 56.322
208.075 55.430
208.330 54.324
208.584 53.418
208.839 52.736
209.093 51.973
209.348 51.126
209.603 50.424
209.857 49.465
210.112 48.535
210.366 47.666
210.621 46.704
210.876 45.779
211.130 44.946
211.385 44.250
211.639 43.421
211.894 42.443
212.149 41.556
212.403 40.732
212.658 39.933
212.913 39.193
213.167 38.500
213.422 37.895
213.676 37.135
213.931 36.412
214.186 35.671
214.440 34.899
214.695 34.261
214.949 33.789
215.204 33.208
215.459 32.605
215.713 32.042
215.968 31.387
216.222 30.645
216.477 30.014
216.732 29.591
216.986 29.075
217.241 28.472
217.495 27.973
217.750 27.484
218.005 27.083
218.259 26.723
218.514 26.155
218.769 25.518
219.023 25.030
219.278 24.609
219.532 24.085
219.787 23.588
220.042 23.135
220.296 22.728
220.551 22.272
220.805 21.864
221.060 21.423
221.315 21.054
221.569 20.661
221.824 20.291
222.078 19.993
222.333 19.628
222.588 19.258
222.842 18.855
223.097 18.474
223.351 18.101
223.606 17.665
223.861 17.239
224.115 16.834
224.370 16.472
224.625 16.090
224.879 15.701
225.134 15.291
225.388 14.932
225.643 14.606
225.898 14.304
226.152 14.008
226.407 13.719
226.661 13.392
226.916 13.090
227.171 12.758
227.425 12.442
227.680 12.182
227.934 11.947
228.189 11.638
228.444 11.359
228.698 11.113
228.953 10.863
229.208 10.630
229.462 10.374
229.717 10.146
229.971 9.932
230.226 9.745
230.481 9.509
230.735 9.289
230.990 9.094
231.244 8.905
231.499 8.718
231.754 8.552
232.008 8.407
232.263 8.277
232.517 8.127
232.772 7.992
233.027 7.816
233.281 7.611
233.536 7.432
233.790 7.255
234.045 7.115
234.300 6.995
234.554 6.877
234.809 6.757
235.064 6.662
235.318 6.579
235.573 6.495
235.827 6.400
236.082 6.287
236.337 6.200
236.591 6.120
236.846 6.035
237.100 5.955
237.355 5.897
237.610 5.831
237.864 5.755
238.119 5.697
238.373 5.629
238.628 5.555
238.883 5.500
239.137 5.446
239.392 5.395
239.646 5.350
239.901 5.309
240.156 5.258
240.410 5.225
240.665 5.182
240.920 5.142
241.174 5.121
241.429 5.092
241.683 5.055
241.938 5.019
242.193 4.992
242.447 4.968
242.702 4.946
242.956 4.918
243.211 4.890
243.466 4.865
243.720 4.852
243.975 4.841
244.229 4.823
244.484 4.794
244.739 4.775
244.993 4.765
245.248 4.751
245.503 4.746
245.757 4.741
246.012 4.734
246.266 4.726
246.521 4.719
246.776 4.719
247.030 4.704
247.285 4.683
247.539 4.671
247.794 4.663
248.049 4.654
248.303 4.648
248.558 4.654
248.812 4.650
249.067 4.624
249.322 4.612
249.576 4.611
249.831 4.604
250.085 4.589
250.340 4.587
250.595 4.590
250.849 4.595
251.104 4.595
251.359 4.596
251.613 4.597
251.868 4.596
252.122 4.590
252.377 4.591
252.632 4.594
252.886 4.583
253.141 4.566
253.395 4.558
253.650 4.551
253.905 4.546
254.161 4.546
254.416 4.546
254.672 4.554
254.927 4.562
255.183 4.563
255.438 4.558
255.694 4.560
255.949 4.568
256.205 4.566
256.460 4.564
256.715 4.560
256.971 4.567
257.226 4.572
257.482 4.577
257.737 4.576
257.993 4.572
258.248 4.578
258.504 4.579
258.759 4.574
259.014 4.577
259.270 4.577
259.525 4.573
259.781 4.580
260.036 4.602
260.292 4.614
260.547 4.609
260.803 4.611
261.058 4.617
261.314 4.624
261.569 4.628
261.824 4.627
262.080 4.631
262.335 4.636
262.591 4.652
262.846 4.664
263.102 4.657
263.357 4.652
263.613 4.655
263.868 4.653
264.123 4.654
264.379 4.655
264.634 4.660
264.890 4.659
265.145 4.664
265.401 4.666
265.656 4.672
265.912 4.667
266.167 4.658
266.423 4.654
266.678 4.656
266.933 4.653
267.189 4.650
267.444 4.645
267.700 4.644
267.955 4.636
268.211 4.628
268.466 4.634
268.722 4.641
268.977 4.648
269.232 4.655
269.488 4.653
269.743 4.650
269.999 4.656
270.254 4.663
270.510 4.660
270.765 4.656
271.021 4.660
271.276 4.668
271.532 4.669
271.787 4.669
272.042 4.670
272.298 4.665
272.553 4.660
272.809 4.659
273.064 4.663
273.320 4.674
273.575 4.682
273.831 4.675
274.086 4.673
274.342 4.672
274.597 4.666
274.852 4.668
275.108 4.671
275.363 4.667
275.619 4.648
275.874 4.632
276.130 4.628
276.385 4.631
276.641 4.629
276.896 4.617
277.151 4.610
277.407 4.609
277.662 4.596
277.918 4.579
278.173 4.564
278.429 4.554
278.684 4.558
278.940 4.561
279.195 4.559
279.451 4.559
279.706 4.548
279.961 4.542
280.217 4.539
280.472 4.538
280.728 4.537
280.983 4.537
281.239 4.531
281.494 4.533
281.750 4.539
282.005 4.532
282.260 4.528
282.516 4.520
282.771 4.512
283.027 4.509
283.282 4.511
283.538 4.508
283.793 4.503
284.049 4.493
284.304 4.483
284.560 4.474
284.815 4.464
285.070 4.456
285.326 4.457
285.581 4.455
285.837 4.440
286.092 4.431
286.348 4.428
286.603 4.423
286.859 4.414
287.114 4.411
287.369 4.407
287.625 4.404
287.880 4.403
288.136 4.406
288.391 4.404
288.647 4.397
288.902 4.383
289.158 4.373
289.413 4.374
289.669 4.374
289.924 4.380
290.179 4.387
290.435 4.387
290.690 4.382
290.946 4.380
291.201 4.383
291.457 4.384
291.712 4.384
291.968 4.383
292.223 4.377
292.479 4.378
292.734 4.375
292.989 4.374
293.245 4.382
293.500 4.392
293.756 4.396
294.011 4.401
294.267 4.400
294.522 4.388
294.778 4.381
295.033 4.383
295.288 4.387
295.544 4.386
295.799 4.387
296.055 4.387
296.310 4.386
296.566 4.386
296.821 4.395
297.077 4.395
297.332 4.389
297.588 4.384
297.843 4.380
298.098 4.381
298.354 4.383
298.609 4.382
298.865 4.377
299.120 4.379
299.376 4.381
299.631 4.380
299.887 4.385
300.142 4.388
300.397 4.390
300.653 4.393
300.908 4.387
301.164 4.385
301.419 4.392
301.675 4.393
301.930 4.387
302.186 4.390
302.441 4.392
302.697 4.385
302.952 4.381
303.207 4.382
303.463 4.385
303.718 4.381
303.974 4.377
304.229 4.383
304.485 4.384
304.740 4.383
304.996 4.382
305.251 4.383
305.506 4.376
305.762 4.370
306.017 4.369
306.273 4.374
306.528 4.379
306.784 4.385
307.039 4.391
307.295 4.387
307.550 4.385
307.806 4.394
308.061 4.396
308.316 4.394
308.572 4.394
308.827 4.393
309.083 4.389
309.338 4.388
309.594 4.383
309.849 4.385
310.105 4.391
310.360 4.397
310.615 4.398
310.871 4.397
311.126 4.394
311.382 4.398
311.637 4.403
311.893 4.400
312.148 4.396
312.404 4.386
312.659 4.382
312.915 4.384
313.170 4.386
313.429 4.387
313.688 4.391
313.947 4.396
314.206 4.399
314.465 4.403
314.724 4.404
314.983 4.407
315.242 4.408
315.501 4.406
315.760 4.414
316.019 4.421
316.278 4.427
316.536 4.431
316.795 4.432
317.054 4.436
317.313 4.440
317.572 4.451
317.831 4.462
318.090 4.468
318.349 4.472
318.608 4.476
318.867 4.476
319.126 4.473
319.385 4.482
319.644 4.493
319.903 4.496
320.162 4.502
320.421 4.509
320.680 4.514
320.939 4.518
321.198 4.520
321.457 4.521
321.716 4.523
321.975 4.516
322.234 4.511
322.493 4.513
322.752 4.517
323.010 4.526
323.269 4.525
323.528 4.517
323.787 4.517
324.046 4.521
324.305 4.530
324.564 4.541
324.823 4.546
325.082 4.552
325.341 4.568
325.600 4.585
325.859 4.598
326.118 4.613
326.377 4.621
326.636 4.625
326.895 4.634
327.154 4.636
327.413 4.639
327.672 4.642
327.931 4.651
328.190 4.659
328.449 4.668
328.708 4.678
328.967 4.689
329.226 4.704
329.485 4.711
329.743 4.712
330.002 4.713
330.261 4.717
330.520 4.723
330.779 4.724
331.038 4.729
331.297 4.739
331.556 4.743
331.815 4.746
332.074 4.741
332.333 4.748
332.592 4.766
332.851 4.775
333.110 4.782
333.369 4.781
333.628 4.775
333.887 4.771
334.146 4.776
334.405 4.782
334.664 4.790
334.923 4.810
335.182 4.822
335.441 4.820
335.700 4.823
335.959 4.834
336.217 4.848
336.476 4.859
336.735 4.864
336.994 4.880
337.253 4.913
337.512 4.941
337.771 4.961
338.030 4.973
338.289 4.984
338.548 5.001
338.807 5.018
339.066 5.039
339.325 5.050
339.584 5.064
339.843 5.083
340.102 5.092
340.361 5.096
340.620 5.107
340.879 5.113
341.138 5.109
341.397 5.104
341.656 5.106
341.915 5.111
342.174 5.116
342.433 5.135
342.691 5.159
342.950 5.173
343.209 5.186
343.468 5.203
343.727 5.215
343.986 5.235
344.245 5.248
344.504 5.259
344.763 5.278
345.022 5.289
345.281 5.297
345.540 5.311
345.799 5.320
346.058 5.332
346.317 5.341
346.576 5.357
346.835 5.378
347.094 5.399
347.353 5.425
347.612 5.439
347.871 5.466
348.130 5.487
348.389 5.491
348.648 5.492
348.907 5.499
349.166 5.524
349.424 5.548
349.683 5.571
349.942 5.594
350.201 5.613
350.460 5.627
350.719 5.632
350.978 5.637
351.237 5.661
351.496 5.681
351.755 5.684
352.014 5.693
352.273 5.701
352.532 5.709
352.791 5.713
353.050 5.724
353.309 5.736
353.568 5.742
353.827 5.752
354.086 5.764
354.345 5.761
354.604 5.757
354.863 5.747
355.122 5.759
355.381 5.776
355.640 5.788
355.898 5.798
356.157 5.807
356.416 5.819
356.675 5.838
356.934 5.855
357.193 5.881
357.452 5.910
357.711 5.921
357.970 5.939
358.229 5.952
358.488 5.951
358.747 5.957
359.006 5.972
359.265 5.997
359.524 6.030
359.783 6.054
360.042 6.073
360.301 6.089
360.560 6.103
360.819 6.115
361.078 6.125
361.337 6.142
361.596 6.175
361.855 6.202
362.114 6.228
362.372 6.258
362.631 6.275
362.890 6.287
363.149 6.294
363.408 6.315
363.667 6.329
363.926 6.343
364.185 6.362
364.444 6.379
364.703 6.399
364.962 6.404
365.221 6.420
365.480 6.435
365.745 6.442
366.009 6.462
366.274 6.493
366.539 6.509
366.804 6.524
367.068 6.538
367.333 6.553
367.598 6.571
367.863 6.580
368.127 6.593
368.392 6.620
368.657 6.645
368.921 6.641
369.186 6.635
369.451 6.648
369.716 6.666
369.980 6.676
370.245 6.701
370.510 6.733
370.775 6.766
371.039 6.791
371.304 6.808
371.569 6.817
371.834 6.835
372.098 6.853
372.363 6.873
372.628 6.894
372.892 6.923
373.157 6.929
373.422 6.931
373.687 6.946
373.951 6.960
374.216 6.972
374.481 6.988
374.746 7.009
375.010 7.024
375.275 7.033
375.540 7.033
375.804 7.034
376.069 7.042
376.334 7.062
376.599 7.073
376.863 7.088
377.128 7.107
377.393 7.125
377.658 7.138
377.922 7.147
378.187 7.158
378.452 7.166
378.716 7.179
378.981 7.191
379.246 7.200
379.511 7.219
379.775 7.245
380.040 7.259
380.305 7.268
380.570 7.287
380.834 7.314
381.099 7.345
381.364 7.361
381.629 7.375
381.893 7.399
382.158 7.414
382.423 7.418
382.687 7.435
382.952 7.448
383.217 7.457
383.482 7.471
383.746 7.481
384.011 7.497
384.276 7.523
384.541 7.531
384.805 7.533
385.070 7.550
385.335 7.575
385.599 7.602
385.864 7.621
386.129 7.640
386.394 7.653
386.658 7.660
386.923 7.670
387.188 7.675
387.453 7.682
387.717 7.697
387.982 7.704
388.247 7.718
388.511 7.722
388.776 7.721
389.041 7.728
389.306 7.741
389.570 7.749
389.835 7.756
390.100 7.763
390.365 7.783
390.629 7.807
390.894 7.823
391.159 7.834
391.424 7.844
391.688 7.845
391.953 7.855
392.218 7.875
392.482 7.886
392.747 7.898
393.012 7.905
393.277 7.921
393.541 7.942
393.806 7.951
394.071 7.965
394.336 7.972
394.600 7.978
394.865 7.987
395.130 7.999
395.394 8.012
395.659 8.015
395.924 8.017
396.189 8.028
396.453 8.035
396.718 8.044
396.983 8.040
397.248 8.044
397.512 8.054
397.777 8.061
398.042 8.057
398.306 8.056
398.571 8.061
398.836 8.069
399.101 8.079
399.365 8.095
399.630 8.115
399.895 8.139
400.160 8.150
400.424 8.148
400.689 8.158
400.954 8.175
401.219 8.189
401.483 8.195
401.748 8.193
402.013 8.200
402.277 8.207
402.542 8.213
402.807 8.224
403.072 8.235
403.336 8.247
403.601 8.260
403.866 8.274
404.131 8.289
404.395 8.301
404.660 8.322
404.929 8.335
405.198 8.338
405.466 8.340
405.735 8.348
406.004 8.369
406.273 8.385
406.542 8.384
406.810 8.378
407.079 8.377
407.348 8.382
407.617 8.384
407.886 8.399
408.154 8.410
408.423 8.412
408.692 8.418
408.961 8.428
409.229 8.442
409.498 8.465
409.767 8.471
410.036 8.474
410.305 8.481
410.573 8.500
410.842 8.511
411.111 8.512
411.380 8.513
411.649 8.513
411.917 8.513
412.186 8.517
412.455 8.519
412.724 8.528
412.993 8.534
413.261 8.542
413.530 8.540
413.799 8.545
414.068 8.561
414.337 8.579
414.605 8.594
414.874 8.602
415.143 8.602
415.412 8.603
415.681 8.604
415.949 8.599
416.218 8.601
416.487 8.605
416.756 8.612
417.024 8.618
417.293 8.620
417.562 8.626
417.831 8.634
418.100 8.647
418.368 8.661
418.637 8.668
418.906 8.679
419.175 8.690
419.444 8.697
419.712 8.706
419.981 8.712
420.250 8.718
420.519 8.728
420.788 8.728
421.056 8.721
421.325 8.723
421.594 8.729
421.863 8.740
422.132 8.749
422.400 8.746
422.669 8.748
422.938 8.755
423.207 8.761
423.476 8.768
423.744 8.782
424.013 8.797
424.282 8.803
424.551 8.806
424.819 8.804
425.088 8.799
425.357 8.800
425.626 8.803
425.895 8.799
426.163 8.797
426.432 8.810
426.701 8.816
426.970 8.807
427.239 8.807
427.507 8.813
427.776 8.819
428.045 8.827
428.314 8.837
428.583 8.853
428.851 8.866
429.120 8.870
429.389 8.878
429.658 8.888
429.927 8.898
430.195 8.899
430.464 8.897
430.733 8.904
431.002 8.913
431.271 8.923
431.539 8.939
431.808 8.950
432.077 8.961
432.346 8.976
432.614 8.988
432.883 8.998
433.152 9.021
433.421 9.047
433.690 9.058
433.958 9.065
434.227 9.077
434.496 9.085
434.765 9.091
435.034 9.105
435.302 9.109
435.571 9.109
435.840 9.109
436.116 9.112
436.393 9.129
436.669 9.147
436.945 9.160
437.221 9.181
437.498 9.202
437.774 9.224
438.050 9.244
438.326 9.254
438.603 9.265
438.879 9.282
439.155 9.295
439.431 9.309
439.708 9.326
439.984 9.340
440.260 9.350
440.537 9.359
440.813 9.369
441.089 9.386
441.365 9.407
441.642 9.423
441.918 9.438
442.194 9.456
442.470 9.464
442.747 9.470
443.023 9.473
443.299 9.482
443.575 9.507
443.852 9.525
444.128 9.544
444.404 9.570
444.680 9.589
444.957 9.599
445.233 9.603
445.509 9.614
445.786 9.634
446.062 9.646
446.338 9.655
446.614 9.667
446.891 9.687
447.167 9.698
447.443 9.713
447.719 9.720
447.996 9.728
448.272 9.739
448.548 9.749
448.824 9.754
449.101 9.763
449.377 9.777
449.653 9.793
449.930 9.802
450.206 9.806
450.482 9.825
450.758 9.839
451.035 9.848
451.311 9.854
451.587 9.855
451.863 9.866
452.140 9.885
452.416 9.899
452.692 9.919
452.968 9.933
453.245 9.941
453.521 9.951
453.797 9.966
454.074 9.974
454.350 9.982
454.626 9.994
454.902 10.010
455.179 10.031
455.455 10.048
455.731 10.053
456.007 10.061
456.284 10.069
456.560 10.074
456.836 10.080
457.112 10.085
457.389 10.091
457.665 10.107
457.941 10.112
458.218 10.116
458.494 10.128
458.770 10.131
459.046 10.133
459.323 10.140
459.599 10.153
459.875 10.167
460.151 10.177
460.428 10.184
460.704 10.190
460.980 10.197
461.256 10.200
461.533 10.210
461.809 10.223
462.085 10.229
462.361 10.231
462.638 10.235
462.914 10.251
463.190 10.263
463.467 10.271
463.743 10.276
464.019 10.280
464.295 10.278
464.572 10.288
464.848 10.301
465.124 10.313
465.400 10.327
465.677 10.342
465.953 10.355
466.229 10.362
466.505 10.370
466.782 10.370
467.058 10.372
467.334 10.377
467.611 10.385
467.887 10.397
468.163 10.407
468.439 10.417
468.716 10.416
468.992 10.418
469.268 10.430
469.544 10.440
469.821 10.447
470.097 10.449
470.373 10.445
470.649 10.443
470.926 10.444
471.202 10.448
471.478 10.449
471.755 10.442
472.031 10.444
472.307 10.446
472.583 10.449
472.860 10.455
473.136 10.467
473.412 10.483
473.688 10.497
473.965 10.504
474.241 10.510
474.517 10.516
474.793 10.527
475.070 10.537
475.346 10.543
475.622 10.554
475.899 10.563
476.175 10.572
476.451 10.581
476.727 10.582
477.004 10.585
477.280 10.579
477.556 10.582
477.832 10.586
478.109 10.589
478.385 10.587
478.661 10.585
478.937 10.591
479.214 10.600
479.490 10.607
479.766 10.609
480.043 10.613
480.319 10.616
480.595 10.619
480.871 10.629
481.148 10.641
481.424 10.645
481.700 10.642
481.976 10.642
482.253 10.647
482.529 10.651
482.805 10.649
483.081 10.650
483.358 10.652
483.634 10.666
483.910 10.672
484.186 10.677
484.463 10.679
484.739 10.676
485.015 10.681
485.292 10.691
485.568 10.701
485.844 10.712
486.120 10.719
486.397 10.721
486.673 10.722
486.949 10.731
487.225 10.742
487.502 10.751
487.778 10.762
488.054 10.776
488.330 10.789
488.607 10.799
488.883 10.801
489.159 10.809
489.436 10.817
489.712 10.819
489.988 10.822
490.264 10.827
490.541 10.831
490.817 10.836
491.093 10.843
491.369 10.855
491.646 10.868
491.922 10.880
492.198 10.889
492.474 10.892
492.751 10.898
493.027 10.901
493.303 10.903
493.580 10.911
493.856 10.924
494.132 10.945
494.408 10.955
494.685 10.963
494.961 10.968
495.237 10.983
495.513 11.001
495.790 11.018
496.066 11.035
496.342 11.047
496.618 11.056
496.895 11.072
497.171 11.085
497.447 11.094
497.724 11.102
498.000 11.110
498.276 11.126
498.552 11.147
498.829 11.161
499.105 11.165
499.381 11.168
499.657 11.179
499.934 11.191
500.210 11.209
500.486 11.223
500.762 11.240
501.039 11.252
501.315 11.266
501.591 11.289
501.867 11.313
502.144 11.330
502.420 11.349
502.696 11.364
502.973 11.383
503.249 11.402
503.525 11.421
503.801 11.432
504.078 11.440
504.354 11.443
504.630 11.453
504.906 11.460
505.183 11.466
505.459 11.479
505.735 11.495
506.011 11.507
506.288 11.525
506.564 11.545
506.840 11.559
507.117 11.578
507.393 11.598
507.669 11.615
507.945 11.630
508.222 11.642
508.498 11.651
508.774 11.659
509.050 11.673
509.327 11.696
509.603 11.717
509.879 11.739
510.155 11.757
510.432 11.778
510.708 11.795
510.984 11.808
511.261 11.830
511.537 11.848
511.813 11.866
512.089 11.879
512.366 11.893
512.642 11.906
512.918 11.919
513.194 11.935
513.471 11.947
513.747 11.962
514.023 11.985
514.299 12.007
514.576 12.032
514.852 12.052
515.128 12.069
515.405 12.080
515.681 12.094
515.957 12.119
516.233 12.140
516.510 12.156
516.786 12.175
517.062 12.192
517.338 12.200
517.615 12.209
517.891 12.224
518.167 12.240
518.443 12.248
518.720 12.253
518.996 12.261
519.272 12.269
519.548 12.274
519.825 12.280
520.101 12.297
520.377 12.322
520.654 12.338
520.930 12.353
521.206 12.377
521.482 12.395
521.759 12.412
522.035 12.425
522.311 12.441
522.587 12.455
522.864 12.473
523.140 12.487
523.416 12.503
523.692 12.517
523.969 12.525
524.245 12.537
524.521 12.550
524.798 12.559
525.074 12.564
525.350 12.572
525.626 12.589
525.903 12.603
526.179 12.606
526.455 12.615
526.731 12.631
527.008 12.648
527.284 12.667
527.560 12.681
527.836 12.690
528.113 12.698
528.389 12.714
528.665 12.730
528.942 12.740
529.218 12.761
529.494 12.800
529.770 12.817
530.047 12.823
530.323 12.835
530.599 12.847
530.875 12.861
531.152 12.870
531.428 12.877
531.704 12.886
531.980 12.894
532.257 12.907
532.533 12.919
532.809 12.928
533.086 12.940
533.362 12.953
533.638 12.965
533.914 12.976
534.191 12.988
534.467 12.999
534.743 13.012
535.019 13.025
535.296 13.037
535.572 13.051
535.848 13.063
536.124 13.076
536.401 13.091
536.677 13.098
536.953 13.100
537.230 13.100
537.506 13.114
537.782 13.135
538.058 13.151
538.335 13.163
538.611 13.176
538.887 13.189
539.163 13.201
539.440 13.211
539.716 13.213
539.992 13.222
540.268 13.235
540.545 13.247
540.821 13.256
541.097 13.260
541.373 13.271
541.650 13.291
541.926 13.306
542.202 13.317
542.479 13.324
542.755 13.333
543.031 13.347
543.307 13.357
543.584 13.365
543.860 13.370
544.136 13.362
544.412 13.365
544.689 13.379
544.965 13.387
545.241 13.391
545.517 13.395
545.794 13.403
546.070 13.402
546.356 13.383
546.642 13.382
546.928 13.393
547.214 13.399
547.500 13.398
547.786 13.397
548.072 13.406
548.358 13.414
548.644 13.422
548.930 13.430
549.216 13.436
549.502 13.441
549.788 13.446
550.074 13.452
550.360 13.453
550.646 13.451
550.932 13.446
551.218 13.445
551.504 13.452
551.790 13.457
552.076 13.456
552.362 13.455
552.648 13.453
552.934 13.454
553.220 13.456
553.506 13.462
553.793 13.474
554.079 13.485
554.365 13.489
554.651 13.490
554.937 13.486
555.223 13.482
555.509 13.485
555.795 13.485
556.081 13.485
556.367 13.483
556.653 13.488
556.939 13.498
557.225 13.502
557.511 13.496
557.797 13.494
558.083 13.493
558.369 13.496
558.655 13.500
558.941 13.505
559.227 13.509
559.513 13.507
559.799 13.514
560.085 13.518
560.371 13.525
560.657 13.531
560.943 13.525
561.229 13.528
561.515 13.534
561.801 13.532
562.087 13.525
562.373 13.521
562.659 13.519
562.945 13.522
563.231 13.526
563.517 13.525
563.803 13.522
564.089 13.524
564.375 13.522
564.661 13.525
564.947 13.529
565.233 13.531
565.519 13.530
565.805 13.528
566.091 13.526
566.377 13.521
566.663 13.520
566.949 13.521
567.235 13.521
567.521 13.526
567.807 13.530
568.093 13.530
568.379 13.533
568.665 13.535
568.951 13.532
569.237 13.527
569.524 13.527
569.810 13.527
570.096 13.528
570.382 13.530
570.668 13.533
570.954 13.527
571.240 13.519
571.526 13.515
571.812 13.515
572.098 13.516
572.384 13.520
572.670 13.520
572.956 13.519
573.242 13.519
573.528 13.517
573.814 13.513
574.100 13.506
574.386 13.502
574.672 13.495
574.958 13.493
575.244 13.492
575.530 13.495
575.816 13.495
576.102 13.492
576.388 13.482
576.674 13.479
576.960 13.481
577.248 13.478
577.536 13.474
577.824 13.465
578.113 13.457
578.401 13.455
578.689 13.454
578.977 13.460
579.265 13.459
579.553 13.455
579.841 13.453
580.130 13.451
580.418 13.445
580.706 13.437
580.994 13.432
581.282 13.431
581.570 13.431
581.858 13.429
582.147 13.423
582.435 13.422
582.723 13.422
583.011 13.420
583.299 13.417
583.587 13.416
583.875 13.414
584.164 13.408
584.452 13.409
584.740 13.404
585.028 13.396
585.316 13.390
585.604 13.391
585.892 13.388
586.181 13.385
586.469 13.388
586.757 13.387
587.045 13.382
587.333 13.378
587.621 13.374
587.909 13.367
588.198 13.358
588.486 13.349
588.774 13.341
589.062 13.335
589.350 13.334
589.638 13.328
589.927 13.315
590.215 13.305
590.503 13.297
590.791 13.288
591.079 13.286
591.367 13.288
591.655 13.288
591.944 13.289
592.232 13.288
592.520 13.289
592.808 13.288
593.096 13.281
593.384 13.279
593.672 13.274
593.961 13.269
594.249 13.257
594.537 13.248
594.825 13.244
595.113 13.244
595.401 13.246
595.689 13.242
595.978 13.241
596.266 13.243
596.554 13.241
596.842 13.239
597.130 13.237
597.418 13.245
597.706 13.254
597.995 13.257
598.283 13.255
598.571 13.254
598.859 13.250
599.147 13.243
599.435 13.243
599.723 13.244
600.012 13.238
600.300 13.229
600.588 13.225
600.876 13.222
601.164 13.215
601.452 13.213
601.740 13.206
602.029 13.199
602.317 13.201
602.605 13.196
602.893 13.191
603.181 13.190
603.469 13.193
603.757 13.189
604.046 13.174
604.334 13.162
604.622 13.161
604.910 13.163
605.198 13.160
605.486 13.158
605.774 13.154
606.063 13.155
606.351 13.155
606.639 13.153
606.927 13.147
607.215 13.146
607.503 13.144
607.791 13.144
608.080 13.146
608.368 13.150
608.656 13.150
608.944 13.146
609.232 13.139
609.520 13.133
609.808 13.131
610.097 13.134
610.385 13.132
610.673 13.137
610.961 13.136
611.249 13.136
611.537 13.139
611.825 13.141
612.114 13.138
612.402 13.128
612.690 13.116
612.978 13.107
613.266 13.106
613.554 13.102
613.843 13.092
614.131 13.077
614.419 13.067
614.707 13.062
614.995 13.052
615.283 13.040
615.571 13.043
615.860 13.053
616.148 13.051
616.436 13.055
616.724 13.056
617.012 13.054
617.300 13.055
617.588 13.053
617.877 13.052
618.165 13.046
618.453 13.043
618.741 13.048
619.029 13.045
619.317 13.045
619.605 13.042
619.894 13.040
620.182 13.044
620.470 13.042
620.758 13.039
621.046 13.037
621.334 13.037
621.622 13.043
621.911 13.054
622.199 13.059
622.487 13.056
622.775 13.053
623.063 13.052
623.351 13.051
623.639 13.050
623.928 13.053
624.216 13.056
624.504 13.052
624.792 13.046
625.080 13.051
625.368 13.051
625.656 13.047
625.945 13.050
626.233 13.047
626.521 13.038
626.809 13.034
627.097 13.030
627.385 13.024
627.673 13.017
627.962 13.016
628.250 13.012
628.538 13.005
628.826 12.998
629.114 12.985
629.402 12.985
629.690 12.998
629.979 13.013
630.267 13.015
630.555 13.017
630.843 13.013
631.131 13.006
631.419 13.002
631.707 13.008
631.996 13.021
632.284 13.028
632.572 13.030
632.860 13.029
633.148 13.017
633.436 13.000
633.724 13.002
634.013 13.004
634.301 13.007
634.589 12.998
634.877 12.984
635.165 12.982
635.453 12.976
635.741 12.968
636.030 12.958
636.318 12.948
636.606 12.949
636.894 12.946
637.182 12.946
637.470 12.939
637.759 12.933
638.047 12.931
638.335 12.923
638.623 12.914
638.911 12.907
639.199 12.908
639.487 12.909
639.776 12.902
640.064 12.899
640.352 12.899
640.640 12.901
640.928 12.899
641.216 12.894
641.504 12.891
641.793 12.888
642.081 12.882
642.369 12.875
642.657 12.863
642.945 12.862
643.233 12.862
643.521 12.856
643.810 12.856
644.098 12.857
644.386 12.856
644.674 12.862
644.962 12.867
645.250 12.868
645.538 12.859
645.827 12.844
646.115 12.831
646.403 12.823
646.691 12.821
646.979 12.816
647.267 12.800
647.555 12.782
647.844 12.778
648.132 12.770
648.420 12.762
648.708 12.758
648.996 12.754
649.284 12.750
649.572 12.739
649.861 12.729
650.149 12.722
650.437 12.725
650.725 12.725
651.013 12.726
651.301 12.723
651.589 12.710
651.878 12.701
652.166 12.705
652.454 12.717
652.742 12.722
653.030 12.727
653.318 12.736
653.606 12.746
653.895 12.749
654.183 12.745
654.471 12.749
654.759 12.746
655.047 12.746
655.335 12.747
655.623 12.749
655.912 12.754
656.200 12.759
656.488 12.765
656.776 12.752
657.064 12.740
657.352 12.740
657.640 12.745
657.929 12.743
658.217 12.737
658.505 12.739
658.793 12.744
659.081 12.742
659.369 12.740
659.657 12.741
659.946 12.743
660.234 12.748
660.522 12.745
660.810 12.737
661.098 12.732
661.386 12.730
661.675 12.729
661.963 12.726
662.251 12.722
662.539 12.721
662.827 12.715
663.115 12.720
663.403 12.728
663.692 12.737
663.980 12.747
664.268 12.752
664.556 12.759
664.844 12.767
665.132 12.775
665.420 12.778
665.709 12.786
665.997 12.795
666.285 12.802
666.573 12.807
666.861 12.806
667.149 12.809
667.437 12.810
667.726 12.818
668.014 12.819
668.302 12.815
668.590 12.819
668.878 12.817
669.166 12.810
669.454 12.810
669.743 12.808
670.031 12.804
670.319 12.802
670.607 12.807
670.895 12.813
671.183 12.808
671.471 12.806
671.760 12.809
672.048 12.807
672.336 12.812
672.624 12.815
672.912 12.813
673.200 12.807
673.488 12.800
673.777 12.801
674.065 12.800
674.353 12.799
674.641 12.797
674.929 12.793
675.217 12.788
675.505 12.794
675.794 12.794
676.082 12.795
676.370 12.799
676.658 12.810
676.946 12.824
677.234 12.834
677.522 12.838
677.811 12.844
678.099 12.851
678.387 12.851
678.675 12.851
678.963 12.849
679.251 12.857
679.539 12.869
679.828 12.871
680.116 12.876
680.404 12.884
680.692 12.883
680.980 12.885
681.268 12.887
681.556 12.881
681.845 12.883
682.133 12.878
682.421 12.875
682.709 12.870
682.997 12.866
683.285 12.862
683.573 12.858
683.862 12.852
684.150 12.853
684.438 12.859
684.726 12.862
685.014 12.873
685.302 12.869
685.591 12.872
685.879 12.882
686.167 12.888
686.455 12.893
686.743 12.910
687.031 12.914
687.319 12.918
687.608 12.917
687.896 12.917
688.184 12.920
688.472 12.919
688.760 12.923
689.048 12.927
689.336 12.929
689.625 12.936
689.913 12.934
690.201 12.930
690.489 12.928
690.777 12.929
691.065 12.935
691.353 12.928
691.642 12.939
691.930 12.944
692.218 12.944
692.506 12.944
692.794 12.947
693.082 12.955
693.370 12.963
693.659 12.963
693.947 12.954
694.235 12.939
694.523 12.930
694.811 12.932
695.099 12.945
695.387 12.954
695.676 12.959
695.964 12.980
696.252 12.995
696.540 13.009
696.836 13.013
697.133 13.006
697.429 13.007
697.725 13.010
698.021 13.021
698.318 13.028
698.614 13.025
698.910 13.023
699.207 13.030
699.503 13.037
699.799 13.042
700.095 13.045
700.392 13.052
700.688 13.056
700.984 13.064
701.281 13.079
701.577 13.096
701.873 13.108
702.169 13.124
702.466 13.135
702.762 13.136
703.058 13.136
703.355 13.141
703.651 13.149
703.947 13.143
704.243 13.148
704.540 13.153
704.836 13.163
705.132 13.162
705.428 13.162
705.725 13.160
706.021 13.151
706.317 13.150
706.614 13.147
706.910 13.146
707.206 13.152
707.502 13.160
707.799 13.164
708.095 13.167
708.391 13.183
708.688 13.198
708.984 13.205
709.280 13.211
709.576 13.194
709.873 13.200
710.169 13.209
710.465 13.219
710.762 13.224
711.058 13.215
711.354 13.218
711.650 13.231
711.947 13.253
712.243 13.270
712.539 13.282
712.836 13.289
713.132 13.282
713.428 13.283
713.724 13.275
714.021 13.261
714.317 13.263
714.613 13.259
714.910 13.257
715.206 13.272
715.502 13.279
715.798 13.275
716.095 13.269
716.391 13.266
716.687 13.280
716.984 13.300
717.280 13.319
717.576 13.321
717.872 13.327
718.169 13.327
718.465 13.328
718.761 13.340
719.058 13.345
719.354 13.338
719.650 13.327
719.946 13.325
720.243 13.323
720.539 13.329
720.835 13.336
721.131 13.343
721.428 13.338
721.724 13.334
722.020 13.337
722.317 13.334
722.613 13.332
722.909 13.329
723.205 13.338
723.502 13.352
723.798 13.374
724.094 13.399
724.391 13.406
724.687 13.423
724.983 13.443
725.279 13.448
725.576 13.451
725.872 13.473
726.168 13.488
726.465 13.483
726.761 13.484
727.057 13.486
727.353 13.498
727.650 13.510
727.946 13.522
728.242 13.537
728.539 13.553
728.835 13.565
729.131 13.584
729.427 13.591
729.724 13.586
730.020 13.590
730.316 13.602
730.613 13.597
730.909 13.601
731.205 13.610
731.501 13.617
731.798 13.651
732.094 13.685
732.390 13.682
732.687 13.681
732.983 13.686
733.279 13.685
733.575 13.686
733.872 13.681
734.168 13.692
734.464 13.709
734.761 13.717
735.057 13.720
735.353 13.732
735.649 13.744
735.946 13.747
736.242 13.764
736.538 13.781
736.835 13.788
737.131 13.792
737.427 13.819
737.723 13.844
738.020 13.867
738.316 13.883
738.612 13.898
738.909 13.906
739.205 13.928
739.501 13.943
739.797 13.960
740.094 13.986
740.390 14.004
740.686 14.015
740.982 14.018
741.279 14.022
741.575 14.032
741.871 14.037
742.168 14.029
742.464 14.028
742.760 14.037
743.056 14.042
743.353 14.056
743.649 14.073
743.945 14.077
744.242 14.083
744.538 14.092
744.834 14.096
745.130 14.103
745.427 14.116
745.723 14.136
746.019 14.147
746.316 14.149
746.612 14.147
746.908 14.141
747.204 14.127
747.501 14.137
747.797 14.150
748.093 14.144
748.390 14.138
748.686 14.160
748.982 14.170
749.278 14.169
749.575 14.168
749.871 14.160
750.167 14.157
750.464 14.177
750.760 14.195
751.056 14.211
751.352 14.234
751.649 14.241
751.945 14.261
752.241 14.272
752.538 14.278
752.834 14.287
753.130 14.282
753.426 14.276
753.723 14.286
754.019 14.297
754.315 14.305
754.611 14.321
754.908 14.347
755.204 14.369
755.500 14.366
755.797 14.367
756.093 14.354
756.389 14.352
756.685 14.353
756.982 14.360
757.278 14.365
757.574 14.369
757.871 14.365
758.167 14.369
758.463 14.390
758.759 14.408
759.056 14.421
759.352 14.439
759.648 14.453
759.945 14.466
760.241 14.479
760.537 14.504
760.833 14.520
761.130 14.530
761.426 14.538
761.722 14.541
762.019 14.535
762.315 14.538
762.611 14.557
762.907 14.592
763.204 14.623
763.500 14.639
763.804 14.649
764.108 14.662
764.412 14.685
764.716 14.698
765.020 14.714
765.324 14.751
765.628 14.763
765.932 14.782
766.236 14.805
766.540 14.824
766.844 14.829
767.148 14.838
767.452 14.856
767.756 14.867
768.060 14.866
768.364 14.871
768.668 14.888
768.972 14.909
769.276 14.920
769.580 14.936
769.884 14.974
770.188 14.992
770.492 14.994
770.796 15.001
771.100 15.022
771.404 15.064
771.708 15.090
772.012 15.111
772.316 15.141
772.620 15.162
772.924 15.162
773.228 15.164
773.532 15.179
773.836 15.202
774.140 15.226
774.444 15.263
774.748 15.295
775.052 15.312
775.356 15.325
775.659 15.348
775.963 15.394
776.267 15.426
776.571 15.428
776.875 15.431
777.179 15.447
777.483 15.478
777.787 15.498
778.091 15.508
778.395 15.520
778.699 15.549
779.003 15.582
779.307 15.591
779.611 15.590
779.915 15.591
780.219 15.608
780.523 15.643
780.827 15.692
781.131 15.714
781.435 15.735
781.739 15.752
782.043 15.778
782.347 15.806
782.651 15.815
782.955 15.825
783.259 15.836
783.563 15.874
783.867 15.896
784.171 15.921
784.475 15.931
784.779 15.944
785.083 15.949
785.387 15.940
785.691 15.954
785.995 15.985
786.299 16.021
786.603 16.062
786.907 16.086
787.211 16.110
787.515 16.129
787.819 16.145
788.123 16.145
788.427 16.144
788.731 16.157
789.035 16.184
789.339 16.220
789.643 16.233
789.947 16.226
790.251 16.232
790.555 16.247
790.859 16.266
791.163 16.284
791.467 16.310
791.771 16.303
792.075 16.303
792.379 16.325
792.683 16.348
792.987 16.371
793.291 16.373
793.595 16.385
793.899 16.418
794.203 16.428
794.507 16.418
794.811 16.425
795.115 16.456
795.419 16.474
795.723 16.480
796.027 16.471
796.331 16.491
796.635 16.539
796.939 16.552
797.243 16.554
797.547 16.552
797.851 16.574
798.155 16.616
798.459 16.648
798.763 16.673
799.067 16.685
799.371 16.665
799.674 16.671
799.978 16.679
800.282 16.711
800.586 16.718
800.890 16.728
801.194 16.758
801.498 16.783
801.802 16.816
802.106 16.822
802.410 16.834
802.714 16.857
803.018 16.881
803.322 16.881
803.626 16.897
803.930 16.948
804.234 16.973
804.538 16.970
804.842 16.977
805.146 16.982
805.450 16.998
805.754 17.007
806.058 17.032
806.362 17.072
806.666 17.088
806.970 17.098
807.274 17.110
807.578 17.137
807.882 17.143
808.186 17.161
808.490 17.184
808.794 17.200
809.098 17.205
809.402 17.218
809.706 17.235
810.010 17.241
810.314 17.276
810.618 17.307
810.922 17.304
811.226 17.293
811.530 17.279
811.834 17.280
812.137 17.280
812.441 17.304
812.744 17.334
813.048 17.346
813.351 17.358
813.655 17.350
813.958 17.344
814.262 17.356
814.565 17.369
814.869 17.368
815.172 17.347
815.476 17.359
815.779 17.384
816.083 17.403
816.386 17.407
816.690 17.416
816.993 17.429
817.297 17.438
817.600 17.470
817.904 17.490
818.208 17.501
818.511 17.503
818.815 17.480
819.118 17.497
819.422 17.512
819.725 17.515
820.029 17.521
820.332 17.524
820.636 17.537
820.939 17.558
821.243 17.558
821.546 17.580
821.850 17.644
822.153 17.707
822.457 17.727
822.760 17.741
823.064 17.761
823.367 17.767
823.671 17.768
823.974 17.765
824.278 17.762
824.582 17.762
824.885 17.767
825.189 17.788
825.492 17.813
825.796 17.834
826.099 17.828
826.403 17.833
826.706 17.842
827.010 17.857
827.313 17.877
827.617 17.903
827.920 17.891
828.224 17.884
828.527 17.890
828.831 17.881
829.134 17.881
829.438 17.894
829.741 17.930
830.045 17.959
830.348 17.939
830.652 17.949
830.956 17.957
831.259 17.969
831.563 17.994
831.866 18.012
832.170 18.034
832.473 18.054
832.777 18.058
833.080 18.060
833.384 18.069
833.687 18.081
833.991 18.085
834.294 18.063
834.598 18.044
834.901 18.055
835.205 18.070
835.508 18.069
835.812 18.088
836.115 18.110
836.419 18.143
836.722 18.150
837.026 18.162
837.330 18.171
837.633 18.158
837.937 18.145
838.240 18.157
838.544 18.163
838.847 18.162
839.151 18.189
839.454 18.221
839.758 18.236
840.061 18.259
840.365 18.280
840.668 18.288
840.972 18.310
841.275 18.317
841.579 18.347
841.882 18.370
842.186 18.406
842.489 18.422
842.793 18.467
843.097 18.498
843.400 18.510
843.704 18.525
844.007 18.545
844.311 18.571
844.614 18.593
844.918 18.630
845.221 18.657
845.525 18.667
845.828 18.649
846.132 18.648
846.435 18.714
846.739 18.747
847.042 18.768
847.346 18.810
847.649 18.836
847.953 18.854
848.256 18.868
848.560 18.896
848.863 18.967
849.167 19.003
849.471 19.002
849.774 19.002
850.078 19.026
850.381 19.065
850.685 19.130
850.988 19.213
851.292 19.241
851.595 19.272
851.899 19.275
852.202 19.286
852.506 19.340
852.809 19.382
853.113 19.393
853.416 19.387
853.720 19.388
854.023 19.411
854.327 19.416
854.630 19.414
854.934 19.407
855.237 19.409
855.541 19.419
855.845 19.447
856.148 19.445
856.452 19.435
856.755 19.412
857.059 19.408
857.362 19.447
857.666 19.484
857.969 19.469
858.273 19.452
858.576 19.432
858.880 19.393
859.183 19.342
859.487 19.307
859.790 19.295
860.094 19.284
860.397 19.280
860.701 19.286
861.004 19.298
861.308 19.250
861.611 19.214
861.915 19.194
862.219 19.182
862.522 19.162
862.826 19.139
863.129 19.132
863.433 19.099
863.736 19.066
864.040 19.069
864.343 19.086
864.647 19.057
864.950 19.028
865.254 19.027
865.557 18.994
865.861 18.975
866.164 18.974
866.468 18.966
866.771 18.944
867.075 18.928
867.378 18.879
867.682 18.849
867.985 18.853
868.289 18.858
868.593 18.835
868.896 18.810
869.200 18.767
869.503 18.711
869.807 18.733
870.110 18.746
870.414 18.764
870.717 18.749
871.021 18.694
871.324 18.680
871.628 18.701
871.931 18.724
872.235 18.713
872.538 18.689
872.842 18.678
873.145 18.638
873.449 18.620
873.752 18.651
874.056 18.664
874.359 18.643
874.663 18.686
874.967 18.735
875.270 18.752
875.574 18.766
875.877 18.742
876.181 18.690
876.484 18.660
876.788 18.693
877.091 18.672
877.395 18.642
877.698 18.633
878.002 18.614
878.305 18.606
878.609 18.579
878.912 18.580
879.216 18.550
879.519 18.529
879.823 18.543
880.126 18.558
880.430 18.568
880.733 18.579
881.037 18.590
881.341 18.589
881.644 18.579
881.948 18.600
882.251 18.629
882.555 18.622
882.858 18.623
883.162 18.675
883.465 18.683
883.769 18.694
884.072 18.733
884.376 18.768
884.679 18.800
884.983 18.802
885.286 18.832
885.590 18.850
885.893 18.879
886.197 18.902
886.500 18.906
886.804 18.911
887.107 18.924
887.411 18.954
887.715 18.995
888.018 19.003
888.322 18.966
888.625 18.972
888.929 18.965
889.232 18.955
889.536 18.968
889.839 18.977
890.143 18.986
890.446 18.981
890.750 18.982
891.053 18.987
891.357 18.989
891.660 19.029
891.964 19.054
892.267 19.036
892.571 19.050
892.874 19.073
893.178 19.056
893.482 19.056
893.785 19.070
894.089 19.096
894.392 19.151
894.696 19.204
894.999 19.242
895.303 19.259
895.606 19.293
895.910 19.329
896.213 19.366
896.517 19.413
896.820 19.450
897.124 19.476
897.427 19.500
897.731 19.546
898.034 19.611
898.338 19.657
898.641 19.657
898.945 19.700
899.248 19.741
899.552 19.769
899.856 19.788
900.159 19.826
900.463 19.868
900.766 19.861
901.070 19.896
901.373 19.924
901.677 19.934
901.980 19.936
902.284 19.937
902.587 19.933
902.891 19.890
903.194 19.843
903.498 19.844
903.801 19.834
904.105 19.846
904.408 19.884
904.712 19.887
905.015 19.875
905.319 19.853
905.622 19.861
905.926 19.845
906.230 19.806
906.533 19.788
906.837 19.817
907.140 19.869
907.444 19.924
907.747 19.964
908.051 20.002
908.354 20.007
908.658 20.041
908.961 20.081
909.265 20.086
909.568 20.111
909.872 20.145
910.175 20.142
910.479 20.150
910.782 20.158
911.086 20.131
911.389 20.137
911.693 20.187
911.996 20.186
912.300 20.212
912.613 20.242
912.926 20.227
913.238 20.224
913.551 20.257
913.864 20.269
914.176 20.287
914.489 20.311
914.802 20.355
915.115 20.399
915.427 20.425
915.740 20.472
916.053 20.534
916.366 20.547
916.678 20.568
916.991 20.594
917.304 20.640
917.617 20.669
917.929 20.728
918.242 20.757
918.555 20.819
918.868 20.865
919.180 20.882
919.493 20.935
919.806 20.933
920.119 20.928
920.431 20.932
920.744 20.950
921.057 21.006
921.370 21.091
921.682 21.189
921.995 21.214
922.308 21.234
922.621 21.331
922.933 21.426
923.246 21.439
923.559 21.460
923.872 21.542
924.184 21.621
924.497 21.663
924.810 21.699
925.123 21.805
925.435 21.951
925.748 22.057
926.061 22.121
926.374 22.157
926.686 22.240
926.999 22.374
927.312 22.563
927.625 22.693
927.937 22.747
928.250 22.873
928.563 22.994
928.876 23.098
929.188 23.197
929.501 23.284
929.814 23.421
930.127 23.511
930.439 23.616
930.752 23.679
931.065 23.749
931.378 23.844
931.690 23.946
932.003 24.027
932.316 24.080
932.629 24.118
932.941 24.236
933.254 24.410
933.567 24.493
933.880 24.562
934.192 24.713
934.505 24.834
934.818 24.953
935.131 25.098
935.443 25.290
935.756 25.429
936.069 25.568
936.382 25.707
936.694 25.896
937.007 26.028
937.320 26.142
937.633 26.254
937.945 26.373
938.258 26.430
938.571 26.467
938.884 26.649
939.196 26.857
939.509 27.000
939.822 27.075
940.135 27.131
940.447 27.236
940.760 27.355
941.073 27.471
941.386 27.629
941.698 27.724
942.011 27.830
942.324 28.001
942.637 28.130
942.949 28.213
943.262 28.313
943.575 28.485
943.888 28.645
944.200 28.705
944.513 28.745
944.826 28.847
945.139 28.971
945.451 29.013
945.764 29.015
946.077 29.004
946.390 29.010
946.702 29.017
947.015 28.984
947.328 28.948
947.641 28.989
947.953 29.022
948.266 29.054
948.579 29.121
948.892 29.098
949.204 29.102
949.517 29.129
949.830 29.188
950.143 29.307
950.455 29.414
950.768 29.474
951.081 29.525
951.394 29.634
951.706 29.755
952.019 29.724
952.332 29.668
952.645 29.671
952.957 29.664
953.270 29.651
953.583 29.689
953.896 29.712
954.208 29.676
954.521 29.630
954.834 29.624
955.147 29.605
955.459 29.581
955.772 29.482
956.085 29.439
956.398 29.437
956.710 29.409
957.023 29.397
957.336 29.480
957.649 29.565
957.961 29.607
958.274 29.638
958.587 29.564
958.900 29.575
959.212 29.552
959.525 29.395
959.838 29.346
960.151 29.410
960.463 29.400
960.776 29.390
961.089 29.346
961.402 29.310
961.714 29.313
962.027 29.278
962.340 29.311
962.653 29.318
962.965 29.345
963.278 29.352
963.591 29.336
963.904 29.306
964.216 29.217
964.529 29.168
964.842 29.198
965.154 29.218
965.467 29.182
965.780 29.131
966.094 29.217
966.409 29.376
966.723 29.400
967.037 29.373
967.352 29.393
967.666 29.412
967.980 29.489
968.295 29.559
968.609 29.554
968.923 29.510
969.238 29.473
969.552 29.430
969.866 29.496
970.181 29.535
970.495 29.487
970.809 29.441
971.124 29.489
971.438 29.513
971.752 29.621
972.067 29.707
972.381 29.684
972.695 29.638
973.010 29.653
973.324 29.723
973.638 29.760
973.953 29.764
974.267 29.810
974.581 29.839
974.896 29.811
975.210 29.814
975.524 29.866
975.839 29.931
976.153 30.029
976.467 30.073
976.781 30.101
977.096 30.116
977.410 30.104
977.724 30.223
978.039 30.306
978.353 30.454
978.667 30.712
978.982 30.893
979.296 30.998
979.610 31.081
979.925 31.052
980.239 31.043
980.553 30.998
980.868 31.040
981.182 31.151
981.496 31.218
981.811 31.145
982.125 31.147
982.439 31.224
982.754 31.316
983.068 31.322
983.382 31.398
983.697 31.568
984.011 31.714
984.325 31.795
984.640 31.791
984.954 31.871
985.268 31.975
985.583 31.974
985.897 32.060
986.211 32.244
986.526 32.382
986.840 32.486
987.154 32.611
987.469 32.706
987.783 32.822
988.097 33.003
988.412 33.018
988.726 33.005
989.040 32.971
989.355 33.012
989.669 33.096
989.983 33.153
990.298 33.202
990.612 33.372
990.926 33.430
991.241 33.546
991.555 33.720
991.869 33.821
992.184 33.862
992.498 33.875
992.812 33.942
993.127 34.050
993.441 34.068
993.755 34.147
994.070 34.239
994.384 34.315
994.698 34.339
995.013 34.425
995.327 34.456
995.641 34.477
995.956 34.565
996.270 34.576
996.584 34.622
996.899 34.690
997.213 34.778
997.527 34.769
997.841 34.694
998.156 34.673
998.470 34.609
998.784 34.596
999.099 34.816
999.413 34.937
999.727 35.087
