200.182 92.034
200.437 91.480
200.691 90.664
200.946 89.627
201.201 88.844
201.455 88.712
201.710 87.809
201.964 87.436
202.219 86.698
202.474 85.657
202.728 84.470
202.983 83.224
203.237 82.054
203.492 81.231
203.747 80.621
204.001 79.565
204.256 78.174
204.510 76.473
204.765 75.030
205.020 74.153
205.274 73.184
205.529 71.844
205.783 70.895
206.038 70.158
206.293 69.007
206.547 67.699
206.802 66.218
207.057 64.967
207.311 63.954
207.566 62.650
207.820 61.648
208.075 61.065
208.330 60.540
208.584 59.633
208.839 58.500
209.093 57.663
209.348 56.747
209.603 56.163
209.857 55.629
210.112 54.823
210.366 54.045
210.621 53.322
210.876 52.526
211.130 51.681
211.385 50.712
211.639 50.170
211.894 49.553
212.149 48.772
212.403 48.119
212.658 47.486
212.913 47.213
213.167 47.057
213.422 46.539
213.676 45.758
213.931 45.081
214.186 44.670
214.440 44.176
214.695 43.921
214.949 43.745
215.204 43.424
215.459 43.002
215.713 42.676
215.968 42.439
216.222 42.235
216.477 41.961
216.732 41.928
216.986 41.879
217.241 41.644
217.495 41.369
217.750 40.872
218.005 40.327
218.259 39.693
218.514 38.938
218.769 38.298
219.023 37.893
219.278 37.456
219.532 36.995
219.787 36.536
220.042 36.064
220.296 35.607
220.551 35.205
220.805 34.843
221.060 34.522
221.315 34.205
221.569 33.788
221.824 33.312
222.078 32.777
222.333 32.222
222.588 31.764
222.842 31.514
223.097 31.320
223.351 31.190
223.606 31.039
223.861 30.784
224.115 30.493
224.370 30.316
224.625 30.180
224.879 29.946
225.134 29.733
225.388 29.431
225.643 29.170
225.898 28.971
226.152 28.837
226.407 28.731
226.661 28.579
226.916 28.447
227.171 28.408
227.425 28.369
227.680 28.310
227.934 28.245
228.189 28.050
228.444 27.844
228.698 27.658
228.953 27.547
229.208 27.481
229.462 27.449
229.717 27.399
229.971 27.350
230.226 27.342
230.481 27.366
230.735 27.398
230.990 27.428
231.244 27.479
231.499 27.510
231.754 27.524
232.008 27.566
232.263 27.610
232.517 27.669
232.772 27.807
233.027 27.945
233.281 27.963
233.536 28.011
233.790 28.093
234.045 28.195
234.300 28.321
234.554 28.441
234.809 28.583
235.064 28.735
235.318 28.898
235.573 29.037
235.827 29.186
236.082 29.343
236.337 29.463
236.591 29.625
236.846 29.788
237.100 29.971
237.355 30.181
237.610 30.410
237.864 30.622
238.119 30.738
238.373 30.928
238.628 31.226
238.883 31.480
239.137 31.699
239.392 31.898
239.646 32.101
239.901 32.330
240.156 32.558
240.410 32.771
240.665 32.989
240.920 33.238
241.174 33.439
241.429 33.647
241.683 33.884
241.938 34.097
242.193 34.291
242.447 34.477
242.702 34.689
242.956 34.862
243.211 35.008
243.466 35.229
243.720 35.412
243.975 35.538
244.229 35.685
244.484 35.841
244.739 36.006
244.993 36.171
245.248 36.338
245.503 36.469
245.757 36.592
246.012 36.716
246.266 36.797
246.521 36.917
246.776 37.016
247.030 37.106
247.285 37.199
247.539 37.289
247.794 37.339
248.049 37.353
248.303 37.395
248.558 37.451
248.812 37.477
249.067 37.536
249.322 37.585
249.576 37.615
249.831 37.663
250.085 37.724
250.340 37.759
250.595 37.784
250.849 37.824
251.104 37.860
251.359 37.877
251.613 37.916
251.868 37.973
252.122 37.986
252.377 38.006
252.632 38.013
252.886 38.019
253.141 38.048
253.395 38.095
253.650 38.140
253.905 38.188
254.161 38.231
254.416 38.241
254.672 38.251
254.927 38.295
255.183 38.282
255.438 38.274
255.694 38.293
255.949 38.348
256.205 38.386
256.460 38.397
256.715 38.410
256.971 38.433
257.226 38.423
257.482 38.450
257.737 38.478
257.993 38.477
258.248 38.480
258.504 38.465
258.759 38.443
259.014 38.439
259.270 38.434
259.525 38.413
259.781 38.422
260.036 38.430
260.292 38.421
260.547 38.444
260.803 38.453
261.058 38.459
261.314 38.420
261.569 38.392
261.824 38.376
262.080 38.353
262.335 38.322
262.591 38.266
262.846 38.198
263.102 38.152
263.357 38.165
263.613 38.173
263.868 38.195
264.123 38.182
264.379 38.166
264.634 38.188
264.890 38.211
265.145 38.190
265.401 38.155
265.656 38.129
265.912 38.131
266.167 38.164
266.423 38.153
266.678 38.139
266.933 38.148
267.189 38.152
267.444 38.168
267.700 38.211
267.955 38.262
268.211 38.336
268.466 38.398
268.722 38.440
268.977 38.469
269.232 38.485
269.488 38.531
269.743 38.586
269.999 38.560
270.254 38.553
270.510 38.560
270.765 38.586
271.021 38.607
271.276 38.609
271.532 38.603
271.787 38.599
272.042 38.626
272.298 38.632
272.553 38.625
272.809 38.630
273.064 38.606
273.320 38.607
273.575 38.621
273.831 38.603
274.086 38.584
274.342 38.564
274.597 38.545
274.852 38.525
275.108 38.500
275.363 38.561
275.619 38.596
275.874 38.625
276.130 38.664
276.385 38.689
276.641 38.740
276.896 38.768
277.151 38.795
277.407 38.770
277.662 38.754
277.918 38.766
278.173 38.782
278.429 38.812
278.684 38.799
278.940 38.764
279.195 38.776
279.451 38.776
279.706 38.780
279.961 38.777
280.217 38.773
280.472 38.760
280.728 38.708
280.983 38.672
281.239 38.658
281.494 38.647
281.750 38.647
282.005 38.628
282.260 38.596
282.516 38.553
282.771 38.542
283.027 38.554
283.282 38.555
283.538 38.542
283.793 38.534
284.049 38.546
284.304 38.541
284.560 38.562
284.815 38.561
285.070 38.591
285.326 38.624
285.581 38.648
285.837 38.666
286.092 38.687
286.348 38.734
286.603 38.753
286.859 38.768
287.114 38.784
287.369 38.770
287.625 38.767
287.880 38.802
288.136 38.839
288.391 38.866
288.647 38.865
288.902 38.879
289.158 38.879
289.413 38.890
289.669 38.928
289.924 38.936
290.179 38.950
290.435 38.957
290.690 38.974
290.946 39.003
291.201 39.046
291.457 39.079
291.712 39.091
291.968 39.127
292.223 39.193
292.479 39.252
292.734 39.341
292.989 39.435
293.245 39.527
293.500 39.629
293.756 39.705
294.011 39.812
294.267 39.901
294.522 40.004
294.778 40.084
295.033 40.167
295.288 40.236
295.544 40.316
295.799 40.398
296.055 40.470
296.310 40.538
296.566 40.570
296.821 40.644
297.077 40.742
297.332 40.814
297.588 40.849
297.843 40.880
298.098 40.917
298.354 40.945
298.609 40.958
298.865 40.980
299.120 41.042
299.376 41.086
299.631 41.116
299.887 41.120
300.142 41.174
300.397 41.217
300.653 41.259
300.908 41.298
301.164 41.346
301.419 41.402
301.675 41.439
301.930 41.507
302.186 41.551
302.441 41.563
302.697 41.559
302.952 41.572
303.207 41.609
303.463 41.626
303.718 41.652
303.974 41.680
304.229 41.684
304.485 41.691
304.740 41.745
304.996 41.812
305.251 41.890
305.506 41.925
305.762 41.952
306.017 41.977
306.273 42.036
306.528 42.068
306.784 42.100
307.039 42.121
307.295 42.141
307.550 42.145
307.806 42.151
308.061 42.195
308.316 42.255
308.572 42.288
308.827 42.339
309.083 42.368
309.338 42.421
309.594 42.490
309.849 42.524
310.105 42.528
310.360 42.527
310.615 42.521
310.871 42.542
311.126 42.559
311.382 42.593
311.637 42.595
311.893 42.605
312.148 42.641
312.404 42.661
312.659 42.667
312.915 42.725
313.170 42.787
313.429 42.836
313.688 42.847
313.947 42.853
314.206 42.848
314.465 42.856
314.724 42.845
314.983 42.845
315.242 42.849
315.501 42.842
315.760 42.844
316.019 42.852
316.278 42.859
316.536 42.893
316.795 42.904
317.054 42.924
317.313 42.917
317.572 42.907
317.831 42.933
318.090 42.946
318.349 42.924
318.608 42.892
318.867 42.888
319.126 42.932
319.385 42.965
319.644 42.977
319.903 42.988
320.162 43.009
320.421 43.018
320.680 43.030
320.939 43.070
321.198 43.115
321.457 43.137
321.716 43.158
321.975 43.169
322.234 43.200
322.493 43.219
322.752 43.257
323.010 43.288
323.269 43.318
323.528 43.338
323.787 43.349
324.046 43.382
324.305 43.379
324.564 43.356
324.823 43.371
325.082 43.405
325.341 43.434
325.600 43.462
325.859 43.461
326.118 43.501
326.377 43.516
326.636 43.501
326.895 43.481
327.154 43.458
327.413 43.443
327.672 43.436
327.931 43.464
328.190 43.480
328.449 43.471
328.708 43.482
328.967 43.521
329.226 43.533
329.485 43.554
329.743 43.611
330.002 43.640
330.261 43.650
330.520 43.667
330.779 43.699
331.038 43.742
331.297 43.810
331.556 43.836
331.815 43.870
332.074 43.911
332.333 43.958
332.592 44.016
332.851 44.067
333.110 44.093
333.369 44.105
333.628 44.116
333.887 44.148
334.146 44.166
334.405 44.211
334.664 44.268
334.923 44.294
335.182 44.292
335.441 44.322
335.700 44.358
335.959 44.361
336.217 44.346
336.476 44.335
336.735 44.341
336.994 44.341
337.253 44.320
337.512 44.336
337.771 44.395
338.030 44.437
338.289 44.446
338.548 44.460
338.807 44.482
339.066 44.518
339.325 44.552
339.584 44.568
339.843 44.562
340.102 44.600
340.361 44.659
340.620 44.688
340.879 44.678
341.138 44.685
341.397 44.750
341.656 44.855
341.915 44.916
342.174 44.935
342.433 45.017
342.691 45.112
342.950 45.145
343.209 45.161
343.468 45.199
343.727 45.265
343.986 45.305
344.245 45.330
344.504 45.344
344.763 45.364
345.022 45.416
345.281 45.456
345.540 45.463
345.799 45.450
346.058 45.478
346.317 45.559
346.576 45.604
346.835 45.609
347.094 45.609
347.353 45.607
347.612 45.654
347.871 45.661
348.130 45.670
348.389 45.723
348.648 45.748
348.907 45.745
349.166 45.774
349.424 45.819
349.683 45.862
349.942 45.951
350.201 46.034
350.460 46.086
350.719 46.138
350.978 46.185
351.237 46.257
351.496 46.298
351.755 46.290
352.014 46.334
352.273 46.385
352.532 46.440
352.791 46.487
353.050 46.485
353.309 46.503
353.568 46.532
353.827 46.549
354.086 46.569
354.345 46.609
354.604 46.627
354.863 46.652
355.122 46.696
355.381 46.699
355.640 46.646
355.898 46.612
356.157 46.613
356.416 46.655
356.675 46.657
356.934 46.664
357.193 46.713
357.452 46.761
357.711 46.785
357.970 46.783
358.229 46.884
358.488 47.003
358.747 47.025
359.006 47.028
359.265 47.024
359.524 47.040
359.783 47.082
360.042 47.097
360.301 47.113
360.560 47.102
360.819 47.105
361.078 47.142
361.337 47.207
361.596 47.213
361.855 47.200
362.114 47.227
362.372 47.297
362.631 47.335
362.890 47.329
363.149 47.395
363.408 47.465
363.667 47.442
363.926 47.408
364.185 47.407
364.444 47.441
364.703 47.521
364.962 47.623
365.221 47.672
365.480 47.743
365.745 47.785
366.009 47.794
366.274 47.813
366.539 47.858
366.804 47.857
367.068 47.904
367.333 47.976
367.598 48.038
367.863 48.051
368.127 48.085
368.392 48.164
368.657 48.167
368.921 48.175
369.186 48.200
369.451 48.248
369.716 48.329
369.980 48.386
370.245 48.421
370.510 48.428
370.775 48.442
371.039 48.443
371.304 48.475
371.569 48.572
371.834 48.640
372.098 48.688
372.363 48.755
372.628 48.830
372.892 48.882
373.157 48.916
373.422 48.976
373.687 49.026
373.951 49.063
374.216 49.112
374.481 49.161
374.746 49.235
375.010 49.284
375.275 49.286
375.540 49.322
375.804 49.344
376.069 49.360
376.334 49.403
376.599 49.435
376.863 49.466
377.128 49.511
377.393 49.555
377.658 49.617
377.922 49.677
378.187 49.717
378.452 49.765
378.716 49.820
378.981 49.813
379.246 49.832
379.511 49.839
379.775 49.853
380.040 49.899
380.305 49.904
380.570 49.935
380.834 50.021
381.099 50.108
381.364 50.169
381.629 50.226
381.893 50.267
382.158 50.306
382.423 50.351
382.687 50.348
382.952 50.383
383.217 50.432
383.482 50.460
383.746 50.510
384.011 50.514
384.276 50.500
384.541 50.541
384.805 50.585
385.070 50.625
385.335 50.661
385.599 50.651
385.864 50.661
386.129 50.694
386.394 50.712
386.658 50.723
386.923 50.734
387.188 50.764
387.453 50.791
387.717 50.836
387.982 50.871
388.247 50.944
388.511 51.011
388.776 51.030
389.041 51.038
389.306 51.052
389.570 51.109
389.835 51.160
390.100 51.233
390.365 51.276
390.629 51.314
390.894 51.328
391.159 51.367
391.424 51.438
391.688 51.461
391.953 51.489
392.218 51.511
392.482 51.553
392.747 51.592
393.012 51.616
393.277 51.634
393.541 51.680
393.806 51.696
394.071 51.698
394.336 51.742
394.600 51.779
394.865 51.762
395.130 51.784
395.394 51.823
395.659 51.857
395.924 51.877
396.189 51.919
396.453 52.008
396.718 52.047
396.983 52.046
397.248 52.067
397.512 52.097
397.777 52.131
398.042 52.173
398.306 52.184
398.571 52.205
398.836 52.266
399.101 52.292
399.365 52.309
399.630 52.328
399.895 52.358
400.160 52.405
400.424 52.447
400.689 52.425
400.954 52.452
401.219 52.457
401.483 52.484
401.748 52.503
402.013 52.519
402.277 52.537
402.542 52.590
402.807 52.622
403.072 52.630
403.336 52.659
403.601 52.690
403.866 52.722
404.131 52.737
404.395 52.721
404.660 52.720
404.929 52.763
405.198 52.773
405.466 52.770
405.735 52.796
406.004 52.853
406.273 52.940
406.542 52.996
406.810 53.030
407.079 53.058
407.348 53.089
407.617 53.079
407.886 53.142
408.154 53.202
408.423 53.245
408.692 53.299
408.961 53.342
409.229 53.396
409.498 53.443
409.767 53.511
410.036 53.586
410.305 53.606
410.573 53.609
410.842 53.652
411.111 53.702
411.380 53.763
411.649 53.810
411.917 53.819
412.186 53.809
412.455 53.849
412.724 53.858
412.993 53.854
413.261 53.925
413.530 53.953
413.799 53.918
414.068 53.932
414.337 53.956
414.605 53.988
414.874 53.985
415.143 53.986
415.412 53.986
415.681 53.991
415.949 54.074
416.218 54.120
416.487 54.148
416.756 54.164
417.024 54.170
417.293 54.167
417.562 54.189
417.831 54.213
418.100 54.220
418.368 54.263
418.637 54.331
418.906 54.322
419.175 54.342
419.444 54.426
419.712 54.466
419.981 54.511
420.250 54.508
420.519 54.504
420.788 54.536
421.056 54.589
421.325 54.612
421.594 54.623
421.863 54.641
422.132 54.687
422.400 54.724
422.669 54.737
422.938 54.777
423.207 54.830
423.476 54.880
423.744 54.914
424.013 54.935
424.282 54.935
424.551 54.987
424.819 55.005
425.088 54.993
425.357 54.990
425.626 54.982
425.895 54.996
426.163 54.997
426.432 54.970
426.701 54.966
426.970 54.959
427.239 54.970
427.507 54.982
427.776 54.955
428.045 54.962
428.314 54.998
428.583 55.010
428.851 54.993
429.120 55.016
429.389 55.026
429.658 55.010
429.927 55.013
430.195 55.032
430.464 55.058
430.733 55.056
431.002 55.069
431.271 55.085
431.539 55.106
431.808 55.189
432.077 55.315
432.346 55.388
432.614 55.446
432.883 55.445
433.152 55.492
433.421 55.565
433.690 55.601
433.958 55.618
434.227 55.661
434.496 55.727
434.765 55.734
435.034 55.770
435.302 55.841
435.571 55.892
435.840 55.898
436.116 55.924
436.393 55.993
436.669 56.033
436.945 56.071
437.221 56.106
437.498 56.126
437.774 56.121
438.050 56.130
438.326 56.179
438.603 56.282
438.879 56.323
439.155 56.328
439.431 56.357
439.708 56.349
439.984 56.345
440.260 56.355
440.537 56.385
440.813 56.418
441.089 56.427
441.365 56.427
441.642 56.459
441.918 56.469
442.194 56.456
442.470 56.501
442.747 56.523
443.023 56.523
443.299 56.540
443.575 56.570
443.852 56.572
444.128 56.557
444.404 56.534
444.680 56.508
444.957 56.496
445.233 56.489
445.509 56.511
445.786 56.528
446.062 56.540
446.338 56.541
446.614 56.544
446.891 56.578
447.167 56.613
447.443 56.659
447.719 56.693
447.996 56.715
448.272 56.708
448.548 56.718
448.824 56.741
449.101 56.742
449.377 56.735
449.653 56.744
449.930 56.788
450.206 56.797
450.482 56.839
450.758 56.898
451.035 56.904
451.311 56.921
451.587 56.951
451.863 56.963
452.140 56.999
452.416 57.066
452.692 57.091
452.968 57.131
453.245 57.122
453.521 57.126
453.797 57.153
454.074 57.177
454.350 57.187
454.626 57.202
454.902 57.226
455.179 57.267
455.455 57.303
455.731 57.333
456.007 57.379
456.284 57.398
456.560 57.379
456.836 57.401
457.112 57.435
457.389 57.481
457.665 57.548
457.941 57.581
458.218 57.559
458.494 57.572
458.770 57.587
459.046 57.650
459.323 57.720
459.599 57.741
459.875 57.750
460.151 57.784
460.428 57.828
460.704 57.835
460.980 57.827
461.256 57.816
461.533 57.814
461.809 57.826
462.085 57.840
462.361 57.884
462.638 57.894
462.914 57.915
463.190 57.892
463.467 57.836
463.743 57.831
464.019 57.827
464.295 57.815
464.572 57.808
464.848 57.767
465.124 57.730
465.400 57.770
465.677 57.829
465.953 57.875
466.229 57.881
466.505 57.885
466.782 57.904
467.058 57.937
467.334 57.951
467.611 57.964
467.887 58.003
468.163 58.027
468.439 58.084
468.716 58.116
468.992 58.158
469.268 58.206
469.544 58.203
469.821 58.233
470.097 58.282
470.373 58.311
470.649 58.344
470.926 58.368
471.202 58.355
471.478 58.375
471.755 58.390
472.031 58.396
472.307 58.451
472.583 58.475
472.860 58.497
473.136 58.522
473.412 58.538
473.688 58.529
473.965 58.553
474.241 58.562
474.517 58.570
474.793 58.585
475.070 58.612
475.346 58.666
475.622 58.671
475.899 58.671
476.175 58.730
476.451 58.741
476.727 58.738
477.004 58.766
477.280 58.775
477.556 58.792
477.832 58.839
478.109 58.839
478.385 58.870
478.661 58.909
478.937 58.930
479.214 58.916
479.490 58.919
479.766 58.923
480.043 58.935
480.319 58.958
480.595 58.997
480.871 59.014
481.148 59.004
481.424 59.035
481.700 59.074
481.976 59.048
482.253 59.072
482.529 59.100
482.805 59.091
483.081 59.061
483.358 59.047
483.634 59.057
483.910 59.071
484.186 59.054
484.463 59.042
484.739 59.059
485.015 59.113
485.292 59.167
485.568 59.188
485.844 59.203
486.120 59.211
486.397 59.201
486.673 59.202
486.949 59.235
487.225 59.260
487.502 59.269
487.778 59.291
488.054 59.329
488.330 59.375
488.607 59.435
488.883 59.493
489.159 59.544
489.436 59.564
489.712 59.594
489.988 59.635
490.264 59.696
490.541 59.746
490.817 59.787
491.093 59.817
491.369 59.846
491.646 59.888
491.922 59.908
492.198 59.913
492.474 59.932
492.751 59.950
493.027 59.981
493.303 60.021
493.580 60.069
493.856 60.092
494.132 60.111
494.408 60.123
494.685 60.119
494.961 60.113
495.237 60.144
495.513 60.175
495.790 60.202
496.066 60.195
496.342 60.184
496.618 60.167
496.895 60.161
497.171 60.188
497.447 60.213
497.724 60.249
498.000 60.283
498.276 60.328
498.552 60.352
498.829 60.368
499.105 60.356
499.381 60.357
499.657 60.384
499.934 60.394
500.210 60.424
500.486 60.463
500.762 60.501
501.039 60.534
501.315 60.574
501.591 60.590
501.867 60.609
502.144 60.621
502.420 60.654
502.696 60.679
502.973 60.693
503.249 60.675
503.525 60.677
503.801 60.710
504.078 60.745
504.354 60.765
504.630 60.790
504.906 60.816
505.183 60.832
505.459 60.812
505.735 60.801
506.011 60.805
506.288 60.837
506.564 60.854
506.840 60.864
507.117 60.871
507.393 60.901
507.669 60.937
507.945 60.945
508.222 60.943
508.498 60.978
508.774 60.999
509.050 61.043
509.327 61.074
509.603 61.080
509.879 61.047
510.155 61.052
510.432 61.045
510.708 61.093
510.984 61.131
511.261 61.149
511.537 61.172
511.813 61.193
512.089 61.192
512.366 61.207
512.642 61.228
512.918 61.247
513.194 61.264
513.471 61.251
513.747 61.270
514.023 61.319
514.299 61.324
514.576 61.321
514.852 61.356
515.128 61.392
515.405 61.424
515.681 61.466
515.957 61.527
516.233 61.587
516.510 61.615
516.786 61.647
517.062 61.701
517.338 61.763
517.615 61.799
517.891 61.830
518.167 61.833
518.443 61.841
518.720 61.826
518.996 61.811
519.272 61.826
519.548 61.860
519.825 61.884
520.101 61.922
520.377 61.977
520.654 61.999
520.930 62.004
521.206 61.999
521.482 62.038
521.759 62.046
522.035 62.056
522.311 62.059
522.587 62.066
522.864 62.056
523.140 62.071
523.416 62.088
523.692 62.140
523.969 62.203
524.245 62.253
524.521 62.305
524.798 62.354
525.074 62.400
525.350 62.418
525.626 62.459
525.903 62.518
526.179 62.548
526.455 62.553
526.731 62.585
527.008 62.636
527.284 62.639
527.560 62.643
527.836 62.631
528.113 62.651
528.389 62.699
528.665 62.740
528.942 62.776
529.218 62.804
529.494 62.818
529.770 62.777
530.047 62.734
530.323 62.724
530.599 62.719
530.875 62.712
531.152 62.719
531.428 62.695
531.704 62.619
531.980 62.578
532.257 62.598
532.533 62.611
532.809 62.617
533.086 62.649
533.362 62.662
533.638 62.690
533.914 62.698
534.191 62.666
534.467 62.676
534.743 62.666
535.019 62.677
535.296 62.659
535.572 62.684
535.848 62.716
536.124 62.729
536.401 62.758
536.677 62.764
536.953 62.785
537.230 62.795
537.506 62.829
537.782 62.871
538.058 62.890
538.335 62.917
538.611 62.932
538.887 62.892
539.163 62.884
539.440 62.900
539.716 62.912
539.992 62.929
540.268 62.944
540.545 62.943
540.821 62.925
541.097 62.944
541.373 62.968
541.650 62.979
541.926 62.997
542.202 63.018
542.479 63.054
542.755 63.075
543.031 63.102
543.307 63.126
543.584 63.149
543.860 63.143
544.136 63.118
544.412 63.127
544.689 63.179
544.965 63.223
545.241 63.221
545.517 63.235
545.794 63.280
546.070 63.310
546.356 63.327
546.642 63.337
546.928 63.325
547.214 63.358
547.500 63.391
547.786 63.409
548.072 63.417
548.358 63.430
548.644 63.457
548.930 63.492
549.216 63.527
549.502 63.532
549.788 63.543
550.074 63.575
550.360 63.606
550.646 63.607
550.932 63.595
551.218 63.613
551.504 63.623
551.790 63.608
552.076 63.605
552.362 63.622
552.648 63.651
552.934 63.707
553.220 63.735
553.506 63.738
553.793 63.759
554.079 63.758
554.365 63.749
554.651 63.724
554.937 63.694
555.223 63.668
555.509 63.661
555.795 63.688
556.081 63.709
556.367 63.704
556.653 63.724
556.939 63.754
557.225 63.772
557.511 63.794
557.797 63.802
558.083 63.793
558.369 63.756
558.655 63.737
558.941 63.693
559.227 63.650
559.513 63.630
559.799 63.615
560.085 63.612
560.371 63.665
560.657 63.688
560.943 63.713
561.229 63.776
561.515 63.804
561.801 63.811
562.087 63.803
562.373 63.820
562.659 63.802
562.945 63.813
563.231 63.843
563.517 63.821
563.803 63.790
564.089 63.784
564.375 63.855
564.661 63.896
564.947 63.946
565.233 63.969
565.519 64.002
565.805 64.019
566.091 64.031
566.377 63.996
566.663 63.980
566.949 63.956
567.235 63.904
567.521 63.875
567.807 63.839
568.093 63.810
568.379 63.796
568.665 63.806
568.951 63.767
569.237 63.720
569.524 63.718
569.810 63.739
570.096 63.735
570.382 63.688
570.668 63.657
570.954 63.650
571.240 63.646
571.526 63.633
571.812 63.604
572.098 63.583
572.384 63.600
572.670 63.608
572.956 63.589
573.242 63.567
573.528 63.561
573.814 63.570
574.100 63.581
574.386 63.583
574.672 63.611
574.958 63.653
575.244 63.680
575.530 63.669
575.816 63.647
576.102 63.665
576.388 63.676
576.674 63.668
576.960 63.623
577.248 63.601
577.536 63.596
577.824 63.629
578.113 63.679
578.401 63.673
578.689 63.663
578.977 63.696
579.265 63.741
579.553 63.750
579.841 63.749
580.130 63.753
580.418 63.762
580.706 63.758
580.994 63.745
581.282 63.752
581.570 63.775
581.858 63.804
582.147 63.803
582.435 63.817
582.723 63.844
583.011 63.883
583.299 63.902
583.587 63.935
583.875 63.952
584.164 63.924
584.452 63.935
584.740 63.987
585.028 63.982
585.316 63.944
585.604 63.969
585.892 63.980
586.181 63.976
586.469 63.963
586.757 63.965
587.045 63.987
587.333 63.993
587.621 63.998
587.909 64.009
588.198 64.011
588.486 64.026
588.774 64.051
589.062 64.060
589.350 64.088
589.638 64.075
589.927 64.050
590.215 64.058
590.503 64.070
590.791 64.066
591.079 64.081
591.367 64.158
591.655 64.169
591.944 64.192
592.232 64.221
592.520 64.237
592.808 64.224
593.096 64.203
593.384 64.204
593.672 64.194
593.961 64.163
594.249 64.174
594.537 64.179
594.825 64.172
595.113 64.163
595.401 64.150
595.689 64.161
595.978 64.167
596.266 64.179
596.554 64.184
596.842 64.187
597.130 64.217
597.418 64.199
597.706 64.190
597.995 64.167
598.283 64.161
598.571 64.154
598.859 64.149
599.147 64.150
599.435 64.169
599.723 64.201
600.012 64.230
600.300 64.226
600.588 64.240
600.876 64.250
601.164 64.281
601.452 64.303
601.740 64.307
602.029 64.314
602.317 64.305
602.605 64.283
602.893 64.287
603.181 64.280
603.469 64.266
603.757 64.272
604.046 64.291
604.334 64.320
604.622 64.323
604.910 64.338
605.198 64.353
605.486 64.359
605.774 64.361
606.063 64.383
606.351 64.398
606.639 64.383
606.927 64.380
607.215 64.370
607.503 64.356
607.791 64.370
608.080 64.405
608.368 64.438
608.656 64.447
608.944 64.422
609.232 64.417
609.520 64.414
609.808 64.398
610.097 64.382
610.385 64.346
610.673 64.356
610.961 64.361
611.249 64.364
611.537 64.334
611.825 64.322
612.114 64.304
612.402 64.304
612.690 64.294
612.978 64.279
613.266 64.277
613.554 64.287
613.843 64.273
614.131 64.256
614.419 64.264
614.707 64.304
614.995 64.346
615.283 64.332
615.571 64.329
615.860 64.370
616.148 64.396
616.436 64.437
616.724 64.463
617.012 64.474
617.300 64.489
617.588 64.480
617.877 64.474
618.165 64.512
618.453 64.549
618.741 64.574
619.029 64.593
619.317 64.614
619.605 64.642
619.894 64.625
620.182 64.613
620.470 64.585
620.758 64.564
621.046 64.558
621.334 64.616
621.622 64.666
621.911 64.658
622.199 64.705
622.487 64.705
622.775 64.732
623.063 64.748
623.351 64.746
623.639 64.762
623.928 64.751
624.216 64.716
624.504 64.680
624.792 64.663
625.080 64.653
625.368 64.636
625.656 64.626
625.945 64.667
626.233 64.666
626.521 64.653
626.809 64.636
627.097 64.613
627.385 64.575
627.673 64.555
627.962 64.566
628.250 64.514
628.538 64.446
628.826 64.384
629.114 64.358
629.402 64.371
629.690 64.376
629.979 64.405
630.267 64.395
630.555 64.400
630.843 64.423
631.131 64.430
631.419 64.414
631.707 64.401
631.996 64.369
632.284 64.376
632.572 64.423
632.860 64.452
633.148 64.476
633.436 64.505
633.724 64.522
634.013 64.502
634.301 64.502
634.589 64.559
634.877 64.595
635.165 64.616
635.453 64.607
635.741 64.625
636.030 64.633
636.318 64.686
636.606 64.715
636.894 64.719
637.182 64.742
637.470 64.790
637.759 64.777
638.047 64.754
638.335 64.749
638.623 64.725
638.911 64.697
639.199 64.672
639.487 64.647
639.776 64.641
640.064 64.694
640.352 64.745
640.640 64.764
640.928 64.784
641.216 64.799
641.504 64.807
641.793 64.806
642.081 64.820
642.369 64.806
642.657 64.791
642.945 64.783
643.233 64.751
643.521 64.726
643.810 64.735
644.098 64.747
644.386 64.781
644.674 64.800
644.962 64.849
645.250 64.890
645.538 64.894
645.827 64.871
646.115 64.820
646.403 64.806
646.691 64.808
646.979 64.789
647.267 64.764
647.555 64.775
647.844 64.767
648.132 64.748
648.420 64.742
648.708 64.774
648.996 64.760
649.284 64.736
649.572 64.725
649.861 64.723
650.149 64.752
650.437 64.738
650.725 64.745
651.013 64.693
651.301 64.611
651.589 64.529
651.878 64.466
652.166 64.382
652.454 64.274
652.742 64.171
653.030 64.081
653.318 64.006
653.606 63.925
653.895 63.867
654.183 63.793
654.471 63.703
654.759 63.599
655.047 63.586
655.335 63.596
655.623 63.578
655.912 63.556
656.200 63.532
656.488 63.492
656.776 63.423
657.064 63.386
657.352 63.386
657.640 63.425
657.929 63.477
658.217 63.564
658.505 63.643
658.793 63.747
659.081 63.838
659.369 63.934
659.657 63.994
659.946 64.082
660.234 64.205
660.522 64.287
660.810 64.365
661.098 64.397
661.386 64.429
661.675 64.455
661.963 64.474
662.251 64.486
662.539 64.540
662.827 64.587
663.115 64.650
663.403 64.710
663.692 64.760
663.980 64.783
664.268 64.798
664.556 64.844
664.844 64.810
665.132 64.766
665.420 64.728
665.709 64.729
665.997 64.731
666.285 64.721
666.573 64.742
666.861 64.736
667.149 64.720
667.437 64.694
667.726 64.674
668.014 64.673
668.302 64.694
668.590 64.697
668.878 64.722
669.166 64.728
669.454 64.704
669.743 64.688
670.031 64.685
670.319 64.672
670.607 64.662
670.895 64.698
671.183 64.709
671.471 64.719
671.760 64.727
672.048 64.702
672.336 64.674
672.624 64.677
672.912 64.721
673.200 64.769
673.488 64.823
673.777 64.876
674.065 64.891
674.353 64.878
674.641 64.857
674.929 64.843
675.217 64.849
675.505 64.853
675.794 64.842
676.082 64.830
676.370 64.847
676.658 64.832
676.946 64.821
677.234 64.862
677.522 64.907
677.811 64.932
678.099 64.955
678.387 64.988
678.675 64.979
678.963 64.937
679.251 64.915
679.539 64.932
679.828 64.922
680.116 64.920
680.404 64.937
680.692 64.972
680.980 64.969
681.268 64.977
681.556 65.014
681.845 65.029
682.133 65.046
682.421 65.058
682.709 65.092
682.997 65.125
683.285 65.141
683.573 65.140
683.862 65.127
684.150 65.124
684.438 65.114
684.726 65.099
685.014 65.086
685.302 65.075
685.591 65.054
685.879 65.057
686.167 65.063
686.455 65.059
686.743 65.039
687.031 65.039
687.319 65.010
687.608 64.957
687.896 64.945
688.184 64.950
688.472 64.910
688.760 64.866
689.048 64.831
689.336 64.767
689.625 64.693
689.913 64.675
690.201 64.694
690.489 64.712
690.777 64.750
691.065 64.778
691.353 64.788
691.642 64.747
691.930 64.723
692.218 64.726
692.506 64.753
692.794 64.781
693.082 64.798
693.370 64.801
693.659 64.829
693.947 64.851
694.235 64.864
694.523 64.946
694.811 64.975
695.099 64.960
695.387 65.012
695.676 65.048
695.964 65.056
696.252 65.030
696.540 65.023
696.836 65.017
697.133 65.014
697.429 65.035
697.725 65.058
698.021 65.102
698.318 65.111
698.614 65.080
698.910 65.051
699.207 65.035
699.503 65.058
699.799 65.084
700.095 65.095
700.392 65.089
700.688 65.044
700.984 65.071
701.281 65.115
701.577 65.095
701.873 65.077
702.169 65.099
702.466 65.145
702.762 65.150
703.058 65.156
703.355 65.176
703.651 65.181
703.947 65.191
704.243 65.193
704.540 65.222
704.836 65.282
705.132 65.323
705.428 65.335
705.725 65.327
706.021 65.327
706.317 65.319
706.614 65.286
706.910 65.298
707.206 65.294
707.502 65.348
707.799 65.381
708.095 65.474
708.391 65.520
708.688 65.473
708.984 65.413
709.280 65.369
709.576 65.311
709.873 65.265
710.169 65.264
710.465 65.249
710.762 65.240
711.058 65.203
711.354 65.196
711.650 65.233
711.947 65.248
712.243 65.226
712.539 65.238
712.836 65.292
713.132 65.296
713.428 65.291
713.724 65.240
714.021 65.270
714.317 65.267
714.613 65.257
714.910 65.297
715.206 65.331
715.502 65.318
715.798 65.337
716.095 65.379
716.391 65.351
716.687 65.304
716.984 65.308
717.280 65.332
717.576 65.355
717.872 65.411
718.169 65.463
718.465 65.515
718.761 65.539
719.058 65.505
719.354 65.463
719.650 65.446
719.946 65.422
720.243 65.365
720.539 65.283
720.835 65.229
721.131 65.244
721.428 65.268
721.724 65.286
722.020 65.310
722.317 65.311
722.613 65.375
722.909 65.438
723.205 65.435
723.502 65.426
723.798 65.407
724.094 65.322
724.391 65.286
724.687 65.213
724.983 65.156
725.279 65.164
725.576 65.205
725.872 65.186
726.168 65.222
726.465 65.263
726.761 65.248
727.057 65.203
727.353 65.151
727.650 65.136
727.946 65.174
728.242 65.189
728.539 65.141
728.835 65.100
729.131 65.089
729.427 65.084
729.724 65.090
730.020 65.053
730.316 65.027
730.613 65.021
730.909 65.113
731.205 65.150
731.501 65.172
731.798 65.186
732.094 65.178
732.390 65.124
732.687 65.115
732.983 65.203
733.279 65.320
733.575 65.365
733.872 65.409
734.168 65.414
734.464 65.410
734.761 65.499
735.057 65.551
735.353 65.547
735.649 65.516
735.946 65.498
736.242 65.532
736.538 65.557
736.835 65.583
737.131 65.566
737.427 65.589
737.723 65.578
738.020 65.540
738.316 65.507
738.612 65.501
738.909 65.481
739.205 65.462
739.501 65.414
739.797 65.366
740.094 65.327
740.390 65.331
740.686 65.294
740.982 65.250
741.279 65.257
741.575 65.283
741.871 65.350
742.168 65.345
742.464 65.331
742.760 65.359
743.056 65.364
743.353 65.403
743.649 65.392
743.945 65.411
744.242 65.427
744.538 65.513
744.834 65.568
745.130 65.619
745.427 65.659
745.723 65.741
746.019 65.826
746.316 65.861
746.612 65.886
746.908 65.923
747.204 65.925
747.501 65.931
747.797 65.973
748.093 65.961
748.390 65.959
748.686 66.007
748.982 65.993
749.278 65.988
749.575 65.953
749.871 65.938
750.167 65.923
750.464 65.911
750.760 65.887
751.056 65.876
751.352 65.854
751.649 65.833
751.945 65.712
752.241 65.606
752.538 65.536
752.834 65.489
753.130 65.478
753.426 65.511
753.723 65.445
754.019 65.302
754.315 65.260
754.611 65.293
754.908 65.264
755.204 65.311
755.500 65.295
755.797 65.270
756.093 65.286
756.389 65.243
756.685 65.199
756.982 65.161
757.278 65.136
757.574 65.057
757.871 64.989
758.167 65.053
758.463 65.106
758.759 65.127
759.056 65.152
759.352 65.156
759.648 65.185
759.945 65.180
760.241 65.181
760.537 65.178
760.833 65.178
761.130 65.170
761.426 65.136
761.722 65.159
762.019 65.183
762.315 65.227
762.611 65.343
762.907 65.469
763.204 65.527
763.500 65.550
763.804 65.603
764.108 65.633
764.412 65.642
764.716 65.685
765.020 65.731
765.324 65.722
765.628 65.743
765.932 65.690
766.236 65.709
766.540 65.788
766.844 65.859
767.148 65.862
767.452 65.863
767.756 65.853
768.060 65.840
768.364 65.820
768.668 65.789
768.972 65.717
769.276 65.686
769.580 65.690
769.884 65.735
770.188 65.850
770.492 65.928
770.796 65.926
771.100 65.883
771.404 65.891
771.708 65.912
772.012 65.919
772.316 65.928
772.620 65.923
772.924 65.946
773.228 65.928
773.532 65.899
773.836 65.896
774.140 65.881
774.444 65.852
774.748 65.863
775.052 65.809
775.356 65.837
775.659 65.803
775.963 65.799
776.267 65.839
776.571 65.774
776.875 65.686
777.179 65.650
777.483 65.639
777.787 65.610
778.091 65.621
778.395 65.651
778.699 65.609
779.003 65.600
779.307 65.575
779.611 65.567
779.915 65.605
780.219 65.644
780.523 65.696
780.827 65.772
781.131 65.802
781.435 65.848
781.739 65.836
782.043 65.862
782.347 65.825
782.651 65.767
782.955 65.771
783.259 65.808
783.563 65.810
783.867 65.798
784.171 65.825
784.475 65.844
784.779 65.790
785.083 65.810
785.387 65.827
785.691 65.852
785.995 65.841
786.299 65.839
786.603 65.815
786.907 65.761
787.211 65.725
787.515 65.700
787.819 65.690
788.123 65.704
788.427 65.701
788.731 65.727
789.035 65.699
789.339 65.736
789.643 65.742
789.947 65.731
790.251 65.747
790.555 65.701
790.859 65.636
791.163 65.644
791.467 65.653
791.771 65.672
792.075 65.705
792.379 65.713
792.683 65.741
792.987 65.709
793.291 65.711
793.595 65.748
793.899 65.719
794.203 65.686
794.507 65.684
794.811 65.691
795.115 65.715
795.419 65.784
795.723 65.697
796.027 65.561
796.331 65.562
796.635 65.651
796.939 65.723
797.243 65.798
797.547 65.842
797.851 65.908
798.155 65.908
798.459 65.898
798.763 65.894
799.067 65.850
799.371 65.860
799.674 65.901
799.978 65.935
800.282 65.998
800.586 66.102
800.890 66.114
801.194 66.109
801.498 66.088
801.802 66.011
802.106 65.962
802.410 66.119
802.714 66.229
803.018 66.161
803.322 66.124
803.626 66.088
803.930 66.073
804.234 66.070
804.538 66.052
804.842 65.994
805.146 66.031
805.450 66.066
805.754 66.148
806.058 66.216
806.362 66.209
806.666 66.134
806.970 65.974
807.274 65.905
807.578 65.933
807.882 65.902
808.186 65.915
808.490 66.145
808.794 66.262
809.098 66.267
809.402 66.278
809.706 66.255
810.010 66.242
810.314 66.220
810.618 66.156
810.922 66.182
811.226 66.193
811.530 66.158
811.834 66.163
812.137 66.105
812.441 66.026
812.744 65.994
813.048 66.086
813.351 66.222
813.655 66.278
813.958 66.231
814.262 66.302
814.565 66.327
814.869 66.215
815.172 66.138
815.476 66.125
815.779 66.169
816.083 66.210
816.386 66.249
816.690 66.345
816.993 66.426
817.297 66.441
817.600 66.515
817.904 66.561
818.208 66.573
818.511 66.659
818.815 66.698
819.118 66.680
819.422 66.694
819.725 66.630
820.029 66.592
820.332 66.648
820.636 66.596
820.939 66.616
821.243 66.595
821.546 66.445
821.850 66.382
822.153 66.379
822.457 66.439
822.760 66.421
823.064 66.315
823.367 66.286
823.671 66.327
823.974 66.304
824.278 66.259
824.582 66.179
824.885 66.045
825.189 65.968
825.492 65.978
825.796 65.972
826.099 66.001
826.403 66.030
826.706 66.041
827.010 66.129
827.313 66.062
827.617 66.081
827.920 66.270
828.224 66.387
828.527 66.388
828.831 66.404
829.134 66.487
829.438 66.524
829.741 66.482
830.045 66.406
830.348 66.378
830.652 66.391
830.956 66.441
831.259 66.463
831.563 66.542
831.866 66.539
832.170 66.488
832.473 66.527
832.777 66.603
833.080 66.580
833.384 66.467
833.687 66.506
833.991 66.512
834.294 66.416
834.598 66.301
834.901 66.236
835.205 66.134
835.508 66.117
835.812 66.152
836.115 66.142
836.419 66.061
836.722 66.018
837.026 66.067
837.330 66.068
837.633 66.115
837.937 66.132
838.240 66.133
838.544 66.156
838.847 66.090
839.151 65.939
839.454 65.968
839.758 66.046
840.061 65.992
840.365 65.916
840.668 65.946
840.972 66.035
841.275 66.060
841.579 66.054
841.882 66.062
842.186 66.058
842.489 66.092
842.793 66.201
843.097 66.316
843.400 66.301
843.704 66.339
844.007 66.334
844.311 66.278
844.614 66.342
844.918 66.397
845.221 66.582
845.525 66.809
845.828 66.762
846.132 66.737
846.435 66.845
846.739 66.953
847.042 67.014
847.346 66.996
847.649 67.145
847.953 67.275
848.256 67.141
848.560 67.072
848.863 67.135
849.167 67.281
849.471 67.341
849.774 67.375
850.078 67.522
850.381 67.683
850.685 67.767
850.988 67.676
851.292 67.641
851.595 67.545
851.899 67.328
852.202 67.280
852.506 67.312
852.809 67.282
853.113 67.252
853.416 67.169
853.720 67.112
854.023 67.022
854.327 66.991
854.630 67.182
854.934 67.269
855.237 67.175
855.541 67.045
855.845 67.031
856.148 67.046
856.452 66.877
856.755 66.756
857.059 66.804
857.362 66.833
857.666 66.809
857.969 66.818
858.273 66.918
858.576 67.053
858.880 67.121
859.183 67.197
859.487 67.147
859.790 67.031
860.094 66.921
860.397 66.834
860.701 66.784
861.004 66.547
861.308 66.376
861.611 66.354
861.915 66.397
862.219 66.348
862.522 66.292
862.826 66.227
863.129 66.150
863.433 66.055
863.736 66.125
864.040 66.132
864.343 66.095
864.647 66.122
864.950 66.062
865.254 66.014
865.557 65.989
865.861 65.975
866.164 66.062
866.468 66.138
866.771 66.158
867.075 66.142
867.378 66.268
867.682 66.410
867.985 66.487
868.289 66.432
868.593 66.371
868.896 66.271
869.200 66.233
869.503 66.260
869.807 66.282
870.110 66.227
870.414 66.212
870.717 66.217
871.021 66.208
871.324 66.147
871.628 66.026
871.931 66.023
872.235 66.106
872.538 66.068
872.842 66.016
873.145 66.060
873.449 66.066
873.752 66.018
874.056 65.984
874.359 65.999
874.663 65.933
874.967 65.882
875.270 65.926
875.574 66.027
875.877 66.094
876.181 66.019
876.484 66.006
876.788 66.009
877.091 66.002
877.395 65.981
877.698 66.028
878.002 66.134
878.305 66.052
878.609 65.915
878.912 65.954
879.216 66.049
879.519 66.006
879.823 66.023
880.126 66.036
880.430 66.003
880.733 65.997
881.037 66.122
881.341 66.266
881.644 66.321
881.948 66.261
882.251 66.226
882.555 66.249
882.858 66.199
883.162 66.143
883.465 66.107
883.769 66.057
884.072 65.961
884.376 65.864
884.679 65.924
884.983 66.023
885.286 66.065
885.590 66.058
885.893 66.018
886.197 66.001
886.500 66.123
886.804 66.224
887.107 66.192
887.411 66.076
887.715 65.977
888.018 65.957
888.322 66.085
888.625 66.114
888.929 66.174
889.232 66.312
889.536 66.450
889.839 66.447
890.143 66.402
890.446 66.532
890.750 66.615
891.053 66.530
891.357 66.573
891.660 66.572
891.964 66.586
892.267 66.635
892.571 66.580
892.874 66.512
893.178 66.495
893.482 66.531
893.785 66.719
894.089 66.827
894.392 66.885
894.696 66.814
894.999 66.703
895.303 66.648
895.606 66.482
895.910 66.309
896.213 66.261
896.517 66.337
896.820 66.290
897.124 66.269
897.427 66.278
897.731 66.241
898.034 66.264
898.338 66.202
898.641 66.176
898.945 66.224
899.248 66.266
899.552 66.299
899.856 66.172
900.159 65.993
900.463 65.974
900.766 65.997
901.070 66.041
901.373 66.119
901.677 66.138
901.980 66.245
902.284 66.328
902.587 66.471
902.891 66.515
903.194 66.527
903.498 66.581
903.801 66.692
904.105 66.738
904.408 66.703
904.712 66.749
905.015 66.856
905.319 66.912
905.622 66.934
905.926 66.953
906.230 67.049
906.533 67.166
906.837 67.094
907.140 67.037
907.444 67.081
907.747 67.175
908.051 67.200
908.354 67.112
908.658 67.044
908.961 67.001
909.265 66.985
909.568 67.006
909.872 67.045
910.175 67.006
910.479 67.019
910.782 67.139
911.086 67.179
911.389 67.017
911.693 66.891
911.996 66.814
912.300 66.801
912.613 66.848
912.926 66.832
913.238 66.931
913.551 67.033
913.864 67.000
914.176 66.911
914.489 66.834
914.802 66.916
915.115 67.070
915.427 67.039
915.740 66.985
916.053 66.993
916.366 66.940
916.678 66.871
916.991 66.824
917.304 66.820
917.617 66.910
917.929 67.051
918.242 67.073
918.555 67.021
918.868 67.016
919.180 67.060
919.493 67.002
919.806 66.837
920.119 66.684
920.431 66.579
920.744 66.524
921.057 66.583
921.370 66.638
921.682 66.582
921.995 66.603
922.308 66.676
922.621 66.601
922.933 66.616
923.246 66.779
923.559 66.803
923.872 66.777
924.184 66.774
924.497 66.780
924.810 66.943
925.123 67.188
925.435 67.292
925.748 67.354
926.061 67.499
926.374 67.624
926.686 67.577
926.999 67.559
927.312 67.504
927.625 67.476
927.937 67.387
928.250 67.435
928.563 67.531
928.876 67.663
929.188 67.868
929.501 67.877
929.814 67.753
930.127 67.806
930.439 67.823
930.752 67.741
931.065 67.747
931.378 67.781
931.690 67.655
932.003 67.469
932.316 67.288
932.629 67.087
932.941 67.057
933.254 67.291
933.567 67.548
933.880 67.928
934.192 68.054
934.505 68.157
934.818 68.173
935.131 68.115
935.443 68.152
935.756 68.284
936.069 68.472
936.382 68.484
936.694 68.400
937.007 68.348
937.320 68.551
937.633 68.791
937.945 68.779
938.258 68.831
938.571 68.980
938.884 69.054
939.196 69.255
939.509 69.332
939.822 69.141
940.135 68.931
940.447 68.804
940.760 68.880
941.073 68.896
941.386 68.928
941.698 69.098
942.011 69.122
942.324 69.101
942.637 69.105
942.949 69.429
943.262 69.780
943.575 69.908
943.888 69.777
944.200 69.576
944.513 69.414
944.826 69.270
945.139 69.314
945.451 69.509
945.764 69.667
946.077 69.622
946.390 69.576
946.702 69.698
947.015 69.717
947.328 69.612
947.641 69.537
947.953 69.536
948.266 69.508
948.579 69.299
948.892 68.955
949.204 68.889
949.517 68.814
949.830 68.601
950.143 68.617
950.455 68.568
950.768 68.595
951.081 68.853
951.394 68.935
951.706 68.659
952.019 68.408
952.332 68.266
952.645 68.417
952.957 68.724
953.270 68.759
953.583 68.767
953.896 68.713
954.208 68.708
954.521 68.627
954.834 68.571
955.147 68.710
955.459 68.884
955.772 68.801
956.085 68.803
956.398 68.943
956.710 69.017
957.023 69.143
957.336 69.129
957.649 69.079
957.961 69.212
958.274 69.474
958.587 69.712
958.900 69.724
959.212 69.571
959.525 69.625
959.838 69.709
960.151 69.729
960.463 69.835
960.776 70.092
961.089 70.342
961.402 70.431
961.714 70.461
962.027 70.510
962.340 70.469
962.653 70.185
962.965 69.927
963.278 69.760
963.591 69.784
963.904 69.764
964.216 69.704
964.529 69.660
964.842 69.471
965.154 69.189
965.467 68.997
965.780 68.910
966.094 68.783
966.409 68.681
966.723 68.518
967.037 68.421
967.352 68.321
967.666 68.292
967.980 68.341
968.295 68.352
968.609 68.536
968.923 68.802
969.238 69.028
969.552 69.022
969.866 68.985
970.181 68.963
970.495 69.034
970.809 69.161
971.124 69.173
971.438 69.334
971.752 69.558
972.067 69.600
972.381 69.671
972.695 69.749
973.010 69.821
973.324 69.941
973.638 70.013
973.953 69.964
974.267 70.050
974.581 70.057
974.896 69.922
975.210 69.538
975.524 69.404
975.839 69.386
976.153 69.747
976.467 69.968
976.781 69.895
977.096 69.742
977.410 69.648
977.724 69.535
978.039 69.596
978.353 69.681
978.667 69.819
978.982 69.865
979.296 69.786
979.610 69.886
979.925 69.958
980.239 70.115
980.553 70.360
980.868 70.237
981.182 70.007
981.496 70.042
981.811 70.059
982.125 69.911
982.439 70.020
982.754 69.917
983.068 69.748
983.382 69.793
983.697 70.134
984.011 70.424
984.325 70.587
984.640 70.615
984.954 70.647
985.268 70.762
985.583 71.011
985.897 71.061
986.211 70.802
986.526 70.715
986.840 70.727
987.154 70.468
987.469 70.511
987.783 70.877
988.097 70.941
988.412 71.124
988.726 71.447
989.040 71.539
989.355 71.455
989.669 71.639
989.983 71.683
990.298 71.425
990.612 71.249
990.926 71.385
991.241 71.521
991.555 71.367
991.869 71.375
992.184 71.546
992.498 71.916
992.812 71.975
993.127 71.874
993.441 71.798
993.755 71.827
994.070 71.676
994.384 71.542
994.698 71.452
995.013 71.358
995.327 71.200
995.641 71.011
995.956 71.158
996.270 71.169
996.584 71.236
996.899 71.501
997.213 71.607
997.527 71.670
997.841 71.713
998.156 72.049
998.470 72.207
998.784 72.057
999.099 71.686
999.413 71.825
999.727 71.913

