200.182 77.286
200.437 76.567
200.691 75.858
200.946 75.261
201.201 74.486
201.455 73.863
201.710 73.153
201.964 72.554
202.219 71.951
202.474 71.178
202.728 70.439
202.983 69.838
203.237 69.297
203.492 68.540
203.747 67.626
204.001 66.765
204.256 65.754
204.510 64.570
204.765 63.618
205.020 62.792
205.274 61.917
205.529 60.966
205.783 59.953
206.038 59.089
206.293 58.191
206.547 57.245
206.802 56.180
207.057 55.333
207.311 54.380
207.566 53.384
207.820 52.574
208.075 51.830
208.330 50.939
208.584 49.993
208.839 49.372
209.093 48.691
209.348 47.857
209.603 47.134
209.857 46.368
210.112 45.467
210.366 44.574
210.621 43.724
210.876 42.941
211.130 42.262
211.385 41.682
211.639 40.985
211.894 39.984
212.149 39.131
212.403 38.446
212.658 37.626
212.913 36.858
213.167 36.204
213.422 35.651
213.676 34.999
213.931 34.345
214.186 33.655
214.440 33.015
214.695 32.480
214.949 31.998
215.204 31.413
215.459 30.836
215.713 30.304
215.968 29.740
216.222 29.092
216.477 28.502
216.732 28.040
216.986 27.515
217.241 26.968
217.495 26.439
217.750 25.956
218.005 25.578
218.259 25.214
218.514 24.728
218.769 24.127
219.023 23.562
219.278 23.084
219.532 22.580
219.787 22.159
220.042 21.780
220.296 21.416
220.551 20.982
220.805 20.606
221.060 20.227
221.315 19.835
221.569 19.394
221.824 19.009
222.078 18.714
222.333 18.347
222.588 17.988
222.842 17.619
223.097 17.298
223.351 16.990
223.606 16.572
223.861 16.106
224.115 15.700
224.370 15.316
224.625 14.922
224.879 14.551
225.134 14.167
225.388 13.826
225.643 13.535
225.898 13.291
226.152 13.032
226.407 12.725
226.661 12.367
226.916 12.051
227.171 11.719
227.425 11.410
227.680 11.134
227.934 10.918
228.189 10.669
228.444 10.446
228.698 10.232
228.953 9.987
229.208 9.747
229.462 9.489
229.717 9.262
229.971 9.056
230.226 8.869
230.481 8.666
230.735 8.507
230.990 8.359
231.244 8.173
231.499 7.981
231.754 7.808
232.008 7.652
232.263 7.537
232.517 7.402
232.772 7.278
233.027 7.140
233.281 6.965
233.536 6.791
233.790 6.618
234.045 6.465
234.300 6.351
234.554 6.241
234.809 6.120
235.064 6.028
235.318 5.942
235.573 5.849
235.827 5.759
236.082 5.665
236.337 5.594
236.591 5.521
236.846 5.446
237.100 5.363
237.355 5.301
237.610 5.245
237.864 5.167
238.119 5.116
238.373 5.052
238.628 4.972
238.883 4.915
239.137 4.859
239.392 4.810
239.646 4.771
239.901 4.733
240.156 4.692
240.410 4.675
240.665 4.648
240.920 4.610
241.174 4.578
241.429 4.549
241.683 4.514
241.938 4.481
242.193 4.456
242.447 4.432
242.702 4.417
242.956 4.405
243.211 4.388
243.466 4.369
243.720 4.366
243.975 4.363
244.229 4.350
244.484 4.325
244.739 4.307
244.993 4.304
245.248 4.294
245.503 4.288
245.757 4.286
246.012 4.284
246.266 4.279
246.521 4.279
246.776 4.281
247.030 4.269
247.285 4.253
247.539 4.249
247.794 4.246
248.049 4.243
248.303 4.239
248.558 4.245
248.812 4.247
249.067 4.227
249.322 4.219
249.576 4.226
249.831 4.313
250.085 4.311
250.340 4.313
250.595 4.323
250.849 4.335
251.104 4.339
251.359 4.344
251.613 4.348
251.868 4.356
252.122 4.359
252.377 4.362
252.632 4.369
252.886 4.368
253.141 4.361
253.395 4.365
253.650 4.375
253.905 4.381
254.161 4.388
254.416 4.394
254.672 4.409
254.927 4.428
255.183 4.438
255.438 4.442
255.694 4.455
255.949 4.471
256.205 4.479
256.460 4.488
256.715 4.492
256.971 4.504
257.226 4.520
257.482 4.538
257.737 4.546
257.993 4.550
258.248 4.562
258.504 4.578
258.759 4.588
259.014 4.602
259.270 4.610
259.525 4.613
259.781 4.626
260.036 4.657
260.292 4.680
260.547 4.691
260.803 4.706
261.058 4.725
261.314 4.746
261.569 4.763
261.824 4.778
262.080 4.801
262.335 4.824
262.591 4.854
262.846 4.882
263.102 4.900
263.357 4.915
263.613 4.936
263.868 4.962
264.123 4.984
264.379 5.002
264.634 5.022
264.890 5.043
265.145 5.072
265.401 5.091
265.656 5.109
265.912 5.125
266.167 5.134
266.423 5.147
266.678 5.167
266.933 5.186
267.189 5.204
267.444 5.217
267.700 5.235
267.955 5.255
268.211 5.274
268.466 5.305
268.722 5.339
268.977 5.372
269.232 5.403
269.488 5.428
269.743 5.454
269.999 5.482
270.254 5.515
270.510 5.544
270.765 5.574
271.021 5.606
271.276 5.640
271.532 5.671
271.787 5.702
272.042 5.728
272.298 5.756
272.553 5.781
272.809 5.814
273.064 5.846
273.320 5.889
273.575 5.935
273.831 5.970
274.086 6.002
274.342 6.037
274.597 6.070
274.852 6.112
275.108 6.156
275.363 6.192
275.619 6.211
275.874 6.235
276.130 6.267
276.385 6.306
276.641 6.348
276.896 6.383
277.151 6.422
277.407 6.460
277.662 6.488
277.918 6.517
278.173 6.552
278.429 6.592
278.684 6.637
278.940 6.687
279.195 6.730
279.451 6.772
279.706 6.809
279.961 6.856
280.217 6.905
280.472 6.949
280.728 6.995
280.983 7.045
281.239 7.092
281.494 7.147
281.750 7.203
282.005 7.255
282.260 7.309
282.516 7.359
282.771 7.403
283.027 7.446
283.282 7.496
283.538 7.542
283.793 7.591
284.049 7.636
284.304 7.677
284.560 7.723
284.815 7.766
285.070 7.813
285.326 7.866
285.581 7.923
285.837 7.967
286.092 8.014
286.348 8.068
286.603 8.125
286.859 8.175
287.114 8.229
287.369 8.284
287.625 8.341
287.880 8.402
288.136 8.465
288.391 8.517
288.647 8.573
288.902 8.622
289.158 8.668
289.413 8.724
289.669 8.783
289.924 8.840
290.179 8.900
290.435 8.952
290.690 9.006
290.946 9.061
291.201 9.126
291.457 9.190
291.712 9.250
291.968 9.309
292.223 9.363
292.479 9.421
292.734 9.473
292.989 9.536
293.245 9.605
293.500 9.669
293.756 9.727
294.011 9.788
294.267 9.847
294.522 9.901
294.778 9.965
295.033 10.033
295.288 10.099
295.544 10.156
295.799 10.217
296.055 10.282
296.310 10.345
296.566 10.408
296.821 10.480
297.077 10.545
297.332 10.607
297.588 10.665
297.843 10.723
298.098 10.791
298.354 10.866
298.609 10.945
298.865 11.016
299.120 11.082
299.376 11.150
299.631 11.220
299.887 11.288
300.142 11.355
300.397 11.425
300.653 11.500
300.908 11.571
301.164 11.639
301.419 11.713
301.675 11.787
301.930 11.852
302.186 11.919
302.441 11.995
302.697 12.066
302.952 12.145
303.207 12.227
303.463 12.304
303.718 12.378
303.974 12.457
304.229 12.536
304.485 12.620
304.740 12.708
304.996 12.790
305.251 12.870
305.506 12.950
305.762 13.040
306.017 13.122
306.273 13.206
306.528 13.298
306.784 13.393
307.039 13.492
307.295 13.583
307.550 13.677
307.806 13.781
308.061 13.884
308.316 13.991
308.572 14.091
308.827 14.186
309.083 14.281
309.338 14.378
309.594 14.471
309.849 14.575
310.105 14.685
310.360 14.788
310.615 14.887
310.871 14.989
311.126 15.100
311.382 15.216
311.637 15.331
311.893 15.439
312.148 15.547
312.404 15.652
312.659 15.761
312.915 15.871
313.170 15.985
313.429 16.102
313.688 16.217
313.947 16.338
314.206 16.457
314.465 16.579
314.724 16.709
314.983 16.833
315.242 16.953
315.501 17.082
315.760 17.217
316.019 17.354
316.278 17.479
316.536 17.608
316.795 17.744
317.054 17.882
317.313 18.016
317.572 18.158
317.831 18.301
318.090 18.435
318.349 18.565
318.608 18.690
318.867 18.817
319.126 18.945
319.385 19.086
319.644 19.226
319.903 19.363
320.162 19.503
320.421 19.637
320.680 19.779
320.939 19.922
321.198 20.057
321.457 20.187
321.716 20.327
321.975 20.463
322.234 20.601
322.493 20.742
322.752 20.884
323.010 21.031
323.269 21.167
323.528 21.294
323.787 21.427
324.046 21.565
324.305 21.701
324.564 21.843
324.823 21.990
325.082 22.139
325.341 22.291
325.600 22.439
325.859 22.588
326.118 22.742
326.377 22.890
326.636 23.037
326.895 23.178
327.154 23.314
327.413 23.452
327.672 23.593
327.931 23.733
328.190 23.871
328.449 24.005
328.708 24.145
328.967 24.280
329.226 24.418
329.485 24.558
329.743 24.691
330.002 24.827
330.261 24.968
330.520 25.107
330.779 25.245
331.038 25.379
331.297 25.520
331.556 25.657
331.815 25.786
332.074 25.914
332.333 26.048
332.592 26.182
332.851 26.308
333.110 26.433
333.369 26.554
333.628 26.671
333.887 26.791
334.146 26.922
334.405 27.043
334.664 27.170
334.923 27.315
335.182 27.448
335.441 27.565
335.700 27.685
335.959 27.809
336.217 27.936
336.476 28.062
336.735 28.190
336.994 28.327
337.253 28.470
337.512 28.602
337.771 28.732
338.030 28.857
338.289 28.984
338.548 29.111
338.807 29.232
339.066 29.358
339.325 29.476
339.584 29.597
339.843 29.713
340.102 29.838
340.361 29.966
340.620 30.096
340.879 30.212
341.138 30.321
341.397 30.429
341.656 30.531
341.915 30.638
342.174 30.748
342.433 30.871
342.691 31.004
342.950 31.120
343.209 31.232
343.468 31.348
343.727 31.467
343.986 31.577
344.245 31.688
344.504 31.800
344.763 31.920
345.022 32.033
345.281 32.148
345.540 32.263
345.799 32.365
346.058 32.468
346.317 32.568
346.576 32.671
346.835 32.787
347.094 32.897
347.353 33.011
347.612 33.112
347.871 33.225
348.130 33.340
348.389 33.442
348.648 33.542
348.907 33.653
349.166 33.778
349.424 33.905
349.683 34.014
349.942 34.131
350.201 34.255
350.460 34.370
350.719 34.466
350.978 34.559
351.237 34.680
351.496 34.796
351.755 34.897
352.014 34.996
352.273 35.099
352.532 35.200
352.791 35.298
353.050 35.410
353.309 35.532
353.568 35.634
353.827 35.727
354.086 35.820
354.345 35.907
354.604 36.007
354.863 36.107
355.122 36.223
355.381 36.332
355.640 36.435
355.898 36.523
356.157 36.612
356.416 36.703
356.675 36.798
356.934 36.893
357.193 37.002
357.452 37.115
357.711 37.215
357.970 37.326
358.229 37.427
358.488 37.513
358.747 37.602
359.006 37.701
359.265 37.807
359.524 37.921
359.783 38.036
360.042 38.143
360.301 38.257
360.560 38.375
360.819 38.475
361.078 38.568
361.337 38.666
361.596 38.776
361.855 38.893
362.114 39.013
362.372 39.127
362.631 39.239
362.890 39.346
363.149 39.448
363.408 39.562
363.667 39.673
363.926 39.767
364.185 39.872
364.444 39.988
364.703 40.089
364.962 40.192
365.221 40.304
365.480 40.421
365.745 40.517
366.009 40.628
366.274 40.755
366.539 40.874
366.804 40.985
367.068 41.082
367.333 41.187
367.598 41.304
367.863 41.420
368.127 41.531
368.392 41.647
368.657 41.763
368.921 41.857
369.186 41.963
369.451 42.082
369.716 42.202
369.980 42.312
370.245 42.429
370.510 42.541
370.775 42.664
371.039 42.773
371.304 42.876
371.569 42.984
371.834 43.110
372.098 43.228
372.363 43.346
372.628 43.468
372.892 43.590
373.157 43.695
373.422 43.805
373.687 43.928
373.951 44.029
374.216 44.128
374.481 44.237
374.746 44.354
375.010 44.466
375.275 44.586
375.540 44.695
375.804 44.806
376.069 44.922
376.334 45.033
376.599 45.137
376.863 45.246
377.128 45.363
377.393 45.476
377.658 45.590
377.922 45.700
378.187 45.816
378.452 45.932
378.716 46.045
378.981 46.157
379.246 46.264
379.511 46.388
379.775 46.502
380.040 46.620
380.305 46.742
380.570 46.852
380.834 46.970
381.099 47.086
381.364 47.198
381.629 47.308
381.893 47.422
382.158 47.531
382.423 47.629
382.687 47.739
382.952 47.857
383.217 47.976
383.482 48.091
383.746 48.202
384.011 48.323
384.276 48.446
384.541 48.559
384.805 48.666
385.070 48.778
385.335 48.883
385.599 48.991
385.864 49.088
386.129 49.200
386.394 49.327
386.658 49.447
386.923 49.552
387.188 49.667
387.453 49.794
387.717 49.915
387.982 50.026
388.247 50.136
388.511 50.239
388.776 50.349
389.041 50.471
389.306 50.586
389.570 50.690
389.835 50.795
390.100 50.907
390.365 51.031
390.629 51.151
390.894 51.270
391.159 51.396
391.424 51.495
391.688 51.593
391.953 51.693
392.218 51.806
392.482 51.915
392.747 52.022
393.012 52.146
393.277 52.261
393.541 52.385
393.806 52.492
394.071 52.603
394.336 52.703
394.600 52.797
394.865 52.888
395.130 52.989
395.394 53.097
395.659 53.197
395.924 53.304
396.189 53.415
396.453 53.506
396.718 53.603
396.983 53.702
397.248 53.792
397.512 53.885
397.777 53.989
398.042 54.092
398.306 54.193
398.571 54.288
398.836 54.367
399.101 54.460
399.365 54.552
399.630 54.644
399.895 54.731
400.160 54.812
400.424 54.890
400.689 54.985
400.954 55.080
401.219 55.176
401.483 55.269
401.748 55.356
402.013 55.461
402.277 55.549
402.542 55.628
402.807 55.717
403.072 55.806
403.336 55.874
403.601 55.951
403.866 56.038
404.131 56.113
404.395 56.194
404.660 56.280
404.929 56.358
405.198 56.435
405.466 56.530
405.735 56.622
406.004 56.703
406.273 56.792
406.542 56.867
406.810 56.945
407.079 57.022
407.348 57.079
407.617 57.142
407.886 57.226
408.154 57.309
408.423 57.385
408.692 57.454
408.961 57.517
409.229 57.588
409.498 57.661
409.767 57.709
410.036 57.766
410.305 57.819
410.573 57.885
410.842 57.955
411.111 58.027
411.380 58.095
411.649 58.152
411.917 58.204
412.186 58.254
412.455 58.308
412.724 58.364
412.993 58.420
413.261 58.478
413.530 58.543
413.799 58.589
414.068 58.636
414.337 58.698
414.605 58.755
414.874 58.805
415.143 58.862
415.412 58.903
415.681 58.945
415.949 58.983
416.218 59.045
416.487 59.099
416.756 59.149
417.024 59.181
417.293 59.203
417.562 59.233
417.831 59.279
418.100 59.336
418.368 59.387
418.637 59.425
418.906 59.454
419.175 59.475
419.444 59.505
419.712 59.549
419.981 59.577
420.250 59.603
420.519 59.639
420.788 59.661
421.056 59.677
421.325 59.695
421.594 59.705
421.863 59.709
422.132 59.716
422.400 59.724
422.669 59.724
422.938 59.732
423.207 59.735
423.476 59.733
423.744 59.749
424.013 59.767
424.282 59.767
424.551 59.770
424.819 59.772
425.088 59.781
425.357 59.798
425.626 59.793
425.895 59.793
426.163 59.806
426.432 59.830
426.701 59.847
426.970 59.850
427.239 59.849
427.507 59.840
427.776 59.830
428.045 59.829
428.314 59.820
428.583 59.821
428.851 59.812
429.120 59.803
429.389 59.804
429.658 59.797
429.927 59.776
430.195 59.761
430.464 59.747
430.733 59.720
431.002 59.693
431.271 59.664
431.539 59.640
431.808 59.630
432.077 59.619
432.346 59.598
432.614 59.559
432.883 59.533
433.152 59.516
433.421 59.507
433.690 59.486
433.958 59.445
434.227 59.386
434.496 59.323
434.765 59.271
435.034 59.241
435.302 59.205
435.571 59.165
435.840 59.114
436.116 59.061
436.393 59.022
436.669 58.974
436.945 58.927
437.221 58.883
437.498 58.834
437.774 58.788
438.050 58.732
438.326 58.669
438.603 58.614
438.879 58.552
439.155 58.480
439.431 58.412
439.708 58.343
439.984 58.275
440.260 58.205
440.537 58.125
440.813 58.049
441.089 57.984
441.365 57.909
441.642 57.818
441.918 57.739
442.194 57.673
442.470 57.585
442.747 57.492
443.023 57.391
443.299 57.290
443.575 57.182
443.852 57.089
444.128 57.003
444.404 56.914
444.680 56.812
444.957 56.717
445.233 56.606
445.509 56.493
445.786 56.387
446.062 56.269
446.338 56.157
446.614 56.042
446.891 55.938
447.167 55.832
447.443 55.730
447.719 55.612
447.996 55.495
448.272 55.380
448.548 55.253
448.824 55.122
449.101 54.997
449.377 54.873
449.653 54.744
449.930 54.604
450.206 54.462
450.482 54.345
450.758 54.218
451.035 54.091
451.311 53.960
451.587 53.821
451.863 53.682
452.140 53.541
452.416 53.397
452.692 53.265
452.968 53.126
453.245 52.973
453.521 52.836
453.797 52.701
454.074 52.559
454.350 52.414
454.626 52.260
454.902 52.117
455.179 51.976
455.455 51.821
455.731 51.666
456.007 51.517
456.284 51.360
456.560 51.204
456.836 51.054
457.112 50.897
457.389 50.748
457.665 50.593
457.941 50.418
458.218 50.245
458.494 50.084
458.770 49.909
459.046 49.728
459.323 49.565
459.599 49.404
459.875 49.239
460.151 49.070
460.428 48.912
460.704 48.744
460.980 48.562
461.256 48.385
461.533 48.224
461.809 48.065
462.085 47.904
462.361 47.743
462.638 47.577
462.914 47.414
463.190 47.238
463.467 47.061
463.743 46.877
464.019 46.687
464.295 46.505
464.572 46.340
464.848 46.182
465.124 46.022
465.400 45.854
465.677 45.684
465.953 45.527
466.229 45.353
466.505 45.169
466.782 44.991
467.058 44.814
467.334 44.640
467.611 44.476
467.887 44.314
468.163 44.145
468.439 43.971
468.716 43.792
468.992 43.619
469.268 43.442
469.544 43.269
469.821 43.100
470.097 42.923
470.373 42.741
470.649 42.560
470.926 42.388
471.202 42.217
471.478 42.050
471.755 41.875
472.031 41.705
472.307 41.547
472.583 41.386
472.860 41.234
473.136 41.079
473.412 40.919
473.688 40.753
473.965 40.592
474.241 40.431
474.517 40.275
474.793 40.126
475.070 39.982
475.346 39.833
475.622 39.684
475.899 39.532
476.175 39.376
476.451 39.219
476.727 39.053
477.004 38.894
477.280 38.727
477.556 38.568
477.832 38.432
478.109 38.286
478.385 38.121
478.661 37.951
478.937 37.793
479.214 37.643
479.490 37.495
479.766 37.348
480.043 37.210
480.319 37.066
480.595 36.921
480.871 36.782
481.148 36.634
481.424 36.478
481.700 36.324
481.976 36.173
482.253 36.032
482.529 35.892
482.805 35.741
483.081 35.599
483.358 35.463
483.634 35.329
483.910 35.189
484.186 35.050
484.463 34.914
484.739 34.777
485.015 34.644
485.292 34.517
485.568 34.392
485.844 34.251
486.120 34.114
486.397 33.969
486.673 33.826
486.949 33.707
487.225 33.579
487.502 33.442
487.778 33.309
488.054 33.178
488.330 33.050
488.607 32.928
488.883 32.797
489.159 32.663
489.436 32.535
489.712 32.402
489.988 32.276
490.264 32.155
490.541 32.031
490.817 31.905
491.093 31.775
491.369 31.654
491.646 31.531
491.922 31.408
492.198 31.286
492.474 31.156
492.751 31.034
493.027 30.912
493.303 30.794
493.580 30.681
493.856 30.570
494.132 30.467
494.408 30.355
494.685 30.230
494.961 30.104
495.237 29.993
495.513 29.886
495.790 29.775
496.066 29.671
496.342 29.565
496.618 29.458
496.895 29.347
497.171 29.235
497.447 29.136
497.724 29.032
498.000 28.926
498.276 28.826
498.552 28.726
498.829 28.623
499.105 28.509
499.381 28.400
499.657 28.299
499.934 28.193
500.210 28.086
500.486 27.989
500.762 27.895
501.039 27.785
501.315 27.678
501.591 27.575
501.867 27.481
502.144 27.383
502.420 27.278
502.696 27.187
502.973 27.103
503.249 27.021
503.525 26.934
503.801 26.835
504.078 26.743
504.354 26.644
504.630 26.547
504.906 26.457
505.183 26.363
505.459 26.273
505.735 26.190
506.011 26.105
506.288 26.019
506.564 25.932
506.840 25.842
507.117 25.759
507.393 25.690
507.669 25.610
507.945 25.530
508.222 25.444
508.498 25.359
508.774 25.270
509.050 25.183
509.327 25.111
509.603 25.034
509.879 24.959
510.155 24.880
510.432 24.808
510.708 24.731
510.984 24.651
511.261 24.574
511.537 24.502
511.813 24.434
512.089 24.361
512.366 24.291
512.642 24.217
512.918 24.135
513.194 24.060
513.471 23.982
513.747 23.907
514.023 23.842
514.299 23.770
514.576 23.700
514.852 23.633
515.128 23.571
515.405 23.504
515.681 23.431
515.957 23.368
516.233 23.305
516.510 23.236
516.786 23.175
517.062 23.119
517.338 23.050
517.615 22.979
517.891 22.914
518.167 22.852
518.443 22.785
518.720 22.714
518.996 22.647
519.272 22.586
519.548 22.524
519.825 22.459
520.101 22.399
520.377 22.349
520.654 22.295
520.930 22.230
521.206 22.174
521.482 22.119
521.759 22.069
522.035 22.012
522.311 21.949
522.587 21.881
522.864 21.826
523.140 21.771
523.416 21.718
523.692 21.668
523.969 21.613
524.245 21.548
524.521 21.492
524.798 21.437
525.074 21.373
525.350 21.310
525.626 21.259
525.903 21.207
526.179 21.143
526.455 21.087
526.731 21.036
527.008 20.990
527.284 20.937
527.560 20.881
527.836 20.820
528.113 20.766
528.389 20.710
528.665 20.656
528.942 20.595
529.218 20.535
529.494 20.494
529.770 20.447
530.047 20.387
530.323 20.334
530.599 20.281
530.875 20.228
531.152 20.176
531.428 20.121
531.704 20.070
531.980 20.010
532.257 19.955
532.533 19.904
532.809 19.854
533.086 19.801
533.362 19.750
533.638 19.699
533.914 19.644
534.191 19.598
534.467 19.549
534.743 19.505
535.019 19.458
535.296 19.410
535.572 19.368
535.848 19.332
536.124 19.290
536.401 19.242
536.677 19.192
536.953 19.139
537.230 19.078
537.506 19.029
537.782 18.991
538.058 18.955
538.335 18.912
538.611 18.863
538.887 18.820
539.163 18.782
539.440 18.747
539.716 18.697
539.992 18.652
540.268 18.614
540.545 18.568
540.821 18.518
541.097 18.470
541.373 18.422
541.650 18.379
541.926 18.342
542.202 18.306
542.479 18.264
542.755 18.226
543.031 18.191
543.307 18.150
543.584 18.104
543.860 18.060
544.136 18.016
544.412 17.974
544.689 17.940
544.965 17.898
545.241 17.850
545.517 17.807
545.794 17.770
546.070 17.737
546.356 17.693
546.642 17.652
546.928 17.620
547.214 17.580
547.500 17.540
547.786 17.507
548.072 17.471
548.358 17.431
548.644 17.389
548.930 17.353
549.216 17.323
549.502 17.291
549.788 17.254
550.074 17.222
550.360 17.190
550.646 17.156
550.932 17.121
551.218 17.082
551.504 17.050
551.790 17.018
552.076 16.979
552.362 16.947
552.648 16.906
552.934 16.862
553.220 16.822
553.506 16.788
553.793 16.757
554.079 16.728
554.365 16.703
554.651 16.672
554.937 16.634
555.223 16.599
555.509 16.566
555.795 16.529
556.081 16.495
556.367 16.459
556.653 16.427
556.939 16.394
557.225 16.362
557.511 16.322
557.797 16.285
558.083 16.254
558.369 16.224
558.655 16.193
558.941 16.160
559.227 16.126
559.513 16.089
559.799 16.053
560.085 16.014
560.371 15.978
560.657 15.946
560.943 15.913
561.229 15.880
561.515 15.852
561.801 15.823
562.087 15.790
562.373 15.759
562.659 15.734
562.945 15.705
563.231 15.675
563.517 15.639
563.803 15.595
564.089 15.560
564.375 15.528
564.661 15.499
564.947 15.468
565.233 15.429
565.519 15.395
565.805 15.367
566.091 15.338
566.377 15.301
566.663 15.264
566.949 15.229
567.235 15.197
567.521 15.166
567.807 15.135
568.093 15.107
568.379 15.076
568.665 15.043
568.951 15.016
569.237 14.985
569.524 14.954
569.810 14.920
570.096 14.898
570.382 14.874
570.668 14.847
570.954 14.815
571.240 14.783
571.526 14.752
571.812 14.719
572.098 14.689
572.384 14.664
572.670 14.637
572.956 14.609
573.242 14.579
573.528 14.556
573.814 14.531
574.100 14.500
574.386 14.478
574.672 14.453
574.958 14.423
575.244 14.399
575.530 14.378
575.816 14.356
576.102 14.329
576.388 14.304
576.674 14.284
576.960 14.262
577.248 14.242
577.536 14.224
577.824 14.204
578.113 14.184
578.401 14.163
578.689 14.143
578.977 14.125
579.265 14.097
579.553 14.070
579.841 14.050
580.130 14.031
580.418 14.012
580.706 13.992
580.994 13.976
581.282 13.963
581.570 13.954
581.858 13.937
582.147 13.919
582.435 13.904
582.723 13.892
583.011 13.884
583.299 13.867
583.587 13.849
583.875 13.838
584.164 13.820
584.452 13.808
584.740 13.797
585.028 13.781
585.316 13.761
585.604 13.749
585.892 13.738
586.181 13.721
586.469 13.698
586.757 13.680
587.045 13.665
587.333 13.649
587.621 13.631
587.909 13.610
588.198 13.595
588.486 13.586
588.774 13.574
589.062 13.561
589.350 13.545
589.638 13.529
589.927 13.510
590.215 13.491
590.503 13.479
590.791 13.469
591.079 13.454
591.367 13.445
591.655 13.434
591.944 13.421
592.232 13.408
592.520 13.402
592.808 13.391
593.096 13.378
593.384 13.368
593.672 13.361
593.961 13.352
594.249 13.339
594.537 13.333
594.825 13.328
595.113 13.323
595.401 13.314
595.689 13.302
595.978 13.296
596.266 13.290
596.554 13.280
596.842 13.279
597.130 13.277
597.418 13.280
597.706 13.283
597.995 13.275
598.283 13.265
598.571 13.257
598.859 13.250
599.147 13.240
599.435 13.235
599.723 13.229
600.012 13.221
600.300 13.210
600.588 13.199
600.876 13.194
601.164 13.192
601.452 13.190
601.740 13.187
602.029 13.184
602.317 13.180
602.605 13.174
602.893 13.176
603.181 13.171
603.469 13.170
603.757 13.171
604.046 13.162
604.334 13.154
604.622 13.161
604.910 13.169
605.198 13.168
605.486 13.174
605.774 13.172
606.063 13.173
606.351 13.179
606.639 13.183
606.927 13.192
607.215 13.204
607.503 13.207
607.791 13.219
608.080 13.227
608.368 13.235
608.656 13.244
608.944 13.247
609.232 13.257
609.520 13.268
609.808 13.283
610.097 13.298
610.385 13.313
610.673 13.329
610.961 13.336
611.249 13.348
611.537 13.364
611.825 13.374
612.114 13.379
612.402 13.380
612.690 13.386
612.978 13.397
613.266 13.415
613.554 13.427
613.843 13.441
614.131 13.454
614.419 13.462
614.707 13.471
614.995 13.477
615.283 13.481
615.571 13.505
615.860 13.537
616.148 13.556
616.436 13.577
616.724 13.591
617.012 13.604
617.300 13.621
617.588 13.642
617.877 13.670
618.165 13.690
618.453 13.713
618.741 13.744
619.029 13.768
619.317 13.789
619.605 13.807
619.894 13.826
620.182 13.851
620.470 13.870
620.758 13.890
621.046 13.911
621.334 13.935
621.622 13.971
621.911 14.012
622.199 14.040
622.487 14.067
622.775 14.092
623.063 14.118
623.351 14.149
623.639 14.176
623.928 14.199
624.216 14.225
624.504 14.253
624.792 14.275
625.080 14.307
625.368 14.334
625.656 14.363
625.945 14.402
626.233 14.439
626.521 14.472
626.809 14.500
627.097 14.527
627.385 14.562
627.673 14.590
627.962 14.617
628.250 14.644
628.538 14.673
628.826 14.706
629.114 14.742
629.402 14.779
629.690 14.823
629.979 14.868
630.267 14.905
630.555 14.943
630.843 14.982
631.131 15.020
631.419 15.051
631.707 15.085
631.996 15.136
632.284 15.187
632.572 15.232
632.860 15.276
633.148 15.311
633.436 15.346
633.724 15.393
634.013 15.443
634.301 15.496
634.589 15.543
634.877 15.586
635.165 15.631
635.453 15.673
635.741 15.719
636.030 15.764
636.318 15.807
636.606 15.852
636.894 15.899
637.182 15.952
637.470 16.004
637.759 16.052
638.047 16.106
638.335 16.158
638.623 16.207
638.911 16.259
639.199 16.312
639.487 16.361
639.776 16.411
640.064 16.472
640.352 16.537
640.640 16.601
640.928 16.658
641.216 16.709
641.504 16.767
641.793 16.827
642.081 16.882
642.369 16.937
642.657 16.991
642.945 17.052
643.233 17.109
643.521 17.162
643.810 17.218
644.098 17.279
644.386 17.340
644.674 17.405
644.962 17.465
645.250 17.525
645.538 17.582
645.827 17.637
646.115 17.701
646.403 17.750
646.691 17.795
646.979 17.857
647.267 17.913
647.555 17.968
647.844 18.033
648.132 18.094
648.420 18.148
648.708 18.204
648.996 18.270
649.284 18.339
649.572 18.394
649.861 18.452
650.149 18.518
650.437 18.591
650.725 18.661
651.013 18.724
651.301 18.785
651.589 18.843
651.878 18.900
652.166 18.968
652.454 19.049
652.742 19.124
653.030 19.195
653.318 19.269
653.606 19.347
653.895 19.421
654.183 19.503
654.471 19.589
654.759 19.663
655.047 19.734
655.335 19.814
655.623 19.899
655.912 19.975
656.200 20.053
656.488 20.132
656.776 20.205
657.064 20.281
657.352 20.364
657.640 20.441
657.929 20.519
658.217 20.597
658.505 20.685
658.793 20.774
659.081 20.860
659.369 20.942
659.657 21.026
659.946 21.113
660.234 21.207
660.522 21.298
660.810 21.386
661.098 21.472
661.386 21.556
661.675 21.642
661.963 21.729
662.251 21.810
662.539 21.902
662.827 21.999
663.115 22.099
663.403 22.201
663.692 22.300
663.980 22.416
664.268 22.525
664.556 22.622
664.844 22.720
665.132 22.819
665.420 22.917
665.709 23.024
665.997 23.137
666.285 23.252
666.573 23.360
666.861 23.460
667.149 23.572
667.437 23.678
667.726 23.790
668.014 23.899
668.302 23.996
668.590 24.106
668.878 24.213
669.166 24.315
669.454 24.427
669.743 24.532
670.031 24.636
670.319 24.743
670.607 24.848
670.895 24.956
671.183 25.060
671.471 25.167
671.760 25.268
672.048 25.362
672.336 25.472
672.624 25.594
672.912 25.702
673.200 25.804
673.488 25.916
673.777 26.033
674.065 26.144
674.353 26.256
674.641 26.366
674.929 26.471
675.217 26.576
675.505 26.686
675.794 26.797
676.082 26.905
676.370 27.021
676.658 27.145
676.946 27.267
677.234 27.383
677.522 27.506
677.811 27.624
678.099 27.733
678.387 27.846
678.675 27.962
678.963 28.069
679.251 28.183
679.539 28.298
679.828 28.417
680.116 28.528
680.404 28.635
680.692 28.751
680.980 28.864
681.268 28.970
681.556 29.065
681.845 29.172
682.133 29.282
682.421 29.405
682.709 29.520
682.997 29.632
683.285 29.739
683.573 29.839
683.862 29.937
684.150 30.045
684.438 30.164
684.726 30.282
685.014 30.400
685.302 30.503
685.591 30.609
685.879 30.721
686.167 30.828
686.455 30.942
686.743 31.071
687.031 31.182
687.319 31.289
687.608 31.401
687.896 31.517
688.184 31.640
688.472 31.761
688.760 31.873
689.048 31.983
689.336 32.092
689.625 32.205
689.913 32.311
690.201 32.423
690.489 32.529
690.777 32.633
691.065 32.741
691.353 32.847
691.642 32.962
691.930 33.065
692.218 33.166
692.506 33.269
692.794 33.378
693.082 33.485
693.370 33.580
693.659 33.681
693.947 33.778
694.235 33.864
694.523 33.956
694.811 34.067
695.099 34.167
695.387 34.261
695.676 34.359
695.964 34.458
696.252 34.567
696.540 34.685
696.836 34.794
697.133 34.905
697.429 35.009
697.725 35.115
698.021 35.216
698.318 35.309
698.614 35.402
698.910 35.508
699.207 35.608
699.503 35.699
699.799 35.789
700.095 35.867
700.392 35.946
700.688 36.029
700.984 36.129
701.281 36.235
701.577 36.336
701.873 36.431
702.169 36.525
702.466 36.609
702.762 36.695
703.058 36.783
703.355 36.874
703.651 36.961
703.947 37.041
704.243 37.115
704.540 37.173
704.836 37.243
705.132 37.326
705.428 37.394
705.725 37.450
706.021 37.510
706.317 37.563
706.614 37.630
706.910 37.695
707.206 37.767
707.502 37.844
707.799 37.910
708.095 37.968
708.391 38.038
708.688 38.111
708.984 38.182
709.280 38.248
709.576 38.300
709.873 38.359
710.169 38.419
710.465 38.477
710.762 38.526
711.058 38.576
711.354 38.635
711.650 38.702
711.947 38.777
712.243 38.844
712.539 38.910
712.836 38.964
713.132 39.008
713.428 39.051
713.724 39.097
714.021 39.149
714.317 39.196
714.613 39.228
714.910 39.268
715.206 39.321
715.502 39.362
715.798 39.381
716.095 39.418
716.391 39.456
716.687 39.498
716.984 39.534
717.280 39.580
717.576 39.628
717.872 39.676
718.169 39.715
718.465 39.765
718.761 39.801
719.058 39.819
719.354 39.845
719.650 39.874
719.946 39.894
720.243 39.908
720.539 39.932
720.835 39.951
721.131 39.962
721.428 39.979
721.724 40.002
722.020 40.025
722.317 40.052
722.613 40.079
722.909 40.115
723.205 40.142
723.502 40.173
723.798 40.220
724.094 40.248
724.391 40.282
724.687 40.303
724.983 40.327
725.279 40.338
725.576 40.339
725.872 40.366
726.168 40.369
726.465 40.367
726.761 40.384
727.057 40.396
727.353 40.403
727.650 40.417
727.946 40.431
728.242 40.434
728.539 40.446
728.835 40.455
729.131 40.458
729.427 40.468
729.724 40.454
730.020 40.446
730.316 40.453
730.613 40.443
730.909 40.433
731.205 40.432
731.501 40.437
731.798 40.439
732.094 40.431
732.390 40.406
732.687 40.397
732.983 40.395
733.279 40.388
733.575 40.377
733.872 40.362
734.168 40.362
734.464 40.356
734.761 40.349
735.057 40.337
735.353 40.326
735.649 40.319
735.946 40.315
736.242 40.330
736.538 40.325
736.835 40.323
737.131 40.317
737.427 40.305
737.723 40.293
738.020 40.286
738.316 40.281
738.612 40.271
738.909 40.262
739.205 40.266
739.501 40.252
739.797 40.242
740.094 40.237
740.390 40.235
740.686 40.243
740.982 40.225
741.279 40.205
741.575 40.199
741.871 40.175
742.168 40.141
742.464 40.101
742.760 40.095
743.056 40.076
743.353 40.067
743.649 40.061
743.945 40.029
744.242 40.016
744.538 40.002
744.834 39.967
745.130 39.931
745.427 39.922
745.723 39.905
746.019 39.876
746.316 39.851
746.612 39.822
746.908 39.797
747.204 39.779
747.501 39.760
747.797 39.748
748.093 39.728
748.390 39.702
748.686 39.691
748.982 39.679
749.278 39.668
749.575 39.636
749.871 39.612
750.167 39.608
750.464 39.600
750.760 39.582
751.056 39.554
751.352 39.516
751.649 39.486
751.945 39.482
752.241 39.458
752.538 39.436
752.834 39.408
753.130 39.382
753.426 39.359
753.723 39.344
754.019 39.318
754.315 39.276
754.611 39.253
754.908 39.241
755.204 39.233
755.500 39.202
755.797 39.174
756.093 39.148
756.389 39.120
756.685 39.088
756.982 39.064
757.278 39.035
757.574 39.000
757.871 38.964
758.167 38.945
758.463 38.922
758.759 38.883
759.056 38.851
759.352 38.814
759.648 38.761
759.945 38.722
760.241 38.704
760.537 38.698
760.833 38.674
761.130 38.644
761.426 38.610
761.722 38.588
762.019 38.566
762.315 38.546
762.611 38.529
762.907 38.514
763.204 38.514
763.500 38.497
763.804 38.472
764.108 38.467
764.412 38.469
764.716 38.456
765.020 38.430
765.324 38.426
765.628 38.413
765.932 38.399
766.236 38.362
766.540 38.335
766.844 38.306
767.148 38.267
767.452 38.234
767.756 38.218
768.060 38.200
768.364 38.164
768.668 38.141
768.972 38.118
769.276 38.093
769.580 38.075
769.884 38.074
770.188 38.080
770.492 38.079
770.796 38.072
771.100 38.070
771.404 38.066
771.708 38.050
772.012 38.029
772.316 38.009
772.620 37.986
772.924 37.964
773.228 37.936
773.532 37.908
773.836 37.903
774.140 37.900
774.444 37.908
774.748 37.918
775.052 37.924
775.356 37.930
775.659 37.934
775.963 37.955
776.267 37.957
776.571 37.938
776.875 37.931
777.179 37.935
777.483 37.940
777.787 37.961
778.091 37.968
778.395 37.973
778.699 37.988
779.003 37.986
779.307 37.963
779.611 37.952
779.915 37.943
780.219 37.938
780.523 37.939
780.827 37.943
781.131 37.944
781.435 37.948
781.739 37.936
782.043 37.923
782.347 37.927
782.651 37.918
782.955 37.930
783.259 37.944
783.563 37.974
783.867 37.962
784.171 37.959
784.475 37.951
784.779 37.959
785.083 37.946
785.387 37.923
785.691 37.913
785.995 37.909
786.299 37.915
786.603 37.930
786.907 37.946
787.211 37.952
787.515 37.971
787.819 37.991
788.123 37.980
788.427 37.968
788.731 37.938
789.035 37.920
789.339 37.909
789.643 37.904
789.947 37.907
790.251 37.921
790.555 37.943
790.859 37.965
791.163 37.987
791.467 37.992
791.771 37.992
792.075 37.988
792.379 37.994
792.683 37.994
792.987 37.983
793.291 37.972
793.595 37.972
793.899 37.981
794.203 37.994
794.507 37.992
794.811 38.006
795.115 38.017
795.419 38.025
795.723 38.016
796.027 38.008
796.331 38.009
796.635 38.024
796.939 38.030
797.243 38.030
797.547 38.054
797.851 38.101
798.155 38.143
798.459 38.157
798.763 38.156
799.067 38.162
799.371 38.174
799.674 38.198
799.978 38.229
800.282 38.276
800.586 38.300
800.890 38.302
801.194 38.327
801.498 38.332
801.802 38.335
802.106 38.336
802.410 38.361
802.714 38.383
803.018 38.404
803.322 38.414
803.626 38.433
803.930 38.481
804.234 38.534
804.538 38.568
804.842 38.593
805.146 38.592
805.450 38.609
805.754 38.626
806.058 38.649
806.362 38.686
806.666 38.724
806.970 38.747
807.274 38.772
807.578 38.821
807.882 38.855
808.186 38.861
808.490 38.866
808.794 38.894
809.098 38.915
809.402 38.946
809.706 38.973
810.010 38.999
810.314 39.046
810.618 39.087
810.922 39.095
811.226 39.098
811.530 39.110
811.834 39.129
812.137 39.149
812.441 39.180
812.744 39.212
813.048 39.239
813.351 39.261
813.655 39.267
813.958 39.266
814.262 39.305
814.565 39.339
814.869 39.366
815.172 39.399
815.476 39.426
815.779 39.467
816.083 39.499
816.386 39.495
816.690 39.511
816.993 39.557
817.297 39.610
817.600 39.674
817.904 39.711
818.208 39.725
818.511 39.735
818.815 39.721
819.118 39.738
819.422 39.769
819.725 39.794
820.029 39.811
820.332 39.849
820.636 39.901
820.939 39.954
821.243 39.982
821.546 40.023
821.850 40.089
822.153 40.167
822.457 40.220
822.760 40.263
823.064 40.302
823.367 40.322
823.671 40.354
823.974 40.396
824.278 40.449
824.582 40.489
824.885 40.518
825.189 40.547
825.492 40.601
825.796 40.656
826.099 40.678
826.403 40.731
826.706 40.805
827.010 40.870
827.313 40.895
827.617 40.916
827.920 40.928
828.224 40.945
828.527 40.988
828.831 41.013
829.134 41.044
829.438 41.111
829.741 41.188
830.045 41.244
830.348 41.269
830.652 41.341
830.956 41.397
831.259 41.441
831.563 41.493
831.866 41.559
832.170 41.649
832.473 41.732
832.777 41.778
833.080 41.827
833.384 41.897
833.687 41.955
833.991 42.023
834.294 42.053
834.598 42.072
834.901 42.155
835.205 42.218
835.508 42.256
835.812 42.327
836.115 42.376
836.419 42.434
836.722 42.478
837.026 42.511
837.330 42.562
837.633 42.622
837.937 42.691
838.240 42.744
838.544 42.804
838.847 42.863
839.151 42.924
839.454 42.982
839.758 43.045
840.061 43.114
840.365 43.177
840.668 43.231
840.972 43.297
841.275 43.379
841.579 43.492
841.882 43.622
842.186 43.718
842.489 43.761
842.793 43.822
843.097 43.900
843.400 43.983
843.704 44.060
844.007 44.146
844.311 44.217
844.614 44.260
844.918 44.320
845.221 44.407
845.525 44.485
845.828 44.537
846.132 44.615
846.435 44.730
846.739 44.830
847.042 44.926
847.346 45.011
847.649 45.112
847.953 45.186
848.256 45.257
848.560 45.363
848.863 45.488
849.167 45.563
849.471 45.607
849.774 45.658
850.078 45.719
850.381 45.786
850.685 45.876
850.988 45.989
851.292 46.059
851.595 46.125
851.899 46.170
852.202 46.233
852.506 46.310
852.809 46.390
853.113 46.453
853.416 46.483
853.720 46.526
854.023 46.609
854.327 46.651
854.630 46.706
854.934 46.777
855.237 46.859
855.541 46.945
855.845 47.036
856.148 47.098
856.452 47.160
856.755 47.238
857.059 47.327
857.362 47.402
857.666 47.473
857.969 47.525
858.273 47.584
858.576 47.670
858.880 47.737
859.183 47.769
859.487 47.783
859.790 47.799
860.094 47.826
860.397 47.845
860.701 47.907
861.004 47.988
861.308 48.025
861.611 48.075
861.915 48.119
862.219 48.194
862.522 48.249
862.826 48.292
863.129 48.391
863.433 48.452
863.736 48.479
864.040 48.542
864.343 48.627
864.647 48.698
864.950 48.743
865.254 48.803
865.557 48.829
865.861 48.882
866.164 48.950
866.468 49.011
866.771 49.073
867.075 49.145
867.378 49.180
867.682 49.214
867.985 49.272
868.289 49.328
868.593 49.394
868.896 49.468
869.200 49.499
869.503 49.513
869.807 49.578
870.110 49.664
870.414 49.759
870.717 49.813
871.021 49.870
871.324 49.947
871.628 50.047
871.931 50.145
872.235 50.232
872.538 50.296
872.842 50.381
873.145 50.444
873.449 50.496
873.752 50.599
874.056 50.703
874.359 50.780
874.663 50.895
874.967 50.980
875.270 51.052
875.574 51.128
875.877 51.202
876.181 51.267
876.484 51.343
876.788 51.414
877.091 51.457
877.395 51.508
877.698 51.580
878.002 51.668
878.305 51.753
878.609 51.823
878.912 51.908
879.216 51.988
879.519 52.053
879.823 52.159
880.126 52.256
880.430 52.334
880.733 52.426
881.037 52.524
881.341 52.614
881.644 52.692
881.948 52.782
882.251 52.896
882.555 52.959
882.858 53.024
883.162 53.110
883.465 53.208
883.769 53.304
884.072 53.392
884.376 53.489
884.679 53.573
884.983 53.653
885.286 53.768
885.590 53.829
885.893 53.911
886.197 54.002
886.500 54.090
886.804 54.201
887.107 54.295
887.411 54.391
887.715 54.503
888.018 54.610
888.322 54.701
888.625 54.775
888.929 54.806
889.232 54.892
889.536 54.958
889.839 55.033
890.143 55.102
890.446 55.156
890.750 55.219
891.053 55.290
891.357 55.372
891.660 55.463
891.964 55.569
892.267 55.634
892.571 55.713
892.874 55.793
893.178 55.855
893.482 55.934
893.785 56.021
894.089 56.116
894.392 56.223
894.696 56.308
894.999 56.372
895.303 56.460
895.606 56.540
895.910 56.630
896.213 56.723
896.517 56.810
896.820 56.922
897.124 57.006
897.427 57.086
897.731 57.171
898.034 57.257
898.338 57.337
898.641 57.400
898.945 57.494
899.248 57.575
899.552 57.667
899.856 57.763
900.159 57.855
900.463 57.942
900.766 57.987
901.070 58.099
901.373 58.228
901.677 58.326
901.980 58.398
902.284 58.468
902.587 58.571
902.891 58.649
903.194 58.683
903.498 58.745
903.801 58.818
904.105 58.927
904.408 59.044
904.712 59.121
905.015 59.179
905.319 59.233
905.622 59.308
905.926 59.360
906.230 59.400
906.533 59.429
906.837 59.492
907.140 59.571
907.444 59.660
907.747 59.730
908.051 59.798
908.354 59.842
908.658 59.934
908.961 60.012
909.265 60.051
909.568 60.112
909.872 60.168
910.175 60.239
910.479 60.276
910.782 60.304
911.086 60.321
911.389 60.367
911.693 60.417
911.996 60.484
912.300 60.573
912.613 60.621
912.926 60.617
913.238 60.653
913.551 60.721
913.864 60.779
914.176 60.866
914.489 60.946
914.802 61.036
915.115 61.125
915.427 61.167
915.740 61.237
916.053 61.287
916.366 61.291
916.678 61.335
916.991 61.408
917.304 61.493
917.617 61.517
917.929 61.576
918.242 61.604
918.555 61.648
918.868 61.685
919.180 61.715
919.493 61.762
919.806 61.755
920.119 61.756
920.431 61.786
920.744 61.803
921.057 61.850
921.370 61.944
921.682 62.027
921.995 62.077
922.308 62.123
922.621 62.174
922.933 62.218
923.246 62.226
923.559 62.248
923.872 62.318
924.184 62.375
924.497 62.360
924.810 62.409
925.123 62.492
925.435 62.551
925.748 62.571
926.061 62.587
926.374 62.636
926.686 62.730
926.999 62.823
927.312 62.907
927.625 62.953
927.937 62.990
928.250 63.080
928.563 63.157
928.876 63.198
929.188 63.238
929.501 63.343
929.814 63.454
930.127 63.538
930.439 63.623
930.752 63.672
931.065 63.676
931.378 63.695
931.690 63.730
932.003 63.759
932.316 63.821
932.629 63.888
932.941 63.935
933.254 63.978
933.567 63.983
933.880 64.013
934.192 64.059
934.505 64.060
934.818 64.098
935.131 64.160
935.443 64.283
935.756 64.398
936.069 64.482
936.382 64.488
936.694 64.584
937.007 64.610
937.320 64.603
937.633 64.609
937.945 64.628
938.258 64.615
938.571 64.609
938.884 64.679
939.196 64.775
939.509 64.839
939.822 64.874
940.135 64.879
940.447 64.837
940.760 64.802
941.073 64.821
941.386 64.850
941.698 64.835
942.011 64.838
942.324 64.849
942.637 64.832
942.949 64.812
943.262 64.841
943.575 64.917
943.888 64.874
944.200 64.847
944.513 64.865
944.826 64.916
945.139 64.976
945.451 64.929
945.764 64.855
946.077 64.840
946.390 64.838
946.702 64.809
947.015 64.803
947.328 64.772
947.641 64.730
947.953 64.734
948.266 64.721
948.579 64.682
948.892 64.626
949.204 64.554
949.517 64.489
949.830 64.497
950.143 64.534
950.455 64.529
950.768 64.526
951.081 64.590
951.394 64.578
951.706 64.541
952.019 64.477
952.332 64.442
952.645 64.461
952.957 64.428
953.270 64.454
953.583 64.521
953.896 64.490
954.208 64.406
954.521 64.338
954.834 64.302
955.147 64.240
955.459 64.206
955.772 64.136
956.085 64.155
956.398 64.206
956.710 64.222
957.023 64.160
957.336 64.142
957.649 64.189
957.961 64.222
958.274 64.222
958.587 64.143
958.900 64.065
959.212 64.001
959.525 63.882
959.838 63.818
960.151 63.754
960.463 63.667
960.776 63.614
961.089 63.536
961.402 63.513
961.714 63.538
962.027 63.498
962.340 63.450
962.653 63.431
962.965 63.457
963.278 63.434
963.591 63.342
963.904 63.264
964.216 63.192
964.529 63.195
964.842 63.148
965.154 63.120
965.467 63.100
965.780 63.038
966.094 62.966
966.409 62.959
966.723 62.967
967.037 62.926
967.352 62.867
967.666 62.805
967.980 62.824
968.295 62.842
968.609 62.766
968.923 62.647
969.238 62.571
969.552 62.516
969.866 62.541
970.181 62.517
970.495 62.484
970.809 62.418
971.124 62.410
971.438 62.339
971.752 62.328
972.067 62.350
972.381 62.285
972.695 62.205
973.010 62.167
973.324 62.166
973.638 62.127
973.953 62.070
974.267 62.068
974.581 62.086
974.896 62.037
975.210 61.979
975.524 61.913
975.839 61.888
976.153 61.966
976.467 61.970
976.781 61.892
977.096 61.786
977.410 61.688
977.724 61.692
978.039 61.721
978.353 61.768
978.667 61.883
978.982 61.909
979.296 61.931
979.610 61.991
979.925 61.963
980.239 61.902
980.553 61.782
980.868 61.712
981.182 61.748
981.496 61.772
981.811 61.667
982.125 61.592
982.439 61.590
982.754 61.635
983.068 61.641
983.382 61.658
983.697 61.637
984.011 61.608
984.325 61.564
984.640 61.485
984.954 61.486
985.268 61.469
985.583 61.416
985.897 61.384
986.211 61.402
986.526 61.380
986.840 61.327
987.154 61.255
987.469 61.210
987.783 61.251
988.097 61.326
988.412 61.300
988.726 61.185
989.040 61.015
989.355 60.895
989.669 60.880
989.983 60.941
990.298 60.967
990.612 61.022
990.926 60.982
991.241 60.972
991.555 60.941
991.869 60.885
992.184 60.810
992.498 60.760
992.812 60.775
993.127 60.777
993.441 60.694
993.755 60.592
994.070 60.606
994.384 60.575
994.698 60.534
995.013 60.523
995.327 60.489
995.641 60.496
995.956 60.533
996.270 60.480
996.584 60.343
996.899 60.280
997.213 60.264
997.527 60.190
997.841 60.059
998.156 59.996
998.470 59.925
998.784 59.866
999.099 59.948
999.413 59.977
999.727 60.007
