200.182 83.633
200.437 83.060
200.691 82.536
200.946 81.965
201.201 81.286
201.455 80.770
201.710 80.377
201.964 79.757
202.219 79.112
202.474 78.414
202.728 77.667
202.983 76.945
203.237 76.152
203.492 75.283
203.747 74.379
204.001 73.664
204.256 72.892
204.510 71.920
204.765 71.017
205.020 70.372
205.274 69.654
205.529 68.892
205.783 68.097
206.038 67.225
206.293 66.239
206.547 65.339
206.802 64.544
207.057 63.638
207.311 62.816
207.566 61.890
207.820 60.918
208.075 60.184
208.330 59.397
208.584 58.408
208.839 57.637
209.093 56.951
209.348 56.216
209.603 55.478
209.857 54.547
210.112 53.620
210.366 52.690
210.621 51.754
210.876 50.947
211.130 50.161
211.385 49.195
211.639 48.335
211.894 47.559
212.149 46.961
212.403 46.289
212.658 45.637
212.913 44.749
213.167 43.751
213.422 43.062
213.676 42.418
213.931 41.744
214.186 40.943
214.440 40.204
214.695 39.527
214.949 38.873
215.204 38.202
215.459 37.560
215.713 36.901
215.968 36.221
216.222 35.516
216.477 34.874
216.732 34.260
216.986 33.590
217.241 32.777
217.495 32.179
217.750 31.671
218.005 31.247
218.259 30.726
218.514 30.038
218.769 29.371
219.023 28.827
219.278 28.385
219.532 27.851
219.787 27.344
220.042 26.859
220.296 26.357
220.551 25.830
220.805 25.357
221.060 24.915
221.315 24.472
221.569 23.885
221.824 23.403
222.078 22.994
222.333 22.468
222.588 22.000
222.842 21.481
223.097 21.020
223.351 20.608
223.606 20.133
223.861 19.616
224.115 19.161
224.370 18.658
224.625 18.120
224.879 17.657
225.134 17.196
225.388 16.841
225.643 16.457
225.898 16.052
226.152 15.650
226.407 15.253
226.661 14.768
226.916 14.354
227.171 13.947
227.425 13.544
227.680 13.154
227.934 12.843
228.189 12.478
228.444 12.126
228.698 11.825
228.953 11.506
229.208 11.212
229.462 10.909
229.717 10.663
229.971 10.393
230.226 10.116
230.481 9.844
230.735 9.582
230.990 9.309
231.244 9.065
231.499 8.848
231.754 8.646
232.008 8.451
232.263 8.300
232.517 8.114
232.772 7.956
233.027 7.767
233.281 7.558
233.536 7.364
233.790 7.154
234.045 6.980
234.300 6.830
234.554 6.679
234.809 6.517
235.064 6.391
235.318 6.287
235.573 6.172
235.827 6.053
236.082 5.928
236.337 5.827
236.591 5.735
236.846 5.645
237.100 5.554
237.355 5.491
237.610 5.420
237.864 5.336
238.119 5.275
238.373 5.203
238.628 5.121
238.883 5.053
239.137 4.981
239.392 4.915
239.646 4.867
239.901 4.823
240.156 4.776
240.410 4.740
240.665 4.684
240.920 4.624
241.174 4.587
241.429 4.550
241.683 4.510
241.938 4.470
242.193 4.444
242.447 4.423
242.702 4.403
242.956 4.376
243.211 4.349
243.466 4.325
243.720 4.313
243.975 4.296
244.229 4.275
244.484 4.245
244.739 4.230
244.993 4.227
245.248 4.210
245.503 4.202
245.757 4.194
246.012 4.182
246.266 4.172
246.521 4.166
246.776 4.169
247.030 4.159
247.285 4.142
247.539 4.129
247.794 4.122
248.049 4.116
248.303 4.108
248.558 4.111
248.812 4.108
249.067 4.085
249.322 4.078
249.576 4.077
249.831 4.075
250.085 4.070
250.340 4.070
250.595 4.074
250.849 4.082
251.104 4.083
251.359 4.086
251.613 4.086
251.868 4.081
252.122 4.071
252.377 4.068
252.632 4.071
252.886 4.061
253.141 4.040
253.395 4.033
253.650 4.035
253.905 4.036
254.161 4.032
254.416 4.029
254.672 4.043
254.927 4.063
255.183 4.064
255.438 4.057
255.694 4.062
255.949 4.069
256.205 4.071
256.460 4.072
256.715 4.063
256.971 4.069
257.226 4.076
257.482 4.086
257.737 4.089
257.993 4.082
258.248 4.081
258.504 4.079
258.759 4.075
259.014 4.081
259.270 4.083
259.525 4.081
259.781 4.088
260.036 4.116
260.292 4.131
260.547 4.123
260.803 4.128
261.058 4.138
261.314 4.144
261.569 4.148
261.824 4.157
262.080 4.165
262.335 4.172
262.591 4.191
262.846 4.200
263.102 4.198
263.357 4.193
263.613 4.198
263.868 4.199
264.123 4.200
264.379 4.195
264.634 4.197
264.890 4.200
265.145 4.212
265.401 4.209
265.656 4.201
265.912 4.193
266.167 4.177
266.423 4.166
266.678 4.165
266.933 4.162
267.189 4.155
267.444 4.146
267.700 4.145
267.955 4.142
268.211 4.135
268.466 4.140
268.722 4.145
268.977 4.150
269.232 4.152
269.488 4.147
269.743 4.145
269.999 4.146
270.254 4.146
270.510 4.138
270.765 4.133
271.021 4.131
271.276 4.131
271.532 4.133
271.787 4.133
272.042 4.131
272.298 4.129
272.553 4.121
272.809 4.118
273.064 4.119
273.320 4.121
273.575 4.127
273.831 4.122
274.086 4.122
274.342 4.115
274.597 4.100
274.852 4.093
275.108 4.093
275.363 4.086
275.619 4.061
275.874 4.040
276.130 4.036
276.385 4.033
276.641 4.027
276.896 4.015
277.151 4.007
277.407 3.994
277.662 3.978
277.918 3.960
278.173 3.943
278.429 3.935
278.684 3.935
278.940 3.937
279.195 3.926
279.451 3.922
279.706 3.911
279.961 3.908
280.217 3.901
280.472 3.891
280.728 3.882
280.983 3.879
281.239 3.874
281.494 3.872
281.750 3.877
282.005 3.877
282.260 3.873
282.516 3.861
282.771 3.847
283.027 3.839
283.282 3.834
283.538 3.823
283.793 3.810
284.049 3.798
284.304 3.789
284.560 3.776
284.815 3.761
285.070 3.754
285.326 3.755
285.581 3.754
285.837 3.737
286.092 3.725
286.348 3.722
286.603 3.722
286.859 3.713
287.114 3.702
287.369 3.693
287.625 3.688
287.880 3.681
288.136 3.680
288.391 3.671
288.647 3.664
288.902 3.651
289.158 3.638
289.413 3.637
289.669 3.632
289.924 3.629
290.179 3.631
290.435 3.631
290.690 3.623
290.946 3.614
291.201 3.614
291.457 3.614
291.712 3.611
291.968 3.605
292.223 3.594
292.479 3.590
292.734 3.581
292.989 3.578
293.245 3.580
293.500 3.583
293.756 3.579
294.011 3.577
294.267 3.570
294.522 3.558
294.778 3.557
295.033 3.557
295.288 3.556
295.544 3.548
295.799 3.544
296.055 3.539
296.310 3.534
296.566 3.535
296.821 3.544
297.077 3.548
297.332 3.541
297.588 3.531
297.843 3.521
298.098 3.517
298.354 3.516
298.609 3.514
298.865 3.515
299.120 3.518
299.376 3.519
299.631 3.516
299.887 3.519
300.142 3.526
300.397 3.525
300.653 3.518
300.908 3.508
301.164 3.503
301.419 3.506
301.675 3.505
301.930 3.498
302.186 3.493
302.441 3.492
302.697 3.488
302.952 3.486
303.207 3.487
303.463 3.490
303.718 3.484
303.974 3.485
304.229 3.492
304.485 3.493
304.740 3.493
304.996 3.491
305.251 3.492
305.506 3.493
305.762 3.488
306.017 3.485
306.273 3.491
306.528 3.496
306.784 3.500
307.039 3.507
307.295 3.505
307.550 3.502
307.806 3.511
308.061 3.516
308.316 3.517
308.572 3.517
308.827 3.518
309.083 3.517
309.338 3.515
309.594 3.509
309.849 3.513
310.105 3.518
310.360 3.521
310.615 3.523
310.871 3.523
311.126 3.525
311.382 3.537
311.637 3.547
311.893 3.546
312.148 3.543
312.404 3.531
312.659 3.523
312.915 3.525
313.170 3.530
313.429 3.536
313.688 3.546
313.947 3.557
314.206 3.567
314.465 3.571
314.724 3.572
314.983 3.576
315.242 3.579
315.501 3.577
315.760 3.582
316.019 3.596
316.278 3.612
316.536 3.619
316.795 3.621
317.054 3.626
317.313 3.630
317.572 3.639
317.831 3.654
318.090 3.665
318.349 3.672
318.608 3.675
318.867 3.676
319.126 3.681
319.385 3.695
319.644 3.709
319.903 3.714
320.162 3.717
320.421 3.724
320.680 3.723
320.939 3.726
321.198 3.727
321.457 3.732
321.716 3.740
321.975 3.736
322.234 3.733
322.493 3.738
322.752 3.741
323.010 3.747
323.269 3.750
323.528 3.749
323.787 3.751
324.046 3.758
324.305 3.769
324.564 3.781
324.823 3.785
325.082 3.793
325.341 3.806
325.600 3.817
325.859 3.829
326.118 3.847
326.377 3.861
326.636 3.866
326.895 3.875
327.154 3.871
327.413 3.870
327.672 3.871
327.931 3.879
328.190 3.890
328.449 3.906
328.708 3.917
328.967 3.923
329.226 3.934
329.485 3.942
329.743 3.944
330.002 3.943
330.261 3.943
330.520 3.944
330.779 3.945
331.038 3.952
331.297 3.967
331.556 3.978
331.815 3.977
332.074 3.965
332.333 3.971
332.592 3.986
332.851 3.996
333.110 4.004
333.369 4.005
333.628 4.001
333.887 3.993
334.146 3.993
334.405 4.000
334.664 4.005
334.923 4.020
335.182 4.031
335.441 4.019
335.700 4.013
335.959 4.019
336.217 4.028
336.476 4.044
336.735 4.052
336.994 4.061
337.253 4.086
337.512 4.104
337.771 4.116
338.030 4.124
338.289 4.129
338.548 4.138
338.807 4.151
339.066 4.171
339.325 4.175
339.584 4.182
339.843 4.196
340.102 4.201
340.361 4.200
340.620 4.209
340.879 4.216
341.138 4.218
341.397 4.217
341.656 4.214
341.915 4.214
342.174 4.208
342.433 4.220
342.691 4.236
342.950 4.253
343.209 4.267
343.468 4.284
343.727 4.293
343.986 4.306
344.245 4.312
344.504 4.319
344.763 4.332
345.022 4.340
345.281 4.346
345.540 4.350
345.799 4.354
346.058 4.365
346.317 4.375
346.576 4.381
346.835 4.391
347.094 4.398
347.353 4.408
347.612 4.421
347.871 4.439
348.130 4.449
348.389 4.451
348.648 4.450
348.907 4.457
349.166 4.483
349.424 4.497
349.683 4.513
349.942 4.536
350.201 4.554
350.460 4.566
350.719 4.569
350.978 4.570
351.237 4.591
351.496 4.613
351.755 4.621
352.014 4.629
352.273 4.633
352.532 4.631
352.791 4.635
353.050 4.646
353.309 4.661
353.568 4.664
353.827 4.674
354.086 4.687
354.345 4.685
354.604 4.686
354.863 4.673
355.122 4.683
355.381 4.690
355.640 4.689
355.898 4.695
356.157 4.704
356.416 4.717
356.675 4.736
356.934 4.748
357.193 4.770
357.452 4.798
357.711 4.801
357.970 4.818
358.229 4.834
358.488 4.837
358.747 4.837
359.006 4.839
359.265 4.861
359.524 4.888
359.783 4.902
360.042 4.911
360.301 4.919
360.560 4.930
360.819 4.937
361.078 4.940
361.337 4.956
361.596 4.985
361.855 5.009
362.114 5.029
362.372 5.056
362.631 5.072
362.890 5.083
363.149 5.083
363.408 5.093
363.667 5.104
363.926 5.116
364.185 5.127
364.444 5.136
364.703 5.148
364.962 5.136
365.221 5.144
365.480 5.164
365.745 5.157
366.009 5.163
366.274 5.185
366.539 5.189
366.804 5.193
367.068 5.202
367.333 5.201
367.598 5.204
367.863 5.211
368.127 5.216
368.392 5.237
368.657 5.255
368.921 5.242
369.186 5.226
369.451 5.228
369.716 5.232
369.980 5.231
370.245 5.245
370.510 5.259
370.775 5.273
371.039 5.288
371.304 5.295
371.569 5.298
371.834 5.308
372.098 5.314
372.363 5.323
372.628 5.326
372.892 5.332
373.157 5.318
373.422 5.306
373.687 5.313
373.951 5.317
374.216 5.317
374.481 5.318
374.746 5.324
375.010 5.325
375.275 5.313
375.540 5.299
375.804 5.290
376.069 5.291
376.334 5.299
376.599 5.301
376.863 5.304
377.128 5.308
377.393 5.313
377.658 5.313
377.922 5.311
378.187 5.315
378.452 5.313
378.716 5.312
378.981 5.309
379.246 5.308
379.511 5.306
379.775 5.313
380.040 5.318
380.305 5.316
380.570 5.318
380.834 5.328
381.099 5.349
381.364 5.355
381.629 5.348
381.893 5.353
382.158 5.357
382.423 5.347
382.687 5.343
382.952 5.345
383.217 5.344
383.482 5.346
383.746 5.346
384.011 5.345
384.276 5.355
384.541 5.350
384.805 5.334
385.070 5.332
385.335 5.338
385.599 5.350
385.864 5.356
386.129 5.364
386.394 5.370
386.658 5.371
386.923 5.373
387.188 5.357
387.453 5.347
387.717 5.351
387.982 5.352
388.247 5.355
388.511 5.343
388.776 5.333
389.041 5.336
389.306 5.345
389.570 5.345
389.835 5.334
390.100 5.328
390.365 5.330
390.629 5.333
390.894 5.334
391.159 5.333
391.424 5.336
391.688 5.326
391.953 5.321
392.218 5.327
392.482 5.330
392.747 5.330
393.012 5.333
393.277 5.344
393.541 5.353
393.806 5.353
394.071 5.358
394.336 5.348
394.600 5.343
394.865 5.342
395.130 5.341
395.394 5.346
395.659 5.354
395.924 5.354
396.189 5.351
396.453 5.353
396.718 5.358
396.983 5.346
397.248 5.343
397.512 5.344
397.777 5.346
398.042 5.338
398.306 5.329
398.571 5.328
398.836 5.336
399.101 5.343
399.365 5.348
399.630 5.360
399.895 5.374
400.160 5.377
400.424 5.365
400.689 5.366
400.954 5.380
401.219 5.394
401.483 5.399
401.748 5.397
402.013 5.402
402.277 5.403
402.542 5.401
402.807 5.405
403.072 5.417
403.336 5.426
403.601 5.433
403.866 5.436
404.131 5.439
404.395 5.447
404.660 5.464
404.929 5.464
405.198 5.465
405.466 5.466
405.735 5.473
406.004 5.494
406.273 5.509
406.542 5.505
406.810 5.496
407.079 5.496
407.348 5.509
407.617 5.509
407.886 5.522
408.154 5.535
408.423 5.540
408.692 5.551
408.961 5.556
409.229 5.554
409.498 5.562
409.767 5.564
410.036 5.556
410.305 5.548
410.573 5.560
410.842 5.564
411.111 5.562
411.380 5.566
411.649 5.563
411.917 5.552
412.186 5.548
412.455 5.548
412.724 5.550
412.993 5.546
413.261 5.549
413.530 5.538
413.799 5.539
414.068 5.547
414.337 5.561
414.605 5.571
414.874 5.575
415.143 5.572
415.412 5.569
415.681 5.565
415.949 5.549
416.218 5.547
416.487 5.549
416.756 5.555
417.024 5.564
417.293 5.562
417.562 5.554
417.831 5.553
418.100 5.561
418.368 5.565
418.637 5.561
418.906 5.560
419.175 5.561
419.444 5.557
419.712 5.567
419.981 5.577
420.250 5.583
420.519 5.583
420.788 5.568
421.056 5.553
421.325 5.552
421.594 5.546
421.863 5.539
422.132 5.535
422.400 5.521
422.669 5.509
422.938 5.506
423.207 5.505
423.476 5.501
423.744 5.494
424.013 5.496
424.282 5.492
424.551 5.482
424.819 5.468
425.088 5.446
425.357 5.445
425.626 5.447
425.895 5.439
426.163 5.431
426.432 5.435
426.701 5.432
426.970 5.414
427.239 5.402
427.507 5.397
427.776 5.393
428.045 5.394
428.314 5.398
428.583 5.403
428.851 5.403
429.120 5.397
429.389 5.395
429.658 5.393
429.927 5.393
430.195 5.382
430.464 5.372
430.733 5.372
431.002 5.371
431.271 5.369
431.539 5.360
431.808 5.351
432.077 5.352
432.346 5.361
432.614 5.363
432.883 5.357
433.152 5.362
433.421 5.365
433.690 5.358
433.958 5.359
434.227 5.355
434.496 5.349
434.765 5.343
435.034 5.346
435.302 5.344
435.571 5.335
435.840 5.326
436.116 5.314
436.393 5.313
436.669 5.313
436.945 5.311
437.221 5.321
437.498 5.334
437.774 5.345
438.050 5.356
438.326 5.360
438.603 5.360
438.879 5.368
439.155 5.370
439.431 5.373
439.708 5.379
439.984 5.380
440.260 5.383
440.537 5.382
440.813 5.385
441.089 5.392
441.365 5.402
441.642 5.404
441.918 5.400
442.194 5.400
442.470 5.388
442.747 5.377
443.023 5.368
443.299 5.369
443.575 5.379
443.852 5.382
444.128 5.383
444.404 5.386
444.680 5.388
444.957 5.385
445.233 5.382
445.509 5.382
445.786 5.386
446.062 5.383
446.338 5.382
446.614 5.381
446.891 5.383
447.167 5.383
447.443 5.386
447.719 5.381
447.996 5.375
448.272 5.377
448.548 5.382
448.824 5.375
449.101 5.375
449.377 5.377
449.653 5.384
449.930 5.384
450.206 5.379
450.482 5.391
450.758 5.399
451.035 5.402
451.311 5.403
451.587 5.398
451.863 5.393
452.140 5.398
452.416 5.398
452.692 5.404
452.968 5.405
453.245 5.400
453.521 5.401
453.797 5.409
454.074 5.403
454.350 5.396
454.626 5.397
454.902 5.404
455.179 5.413
455.455 5.413
455.731 5.406
456.007 5.401
456.284 5.400
456.560 5.400
456.836 5.402
457.112 5.405
457.389 5.405
457.665 5.406
457.941 5.403
458.218 5.398
458.494 5.402
458.770 5.405
459.046 5.408
459.323 5.419
459.599 5.433
459.875 5.443
460.151 5.453
460.428 5.464
460.704 5.479
460.980 5.490
461.256 5.501
461.533 5.513
461.809 5.529
462.085 5.540
462.361 5.551
462.638 5.564
462.914 5.584
463.190 5.594
463.467 5.610
463.743 5.625
464.019 5.635
464.295 5.645
464.572 5.670
464.848 5.697
465.124 5.728
465.400 5.753
465.677 5.781
465.953 5.809
466.229 5.837
466.505 5.868
466.782 5.895
467.058 5.923
467.334 5.956
467.611 5.988
467.887 6.025
468.163 6.061
468.439 6.106
468.716 6.155
468.992 6.202
469.268 6.259
469.544 6.316
469.821 6.373
470.097 6.430
470.373 6.482
470.649 6.535
470.926 6.606
471.202 6.677
471.478 6.748
471.755 6.811
472.031 6.889
472.307 6.978
472.583 7.070
472.860 7.179
473.136 7.294
473.412 7.410
473.688 7.526
473.965 7.637
474.241 7.748
474.517 7.876
474.793 8.010
475.070 8.146
475.346 8.284
475.622 8.428
475.899 8.572
476.175 8.721
476.451 8.879
476.727 9.043
477.004 9.205
477.280 9.369
477.556 9.547
477.832 9.733
478.109 9.918
478.385 10.106
478.661 10.301
478.937 10.502
479.214 10.708
479.490 10.923
479.766 11.145
480.043 11.387
480.319 11.627
480.595 11.869
480.871 12.125
481.148 12.386
481.424 12.648
481.700 12.916
481.976 13.194
482.253 13.482
482.529 13.779
482.805 14.073
483.081 14.378
483.358 14.685
483.634 15.007
483.910 15.331
484.186 15.653
484.463 15.985
484.739 16.323
485.015 16.674
485.292 17.032
485.568 17.392
485.844 17.759
486.120 18.128
486.397 18.502
486.673 18.882
486.949 19.272
487.225 19.671
487.502 20.075
487.778 20.479
488.054 20.885
488.330 21.297
488.607 21.717
488.883 22.132
489.159 22.559
489.436 22.991
489.712 23.402
489.988 23.811
490.264 24.234
490.541 24.670
490.817 25.114
491.093 25.571
491.369 26.018
491.646 26.459
491.922 26.905
492.198 27.363
492.474 27.827
492.751 28.294
493.027 28.758
493.303 29.222
493.580 29.689
493.856 30.170
494.132 30.660
494.408 31.122
494.685 31.583
494.961 32.050
495.237 32.520
495.513 32.986
495.790 33.463
496.066 33.946
496.342 34.425
496.618 34.899
496.895 35.365
497.171 35.831
497.447 36.297
497.724 36.759
498.000 37.227
498.276 37.692
498.552 38.153
498.829 38.605
499.105 39.046
499.381 39.482
499.657 39.920
499.934 40.354
500.210 40.795
500.486 41.241
500.762 41.691
501.039 42.132
501.315 42.575
501.591 43.013
501.867 43.445
502.144 43.877
502.420 44.297
502.696 44.695
502.973 45.101
503.249 45.503
503.525 45.902
503.801 46.292
504.078 46.675
504.354 47.056
504.630 47.435
504.906 47.816
505.183 48.189
505.459 48.561
505.735 48.924
506.011 49.270
506.288 49.617
506.564 49.973
506.840 50.324
507.117 50.679
507.393 51.020
507.669 51.344
507.945 51.657
508.222 51.965
508.498 52.285
508.774 52.602
509.050 52.908
509.327 53.192
509.603 53.471
509.879 53.757
510.155 54.022
510.432 54.283
510.708 54.538
510.984 54.780
511.261 55.037
511.537 55.286
511.813 55.531
512.089 55.771
512.366 56.015
512.642 56.238
512.918 56.448
513.194 56.656
513.471 56.859
513.747 57.069
514.023 57.273
514.299 57.474
514.576 57.659
514.852 57.826
515.128 58.002
515.405 58.176
515.681 58.342
515.957 58.511
516.233 58.673
516.510 58.837
516.786 58.999
517.062 59.146
517.338 59.276
517.615 59.401
517.891 59.528
518.167 59.646
518.443 59.766
518.720 59.874
518.996 59.969
519.272 60.075
519.548 60.193
519.825 60.298
520.101 60.411
520.377 60.531
520.654 60.638
520.930 60.726
521.206 60.823
521.482 60.918
521.759 61.002
522.035 61.081
522.311 61.161
522.587 61.243
522.864 61.321
523.140 61.392
523.416 61.453
523.692 61.514
523.969 61.558
524.245 61.610
524.521 61.673
524.798 61.726
525.074 61.784
525.350 61.832
525.626 61.886
525.903 61.940
526.179 61.990
526.455 62.041
526.731 62.099
527.008 62.183
527.284 62.251
527.560 62.301
527.836 62.352
528.113 62.409
528.389 62.482
528.665 62.535
528.942 62.586
529.218 62.638
529.494 62.707
529.770 62.771
530.047 62.818
530.323 62.875
530.599 62.931
530.875 62.989
531.152 63.054
531.428 63.123
531.704 63.194
531.980 63.245
532.257 63.301
532.533 63.373
532.809 63.436
533.086 63.495
533.362 63.560
533.638 63.626
533.914 63.701
534.191 63.769
534.467 63.840
534.743 63.922
535.019 64.002
535.296 64.078
535.572 64.159
535.848 64.235
536.124 64.306
536.401 64.389
536.677 64.484
536.953 64.571
537.230 64.639
537.506 64.719
537.782 64.816
538.058 64.903
538.335 64.984
538.611 65.063
538.887 65.153
539.163 65.237
539.440 65.331
539.716 65.425
539.992 65.529
540.268 65.641
540.545 65.751
540.821 65.869
541.097 65.979
541.373 66.092
541.650 66.217
541.926 66.327
542.202 66.443
542.479 66.548
542.755 66.645
543.031 66.758
543.307 66.884
543.584 66.995
543.860 67.079
544.136 67.178
544.412 67.282
544.689 67.380
544.965 67.478
545.241 67.578
545.517 67.695
545.794 67.811
546.070 67.922
546.356 68.029
546.642 68.140
546.928 68.274
547.214 68.400
547.500 68.509
547.786 68.617
548.072 68.719
548.358 68.826
548.644 68.938
548.930 69.059
549.216 69.170
549.502 69.280
549.788 69.410
550.074 69.542
550.360 69.656
550.646 69.762
550.932 69.856
551.218 69.962
551.504 70.070
551.790 70.178
552.076 70.278
552.362 70.381
552.648 70.478
552.934 70.587
553.220 70.695
553.506 70.793
553.793 70.883
554.079 70.965
554.365 71.053
554.651 71.154
554.937 71.252
555.223 71.350
555.509 71.454
555.795 71.553
556.081 71.639
556.367 71.723
556.653 71.802
556.939 71.885
557.225 71.962
557.511 72.032
557.797 72.106
558.083 72.181
558.369 72.259
558.655 72.321
558.941 72.378
559.227 72.441
559.513 72.506
559.799 72.572
560.085 72.636
560.371 72.695
560.657 72.746
560.943 72.797
561.229 72.859
561.515 72.924
561.801 72.990
562.087 73.058
562.373 73.124
562.659 73.179
562.945 73.223
563.231 73.274
563.517 73.316
563.803 73.352
564.089 73.388
564.375 73.411
564.661 73.448
564.947 73.492
565.233 73.525
565.519 73.568
565.805 73.607
566.091 73.630
566.377 73.658
566.663 73.690
566.949 73.703
567.235 73.719
567.521 73.742
567.807 73.753
568.093 73.773
568.379 73.801
568.665 73.818
568.951 73.836
569.237 73.846
569.524 73.857
569.810 73.861
570.096 73.872
570.382 73.884
570.668 73.899
570.954 73.909
571.240 73.927
571.526 73.942
571.812 73.968
572.098 73.978
572.384 73.976
572.670 73.969
572.956 73.957
573.242 73.953
573.528 73.963
573.814 73.978
574.100 73.995
574.386 74.005
574.672 74.017
574.958 74.037
575.244 74.042
575.530 74.051
575.816 74.066
576.102 74.086
576.388 74.106
576.674 74.123
576.960 74.134
577.248 74.150
577.536 74.165
577.824 74.173
578.113 74.186
578.401 74.212
578.689 74.229
578.977 74.240
579.265 74.260
579.553 74.280
579.841 74.296
580.130 74.307
580.418 74.323
580.706 74.333
580.994 74.351
581.282 74.374
581.570 74.396
581.858 74.410
582.147 74.414
582.435 74.420
582.723 74.437
583.011 74.447
583.299 74.457
583.587 74.471
583.875 74.485
584.164 74.506
584.452 74.537
584.740 74.546
585.028 74.548
585.316 74.566
585.604 74.577
585.892 74.604
586.181 74.637
586.469 74.662
586.757 74.679
587.045 74.699
587.333 74.725
587.621 74.747
587.909 74.765
588.198 74.784
588.486 74.806
588.774 74.817
589.062 74.837
589.350 74.855
589.638 74.864
589.927 74.880
590.215 74.903
590.503 74.932
590.791 74.955
591.079 74.969
591.367 74.990
591.655 74.996
591.944 75.009
592.232 75.011
592.520 75.014
592.808 75.036
593.096 75.043
593.384 75.039
593.672 75.039
593.961 75.048
594.249 75.068
594.537 75.095
594.825 75.112
595.113 75.129
595.401 75.141
595.689 75.148
595.978 75.143
596.266 75.153
596.554 75.157
596.842 75.160
597.130 75.166
597.418 75.177
597.706 75.197
597.995 75.205
598.283 75.210
598.571 75.217
598.859 75.223
599.147 75.226
599.435 75.242
599.723 75.244
600.012 75.248
600.300 75.252
600.588 75.258
600.876 75.281
601.164 75.301
601.452 75.327
601.740 75.339
602.029 75.336
602.317 75.336
602.605 75.350
602.893 75.366
603.181 75.380
603.469 75.375
603.757 75.371
604.046 75.361
604.334 75.359
604.622 75.355
604.910 75.367
605.198 75.386
605.486 75.406
605.774 75.422
606.063 75.422
606.351 75.422
606.639 75.421
606.927 75.416
607.215 75.424
607.503 75.440
607.791 75.451
608.080 75.450
608.368 75.454
608.656 75.466
608.944 75.468
609.232 75.492
609.520 75.516
609.808 75.536
610.097 75.551
610.385 75.570
610.673 75.580
610.961 75.595
611.249 75.619
611.537 75.629
611.825 75.638
612.114 75.634
612.402 75.635
612.690 75.648
612.978 75.669
613.266 75.689
613.554 75.713
613.843 75.723
614.131 75.741
614.419 75.746
614.707 75.744
614.995 75.742
615.283 75.737
615.571 75.749
615.860 75.769
616.148 75.777
616.436 75.793
616.724 75.807
617.012 75.806
617.300 75.806
617.588 75.813
617.877 75.829
618.165 75.835
618.453 75.835
618.741 75.841
619.029 75.828
619.317 75.815
619.605 75.824
619.894 75.840
620.182 75.854
620.470 75.876
620.758 75.894
621.046 75.923
621.334 75.954
621.622 75.988
621.911 76.015
622.199 76.040
622.487 76.044
622.775 76.039
623.063 76.034
623.351 76.032
623.639 76.028
623.928 76.035
624.216 76.035
624.504 76.056
624.792 76.083
625.080 76.096
625.368 76.119
625.656 76.145
625.945 76.164
626.233 76.171
626.521 76.187
626.809 76.192
627.097 76.191
627.385 76.207
627.673 76.223
627.962 76.217
628.250 76.212
628.538 76.207
628.826 76.188
629.114 76.174
629.402 76.165
629.690 76.181
629.979 76.189
630.267 76.199
630.555 76.212
630.843 76.215
631.131 76.215
631.419 76.225
631.707 76.220
631.996 76.219
632.284 76.224
632.572 76.231
632.860 76.233
633.148 76.237
633.436 76.240
633.724 76.244
634.013 76.236
634.301 76.245
634.589 76.265
634.877 76.278
635.165 76.281
635.453 76.282
635.741 76.292
636.030 76.292
636.318 76.305
636.606 76.316
636.894 76.337
637.182 76.353
637.470 76.353
637.759 76.345
638.047 76.332
638.335 76.330
638.623 76.319
638.911 76.312
639.199 76.306
639.487 76.297
639.776 76.296
640.064 76.300
640.352 76.318
640.640 76.326
640.928 76.335
641.216 76.357
641.504 76.365
641.793 76.368
642.081 76.352
642.369 76.333
642.657 76.333
642.945 76.320
643.233 76.312
643.521 76.328
643.810 76.336
644.098 76.327
644.386 76.317
644.674 76.316
644.962 76.310
645.250 76.290
645.538 76.276
645.827 76.258
646.115 76.232
646.403 76.210
646.691 76.194
646.979 76.168
647.267 76.125
647.555 76.084
647.844 76.049
648.132 76.010
648.420 75.967
648.708 75.929
648.996 75.907
649.284 75.893
649.572 75.875
649.861 75.857
650.149 75.853
650.437 75.839
650.725 75.819
651.013 75.802
651.301 75.804
651.589 75.815
651.878 75.809
652.166 75.808
652.454 75.822
652.742 75.835
653.030 75.844
653.318 75.847
653.606 75.854
653.895 75.844
654.183 75.840
654.471 75.837
654.759 75.832
655.047 75.839
655.335 75.864
655.623 75.883
655.912 75.880
656.200 75.872
656.488 75.867
656.776 75.866
657.064 75.875
657.352 75.874
657.640 75.877
657.929 75.873
658.217 75.874
658.505 75.878
658.793 75.891
659.081 75.896
659.369 75.916
659.657 75.935
659.946 75.953
660.234 75.961
660.522 75.957
660.810 75.978
661.098 75.990
661.386 75.999
661.675 76.006
661.963 76.007
662.251 76.014
662.539 76.032
662.827 76.049
663.115 76.073
663.403 76.118
663.692 76.173
663.980 76.234
664.268 76.283
664.556 76.316
664.844 76.344
665.132 76.375
665.420 76.407
665.709 76.433
665.997 76.470
666.285 76.511
666.573 76.541
666.861 76.555
667.149 76.589
667.437 76.626
667.726 76.647
668.014 76.672
668.302 76.705
668.590 76.741
668.878 76.734
669.166 76.727
669.454 76.734
669.743 76.733
670.031 76.743
670.319 76.756
670.607 76.756
670.895 76.756
671.183 76.742
671.471 76.752
671.760 76.762
672.048 76.776
672.336 76.801
672.624 76.805
672.912 76.795
673.200 76.784
673.488 76.788
673.777 76.803
674.065 76.805
674.353 76.803
674.641 76.811
674.929 76.820
675.217 76.818
675.505 76.820
675.794 76.820
676.082 76.808
676.370 76.792
676.658 76.789
676.946 76.790
677.234 76.795
677.522 76.796
677.811 76.797
678.099 76.817
678.387 76.796
678.675 76.772
678.963 76.772
679.251 76.784
679.539 76.790
679.828 76.786
680.116 76.794
680.404 76.806
680.692 76.825
680.980 76.833
681.268 76.829
681.556 76.821
681.845 76.819
682.133 76.836
682.421 76.853
682.709 76.862
682.997 76.857
683.285 76.862
683.573 76.885
683.862 76.902
684.150 76.900
684.438 76.921
684.726 76.925
685.014 76.916
685.302 76.911
685.591 76.915
685.879 76.913
686.167 76.908
686.455 76.932
686.743 76.946
687.031 76.953
687.319 76.962
687.608 76.975
687.896 76.985
688.184 77.010
688.472 77.031
688.760 77.058
689.048 77.057
689.336 77.054
689.625 77.047
689.913 77.034
690.201 77.041
690.489 77.055
690.777 77.081
691.065 77.106
691.353 77.130
691.642 77.158
691.930 77.175
692.218 77.175
692.506 77.178
692.794 77.193
693.082 77.195
693.370 77.215
693.659 77.227
693.947 77.244
694.235 77.259
694.523 77.262
694.811 77.259
695.099 77.257
695.387 77.268
695.676 77.275
695.964 77.301
696.252 77.302
696.540 77.296
696.836 77.300
697.133 77.308
697.429 77.312
697.725 77.299
698.021 77.302
698.318 77.293
698.614 77.290
698.910 77.299
699.207 77.307
699.503 77.341
699.799 77.349
700.095 77.353
700.392 77.366
700.688 77.389
700.984 77.411
701.281 77.423
701.577 77.442
701.873 77.458
702.169 77.479
702.466 77.512
702.762 77.537
703.058 77.534
703.355 77.524
703.651 77.527
703.947 77.528
704.243 77.526
704.540 77.526
704.836 77.539
705.132 77.558
705.428 77.542
705.725 77.527
706.021 77.505
706.317 77.496
706.614 77.506
706.910 77.534
707.206 77.547
707.502 77.571
707.799 77.596
708.095 77.606
708.391 77.616
708.688 77.603
708.984 77.592
709.280 77.562
709.576 77.533
709.873 77.530
710.169 77.557
710.465 77.589
710.762 77.595
711.058 77.594
711.354 77.580
711.650 77.595
711.947 77.602
712.243 77.619
712.539 77.650
712.836 77.672
713.132 77.679
713.428 77.686
713.724 77.690
714.021 77.702
714.317 77.734
714.613 77.750
714.910 77.745
715.206 77.754
715.502 77.766
715.798 77.767
716.095 77.765
716.391 77.781
716.687 77.779
716.984 77.775
717.280 77.775
717.576 77.767
717.872 77.777
718.169 77.777
718.465 77.766
718.761 77.755
719.058 77.749
719.354 77.748
719.650 77.729
719.946 77.722
720.243 77.722
720.539 77.719
720.835 77.725
721.131 77.756
721.428 77.783
721.724 77.783
722.020 77.793
722.317 77.795
722.613 77.800
722.909 77.807
723.205 77.799
723.502 77.816
723.798 77.829
724.094 77.839
724.391 77.839
724.687 77.846
724.983 77.841
725.279 77.844
725.576 77.834
725.872 77.831
726.168 77.841
726.465 77.851
726.761 77.870
727.057 77.882
727.353 77.911
727.650 77.943
727.946 77.943
728.242 77.919
728.539 77.908
728.835 77.917
729.131 77.946
729.427 77.952
729.724 77.941
730.020 77.930
730.316 77.914
730.613 77.894
730.909 77.892
731.205 77.902
731.501 77.887
731.798 77.874
732.094 77.847
732.390 77.835
732.687 77.846
732.983 77.846
733.279 77.852
733.575 77.871
733.872 77.893
734.168 77.882
734.464 77.862
734.761 77.881
735.057 77.891
735.353 77.904
735.649 77.913
735.946 77.925
736.242 77.954
736.538 77.968
736.835 77.988
737.131 77.992
737.427 78.000
737.723 78.009
738.020 78.012
738.316 78.001
738.612 77.999
738.909 77.999
739.205 77.999
739.501 78.023
739.797 78.066
740.094 78.065
740.390 78.062
740.686 78.079
740.982 78.086
741.279 78.107
741.575 78.105
741.871 78.101
742.168 78.111
742.464 78.121
742.760 78.116
743.056 78.116
743.353 78.095
743.649 78.087
743.945 78.083
744.242 78.069
744.538 78.056
744.834 78.041
745.130 78.029
745.427 78.018
745.723 78.003
746.019 78.004
746.316 78.003
746.612 77.989
746.908 77.974
747.204 77.960
747.501 77.980
747.797 78.009
748.093 78.031
748.390 78.040
748.686 78.049
748.982 78.059
749.278 78.056
749.575 78.057
749.871 78.044
750.167 78.043
750.464 78.048
750.760 78.050
751.056 78.061
751.352 78.049
751.649 78.036
751.945 78.029
752.241 78.050
752.538 78.073
752.834 78.054
753.130 78.054
753.426 78.062
753.723 78.043
754.019 78.030
754.315 78.031
754.611 78.044
754.908 78.051
755.204 78.080
755.500 78.065
755.797 78.037
756.093 78.042
756.389 78.054
756.685 78.039
756.982 78.034
757.278 78.036
757.574 78.021
757.871 77.974
758.167 77.965
758.463 77.967
758.759 77.963
759.056 77.942
759.352 77.914
759.648 77.914
759.945 77.916
760.241 77.920
760.537 77.931
760.833 77.928
761.130 77.930
761.426 77.964
761.722 77.988
762.019 77.970
762.315 77.954
762.611 77.961
762.907 77.966
763.204 77.947
763.500 77.945
763.804 77.945
764.108 77.943
764.412 77.962
764.716 77.966
765.020 77.962
765.324 77.973
765.628 77.961
765.932 77.946
766.236 77.936
766.540 77.926
766.844 77.914
767.148 77.919
767.452 77.930
767.756 77.945
768.060 77.968
768.364 77.999
768.668 78.015
768.972 77.999
769.276 77.973
769.580 77.970
769.884 77.970
770.188 77.967
770.492 77.944
770.796 77.923
771.100 77.945
771.404 77.945
771.708 77.908
772.012 77.905
772.316 77.910
772.620 77.886
772.924 77.866
773.228 77.845
773.532 77.816
773.836 77.815
774.140 77.838
774.444 77.836
774.748 77.822
775.052 77.818
775.356 77.798
775.659 77.779
775.963 77.758
776.267 77.760
776.571 77.759
776.875 77.748
777.179 77.772
777.483 77.807
777.787 77.848
778.091 77.846
778.395 77.823
778.699 77.822
779.003 77.827
779.307 77.823
779.611 77.811
779.915 77.790
780.219 77.785
780.523 77.792
780.827 77.814
781.131 77.807
781.435 77.799
781.739 77.835
782.043 77.840
782.347 77.839
782.651 77.840
782.955 77.828
783.259 77.832
783.563 77.850
783.867 77.843
784.171 77.838
784.475 77.844
784.779 77.845
785.083 77.839
785.387 77.824
785.691 77.790
785.995 77.769
786.299 77.782
786.603 77.801
786.907 77.779
787.211 77.749
787.515 77.744
787.819 77.780
788.123 77.812
788.427 77.820
788.731 77.810
789.035 77.820
789.339 77.843
789.643 77.868
789.947 77.875
790.251 77.893
790.555 77.870
790.859 77.853
791.163 77.863
791.467 77.878
791.771 77.905
792.075 77.916
792.379 77.917
792.683 77.911
792.987 77.904
793.291 77.922
793.595 77.941
793.899 77.962
794.203 77.976
794.507 77.976
794.811 77.993
795.115 78.018
795.419 78.025
795.723 77.989
796.027 77.967
796.331 77.929
796.635 77.911
796.939 77.929
797.243 77.934
797.547 77.932
797.851 77.927
798.155 77.924
798.459 77.913
798.763 77.882
799.067 77.875
799.371 77.884
799.674 77.888
799.978 77.883
800.282 77.879
800.586 77.869
800.890 77.871
801.194 77.873
801.498 77.861
801.802 77.853
802.106 77.837
802.410 77.837
802.714 77.848
803.018 77.824
803.322 77.798
803.626 77.818
803.930 77.854
804.234 77.857
804.538 77.848
804.842 77.830
805.146 77.812
805.450 77.836
805.754 77.845
806.058 77.856
806.362 77.863
806.666 77.834
806.970 77.790
807.274 77.779
807.578 77.791
807.882 77.797
808.186 77.777
808.490 77.756
808.794 77.754
809.098 77.766
809.402 77.768
809.706 77.759
810.010 77.726
810.314 77.680
810.618 77.675
810.922 77.676
811.226 77.658
811.530 77.664
811.834 77.649
812.137 77.628
812.441 77.630
812.744 77.660
813.048 77.689
813.351 77.682
813.655 77.655
813.958 77.637
814.262 77.642
814.565 77.643
814.869 77.654
815.172 77.695
815.476 77.687
815.779 77.648
816.083 77.634
816.386 77.647
816.690 77.664
816.993 77.696
817.297 77.732
817.600 77.761
817.904 77.755
818.208 77.755
818.511 77.759
818.815 77.718
819.118 77.724
819.422 77.733
819.725 77.763
820.029 77.796
820.332 77.811
820.636 77.796
820.939 77.766
821.243 77.765
821.546 77.806
821.850 77.851
822.153 77.822
822.457 77.770
822.760 77.772
823.064 77.790
823.367 77.763
823.671 77.743
823.974 77.699
824.278 77.672
824.582 77.645
824.885 77.638
825.189 77.676
825.492 77.719
825.796 77.743
826.099 77.760
826.403 77.768
826.706 77.767
827.010 77.788
827.313 77.806
827.617 77.805
827.920 77.774
828.224 77.773
828.527 77.788
828.831 77.812
829.134 77.822
829.438 77.829
829.741 77.844
830.045 77.832
830.348 77.820
830.652 77.813
830.956 77.799
831.259 77.740
831.563 77.703
831.866 77.693
832.170 77.716
832.473 77.739
832.777 77.743
833.080 77.727
833.384 77.714
833.687 77.669
833.991 77.659
834.294 77.651
834.598 77.617
834.901 77.603
835.205 77.587
835.508 77.578
835.812 77.588
836.115 77.580
836.419 77.567
836.722 77.544
837.026 77.552
837.330 77.589
837.633 77.591
837.937 77.566
838.240 77.531
838.544 77.499
838.847 77.477
839.151 77.470
839.454 77.475
839.758 77.434
840.061 77.405
840.365 77.356
840.668 77.354
840.972 77.388
841.275 77.382
841.579 77.369
841.882 77.365
842.186 77.337
842.489 77.335
842.793 77.354
843.097 77.376
843.400 77.324
843.704 77.267
844.007 77.246
844.311 77.223
844.614 77.161
844.918 77.102
845.221 77.075
845.525 77.054
845.828 76.998
846.132 76.998
846.435 77.068
846.739 77.072
847.042 77.059
847.346 77.024
847.649 76.944
847.953 76.917
848.256 76.935
848.560 76.947
848.863 76.921
849.167 76.936
849.471 76.942
849.774 76.953
850.078 76.953
850.381 76.954
850.685 76.932
850.988 76.903
851.292 76.843
851.595 76.781
851.899 76.708
852.202 76.692
852.506 76.701
852.809 76.714
853.113 76.727
853.416 76.681
853.720 76.654
854.023 76.619
854.327 76.540
854.630 76.479
854.934 76.469
855.237 76.464
855.541 76.429
855.845 76.412
856.148 76.365
856.452 76.322
856.755 76.298
857.059 76.298
857.362 76.275
857.666 76.287
857.969 76.293
858.273 76.295
858.576 76.272
858.880 76.259
859.183 76.244
859.487 76.221
859.790 76.250
860.094 76.220
860.397 76.202
860.701 76.223
861.004 76.231
861.308 76.199
861.611 76.173
861.915 76.179
862.219 76.143
862.522 76.127
862.826 76.114
863.129 76.126
863.433 76.136
863.736 76.108
864.040 76.090
864.343 76.087
864.647 76.037
864.950 75.989
865.254 75.995
865.557 75.987
865.861 75.995
866.164 76.021
866.468 76.000
866.771 75.949
867.075 75.912
867.378 75.903
867.682 75.843
867.985 75.805
868.289 75.792
868.593 75.798
868.896 75.772
869.200 75.754
869.503 75.772
869.807 75.803
870.110 75.846
870.414 75.934
870.717 75.965
871.021 75.932
871.324 75.938
871.628 75.917
871.931 75.940
872.235 75.938
872.538 75.929
872.842 75.948
873.145 75.964
873.449 75.926
873.752 75.899
874.056 75.903
874.359 75.903
874.663 75.933
874.967 75.995
875.270 75.984
875.574 75.956
875.877 75.939
876.181 75.906
876.484 75.876
876.788 75.873
877.091 75.860
877.395 75.891
877.698 75.920
878.002 75.901
878.305 75.811
878.609 75.797
878.912 75.810
879.216 75.816
879.519 75.818
879.823 75.816
880.126 75.793
880.430 75.815
880.733 75.862
881.037 75.858
881.341 75.820
881.644 75.775
881.948 75.744
882.251 75.717
882.555 75.675
882.858 75.692
883.162 75.745
883.465 75.751
883.769 75.722
884.072 75.712
884.376 75.694
884.679 75.684
884.983 75.685
885.286 75.680
885.590 75.640
885.893 75.631
886.197 75.637
886.500 75.628
886.804 75.583
887.107 75.563
887.411 75.569
887.715 75.546
888.018 75.478
888.322 75.424
888.625 75.358
888.929 75.255
889.232 75.185
889.536 75.171
889.839 75.099
890.143 75.042
890.446 75.010
890.750 74.998
891.053 74.994
891.357 74.973
891.660 74.966
891.964 74.982
892.267 74.979
892.571 74.950
892.874 74.885
893.178 74.823
893.482 74.760
893.785 74.737
894.089 74.706
894.392 74.709
894.696 74.705
894.999 74.700
895.303 74.691
895.606 74.681
895.910 74.655
896.213 74.609
896.517 74.586
896.820 74.600
897.124 74.606
897.427 74.582
897.731 74.562
898.034 74.547
898.338 74.550
898.641 74.509
898.945 74.453
899.248 74.439
899.552 74.444
899.856 74.454
900.159 74.492
900.463 74.531
900.766 74.526
901.070 74.490
901.373 74.400
901.677 74.337
901.980 74.257
902.284 74.199
902.587 74.196
902.891 74.163
903.194 74.143
903.498 74.128
903.801 74.107
904.105 74.092
904.408 74.035
904.712 74.001
905.015 73.964
905.319 73.942
905.622 73.918
905.926 73.865
906.230 73.801
906.533 73.761
906.837 73.753
907.140 73.787
907.444 73.815
907.747 73.788
908.051 73.787
908.354 73.794
908.658 73.815
908.961 73.826
909.265 73.805
909.568 73.790
909.872 73.806
910.175 73.770
910.479 73.727
910.782 73.688
911.086 73.667
911.389 73.658
911.693 73.676
911.996 73.647
912.300 73.632
912.613 73.634
912.926 73.612
913.238 73.585
913.551 73.586
913.864 73.572
914.176 73.543
914.489 73.452
914.802 73.351
915.115 73.290
915.427 73.227
915.740 73.180
916.053 73.113
916.366 73.052
916.678 73.000
916.991 72.940
917.304 72.910
917.617 72.874
917.929 72.816
918.242 72.751
918.555 72.728
918.868 72.671
919.180 72.580
919.493 72.555
919.806 72.567
920.119 72.582
920.431 72.582
920.744 72.601
921.057 72.601
921.370 72.597
921.682 72.605
921.995 72.583
922.308 72.553
922.621 72.530
922.933 72.541
923.246 72.588
923.559 72.602
923.872 72.561
924.184 72.560
924.497 72.541
924.810 72.538
925.123 72.543
925.435 72.530
925.748 72.489
926.061 72.461
926.374 72.426
926.686 72.428
926.999 72.379
927.312 72.352
927.625 72.298
927.937 72.191
928.250 72.137
928.563 72.026
928.876 71.945
929.188 71.949
929.501 71.964
929.814 72.013
930.127 71.982
930.439 71.933
930.752 71.850
931.065 71.777
931.378 71.689
931.690 71.658
932.003 71.594
932.316 71.494
932.629 71.382
932.941 71.337
933.254 71.295
933.567 71.205
933.880 71.195
934.192 71.193
934.505 71.156
934.818 71.094
935.131 71.058
935.443 70.986
935.756 70.976
936.069 71.013
936.382 70.977
936.694 70.953
937.007 70.929
937.320 70.828
937.633 70.702
937.945 70.614
938.258 70.544
938.571 70.484
938.884 70.451
939.196 70.415
939.509 70.330
939.822 70.183
940.135 70.077
940.447 69.980
940.760 69.884
941.073 69.782
941.386 69.693
941.698 69.619
942.011 69.535
942.324 69.440
942.637 69.253
942.949 69.170
943.262 69.089
943.575 68.970
943.888 68.897
944.200 68.852
944.513 68.856
944.826 68.840
945.139 68.746
945.451 68.643
945.764 68.573
946.077 68.489
946.390 68.373
946.702 68.342
947.015 68.367
947.328 68.372
947.641 68.423
947.953 68.374
948.266 68.262
948.579 68.150
948.892 67.975
949.204 67.913
949.517 67.934
949.830 67.917
950.143 67.874
950.455 67.821
950.768 67.718
951.081 67.657
951.394 67.650
951.706 67.691
952.019 67.697
952.332 67.650
952.645 67.642
952.957 67.584
953.270 67.547
953.583 67.573
953.896 67.580
954.208 67.539
954.521 67.548
954.834 67.510
955.147 67.396
955.459 67.337
955.772 67.254
956.085 67.247
956.398 67.285
956.710 67.333
957.023 67.351
957.336 67.329
957.649 67.261
957.961 67.190
958.274 67.134
958.587 67.026
958.900 67.029
959.212 67.010
959.525 66.958
959.838 67.001
960.151 67.033
960.463 66.988
960.776 66.931
961.089 66.896
961.402 66.845
961.714 66.874
962.027 66.846
962.340 66.834
962.653 66.860
962.965 66.848
963.278 66.815
963.591 66.746
963.904 66.703
964.216 66.642
964.529 66.620
964.842 66.571
965.154 66.570
965.467 66.623
965.780 66.627
966.094 66.569
966.409 66.537
966.723 66.534
967.037 66.543
967.352 66.542
967.666 66.521
967.980 66.568
968.295 66.535
968.609 66.413
968.923 66.397
969.238 66.395
969.552 66.417
969.866 66.489
970.181 66.526
970.495 66.570
970.809 66.533
971.124 66.499
971.438 66.478
971.752 66.583
972.067 66.641
972.381 66.596
972.695 66.545
973.010 66.579
973.324 66.678
973.638 66.724
973.953 66.749
974.267 66.808
974.581 66.883
974.896 66.936
975.210 66.857
975.524 66.902
975.839 66.931
976.153 66.997
976.467 67.061
976.781 67.129
977.096 67.147
977.410 67.158
977.724 67.301
978.039 67.352
978.353 67.464
978.667 67.574
978.982 67.591
979.296 67.612
979.610 67.692
979.925 67.687
980.239 67.731
980.553 67.784
980.868 67.879
981.182 67.994
981.496 68.034
981.811 68.033
982.125 68.099
982.439 68.160
982.754 68.212
983.068 68.255
983.382 68.322
983.697 68.414
984.011 68.488
984.325 68.521
984.640 68.606
984.954 68.675
985.268 68.740
985.583 68.781
985.897 68.800
986.211 68.832
986.526 68.886
986.840 68.958
987.154 69.007
987.469 69.133
987.783 69.296
988.097 69.432
988.412 69.562
988.726 69.573
989.040 69.468
989.355 69.542
989.669 69.579
989.983 69.573
990.298 69.584
990.612 69.663
990.926 69.669
991.241 69.732
991.555 69.852
991.869 69.811
992.184 69.728
992.498 69.712
992.812 69.735
993.127 69.744
993.441 69.781
993.755 69.849
994.070 69.888
994.384 69.996
994.698 69.971
995.013 69.959
995.327 69.994
995.641 70.138
995.956 70.154
996.270 70.169
996.584 70.290
996.899 70.346
997.213 70.427
997.527 70.435
997.841 70.404
998.156 70.448
998.470 70.485
998.784 70.476
999.099 70.653
999.413 70.742
999.727 70.814
