200.182 78.963
200.437 78.288
200.691 77.641
200.946 77.073
201.201 76.192
201.455 75.422
201.710 74.607
201.964 73.793
202.219 73.045
202.474 72.181
202.728 71.425
202.983 70.815
203.237 70.206
203.492 69.386
203.747 68.443
204.001 67.673
204.256 66.784
204.510 65.707
204.765 64.928
205.020 64.363
205.274 63.487
205.529 62.450
205.783 61.459
206.038 60.453
206.293 59.325
206.547 58.410
206.802 57.420
207.057 56.554
207.311 55.649
207.566 54.709
207.820 53.676
208.075 52.759
208.330 51.821
208.584 50.929
208.839 50.193
209.093 49.442
209.348 48.480
209.603 47.580
209.857 46.655
210.112 45.850
210.366 45.161
210.621 44.379
210.876 43.517
211.130 42.824
211.385 42.124
211.639 41.339
211.894 40.402
212.149 39.600
212.403 38.934
212.658 38.240
212.913 37.517
213.167 36.754
213.422 36.190
213.676 35.549
213.931 34.844
214.186 34.054
214.440 33.311
214.695 32.667
214.949 32.105
215.204 31.548
215.459 30.973
215.713 30.393
215.968 29.824
216.222 29.251
216.477 28.620
216.732 28.176
216.986 27.656
217.241 27.068
217.495 26.533
217.750 26.087
218.005 25.728
218.259 25.304
218.514 24.783
218.769 24.189
219.023 23.693
219.278 23.317
219.532 22.839
219.787 22.405
220.042 22.041
220.296 21.664
220.551 21.201
220.805 20.827
221.060 20.456
221.315 20.080
221.569 19.697
221.824 19.359
222.078 19.086
222.333 18.771
222.588 18.434
222.842 18.033
223.097 17.673
223.351 17.362
223.606 16.956
223.861 16.474
224.115 16.068
224.370 15.699
224.625 15.313
224.879 15.003
225.134 14.623
225.388 14.281
225.643 13.962
225.898 13.693
226.152 13.405
226.407 13.109
226.661 12.784
226.916 12.502
227.171 12.197
227.425 11.903
227.680 11.650
227.934 11.404
228.189 11.116
228.444 10.867
228.698 10.613
228.953 10.354
229.208 10.131
229.462 9.892
229.717 9.681
229.971 9.461
230.226 9.271
230.481 9.055
230.735 8.848
230.990 8.651
231.244 8.459
231.499 8.279
231.754 8.110
232.008 7.965
232.263 7.863
232.517 7.730
232.772 7.596
233.027 7.441
233.281 7.267
233.536 7.099
233.790 6.928
234.045 6.792
234.300 6.672
234.554 6.556
234.809 6.435
235.064 6.350
235.318 6.279
235.573 6.185
235.827 6.083
236.082 5.991
236.337 5.925
236.591 5.853
236.846 5.772
237.100 5.694
237.355 5.648
237.610 5.594
237.864 5.515
238.119 5.458
238.373 5.394
238.628 5.331
238.883 5.275
239.137 5.217
239.392 5.164
239.646 5.130
239.901 5.095
240.156 5.049
240.410 5.023
240.665 4.995
240.920 4.958
241.174 4.930
241.429 4.898
241.683 4.864
241.938 4.838
242.193 4.818
242.447 4.795
242.702 4.771
242.956 4.752
243.211 4.735
243.466 4.716
243.720 4.706
243.975 4.698
244.229 4.679
244.484 4.648
244.739 4.630
244.993 4.623
245.248 4.610
245.503 4.604
245.757 4.602
246.012 4.598
246.266 4.593
246.521 4.588
246.776 4.582
247.030 4.571
247.285 4.556
247.539 4.544
247.794 4.535
248.049 4.525
248.303 4.514
248.558 4.518
248.812 4.511
249.067 4.493
249.322 4.490
249.576 4.486
249.831 4.483
250.085 4.474
250.340 4.470
250.595 4.471
250.849 4.473
251.104 4.472
251.359 4.472
251.613 4.469
251.868 4.467
252.122 4.464
252.377 4.460
252.632 4.461
252.886 4.450
253.141 4.435
253.395 4.435
253.650 4.440
253.905 4.434
254.161 4.430
254.416 4.427
254.672 4.432
254.927 4.445
255.183 4.444
255.438 4.438
255.694 4.449
255.949 4.460
256.205 4.459
256.460 4.454
256.715 4.445
256.971 4.445
257.226 4.450
257.482 4.450
257.737 4.444
257.993 4.437
258.248 4.439
258.504 4.436
258.759 4.427
259.014 4.424
259.270 4.419
259.525 4.404
259.781 4.403
260.036 4.421
260.292 4.431
260.547 4.427
260.803 4.428
261.058 4.431
261.314 4.433
261.569 4.434
261.824 4.432
262.080 4.431
262.335 4.432
262.591 4.440
262.846 4.443
263.102 4.434
263.357 4.423
263.613 4.424
263.868 4.425
264.123 4.419
264.379 4.410
264.634 4.406
264.890 4.401
265.145 4.411
265.401 4.412
265.656 4.412
265.912 4.408
266.167 4.397
266.423 4.385
266.678 4.381
266.933 4.378
267.189 4.369
267.444 4.355
267.700 4.349
267.955 4.342
268.211 4.332
268.466 4.332
268.722 4.330
268.977 4.329
269.232 4.327
269.488 4.321
269.743 4.311
269.999 4.309
270.254 4.307
270.510 4.294
270.765 4.287
271.021 4.287
271.276 4.287
271.532 4.285
271.787 4.282
272.042 4.280
272.298 4.280
272.553 4.274
272.809 4.269
273.064 4.269
273.320 4.276
273.575 4.282
273.831 4.277
274.086 4.273
274.342 4.268
274.597 4.262
274.852 4.260
275.108 4.265
275.363 4.262
275.619 4.249
275.874 4.237
276.130 4.230
276.385 4.227
276.641 4.228
276.896 4.223
277.151 4.225
277.407 4.227
277.662 4.222
277.918 4.216
278.173 4.210
278.429 4.207
278.684 4.214
278.940 4.226
279.195 4.230
279.451 4.234
279.706 4.233
279.961 4.238
280.217 4.240
280.472 4.240
280.728 4.235
280.983 4.235
281.239 4.238
281.494 4.242
281.750 4.252
282.005 4.260
282.260 4.265
282.516 4.260
282.771 4.259
283.027 4.265
283.282 4.269
283.538 4.268
283.793 4.269
284.049 4.272
284.304 4.271
284.560 4.268
284.815 4.265
285.070 4.264
285.326 4.274
285.581 4.281
285.837 4.278
286.092 4.278
286.348 4.281
286.603 4.287
286.859 4.285
287.114 4.284
287.369 4.284
287.625 4.288
287.880 4.292
288.136 4.301
288.391 4.306
288.647 4.308
288.902 4.304
289.158 4.301
289.413 4.306
289.669 4.314
289.924 4.322
290.179 4.333
290.435 4.338
290.690 4.338
290.946 4.340
291.201 4.347
291.457 4.349
291.712 4.354
291.968 4.359
292.223 4.354
292.479 4.353
292.734 4.344
292.989 4.344
293.245 4.348
293.500 4.350
293.756 4.354
294.011 4.364
294.267 4.363
294.522 4.353
294.778 4.352
295.033 4.355
295.288 4.354
295.544 4.349
295.799 4.347
296.055 4.345
296.310 4.346
296.566 4.348
296.821 4.352
297.077 4.349
297.332 4.340
297.588 4.332
297.843 4.328
298.098 4.330
298.354 4.333
298.609 4.332
298.865 4.330
299.120 4.333
299.376 4.337
299.631 4.336
299.887 4.340
300.142 4.345
300.397 4.345
300.653 4.345
300.908 4.343
301.164 4.341
301.419 4.341
301.675 4.336
301.930 4.329
302.186 4.324
302.441 4.320
302.697 4.311
302.952 4.305
303.207 4.303
303.463 4.303
303.718 4.297
303.974 4.294
304.229 4.294
304.485 4.290
304.740 4.290
304.996 4.293
305.251 4.296
305.506 4.295
305.762 4.287
306.017 4.284
306.273 4.286
306.528 4.286
306.784 4.287
307.039 4.293
307.295 4.289
307.550 4.287
307.806 4.295
308.061 4.297
308.316 4.298
308.572 4.297
308.827 4.297
309.083 4.300
309.338 4.295
309.594 4.286
309.849 4.287
310.105 4.291
310.360 4.289
310.615 4.282
310.871 4.282
311.126 4.284
311.382 4.292
311.637 4.297
311.893 4.294
312.148 4.288
312.404 4.275
312.659 4.271
312.915 4.270
313.170 4.272
313.429 4.274
313.688 4.278
313.947 4.281
314.206 4.282
314.465 4.280
314.724 4.278
314.983 4.277
315.242 4.274
315.501 4.268
315.760 4.264
316.019 4.268
316.278 4.271
316.536 4.272
316.795 4.271
317.054 4.273
317.313 4.277
317.572 4.286
317.831 4.298
318.090 4.304
318.349 4.306
318.608 4.307
318.867 4.301
319.126 4.295
319.385 4.302
319.644 4.307
319.903 4.304
320.162 4.305
320.421 4.307
320.680 4.301
320.939 4.298
321.198 4.291
321.457 4.290
321.716 4.286
321.975 4.282
322.234 4.278
322.493 4.275
322.752 4.269
323.010 4.268
323.269 4.263
323.528 4.257
323.787 4.257
324.046 4.260
324.305 4.260
324.564 4.259
324.823 4.254
325.082 4.252
325.341 4.257
325.600 4.263
325.859 4.269
326.118 4.280
326.377 4.288
326.636 4.288
326.895 4.289
327.154 4.282
327.413 4.278
327.672 4.273
327.931 4.276
328.190 4.283
328.449 4.288
328.708 4.294
328.967 4.296
329.226 4.298
329.485 4.296
329.743 4.290
330.002 4.287
330.261 4.291
330.520 4.295
330.779 4.291
331.038 4.295
331.297 4.304
331.556 4.307
331.815 4.305
332.074 4.296
332.333 4.297
332.592 4.306
332.851 4.315
333.110 4.321
333.369 4.315
333.628 4.305
333.887 4.296
334.146 4.296
334.405 4.300
334.664 4.306
334.923 4.320
335.182 4.324
335.441 4.319
335.700 4.323
335.959 4.328
336.217 4.332
336.476 4.337
336.735 4.338
336.994 4.346
337.253 4.369
337.512 4.392
337.771 4.401
338.030 4.408
338.289 4.416
338.548 4.428
338.807 4.440
339.066 4.456
339.325 4.458
339.584 4.460
339.843 4.464
340.102 4.471
340.361 4.478
340.620 4.491
340.879 4.500
341.138 4.498
341.397 4.485
341.656 4.484
341.915 4.486
342.174 4.483
342.433 4.503
342.691 4.529
342.950 4.545
343.209 4.558
343.468 4.572
343.727 4.579
343.986 4.592
344.245 4.605
344.504 4.612
344.763 4.625
345.022 4.631
345.281 4.632
345.540 4.642
345.799 4.654
346.058 4.664
346.317 4.673
346.576 4.682
346.835 4.695
347.094 4.709
347.353 4.729
347.612 4.740
347.871 4.758
348.130 4.769
348.389 4.770
348.648 4.769
348.907 4.773
349.166 4.795
349.424 4.815
349.683 4.831
349.942 4.853
350.201 4.872
350.460 4.886
350.719 4.885
350.978 4.883
351.237 4.900
351.496 4.910
351.755 4.918
352.014 4.934
352.273 4.947
352.532 4.951
352.791 4.959
353.050 4.974
353.309 4.992
353.568 5.001
353.827 5.010
354.086 5.015
354.345 5.009
354.604 5.010
354.863 5.005
355.122 5.021
355.381 5.035
355.640 5.044
355.898 5.051
356.157 5.057
356.416 5.066
356.675 5.084
356.934 5.094
357.193 5.119
357.452 5.140
357.711 5.148
357.970 5.165
358.229 5.170
358.488 5.161
358.747 5.162
359.006 5.168
359.265 5.186
359.524 5.217
359.783 5.239
360.042 5.249
360.301 5.256
360.560 5.268
360.819 5.283
361.078 5.293
361.337 5.302
361.596 5.321
361.855 5.334
362.114 5.345
362.372 5.369
362.631 5.381
362.890 5.385
363.149 5.383
363.408 5.397
363.667 5.413
363.926 5.426
364.185 5.445
364.444 5.457
364.703 5.470
364.962 5.473
365.221 5.489
365.480 5.510
365.745 5.509
366.009 5.514
366.274 5.533
366.539 5.546
366.804 5.557
367.068 5.564
367.333 5.573
367.598 5.583
367.863 5.583
368.127 5.587
368.392 5.609
368.657 5.628
368.921 5.620
369.186 5.608
369.451 5.613
369.716 5.618
369.980 5.630
370.245 5.652
370.510 5.667
370.775 5.685
371.039 5.698
371.304 5.707
371.569 5.713
371.834 5.725
372.098 5.738
372.363 5.755
372.628 5.770
372.892 5.791
373.157 5.795
373.422 5.794
373.687 5.805
373.951 5.813
374.216 5.820
374.481 5.834
374.746 5.846
375.010 5.862
375.275 5.869
375.540 5.867
375.804 5.859
376.069 5.863
376.334 5.881
376.599 5.887
376.863 5.893
377.128 5.905
377.393 5.917
377.658 5.923
377.922 5.928
378.187 5.945
378.452 5.949
378.716 5.952
378.981 5.962
379.246 5.971
379.511 5.977
379.775 5.986
380.040 5.999
380.305 5.998
380.570 6.009
380.834 6.029
381.099 6.044
381.364 6.048
381.629 6.046
381.893 6.059
382.158 6.071
382.423 6.074
382.687 6.086
382.952 6.101
383.217 6.111
383.482 6.117
383.746 6.121
384.011 6.131
384.276 6.144
384.541 6.137
384.805 6.126
385.070 6.129
385.335 6.141
385.599 6.163
385.864 6.185
386.129 6.199
386.394 6.209
386.658 6.218
386.923 6.226
387.188 6.225
387.453 6.224
387.717 6.233
387.982 6.237
388.247 6.245
388.511 6.239
388.776 6.229
389.041 6.227
389.306 6.235
389.570 6.237
389.835 6.234
390.100 6.241
390.365 6.254
390.629 6.265
390.894 6.272
391.159 6.273
391.424 6.282
391.688 6.277
391.953 6.277
392.218 6.285
392.482 6.291
392.747 6.306
393.012 6.317
393.277 6.332
393.541 6.351
393.806 6.361
394.071 6.376
394.336 6.379
394.600 6.384
394.865 6.391
395.130 6.390
395.394 6.400
395.659 6.414
395.924 6.422
396.189 6.427
396.453 6.440
396.718 6.451
396.983 6.445
397.248 6.451
397.512 6.456
397.777 6.465
398.042 6.462
398.306 6.460
398.571 6.464
398.836 6.468
399.101 6.470
399.365 6.475
399.630 6.493
399.895 6.510
400.160 6.516
400.424 6.515
400.689 6.531
400.954 6.556
401.219 6.574
401.483 6.582
401.748 6.579
402.013 6.581
402.277 6.586
402.542 6.593
402.807 6.600
403.072 6.612
403.336 6.621
403.601 6.639
403.866 6.651
404.131 6.667
404.395 6.685
404.660 6.710
404.929 6.721
405.198 6.728
405.466 6.736
405.735 6.750
406.004 6.773
406.273 6.790
406.542 6.790
406.810 6.789
407.079 6.797
407.348 6.809
407.617 6.813
407.886 6.822
408.154 6.835
408.423 6.847
408.692 6.854
408.961 6.852
409.229 6.855
409.498 6.870
409.767 6.876
410.036 6.876
410.305 6.873
410.573 6.886
410.842 6.889
411.111 6.893
411.380 6.899
411.649 6.897
411.917 6.892
412.186 6.891
412.455 6.888
412.724 6.889
412.993 6.890
413.261 6.898
413.530 6.900
413.799 6.907
414.068 6.915
414.337 6.927
414.605 6.935
414.874 6.936
415.143 6.935
415.412 6.940
415.681 6.948
415.949 6.944
416.218 6.948
416.487 6.954
416.756 6.963
417.024 6.972
417.293 6.965
417.562 6.959
417.831 6.958
418.100 6.966
418.368 6.977
418.637 6.976
418.906 6.970
419.175 6.976
419.444 6.975
419.712 6.977
419.981 6.975
420.250 6.977
420.519 6.974
420.788 6.960
421.056 6.943
421.325 6.936
421.594 6.932
421.863 6.929
422.132 6.923
422.400 6.910
422.669 6.898
422.938 6.892
423.207 6.886
423.476 6.876
423.744 6.871
424.013 6.871
424.282 6.869
424.551 6.867
424.819 6.856
425.088 6.843
425.357 6.838
425.626 6.832
425.895 6.820
426.163 6.809
426.432 6.811
426.701 6.810
426.970 6.795
427.239 6.784
427.507 6.774
427.776 6.770
428.045 6.771
428.314 6.765
428.583 6.761
428.851 6.761
429.120 6.750
429.389 6.737
429.658 6.725
429.927 6.716
430.195 6.700
430.464 6.691
430.733 6.689
431.002 6.689
431.271 6.690
431.539 6.681
431.808 6.670
432.077 6.665
432.346 6.661
432.614 6.649
432.883 6.640
433.152 6.640
433.421 6.637
433.690 6.634
433.958 6.637
434.227 6.630
434.496 6.615
434.765 6.596
435.034 6.590
435.302 6.585
435.571 6.569
435.840 6.552
436.116 6.538
436.393 6.534
436.669 6.529
436.945 6.519
437.221 6.517
437.498 6.515
437.774 6.517
438.050 6.524
438.326 6.521
438.603 6.515
438.879 6.509
439.155 6.502
439.431 6.502
439.708 6.502
439.984 6.496
440.260 6.486
440.537 6.473
440.813 6.466
441.089 6.459
441.365 6.453
441.642 6.447
441.918 6.447
442.194 6.449
442.470 6.432
442.747 6.411
443.023 6.393
443.299 6.384
443.575 6.384
443.852 6.382
444.128 6.380
444.404 6.379
444.680 6.369
444.957 6.361
445.233 6.356
445.509 6.351
445.786 6.347
446.062 6.341
446.338 6.334
446.614 6.327
446.891 6.323
447.167 6.316
447.443 6.312
447.719 6.298
447.996 6.283
448.272 6.278
448.548 6.273
448.824 6.258
449.101 6.249
449.377 6.245
449.653 6.239
449.930 6.228
450.206 6.217
450.482 6.216
450.758 6.206
451.035 6.198
451.311 6.191
451.587 6.180
451.863 6.171
452.140 6.166
452.416 6.159
452.692 6.160
452.968 6.156
453.245 6.149
453.521 6.144
453.797 6.141
454.074 6.126
454.350 6.114
454.626 6.104
454.902 6.097
455.179 6.093
455.455 6.088
455.731 6.080
456.007 6.068
456.284 6.053
456.560 6.039
456.836 6.031
457.112 6.024
457.389 6.019
457.665 6.011
457.941 5.998
458.218 5.989
458.494 5.981
458.770 5.965
459.046 5.952
459.323 5.953
459.599 5.958
459.875 5.955
460.151 5.948
460.428 5.941
460.704 5.936
460.980 5.929
461.256 5.923
461.533 5.921
461.809 5.919
462.085 5.908
462.361 5.895
462.638 5.884
462.914 5.884
463.190 5.877
463.467 5.868
463.743 5.857
464.019 5.840
464.295 5.825
464.572 5.822
464.848 5.817
465.124 5.816
465.400 5.814
465.677 5.808
465.953 5.804
466.229 5.799
466.505 5.799
466.782 5.792
467.058 5.780
467.334 5.768
467.611 5.757
467.887 5.752
468.163 5.746
468.439 5.739
468.716 5.729
468.992 5.719
469.268 5.717
469.544 5.715
469.821 5.706
470.097 5.694
470.373 5.679
470.649 5.664
470.926 5.661
471.202 5.652
471.478 5.644
471.755 5.631
472.031 5.622
472.307 5.616
472.583 5.608
472.860 5.607
473.136 5.607
473.412 5.607
473.688 5.605
473.965 5.601
474.241 5.592
474.517 5.589
474.793 5.588
475.070 5.587
475.346 5.585
475.622 5.583
475.899 5.575
476.175 5.569
476.451 5.564
476.727 5.555
477.004 5.545
477.280 5.527
477.556 5.513
477.832 5.504
478.109 5.492
478.385 5.482
478.661 5.468
478.937 5.456
479.214 5.451
479.490 5.450
479.766 5.444
480.043 5.441
480.319 5.437
480.595 5.431
480.871 5.431
481.148 5.427
481.424 5.417
481.700 5.413
481.976 5.412
482.253 5.404
482.529 5.398
482.805 5.390
483.081 5.381
483.358 5.366
483.634 5.360
483.910 5.352
484.186 5.349
484.463 5.345
484.739 5.336
485.015 5.332
485.292 5.332
485.568 5.331
485.844 5.331
486.120 5.329
486.397 5.318
486.673 5.313
486.949 5.313
487.225 5.314
487.502 5.312
487.778 5.310
488.054 5.313
488.330 5.310
488.607 5.303
488.883 5.293
489.159 5.289
489.436 5.287
489.712 5.278
489.988 5.268
490.264 5.264
490.541 5.256
490.817 5.243
491.093 5.234
491.369 5.232
491.646 5.231
491.922 5.227
492.198 5.223
492.474 5.220
492.751 5.218
493.027 5.211
493.303 5.203
493.580 5.196
493.856 5.197
494.132 5.205
494.408 5.205
494.685 5.204
494.961 5.199
495.237 5.198
495.513 5.202
495.790 5.206
496.066 5.211
496.342 5.212
496.618 5.212
496.895 5.213
497.171 5.206
497.447 5.200
497.724 5.191
498.000 5.181
498.276 5.179
498.552 5.179
498.829 5.171
499.105 5.162
499.381 5.156
499.657 5.154
499.934 5.148
500.210 5.148
500.486 5.151
500.762 5.157
501.039 5.152
501.315 5.143
501.591 5.145
501.867 5.147
502.144 5.144
502.420 5.139
502.696 5.132
502.973 5.123
503.249 5.116
503.525 5.112
503.801 5.103
504.078 5.092
504.354 5.084
504.630 5.075
504.906 5.066
505.183 5.061
505.459 5.060
505.735 5.058
506.011 5.055
506.288 5.053
506.564 5.049
506.840 5.045
507.117 5.043
507.393 5.044
507.669 5.045
507.945 5.044
508.222 5.040
508.498 5.033
508.774 5.024
509.050 5.017
509.327 5.013
509.603 5.011
509.879 5.007
510.155 4.999
510.432 5.001
510.708 4.996
510.984 4.986
511.261 4.981
511.537 4.976
511.813 4.972
512.089 4.966
512.366 4.960
512.642 4.952
512.918 4.942
513.194 4.932
513.471 4.922
513.747 4.913
514.023 4.916
514.299 4.914
514.576 4.912
514.852 4.911
515.128 4.907
515.405 4.899
515.681 4.890
515.957 4.889
516.233 4.887
516.510 4.880
516.786 4.877
517.062 4.876
517.338 4.864
517.615 4.849
517.891 4.841
518.167 4.841
518.443 4.830
518.720 4.815
518.996 4.805
519.272 4.794
519.548 4.784
519.825 4.775
520.101 4.776
520.377 4.780
520.654 4.777
520.930 4.772
521.206 4.775
521.482 4.777
521.759 4.775
522.035 4.768
522.311 4.762
522.587 4.752
522.864 4.742
523.140 4.734
523.416 4.728
523.692 4.722
523.969 4.711
524.245 4.703
524.521 4.701
524.798 4.696
525.074 4.684
525.350 4.669
525.626 4.667
525.903 4.665
526.179 4.652
526.455 4.643
526.731 4.639
527.008 4.644
527.284 4.641
527.560 4.635
527.836 4.632
528.113 4.631
528.389 4.628
528.665 4.625
528.942 4.617
529.218 4.625
529.494 4.647
529.770 4.646
530.047 4.639
530.323 4.637
530.599 4.635
530.875 4.632
531.152 4.631
531.428 4.626
531.704 4.619
531.980 4.609
532.257 4.603
532.533 4.603
532.809 4.601
533.086 4.597
533.362 4.594
533.638 4.593
533.914 4.586
534.191 4.580
534.467 4.582
534.743 4.581
535.019 4.579
535.296 4.582
535.572 4.587
535.848 4.588
536.124 4.588
536.401 4.586
536.677 4.579
536.953 4.570
537.230 4.558
537.506 4.556
537.782 4.562
538.058 4.558
538.335 4.552
538.611 4.548
538.887 4.545
539.163 4.540
539.440 4.544
539.716 4.543
539.992 4.541
540.268 4.544
540.545 4.544
540.821 4.540
541.097 4.533
541.373 4.527
541.650 4.525
541.926 4.524
542.202 4.525
542.479 4.521
542.755 4.517
543.031 4.516
543.307 4.516
543.584 4.513
543.860 4.503
544.136 4.490
544.412 4.484
544.689 4.485
544.965 4.479
545.241 4.472
545.517 4.470
545.794 4.468
546.070 4.455
546.356 4.429
546.642 4.417
546.928 4.417
547.214 4.412
547.500 4.400
547.786 4.397
548.072 4.395
548.358 4.396
548.644 4.399
548.930 4.399
549.216 4.401
549.502 4.399
549.788 4.391
550.074 4.390
550.360 4.384
550.646 4.376
550.932 4.371
551.218 4.366
551.504 4.363
551.790 4.365
552.076 4.357
552.362 4.348
552.648 4.334
552.934 4.327
553.220 4.324
553.506 4.324
553.793 4.333
554.079 4.337
554.365 4.339
554.651 4.337
554.937 4.329
555.223 4.326
555.509 4.328
555.795 4.325
556.081 4.321
556.367 4.318
556.653 4.318
556.939 4.317
557.225 4.317
557.511 4.307
557.797 4.302
558.083 4.302
558.369 4.304
558.655 4.301
558.941 4.299
559.227 4.298
559.513 4.297
559.799 4.295
560.085 4.297
560.371 4.300
560.657 4.295
560.943 4.288
561.229 4.290
561.515 4.295
561.801 4.293
562.087 4.283
562.373 4.278
562.659 4.274
562.945 4.271
563.231 4.273
563.517 4.268
563.803 4.261
564.089 4.264
564.375 4.262
564.661 4.263
564.947 4.265
565.233 4.256
565.519 4.250
565.805 4.246
566.091 4.242
566.377 4.238
566.663 4.231
566.949 4.224
567.235 4.221
567.521 4.218
567.807 4.219
568.093 4.216
568.379 4.215
568.665 4.211
568.951 4.206
569.237 4.192
569.524 4.185
569.810 4.182
570.096 4.186
570.382 4.188
570.668 4.192
570.954 4.190
571.240 4.180
571.526 4.173
571.812 4.168
572.098 4.163
572.384 4.164
572.670 4.161
572.956 4.151
573.242 4.145
573.528 4.145
573.814 4.145
574.100 4.138
574.386 4.134
574.672 4.129
574.958 4.127
575.244 4.124
575.530 4.123
575.816 4.123
576.102 4.122
576.388 4.120
576.674 4.121
576.960 4.120
577.248 4.117
577.536 4.115
577.824 4.110
578.113 4.109
578.401 4.110
578.689 4.108
578.977 4.108
579.265 4.106
579.553 4.105
579.841 4.106
580.130 4.108
580.418 4.105
580.706 4.096
580.994 4.095
581.282 4.099
581.570 4.100
581.858 4.098
582.147 4.095
582.435 4.095
582.723 4.100
583.011 4.106
583.299 4.110
583.587 4.110
583.875 4.111
584.164 4.112
584.452 4.118
584.740 4.123
585.028 4.125
585.316 4.122
585.604 4.122
585.892 4.123
586.181 4.123
586.469 4.121
586.757 4.126
587.045 4.130
587.333 4.130
587.621 4.126
587.909 4.122
588.198 4.114
588.486 4.110
588.774 4.108
589.062 4.107
589.350 4.105
589.638 4.102
589.927 4.095
590.215 4.092
590.503 4.098
590.791 4.102
591.079 4.102
591.367 4.104
591.655 4.108
591.944 4.114
592.232 4.118
592.520 4.119
592.808 4.123
593.096 4.124
593.384 4.122
593.672 4.120
593.961 4.118
594.249 4.112
594.537 4.113
594.825 4.118
595.113 4.119
595.401 4.123
595.689 4.121
595.978 4.121
596.266 4.122
596.554 4.121
596.842 4.124
597.130 4.127
597.418 4.136
597.706 4.143
597.995 4.145
598.283 4.150
598.571 4.148
598.859 4.148
599.147 4.149
599.435 4.154
599.723 4.153
600.012 4.148
600.300 4.140
600.588 4.136
600.876 4.138
601.164 4.140
601.452 4.141
601.740 4.141
602.029 4.138
602.317 4.134
602.605 4.130
602.893 4.134
603.181 4.141
603.469 4.147
603.757 4.150
604.046 4.149
604.334 4.146
604.622 4.148
604.910 4.153
605.198 4.157
605.486 4.167
605.774 4.172
606.063 4.175
606.351 4.179
606.639 4.184
606.927 4.188
607.215 4.194
607.503 4.200
607.791 4.207
608.080 4.210
608.368 4.213
608.656 4.214
608.944 4.215
609.232 4.218
609.520 4.215
609.808 4.219
610.097 4.228
610.385 4.232
610.673 4.243
610.961 4.250
611.249 4.258
611.537 4.265
611.825 4.269
612.114 4.267
612.402 4.261
612.690 4.258
612.978 4.255
613.266 4.256
613.554 4.260
613.843 4.262
614.131 4.259
614.419 4.253
614.707 4.255
614.995 4.249
615.283 4.244
615.571 4.258
615.860 4.270
616.148 4.274
616.436 4.274
616.724 4.272
617.012 4.276
617.300 4.281
617.588 4.287
617.877 4.299
618.165 4.300
618.453 4.299
618.741 4.305
619.029 4.308
619.317 4.308
619.605 4.309
619.894 4.319
620.182 4.328
620.470 4.330
620.758 4.329
621.046 4.333
621.334 4.338
621.622 4.345
621.911 4.354
622.199 4.368
622.487 4.379
622.775 4.381
623.063 4.377
623.351 4.380
623.639 4.387
623.928 4.388
624.216 4.390
624.504 4.391
624.792 4.394
625.080 4.401
625.368 4.407
625.656 4.417
625.945 4.426
626.233 4.432
626.521 4.435
626.809 4.431
627.097 4.433
627.385 4.436
627.673 4.434
627.962 4.437
628.250 4.434
628.538 4.430
628.826 4.431
629.114 4.433
629.402 4.441
629.690 4.454
629.979 4.468
630.267 4.474
630.555 4.479
630.843 4.485
631.131 4.488
631.419 4.491
631.707 4.499
631.996 4.513
632.284 4.521
632.572 4.526
632.860 4.530
633.148 4.522
633.436 4.518
633.724 4.526
634.013 4.535
634.301 4.545
634.589 4.542
634.877 4.542
635.165 4.549
635.453 4.549
635.741 4.553
636.030 4.554
636.318 4.553
636.606 4.557
636.894 4.556
637.182 4.560
637.470 4.558
637.759 4.561
638.047 4.571
638.335 4.574
638.623 4.570
638.911 4.570
639.199 4.579
639.487 4.585
639.776 4.582
640.064 4.581
640.352 4.586
640.640 4.596
640.928 4.598
641.216 4.601
641.504 4.611
641.793 4.622
642.081 4.626
642.369 4.627
642.657 4.625
642.945 4.625
643.233 4.620
643.521 4.617
643.810 4.618
644.098 4.623
644.386 4.630
644.674 4.639
644.962 4.646
645.250 4.650
645.538 4.648
645.827 4.642
646.115 4.642
646.403 4.641
646.691 4.640
646.979 4.641
647.267 4.635
647.555 4.626
647.844 4.629
648.132 4.630
648.420 4.629
648.708 4.627
648.996 4.626
649.284 4.627
649.572 4.624
649.861 4.622
650.149 4.624
650.437 4.632
650.725 4.637
651.013 4.630
651.301 4.629
651.589 4.629
651.878 4.625
652.166 4.632
652.454 4.643
652.742 4.649
653.030 4.657
653.318 4.669
653.606 4.685
653.895 4.691
654.183 4.697
654.471 4.716
654.759 4.727
655.047 4.736
655.335 4.741
655.623 4.741
655.912 4.746
656.200 4.758
656.488 4.768
656.776 4.758
657.064 4.751
657.352 4.755
657.640 4.764
657.929 4.771
658.217 4.775
658.505 4.785
658.793 4.790
659.081 4.793
659.369 4.796
659.657 4.802
659.946 4.806
660.234 4.816
660.522 4.822
660.810 4.829
661.098 4.835
661.386 4.839
661.675 4.842
661.963 4.847
662.251 4.846
662.539 4.847
662.827 4.851
663.115 4.860
663.403 4.871
663.692 4.885
663.980 4.896
664.268 4.906
664.556 4.913
664.844 4.922
665.132 4.933
665.420 4.942
665.709 4.956
665.997 4.968
666.285 4.982
666.573 4.998
666.861 5.008
667.149 5.017
667.437 5.025
667.726 5.041
668.014 5.048
668.302 5.056
668.590 5.076
668.878 5.086
669.166 5.092
669.454 5.103
669.743 5.108
670.031 5.112
670.319 5.119
670.607 5.128
670.895 5.136
671.183 5.136
671.471 5.145
671.760 5.157
672.048 5.161
672.336 5.169
672.624 5.180
672.912 5.185
673.200 5.193
673.488 5.201
673.777 5.206
674.065 5.212
674.353 5.226
674.641 5.236
674.929 5.245
675.217 5.248
675.505 5.258
675.794 5.265
676.082 5.271
676.370 5.279
676.658 5.292
676.946 5.305
677.234 5.314
677.522 5.321
677.811 5.330
678.099 5.341
678.387 5.347
678.675 5.353
678.963 5.359
679.251 5.370
679.539 5.382
679.828 5.394
680.116 5.407
680.404 5.420
680.692 5.435
680.980 5.444
681.268 5.450
681.556 5.453
681.845 5.459
682.133 5.465
682.421 5.476
682.709 5.486
682.997 5.497
683.285 5.503
683.573 5.510
683.862 5.510
684.150 5.519
684.438 5.531
684.726 5.544
685.014 5.564
685.302 5.574
685.591 5.588
685.879 5.602
686.167 5.608
686.455 5.624
686.743 5.642
687.031 5.650
687.319 5.663
687.608 5.675
687.896 5.682
688.184 5.692
688.472 5.703
688.760 5.717
689.048 5.730
689.336 5.741
689.625 5.751
689.913 5.758
690.201 5.767
690.489 5.781
690.777 5.794
691.065 5.808
691.353 5.818
691.642 5.835
691.930 5.849
692.218 5.863
692.506 5.875
692.794 5.888
693.082 5.904
693.370 5.921
693.659 5.938
693.947 5.956
694.235 5.970
694.523 5.984
694.811 6.011
695.099 6.044
695.387 6.069
695.676 6.090
695.964 6.123
696.252 6.161
696.540 6.197
696.836 6.225
697.133 6.247
697.429 6.274
697.725 6.306
698.021 6.343
698.318 6.373
698.614 6.397
698.910 6.428
699.207 6.464
699.503 6.502
699.799 6.540
700.095 6.575
700.392 6.610
700.688 6.641
700.984 6.685
701.281 6.733
701.577 6.778
701.873 6.817
702.169 6.865
702.466 6.910
702.762 6.947
703.058 6.985
703.355 7.028
703.651 7.076
703.947 7.123
704.243 7.167
704.540 7.215
704.836 7.271
705.132 7.321
705.428 7.371
705.725 7.424
706.021 7.468
706.317 7.514
706.614 7.561
706.910 7.609
707.206 7.668
707.502 7.738
707.799 7.801
708.095 7.861
708.391 7.923
708.688 7.984
708.984 8.048
709.280 8.113
709.576 8.173
709.873 8.249
710.169 8.325
710.465 8.399
710.762 8.476
711.058 8.547
711.354 8.618
711.650 8.691
711.947 8.776
712.243 8.858
712.539 8.948
712.836 9.032
713.132 9.106
713.428 9.190
713.724 9.272
714.021 9.351
714.317 9.442
714.613 9.529
714.910 9.621
715.206 9.722
715.502 9.812
715.798 9.901
716.095 9.992
716.391 10.097
716.687 10.213
716.984 10.321
717.280 10.433
717.576 10.533
717.872 10.644
718.169 10.747
718.465 10.843
718.761 10.957
719.058 11.070
719.354 11.171
719.650 11.278
719.946 11.392
720.243 11.509
720.539 11.631
720.835 11.752
721.131 11.874
721.428 11.996
721.724 12.120
722.020 12.247
722.317 12.377
722.613 12.508
722.909 12.636
723.205 12.767
723.502 12.902
723.798 13.051
724.094 13.201
724.391 13.343
724.687 13.492
724.983 13.651
725.279 13.790
725.576 13.930
725.872 14.090
726.168 14.237
726.465 14.378
726.761 14.530
727.057 14.688
727.353 14.858
727.650 15.021
727.946 15.170
728.242 15.335
728.539 15.506
728.835 15.665
729.131 15.828
729.427 16.000
729.724 16.166
730.020 16.335
730.316 16.511
730.613 16.665
730.909 16.825
731.205 17.000
731.501 17.170
731.798 17.357
732.094 17.531
732.390 17.687
732.687 17.858
732.983 18.025
733.279 18.200
733.575 18.380
733.872 18.548
734.168 18.722
734.464 18.892
734.761 19.057
735.057 19.227
735.353 19.409
735.649 19.597
735.946 19.777
736.242 19.971
736.538 20.175
736.835 20.357
737.131 20.525
737.427 20.722
737.723 20.912
738.020 21.093
738.316 21.268
738.612 21.443
738.909 21.626
739.205 21.811
739.501 21.994
739.797 22.182
740.094 22.377
740.390 22.561
740.686 22.743
740.982 22.928
741.279 23.110
741.575 23.295
741.871 23.458
742.168 23.626
742.464 23.798
742.760 23.986
743.056 24.155
743.353 24.337
743.649 24.515
743.945 24.674
744.242 24.852
744.538 25.038
744.834 25.209
745.130 25.377
745.427 25.538
745.723 25.711
746.019 25.883
746.316 26.038
746.612 26.196
746.908 26.360
747.204 26.519
747.501 26.681
747.797 26.853
748.093 26.995
748.390 27.137
748.686 27.308
748.982 27.481
749.278 27.640
749.575 27.792
749.871 27.944
750.167 28.103
750.464 28.262
750.760 28.414
751.056 28.572
751.352 28.728
751.649 28.873
751.945 29.027
752.241 29.176
752.538 29.330
752.834 29.483
753.130 29.623
753.426 29.757
753.723 29.902
754.019 30.034
754.315 30.157
754.611 30.288
754.908 30.444
755.204 30.604
755.500 30.732
755.797 30.869
756.093 31.007
756.389 31.148
756.685 31.290
756.982 31.424
757.278 31.551
757.574 31.661
757.871 31.770
758.167 31.889
758.463 32.016
758.759 32.135
759.056 32.242
759.352 32.361
759.648 32.466
759.945 32.573
760.241 32.692
760.537 32.824
760.833 32.948
761.130 33.066
761.426 33.169
761.722 33.277
762.019 33.394
762.315 33.502
762.611 33.616
762.907 33.734
763.204 33.850
763.500 33.974
763.804 34.078
764.108 34.179
764.412 34.296
764.716 34.402
765.020 34.504
765.324 34.631
765.628 34.745
765.932 34.837
766.236 34.951
766.540 35.052
766.844 35.144
767.148 35.233
767.452 35.317
767.756 35.398
768.060 35.484
768.364 35.561
768.668 35.647
768.972 35.743
769.276 35.828
769.580 35.893
769.884 35.986
770.188 36.081
770.492 36.152
770.796 36.200
771.100 36.281
771.404 36.377
771.708 36.453
772.012 36.521
772.316 36.605
772.620 36.687
772.924 36.763
773.228 36.817
773.532 36.862
773.836 36.936
774.140 37.006
774.444 37.077
774.748 37.150
775.052 37.218
775.356 37.280
775.659 37.347
775.963 37.449
776.267 37.533
776.571 37.597
776.875 37.663
777.179 37.743
777.483 37.838
777.787 37.907
778.091 37.986
778.395 38.073
778.699 38.156
779.003 38.230
779.307 38.268
779.611 38.321
779.915 38.381
780.219 38.446
780.523 38.517
780.827 38.599
781.131 38.668
781.435 38.736
781.739 38.800
782.043 38.857
782.347 38.917
782.651 38.985
782.955 39.039
783.259 39.094
783.563 39.156
783.867 39.191
784.171 39.227
784.475 39.277
784.779 39.319
785.083 39.365
785.387 39.410
785.691 39.463
785.995 39.534
786.299 39.608
786.603 39.668
786.907 39.742
787.211 39.810
787.515 39.872
787.819 39.925
788.123 39.969
788.427 39.995
788.731 40.032
789.035 40.100
789.339 40.183
789.643 40.232
789.947 40.264
790.251 40.312
790.555 40.376
790.859 40.430
791.163 40.492
791.467 40.573
791.771 40.632
792.075 40.693
792.379 40.758
792.683 40.808
792.987 40.861
793.291 40.902
793.595 40.957
793.899 41.026
794.203 41.087
794.507 41.143
794.811 41.189
795.115 41.220
795.419 41.254
795.723 41.275
796.027 41.292
796.331 41.343
796.635 41.405
796.939 41.448
797.243 41.483
797.547 41.516
797.851 41.574
798.155 41.638
798.459 41.695
798.763 41.734
799.067 41.769
799.371 41.779
799.674 41.802
799.978 41.839
800.282 41.889
800.586 41.894
800.890 41.906
801.194 41.941
801.498 41.980
801.802 42.019
802.106 42.064
802.410 42.114
802.714 42.164
803.018 42.198
803.322 42.235
803.626 42.273
803.930 42.322
804.234 42.357
804.538 42.390
804.842 42.416
805.146 42.428
805.450 42.449
805.754 42.479
806.058 42.503
806.362 42.534
806.666 42.580
806.970 42.646
807.274 42.691
807.578 42.729
807.882 42.737
808.186 42.748
808.490 42.783
808.794 42.820
809.098 42.844
809.402 42.886
809.706 42.922
810.010 42.921
810.314 42.945
810.618 42.967
810.922 42.973
811.226 43.016
811.530 43.042
811.834 43.059
812.137 43.078
812.441 43.096
812.744 43.129
813.048 43.128
813.351 43.142
813.655 43.172
813.958 43.203
814.262 43.248
814.565 43.270
814.869 43.281
815.172 43.280
815.476 43.283
815.779 43.288
816.083 43.313
816.386 43.330
816.690 43.339
816.993 43.355
817.297 43.385
817.600 43.425
817.904 43.470
818.208 43.506
818.511 43.528
818.815 43.526
819.118 43.575
819.422 43.611
819.725 43.616
820.029 43.625
820.332 43.632
820.636 43.668
820.939 43.700
821.243 43.703
821.546 43.723
821.850 43.770
822.153 43.845
822.457 43.877
822.760 43.888
823.064 43.885
823.367 43.918
823.671 43.951
823.974 43.948
824.278 43.936
824.582 43.943
824.885 43.969
825.189 44.003
825.492 44.014
825.796 44.008
826.099 43.995
826.403 44.028
826.706 44.086
827.010 44.120
827.313 44.129
827.617 44.137
827.920 44.124
828.224 44.107
828.527 44.107
828.831 44.095
829.134 44.106
829.438 44.139
829.741 44.160
830.045 44.178
830.348 44.158
830.652 44.155
830.956 44.160
831.259 44.154
831.563 44.170
831.866 44.190
832.170 44.203
832.473 44.220
832.777 44.228
833.080 44.228
833.384 44.226
833.687 44.223
833.991 44.245
834.294 44.246
834.598 44.223
834.901 44.221
835.205 44.220
835.508 44.201
835.812 44.206
836.115 44.223
836.419 44.240
836.722 44.225
837.026 44.198
837.330 44.182
837.633 44.183
837.937 44.194
838.240 44.230
838.544 44.245
838.847 44.242
839.151 44.240
839.454 44.255
839.758 44.277
840.061 44.298
840.365 44.305
840.668 44.270
840.972 44.259
841.275 44.267
841.579 44.298
841.882 44.308
842.186 44.318
842.489 44.328
842.793 44.362
843.097 44.403
843.400 44.407
843.704 44.399
844.007 44.420
844.311 44.444
844.614 44.457
844.918 44.467
845.221 44.478
845.525 44.485
845.828 44.485
846.132 44.484
846.435 44.519
846.739 44.559
847.042 44.613
847.346 44.672
847.649 44.692
847.953 44.669
848.256 44.670
848.560 44.700
848.863 44.760
849.167 44.774
849.471 44.765
849.774 44.786
850.078 44.814
850.381 44.838
850.685 44.901
850.988 44.938
851.292 44.943
851.595 44.982
851.899 45.002
852.202 45.027
852.506 45.086
852.809 45.157
853.113 45.197
853.416 45.196
853.720 45.212
854.023 45.268
854.327 45.279
854.630 45.277
854.934 45.277
855.237 45.294
855.541 45.327
855.845 45.372
856.148 45.367
856.452 45.378
856.755 45.370
857.059 45.385
857.362 45.438
857.666 45.447
857.969 45.426
858.273 45.424
858.576 45.453
858.880 45.458
859.183 45.448
859.487 45.470
859.790 45.493
860.094 45.497
860.397 45.494
860.701 45.509
861.004 45.541
861.308 45.554
861.611 45.558
861.915 45.570
862.219 45.587
862.522 45.588
862.826 45.597
863.129 45.603
863.433 45.594
863.736 45.581
864.040 45.590
864.343 45.624
864.647 45.642
864.950 45.655
865.254 45.656
865.557 45.632
865.861 45.624
866.164 45.661
866.468 45.703
866.771 45.700
867.075 45.703
867.378 45.698
867.682 45.712
867.985 45.745
868.289 45.752
868.593 45.743
868.896 45.742
869.200 45.713
869.503 45.710
869.807 45.726
870.110 45.747
870.414 45.796
870.717 45.832
871.021 45.838
871.324 45.820
871.628 45.812
871.931 45.829
872.235 45.856
872.538 45.843
872.842 45.853
873.145 45.860
873.449 45.874
873.752 45.936
874.056 45.984
874.359 45.988
874.663 46.046
874.967 46.087
875.270 46.114
875.574 46.162
875.877 46.182
876.181 46.194
876.484 46.231
876.788 46.283
877.091 46.265
877.395 46.263
877.698 46.321
878.002 46.336
878.305 46.346
878.609 46.362
878.912 46.387
879.216 46.399
879.519 46.419
879.823 46.434
880.126 46.439
880.430 46.476
880.733 46.526
881.037 46.557
881.341 46.593
881.644 46.641
881.948 46.696
882.251 46.756
882.555 46.788
882.858 46.815
883.162 46.856
883.465 46.885
883.769 46.939
884.072 46.988
884.376 47.026
884.679 47.056
884.983 47.073
885.286 47.138
885.590 47.193
885.893 47.235
886.197 47.287
886.500 47.337
886.804 47.391
887.107 47.426
887.411 47.483
887.715 47.567
888.018 47.599
888.322 47.623
888.625 47.648
888.929 47.645
889.232 47.661
889.536 47.643
889.839 47.653
890.143 47.704
890.446 47.765
890.750 47.799
891.053 47.857
891.357 47.905
891.660 47.955
891.964 48.011
892.267 48.024
892.571 48.034
892.874 48.100
893.178 48.145
893.482 48.197
893.785 48.249
894.089 48.268
894.392 48.309
894.696 48.357
894.999 48.399
895.303 48.456
895.606 48.520
895.910 48.575
896.213 48.615
896.517 48.685
896.820 48.764
897.124 48.810
897.427 48.895
897.731 48.970
898.034 49.042
898.338 49.103
898.641 49.154
898.945 49.195
899.248 49.242
899.552 49.301
899.856 49.349
900.159 49.406
900.463 49.454
900.766 49.452
901.070 49.482
901.373 49.512
901.677 49.552
901.980 49.590
902.284 49.632
902.587 49.665
902.891 49.702
903.194 49.700
903.498 49.729
903.801 49.769
904.105 49.812
904.408 49.880
904.712 49.908
905.015 49.905
905.319 49.909
905.622 49.948
905.926 49.958
906.230 49.958
906.533 49.969
906.837 50.042
907.140 50.104
907.444 50.154
907.747 50.174
908.051 50.235
908.354 50.328
908.658 50.416
908.961 50.443
909.265 50.465
909.568 50.487
909.872 50.524
910.175 50.528
910.479 50.507
910.782 50.505
911.086 50.525
911.389 50.555
911.693 50.586
911.996 50.584
912.300 50.603
912.613 50.655
912.926 50.689
913.238 50.734
913.551 50.760
913.864 50.735
914.176 50.768
914.489 50.828
914.802 50.862
915.115 50.893
915.427 50.895
915.740 50.933
916.053 50.936
916.366 50.948
916.678 50.972
916.991 51.027
917.304 51.081
917.617 51.101
917.929 51.150
918.242 51.185
918.555 51.241
918.868 51.270
919.180 51.293
919.493 51.333
919.806 51.351
920.119 51.381
920.431 51.407
920.744 51.429
921.057 51.439
921.370 51.503
921.682 51.531
921.995 51.558
922.308 51.615
922.621 51.681
922.933 51.752
923.246 51.756
923.559 51.762
923.872 51.795
924.184 51.857
924.497 51.931
924.810 51.975
925.123 52.007
925.435 52.070
925.748 52.095
926.061 52.129
926.374 52.147
926.686 52.220
926.999 52.293
927.312 52.345
927.625 52.382
927.937 52.378
928.250 52.410
928.563 52.460
928.876 52.470
929.188 52.507
929.501 52.578
929.814 52.643
930.127 52.653
930.439 52.659
930.752 52.655
931.065 52.687
931.378 52.746
931.690 52.731
932.003 52.697
932.316 52.700
932.629 52.705
932.941 52.710
933.254 52.689
933.567 52.616
933.880 52.579
934.192 52.650
934.505 52.706
934.818 52.738
935.131 52.776
935.443 52.865
935.756 52.883
936.069 52.875
936.382 52.900
936.694 52.998
937.007 53.029
937.320 52.992
937.633 52.940
937.945 52.954
938.258 52.943
938.571 52.895
938.884 52.915
939.196 52.937
939.509 52.941
939.822 52.882
940.135 52.801
940.447 52.742
940.760 52.724
941.073 52.753
941.386 52.757
941.698 52.678
942.011 52.616
942.324 52.655
942.637 52.668
942.949 52.683
943.262 52.692
943.575 52.697
943.888 52.685
944.200 52.672
944.513 52.690
944.826 52.730
945.139 52.734
945.451 52.690
945.764 52.646
946.077 52.600
946.390 52.585
946.702 52.563
947.015 52.531
947.328 52.495
947.641 52.469
947.953 52.500
948.266 52.493
948.579 52.469
948.892 52.412
949.204 52.361
949.517 52.326
949.830 52.344
950.143 52.363
950.455 52.379
950.768 52.464
951.081 52.510
951.394 52.525
951.706 52.564
952.019 52.545
952.332 52.556
952.645 52.574
952.957 52.566
953.270 52.551
953.583 52.579
953.896 52.618
954.208 52.575
954.521 52.456
954.834 52.448
955.147 52.461
955.459 52.461
955.772 52.428
956.085 52.394
956.398 52.401
956.710 52.435
957.023 52.439
957.336 52.510
957.649 52.571
957.961 52.618
958.274 52.667
958.587 52.649
958.900 52.684
959.212 52.740
959.525 52.655
959.838 52.636
960.151 52.671
960.463 52.638
960.776 52.660
961.089 52.635
961.402 52.561
961.714 52.574
962.027 52.579
962.340 52.558
962.653 52.526
962.965 52.564
963.278 52.531
963.591 52.421
963.904 52.354
964.216 52.286
964.529 52.357
964.842 52.384
965.154 52.396
965.467 52.382
965.780 52.315
966.094 52.342
966.409 52.385
966.723 52.432
967.037 52.397
967.352 52.385
967.666 52.388
967.980 52.469
968.295 52.551
968.609 52.580
968.923 52.532
969.238 52.507
969.552 52.404
969.866 52.371
970.181 52.358
970.495 52.322
970.809 52.308
971.124 52.343
971.438 52.308
971.752 52.411
972.067 52.488
972.381 52.388
972.695 52.249
973.010 52.165
973.324 52.150
973.638 52.112
973.953 52.066
974.267 52.069
974.581 52.075
974.896 52.067
975.210 52.094
975.524 52.105
975.839 52.096
976.153 52.172
976.467 52.162
976.781 52.119
977.096 52.072
977.410 52.026
977.724 52.089
978.039 52.159
978.353 52.244
978.667 52.437
978.982 52.512
979.296 52.487
979.610 52.506
979.925 52.479
980.239 52.462
980.553 52.422
980.868 52.380
981.182 52.374
981.496 52.412
981.811 52.390
982.125 52.343
982.439 52.367
982.754 52.433
983.068 52.485
983.382 52.566
983.697 52.543
984.011 52.509
984.325 52.494
984.640 52.453
984.954 52.448
985.268 52.393
985.583 52.301
985.897 52.218
986.211 52.335
986.526 52.405
986.840 52.445
987.154 52.450
987.469 52.395
987.783 52.364
988.097 52.434
988.412 52.377
988.726 52.328
989.040 52.236
989.355 52.240
989.669 52.263
989.983 52.198
990.298 52.137
990.612 52.244
990.926 52.244
991.241 52.237
991.555 52.288
991.869 52.351
992.184 52.365
992.498 52.378
992.812 52.388
993.127 52.414
993.441 52.388
993.755 52.302
994.070 52.242
994.384 52.203
994.698 52.160
995.013 52.171
995.327 52.076
995.641 52.026
995.956 52.089
996.270 52.086
996.584 52.074
996.899 52.068
997.213 52.094
997.527 51.994
997.841 51.816
998.156 51.755
998.470 51.657
998.784 51.635
999.099 51.739
999.413 51.721
999.727 51.736