200.182 76.871
200.437 76.282
200.691 75.681
200.946 75.062
201.201 74.205
201.455 73.538
201.710 72.974
201.964 72.468
202.219 72.014
202.474 71.415
202.728 70.729
202.983 70.089
203.237 69.389
203.492 68.539
203.747 67.705
204.001 67.023
204.256 66.068
204.510 64.910
204.765 63.988
205.020 63.286
205.274 62.558
205.529 61.692
205.783 60.909
206.038 59.893
206.293 58.760
206.547 57.708
206.802 56.586
207.057 55.550
207.311 54.630
207.566 53.788
207.820 52.972
208.075 52.122
208.330 51.274
208.584 50.357
208.839 49.603
209.093 48.961
209.348 48.007
209.603 46.975
209.857 46.081
210.112 45.237
210.366 44.425
210.621 43.639
210.876 42.850
211.130 42.159
211.385 41.510
211.639 40.768
211.894 39.843
212.149 38.975
212.403 38.208
212.658 37.467
212.913 36.765
213.167 36.074
213.422 35.482
213.676 34.803
213.931 34.101
214.186 33.399
214.440 32.741
214.695 32.143
214.949 31.690
215.204 31.195
215.459 30.660
215.713 30.116
215.968 29.547
216.222 28.928
216.477 28.336
216.732 27.928
216.986 27.419
217.241 26.801
217.495 26.259
217.750 25.780
218.005 25.376
218.259 25.004
218.514 24.534
218.769 23.966
219.023 23.483
219.278 23.053
219.532 22.534
219.787 22.105
220.042 21.737
220.296 21.356
220.551 20.942
220.805 20.590
221.060 20.214
221.315 19.833
221.569 19.450
221.824 19.110
222.078 18.844
222.333 18.515
222.588 18.179
222.842 17.835
223.097 17.507
223.351 17.176
223.606 16.756
223.861 16.303
224.115 15.900
224.370 15.542
224.625 15.163
224.879 14.820
225.134 14.477
225.388 14.188
225.643 13.911
225.898 13.650
226.152 13.392
226.407 13.112
226.661 12.753
226.916 12.442
227.171 12.141
227.425 11.867
227.680 11.624
227.934 11.406
228.189 11.162
228.444 10.915
228.698 10.641
228.953 10.383
229.208 10.163
229.462 9.940
229.717 9.752
229.971 9.534
230.226 9.346
230.481 9.114
230.735 8.913
230.990 8.756
231.244 8.590
231.499 8.400
231.754 8.226
232.008 8.085
232.263 7.973
232.517 7.829
232.772 7.706
233.027 7.560
233.281 7.415
233.536 7.276
233.790 7.117
234.045 6.971
234.300 6.857
234.554 6.751
234.809 6.625
235.064 6.521
235.318 6.444
235.573 6.368
235.827 6.278
236.082 6.183
236.337 6.113
236.591 6.043
236.846 5.969
237.100 5.889
237.355 5.833
237.610 5.782
237.864 5.707
238.119 5.660
238.373 5.602
238.628 5.542
238.883 5.507
239.137 5.463
239.392 5.415
239.646 5.385
239.901 5.359
240.156 5.325
240.410 5.305
240.665 5.275
240.920 5.236
241.174 5.216
241.429 5.196
241.683 5.169
241.938 5.139
242.193 5.119
242.447 5.098
242.702 5.082
242.956 5.066
243.211 5.048
243.466 5.028
243.720 5.020
243.975 5.015
244.229 5.004
244.484 4.984
244.739 4.971
244.993 4.969
245.248 4.962
245.503 4.961
245.757 4.961
246.012 4.958
246.266 4.956
246.521 4.956
246.776 4.966
247.030 4.963
247.285 4.948
247.539 4.938
247.794 4.935
248.049 4.931
248.303 4.927
248.558 4.935
248.812 4.933
249.067 4.910
249.322 4.905
249.576 4.910
249.831 4.909
250.085 4.904
250.340 4.911
250.595 4.922
250.849 4.933
251.104 4.940
251.359 4.943
251.613 4.945
251.868 4.942
252.122 4.932
252.377 4.926
252.632 4.928
252.886 4.922
253.141 4.911
253.395 4.910
253.650 4.912
253.905 4.911
254.161 4.910
254.416 4.907
254.672 4.915
254.927 4.929
255.183 4.929
255.438 4.924
255.694 4.931
255.949 4.936
256.205 4.931
256.460 4.928
256.715 4.927
256.971 4.933
257.226 4.938
257.482 4.941
257.737 4.941
257.993 4.938
258.248 4.942
258.504 4.943
258.759 4.936
259.014 4.938
259.270 4.937
259.525 4.932
259.781 4.938
260.036 4.963
260.292 4.976
260.547 4.975
260.803 4.977
261.058 4.982
261.314 4.982
261.569 4.980
261.824 4.981
262.080 4.982
262.335 4.985
262.591 5.001
262.846 5.010
263.102 5.005
263.357 4.996
263.613 4.999
263.868 5.000
264.123 4.997
264.379 4.993
264.634 4.991
264.890 4.988
265.145 4.999
265.401 5.002
265.656 4.998
265.912 4.989
266.167 4.975
266.423 4.965
266.678 4.956
266.933 4.949
267.189 4.942
267.444 4.937
267.700 4.938
267.955 4.936
268.211 4.928
268.466 4.925
268.722 4.921
268.977 4.922
269.232 4.924
269.488 4.920
269.743 4.915
269.999 4.913
270.254 4.916
270.510 4.913
270.765 4.905
271.021 4.902
271.276 4.898
271.532 4.898
271.787 4.902
272.042 4.903
272.298 4.892
272.553 4.881
272.809 4.875
273.064 4.877
273.320 4.881
273.575 4.881
273.831 4.873
274.086 4.871
274.342 4.869
274.597 4.858
274.852 4.854
275.108 4.856
275.363 4.846
275.619 4.822
275.874 4.801
276.130 4.792
276.385 4.787
276.641 4.782
276.896 4.773
277.151 4.770
277.407 4.764
277.662 4.751
277.918 4.736
278.173 4.719
278.429 4.711
278.684 4.712
278.940 4.711
279.195 4.702
279.451 4.696
279.706 4.686
279.961 4.684
280.217 4.687
280.472 4.688
280.728 4.677
280.983 4.670
281.239 4.666
281.494 4.663
281.750 4.664
282.005 4.660
282.260 4.659
282.516 4.654
282.771 4.649
283.027 4.643
283.282 4.636
283.538 4.626
283.793 4.618
284.049 4.612
284.304 4.605
284.560 4.599
284.815 4.587
285.070 4.579
285.326 4.578
285.581 4.574
285.837 4.558
286.092 4.544
286.348 4.540
286.603 4.537
286.859 4.531
287.114 4.525
287.369 4.516
287.625 4.513
287.880 4.515
288.136 4.518
288.391 4.513
288.647 4.505
288.902 4.491
289.158 4.482
289.413 4.476
289.669 4.470
289.924 4.470
290.179 4.473
290.435 4.471
290.690 4.463
290.946 4.459
291.201 4.461
291.457 4.463
291.712 4.461
291.968 4.458
292.223 4.451
292.479 4.448
292.734 4.434
292.989 4.429
293.245 4.433
293.500 4.432
293.756 4.425
294.011 4.422
294.267 4.419
294.522 4.413
294.778 4.416
295.033 4.416
295.288 4.416
295.544 4.413
295.799 4.405
296.055 4.397
296.310 4.394
296.566 4.394
296.821 4.402
297.077 4.404
297.332 4.399
297.588 4.390
297.843 4.381
298.098 4.375
298.354 4.375
298.609 4.375
298.865 4.373
299.120 4.374
299.376 4.371
299.631 4.365
299.887 4.367
300.142 4.371
300.397 4.371
300.653 4.368
300.908 4.363
301.164 4.361
301.419 4.363
301.675 4.364
301.930 4.363
302.186 4.363
302.441 4.362
302.697 4.361
302.952 4.360
303.207 4.359
303.463 4.360
303.718 4.352
303.974 4.353
304.229 4.361
304.485 4.361
304.740 4.364
304.996 4.372
305.251 4.374
305.506 4.369
305.762 4.364
306.017 4.359
306.273 4.361
306.528 4.364
306.784 4.371
307.039 4.377
307.295 4.375
307.550 4.369
307.806 4.376
308.061 4.381
308.316 4.384
308.572 4.384
308.827 4.384
309.083 4.386
309.338 4.390
309.594 4.389
309.849 4.394
310.105 4.400
310.360 4.398
310.615 4.396
310.871 4.394
311.126 4.394
311.382 4.404
311.637 4.412
311.893 4.412
312.148 4.408
312.404 4.398
312.659 4.393
312.915 4.393
313.170 4.395
313.429 4.398
313.688 4.403
313.947 4.405
314.206 4.408
314.465 4.413
314.724 4.413
314.983 4.416
315.242 4.420
315.501 4.419
315.760 4.419
316.019 4.428
316.278 4.439
316.536 4.444
316.795 4.446
317.054 4.456
317.313 4.464
317.572 4.475
317.831 4.488
318.090 4.496
318.349 4.498
318.608 4.501
318.867 4.502
319.126 4.502
319.385 4.512
319.644 4.521
319.903 4.521
320.162 4.527
320.421 4.529
320.680 4.526
320.939 4.529
321.198 4.532
321.457 4.534
321.716 4.540
321.975 4.542
322.234 4.544
322.493 4.546
322.752 4.549
323.010 4.556
323.269 4.563
323.528 4.562
323.787 4.564
324.046 4.574
324.305 4.587
324.564 4.598
324.823 4.601
325.082 4.606
325.341 4.614
325.600 4.626
325.859 4.637
326.118 4.657
326.377 4.674
326.636 4.683
326.895 4.689
327.154 4.688
327.413 4.691
327.672 4.699
327.931 4.710
328.190 4.722
328.449 4.736
328.708 4.750
328.967 4.764
329.226 4.784
329.485 4.798
329.743 4.803
330.002 4.807
330.261 4.812
330.520 4.821
330.779 4.825
331.038 4.840
331.297 4.859
331.556 4.874
331.815 4.884
332.074 4.883
332.333 4.895
332.592 4.916
332.851 4.926
333.110 4.938
333.369 4.941
333.628 4.944
333.887 4.945
334.146 4.951
334.405 4.965
334.664 4.985
334.923 5.012
335.182 5.035
335.441 5.042
335.700 5.047
335.959 5.063
336.217 5.084
336.476 5.112
336.735 5.137
336.994 5.163
337.253 5.194
337.512 5.220
337.771 5.239
338.030 5.253
338.289 5.272
338.548 5.293
338.807 5.316
339.066 5.344
339.325 5.359
339.584 5.378
339.843 5.396
340.102 5.407
340.361 5.419
340.620 5.438
340.879 5.453
341.138 5.466
341.397 5.472
341.656 5.480
341.915 5.494
342.174 5.507
342.433 5.532
342.691 5.570
342.950 5.601
343.209 5.622
343.468 5.643
343.727 5.667
343.986 5.694
344.245 5.716
344.504 5.737
344.763 5.763
345.022 5.777
345.281 5.790
345.540 5.814
345.799 5.838
346.058 5.865
346.317 5.892
346.576 5.919
346.835 5.938
347.094 5.960
347.353 5.983
347.612 5.995
347.871 6.021
348.130 6.046
348.389 6.057
348.648 6.066
348.907 6.079
349.166 6.110
349.424 6.135
349.683 6.161
349.942 6.193
350.201 6.219
350.460 6.240
350.719 6.252
350.978 6.259
351.237 6.283
351.496 6.313
351.755 6.327
352.014 6.340
352.273 6.352
352.532 6.357
352.791 6.369
353.050 6.397
353.309 6.424
353.568 6.437
353.827 6.452
354.086 6.463
354.345 6.466
354.604 6.473
354.863 6.473
355.122 6.499
355.381 6.523
355.640 6.543
355.898 6.560
356.157 6.578
356.416 6.606
356.675 6.641
356.934 6.665
357.193 6.699
357.452 6.732
357.711 6.744
357.970 6.766
358.229 6.791
358.488 6.798
358.747 6.805
359.006 6.821
359.265 6.855
359.524 6.893
359.783 6.923
360.042 6.944
360.301 6.960
360.560 6.979
360.819 6.998
361.078 7.012
361.337 7.025
361.596 7.052
361.855 7.080
362.114 7.101
362.372 7.132
362.631 7.162
362.890 7.179
363.149 7.188
363.408 7.214
363.667 7.235
363.926 7.255
364.185 7.286
364.444 7.314
364.703 7.340
364.962 7.346
365.221 7.365
365.480 7.394
365.745 7.410
366.009 7.431
366.274 7.455
366.539 7.474
366.804 7.496
367.068 7.518
367.333 7.537
367.598 7.559
367.863 7.574
368.127 7.586
368.392 7.612
368.657 7.641
368.921 7.646
369.186 7.652
369.451 7.678
369.716 7.705
369.980 7.729
370.245 7.762
370.510 7.792
370.775 7.822
371.039 7.839
371.304 7.849
371.569 7.853
371.834 7.873
372.098 7.900
372.363 7.923
372.628 7.940
372.892 7.965
373.157 7.972
373.422 7.977
373.687 7.997
373.951 8.015
374.216 8.021
374.481 8.034
374.746 8.055
375.010 8.072
375.275 8.078
375.540 8.075
375.804 8.072
376.069 8.078
376.334 8.095
376.599 8.109
376.863 8.122
377.128 8.141
377.393 8.159
377.658 8.173
377.922 8.175
378.187 8.190
378.452 8.201
378.716 8.208
378.981 8.223
379.246 8.247
379.511 8.266
379.775 8.289
380.040 8.306
380.305 8.315
380.570 8.329
380.834 8.348
381.099 8.377
381.364 8.394
381.629 8.402
381.893 8.416
382.158 8.426
382.423 8.428
382.687 8.436
382.952 8.448
383.217 8.455
383.482 8.462
383.746 8.469
384.011 8.489
384.276 8.516
384.541 8.521
384.805 8.512
385.070 8.513
385.335 8.519
385.599 8.526
385.864 8.536
386.129 8.551
386.394 8.558
386.658 8.562
386.923 8.570
387.188 8.575
387.453 8.578
387.717 8.590
387.982 8.597
388.247 8.600
388.511 8.590
388.776 8.587
389.041 8.593
389.306 8.602
389.570 8.604
389.835 8.604
390.100 8.608
390.365 8.623
390.629 8.631
390.894 8.635
391.159 8.644
391.424 8.649
391.688 8.639
391.953 8.635
392.218 8.646
392.482 8.657
392.747 8.664
393.012 8.672
393.277 8.690
393.541 8.709
393.806 8.713
394.071 8.727
394.336 8.731
394.600 8.729
394.865 8.733
395.130 8.735
395.394 8.736
395.659 8.742
395.924 8.745
396.189 8.743
396.453 8.742
396.718 8.746
396.983 8.742
397.248 8.743
397.512 8.748
397.777 8.752
398.042 8.744
398.306 8.746
398.571 8.754
398.836 8.758
399.101 8.759
399.365 8.762
399.630 8.776
399.895 8.796
400.160 8.802
400.424 8.792
400.689 8.800
400.954 8.820
401.219 8.839
401.483 8.853
401.748 8.856
402.013 8.861
402.277 8.864
402.542 8.870
402.807 8.886
403.072 8.903
403.336 8.914
403.601 8.928
403.866 8.943
404.131 8.958
404.395 8.975
404.660 8.996
404.929 9.003
405.198 9.000
405.466 9.006
405.735 9.022
406.004 9.047
406.273 9.061
406.542 9.059
406.810 9.059
407.079 9.068
407.348 9.078
407.617 9.085
407.886 9.100
408.154 9.112
408.423 9.118
408.692 9.125
408.961 9.133
409.229 9.149
409.498 9.160
409.767 9.164
410.036 9.172
410.305 9.176
410.573 9.190
410.842 9.200
411.111 9.207
411.380 9.214
411.649 9.215
411.917 9.214
412.186 9.215
412.455 9.218
412.724 9.224
412.993 9.230
413.261 9.237
413.530 9.234
413.799 9.238
414.068 9.252
414.337 9.268
414.605 9.283
414.874 9.292
415.143 9.299
415.412 9.306
415.681 9.310
415.949 9.303
416.218 9.300
416.487 9.299
416.756 9.307
417.024 9.320
417.293 9.321
417.562 9.323
417.831 9.326
418.100 9.339
418.368 9.350
418.637 9.350
418.906 9.355
419.175 9.363
419.444 9.359
419.712 9.362
419.981 9.369
420.250 9.376
420.519 9.376
420.788 9.368
421.056 9.358
421.325 9.357
421.594 9.361
421.863 9.358
422.132 9.352
422.400 9.338
422.669 9.331
422.938 9.332
423.207 9.331
423.476 9.327
423.744 9.326
424.013 9.330
424.282 9.336
424.551 9.345
424.819 9.346
425.088 9.338
425.357 9.337
425.626 9.335
425.895 9.335
426.163 9.336
426.432 9.341
426.701 9.338
426.970 9.326
427.239 9.318
427.507 9.311
427.776 9.314
428.045 9.321
428.314 9.321
428.583 9.329
428.851 9.336
429.120 9.336
429.389 9.336
429.658 9.338
429.927 9.347
430.195 9.350
430.464 9.346
430.733 9.347
431.002 9.344
431.271 9.339
431.539 9.333
431.808 9.329
432.077 9.334
432.346 9.345
432.614 9.351
432.883 9.351
433.152 9.364
433.421 9.372
433.690 9.367
433.958 9.365
434.227 9.362
434.496 9.352
434.765 9.346
435.034 9.350
435.302 9.347
435.571 9.331
435.840 9.318
436.116 9.316
436.393 9.319
436.669 9.316
436.945 9.313
437.221 9.323
437.498 9.333
437.774 9.344
438.050 9.353
438.326 9.358
438.603 9.362
438.879 9.371
439.155 9.372
439.431 9.376
439.708 9.383
439.984 9.386
440.260 9.388
440.537 9.387
440.813 9.388
441.089 9.393
441.365 9.396
441.642 9.397
441.918 9.395
442.194 9.392
442.470 9.378
442.747 9.364
443.023 9.353
443.299 9.354
443.575 9.363
443.852 9.368
444.128 9.374
444.404 9.375
444.680 9.370
444.957 9.370
445.233 9.366
445.509 9.366
445.786 9.366
446.062 9.361
446.338 9.360
446.614 9.355
446.891 9.353
447.167 9.352
447.443 9.355
447.719 9.352
447.996 9.351
448.272 9.352
448.548 9.357
448.824 9.351
449.101 9.346
449.377 9.344
449.653 9.350
449.930 9.343
450.206 9.334
450.482 9.341
450.758 9.345
451.035 9.349
451.311 9.350
451.587 9.349
451.863 9.350
452.140 9.355
452.416 9.362
452.692 9.371
452.968 9.367
453.245 9.358
453.521 9.360
453.797 9.363
454.074 9.348
454.350 9.339
454.626 9.339
454.902 9.341
455.179 9.344
455.455 9.343
455.731 9.337
456.007 9.334
456.284 9.329
456.560 9.321
456.836 9.319
457.112 9.315
457.389 9.312
457.665 9.307
457.941 9.294
458.218 9.288
458.494 9.286
458.770 9.281
459.046 9.278
459.323 9.285
459.599 9.292
459.875 9.291
460.151 9.291
460.428 9.290
460.704 9.291
460.980 9.289
461.256 9.288
461.533 9.292
461.809 9.292
462.085 9.290
462.361 9.289
462.638 9.290
462.914 9.295
463.190 9.289
463.467 9.286
463.743 9.277
464.019 9.263
464.295 9.255
464.572 9.256
464.848 9.259
465.124 9.265
465.400 9.267
465.677 9.270
465.953 9.270
466.229 9.270
466.505 9.270
466.782 9.264
467.058 9.257
467.334 9.257
467.611 9.252
467.887 9.248
468.163 9.246
468.439 9.242
468.716 9.234
468.992 9.223
469.268 9.217
469.544 9.218
469.821 9.221
470.097 9.220
470.373 9.217
470.649 9.213
470.926 9.217
471.202 9.214
471.478 9.207
471.755 9.200
472.031 9.204
472.307 9.207
472.583 9.204
472.860 9.210
473.136 9.221
473.412 9.227
473.688 9.226
473.965 9.222
474.241 9.217
474.517 9.221
474.793 9.223
475.070 9.221
475.346 9.221
475.622 9.226
475.899 9.223
476.175 9.212
476.451 9.209
476.727 9.210
477.004 9.205
477.280 9.195
477.556 9.185
477.832 9.179
478.109 9.171
478.385 9.162
478.661 9.151
478.937 9.140
479.214 9.130
479.490 9.123
479.766 9.117
480.043 9.123
480.319 9.121
480.595 9.119
480.871 9.126
481.148 9.126
481.424 9.115
481.700 9.111
481.976 9.111
482.253 9.106
482.529 9.103
482.805 9.101
483.081 9.098
483.358 9.092
483.634 9.093
483.910 9.089
484.186 9.086
484.463 9.085
484.739 9.081
485.015 9.079
485.292 9.083
485.568 9.085
485.844 9.087
486.120 9.088
486.397 9.080
486.673 9.074
486.949 9.072
487.225 9.066
487.502 9.064
487.778 9.062
488.054 9.063
488.330 9.062
488.607 9.055
488.883 9.040
489.159 9.030
489.436 9.026
489.712 9.013
489.988 9.002
490.264 9.000
490.541 8.998
490.817 8.997
491.093 8.996
491.369 8.995
491.646 8.996
491.922 8.995
492.198 8.989
492.474 8.982
492.751 8.984
493.027 8.986
493.303 8.984
493.580 8.982
493.856 8.990
494.132 8.997
494.408 8.994
494.685 8.994
494.961 8.991
495.237 8.992
495.513 8.998
495.790 9.005
496.066 9.017
496.342 9.027
496.618 9.033
496.895 9.032
497.171 9.026
497.447 9.021
497.724 9.014
498.000 9.007
498.276 9.009
498.552 9.009
498.829 9.002
499.105 8.993
499.381 8.988
499.657 8.983
499.934 8.973
500.210 8.970
500.486 8.971
500.762 8.974
501.039 8.966
501.315 8.958
501.591 8.960
501.867 8.965
502.144 8.966
502.420 8.962
502.696 8.958
502.973 8.955
503.249 8.949
503.525 8.945
503.801 8.947
504.078 8.948
504.354 8.937
504.630 8.934
504.906 8.932
505.183 8.927
505.459 8.925
505.735 8.925
506.011 8.925
506.288 8.926
506.564 8.930
506.840 8.929
507.117 8.934
507.393 8.938
507.669 8.937
507.945 8.936
508.222 8.937
508.498 8.934
508.774 8.937
509.050 8.939
509.327 8.937
509.603 8.936
509.879 8.940
510.155 8.936
510.432 8.933
510.708 8.926
510.984 8.918
511.261 8.922
511.537 8.921
511.813 8.921
512.089 8.920
512.366 8.919
512.642 8.918
512.918 8.904
513.194 8.891
513.471 8.886
513.747 8.883
514.023 8.887
514.299 8.890
514.576 8.892
514.852 8.900
515.128 8.908
515.405 8.905
515.681 8.904
515.957 8.910
516.233 8.910
516.510 8.909
516.786 8.914
517.062 8.915
517.338 8.910
517.615 8.907
517.891 8.909
518.167 8.909
518.443 8.902
518.720 8.892
518.996 8.881
519.272 8.872
519.548 8.868
519.825 8.866
520.101 8.875
520.377 8.890
520.654 8.892
520.930 8.888
521.206 8.893
521.482 8.892
521.759 8.892
522.035 8.891
522.311 8.889
522.587 8.886
522.864 8.890
523.140 8.890
523.416 8.884
523.692 8.879
523.969 8.869
524.245 8.863
524.521 8.861
524.798 8.856
525.074 8.843
525.350 8.838
525.626 8.840
525.903 8.834
526.179 8.827
526.455 8.823
526.731 8.824
527.008 8.828
527.284 8.828
527.560 8.824
527.836 8.820
528.113 8.820
528.389 8.820
528.665 8.822
528.942 8.820
529.218 8.820
529.494 8.827
529.770 8.834
530.047 8.831
530.323 8.828
530.599 8.827
530.875 8.827
531.152 8.828
531.428 8.823
531.704 8.815
531.980 8.807
532.257 8.804
532.533 8.803
532.809 8.803
533.086 8.804
533.362 8.801
533.638 8.794
533.914 8.792
534.191 8.787
534.467 8.783
534.743 8.786
535.019 8.789
535.296 8.790
535.572 8.795
535.848 8.801
536.124 8.803
536.401 8.804
536.677 8.803
536.953 8.800
537.230 8.786
537.506 8.779
537.782 8.780
538.058 8.781
538.335 8.781
538.611 8.780
538.887 8.779
539.163 8.780
539.440 8.784
539.716 8.779
539.992 8.776
540.268 8.781
540.545 8.781
540.821 8.778
541.097 8.775
541.373 8.774
541.650 8.776
541.926 8.780
542.202 8.781
542.479 8.779
542.755 8.782
543.031 8.783
543.307 8.783
543.584 8.778
543.860 8.776
544.136 8.774
544.412 8.776
544.689 8.785
544.965 8.787
545.241 8.782
545.517 8.781
545.794 8.780
546.070 8.780
546.356 8.772
546.642 8.761
546.928 8.765
547.214 8.765
547.500 8.758
547.786 8.757
548.072 8.755
548.358 8.760
548.644 8.764
548.930 8.764
549.216 8.768
549.502 8.769
549.788 8.766
550.074 8.766
550.360 8.768
550.646 8.771
550.932 8.772
551.218 8.775
551.504 8.775
551.790 8.772
552.076 8.766
552.362 8.764
552.648 8.758
552.934 8.752
553.220 8.753
553.506 8.754
553.793 8.758
554.079 8.760
554.365 8.763
554.651 8.763
554.937 8.760
555.223 8.764
555.509 8.771
555.795 8.771
556.081 8.771
556.367 8.773
556.653 8.779
556.939 8.782
557.225 8.785
557.511 8.783
557.797 8.781
558.083 8.785
558.369 8.786
558.655 8.785
558.941 8.786
559.227 8.787
559.513 8.786
559.799 8.787
560.085 8.789
560.371 8.793
560.657 8.796
560.943 8.791
561.229 8.791
561.515 8.792
561.801 8.790
562.087 8.780
562.373 8.770
562.659 8.768
562.945 8.765
563.231 8.768
563.517 8.761
563.803 8.756
564.089 8.760
564.375 8.759
564.661 8.761
564.947 8.762
565.233 8.753
565.519 8.755
565.805 8.758
566.091 8.758
566.377 8.754
566.663 8.749
566.949 8.747
567.235 8.747
567.521 8.746
567.807 8.746
568.093 8.747
568.379 8.746
568.665 8.746
568.951 8.751
569.237 8.751
569.524 8.751
569.810 8.751
570.096 8.755
570.382 8.762
570.668 8.768
570.954 8.770
571.240 8.767
571.526 8.761
571.812 8.760
572.098 8.765
572.384 8.770
572.670 8.769
572.956 8.766
573.242 8.763
573.528 8.767
573.814 8.767
574.100 8.760
574.386 8.756
574.672 8.753
574.958 8.754
575.244 8.758
575.530 8.760
575.816 8.765
576.102 8.768
576.388 8.765
576.674 8.769
576.960 8.771
577.248 8.775
577.536 8.779
577.824 8.779
578.113 8.780
578.401 8.785
578.689 8.784
578.977 8.790
579.265 8.794
579.553 8.796
579.841 8.804
580.130 8.812
580.418 8.812
580.706 8.808
580.994 8.813
581.282 8.822
581.570 8.827
581.858 8.827
582.147 8.825
582.435 8.829
582.723 8.838
583.011 8.842
583.299 8.840
583.587 8.842
583.875 8.847
584.164 8.854
584.452 8.862
584.740 8.866
585.028 8.872
585.316 8.876
585.604 8.880
585.892 8.881
586.181 8.884
586.469 8.887
586.757 8.891
587.045 8.896
587.333 8.900
587.621 8.904
587.909 8.901
588.198 8.898
588.486 8.902
588.774 8.904
589.062 8.910
589.350 8.911
589.638 8.908
589.927 8.904
590.215 8.902
590.503 8.908
590.791 8.914
591.079 8.915
591.367 8.916
591.655 8.920
591.944 8.930
592.232 8.936
592.520 8.940
592.808 8.942
593.096 8.945
593.384 8.946
593.672 8.947
593.961 8.951
594.249 8.951
594.537 8.954
594.825 8.956
595.113 8.955
595.401 8.958
595.689 8.961
595.978 8.967
596.266 8.975
596.554 8.976
596.842 8.980
597.130 8.990
597.418 9.005
597.706 9.018
597.995 9.026
598.283 9.029
598.571 9.029
598.859 9.033
599.147 9.037
599.435 9.050
599.723 9.061
600.012 9.069
600.300 9.070
600.588 9.070
600.876 9.077
601.164 9.077
601.452 9.085
601.740 9.090
602.029 9.091
602.317 9.098
602.605 9.102
602.893 9.104
603.181 9.106
603.469 9.112
603.757 9.116
604.046 9.114
604.334 9.115
604.622 9.123
604.910 9.135
605.198 9.140
605.486 9.153
605.774 9.162
606.063 9.163
606.351 9.171
606.639 9.179
606.927 9.188
607.215 9.199
607.503 9.209
607.791 9.222
608.080 9.229
608.368 9.235
608.656 9.240
608.944 9.247
609.232 9.257
609.520 9.264
609.808 9.277
610.097 9.293
610.385 9.306
610.673 9.325
610.961 9.335
611.249 9.350
611.537 9.365
611.825 9.370
612.114 9.373
612.402 9.377
612.690 9.382
612.978 9.387
613.266 9.389
613.554 9.398
613.843 9.409
614.131 9.413
614.419 9.412
614.707 9.413
614.995 9.412
615.283 9.412
615.571 9.431
615.860 9.456
616.148 9.468
616.436 9.475
616.724 9.483
617.012 9.489
617.300 9.493
617.588 9.497
617.877 9.507
618.165 9.512
618.453 9.521
618.741 9.539
619.029 9.543
619.317 9.547
619.605 9.554
619.894 9.563
620.182 9.574
620.470 9.578
620.758 9.586
621.046 9.597
621.334 9.607
621.622 9.620
621.911 9.638
622.199 9.650
622.487 9.653
622.775 9.657
623.063 9.658
623.351 9.663
623.639 9.675
623.928 9.682
624.216 9.686
624.504 9.692
624.792 9.696
625.080 9.703
625.368 9.705
625.656 9.711
625.945 9.724
626.233 9.736
626.521 9.745
626.809 9.747
627.097 9.750
627.385 9.756
627.673 9.757
627.962 9.762
628.250 9.764
628.538 9.766
628.826 9.769
629.114 9.773
629.402 9.787
629.690 9.810
629.979 9.827
630.267 9.837
630.555 9.853
630.843 9.870
631.131 9.874
631.419 9.873
631.707 9.885
631.996 9.908
632.284 9.923
632.572 9.927
632.860 9.930
633.148 9.929
633.436 9.925
633.724 9.937
634.013 9.950
634.301 9.962
634.589 9.961
634.877 9.967
635.165 9.980
635.453 9.987
635.741 9.996
636.030 10.003
636.318 10.006
636.606 10.016
636.894 10.025
637.182 10.038
637.470 10.047
637.759 10.052
638.047 10.066
638.335 10.075
638.623 10.081
638.911 10.089
639.199 10.098
639.487 10.111
639.776 10.119
640.064 10.133
640.352 10.144
640.640 10.161
640.928 10.175
641.216 10.180
641.504 10.187
641.793 10.199
642.081 10.206
642.369 10.214
642.657 10.221
642.945 10.234
643.233 10.249
643.521 10.260
643.810 10.272
644.098 10.285
644.386 10.295
644.674 10.305
644.962 10.310
645.250 10.315
645.538 10.316
645.827 10.314
646.115 10.320
646.403 10.326
646.691 10.329
646.979 10.334
647.267 10.329
647.555 10.321
647.844 10.327
648.132 10.327
648.420 10.325
648.708 10.330
648.996 10.339
649.284 10.345
649.572 10.344
649.861 10.346
650.149 10.359
650.437 10.378
650.725 10.386
651.013 10.394
651.301 10.402
651.589 10.403
651.878 10.402
652.166 10.419
652.454 10.438
652.742 10.449
653.030 10.467
653.318 10.482
653.606 10.498
653.895 10.512
654.183 10.521
654.471 10.539
654.759 10.549
655.047 10.556
655.335 10.567
655.623 10.579
655.912 10.592
656.200 10.604
656.488 10.619
656.776 10.625
657.064 10.622
657.352 10.628
657.640 10.638
657.929 10.652
658.217 10.665
658.505 10.678
658.793 10.693
659.081 10.710
659.369 10.723
659.657 10.739
659.946 10.754
660.234 10.771
660.522 10.782
660.810 10.786
661.098 10.790
661.386 10.796
661.675 10.805
661.963 10.820
662.251 10.830
662.539 10.846
662.827 10.862
663.115 10.881
663.403 10.902
663.692 10.921
663.980 10.939
664.268 10.960
664.556 10.976
664.844 10.997
665.132 11.018
665.420 11.035
665.709 11.053
665.997 11.073
666.285 11.096
666.573 11.114
666.861 11.131
667.149 11.152
667.437 11.169
667.726 11.187
668.014 11.200
668.302 11.214
668.590 11.236
668.878 11.261
669.166 11.286
669.454 11.309
669.743 11.323
670.031 11.331
670.319 11.340
670.607 11.360
670.895 11.387
671.183 11.397
671.471 11.405
671.760 11.420
672.048 11.430
672.336 11.446
672.624 11.469
672.912 11.486
673.200 11.504
673.488 11.523
673.777 11.542
674.065 11.554
674.353 11.564
674.641 11.578
674.929 11.593
675.217 11.603
675.505 11.616
675.794 11.623
676.082 11.637
676.370 11.650
676.658 11.666
676.946 11.687
677.234 11.701
677.522 11.710
677.811 11.724
678.099 11.740
678.387 11.755
678.675 11.769
678.963 11.788
679.251 11.811
679.539 11.830
679.828 11.846
680.116 11.865
680.404 11.884
680.692 11.900
680.980 11.913
681.268 11.929
681.556 11.939
681.845 11.946
682.133 11.959
682.421 11.976
682.709 11.994
682.997 12.013
683.285 12.029
683.573 12.040
683.862 12.049
684.150 12.068
684.438 12.087
684.726 12.098
685.014 12.118
685.302 12.127
685.591 12.144
685.879 12.163
686.167 12.175
686.455 12.181
686.743 12.189
687.031 12.198
687.319 12.216
687.608 12.235
687.896 12.253
688.184 12.265
688.472 12.274
688.760 12.291
689.048 12.306
689.336 12.319
689.625 12.332
689.913 12.344
690.201 12.356
690.489 12.362
690.777 12.367
691.065 12.381
691.353 12.396
691.642 12.424
691.930 12.445
692.218 12.459
692.506 12.474
692.794 12.495
693.082 12.518
693.370 12.533
693.659 12.546
693.947 12.562
694.235 12.569
694.523 12.576
694.811 12.595
695.099 12.630
695.387 12.656
695.676 12.673
695.964 12.701
696.252 12.729
696.540 12.758
696.836 12.774
697.133 12.782
697.429 12.798
697.725 12.816
698.021 12.842
698.318 12.868
698.614 12.884
698.910 12.909
699.207 12.939
699.503 12.966
699.799 12.986
700.095 13.000
700.392 13.012
700.688 13.022
700.984 13.047
701.281 13.083
701.577 13.120
701.873 13.149
702.169 13.185
702.466 13.217
702.762 13.235
703.058 13.254
703.355 13.271
703.651 13.296
703.947 13.312
704.243 13.328
704.540 13.351
704.836 13.376
705.132 13.392
705.428 13.406
705.725 13.422
706.021 13.431
706.317 13.439
706.614 13.455
706.910 13.484
707.206 13.516
707.502 13.551
707.799 13.578
708.095 13.603
708.391 13.637
708.688 13.673
708.984 13.689
709.280 13.698
709.576 13.698
709.873 13.718
710.169 13.742
710.465 13.769
710.762 13.793
711.058 13.811
711.354 13.838
711.650 13.866
711.947 13.906
712.243 13.939
712.539 13.971
712.836 13.998
713.132 14.012
713.428 14.027
713.724 14.049
714.021 14.062
714.317 14.079
714.613 14.088
714.910 14.103
715.206 14.141
715.502 14.171
715.798 14.189
716.095 14.197
716.391 14.217
716.687 14.246
716.984 14.261
717.280 14.283
717.576 14.298
717.872 14.326
718.169 14.351
718.465 14.373
718.761 14.403
719.058 14.422
719.354 14.432
719.650 14.436
719.946 14.439
720.243 14.442
720.539 14.452
720.835 14.471
721.131 14.501
721.428 14.528
721.724 14.546
722.020 14.562
722.317 14.587
722.613 14.614
722.909 14.637
723.205 14.663
723.502 14.692
723.798 14.728
724.094 14.766
724.391 14.795
724.687 14.819
724.983 14.850
725.279 14.871
725.576 14.885
725.872 14.912
726.168 14.929
726.465 14.941
726.761 14.962
727.057 14.996
727.353 15.037
727.650 15.077
727.946 15.106
728.242 15.136
728.539 15.163
728.835 15.188
729.131 15.212
729.427 15.240
729.724 15.260
730.020 15.271
730.316 15.295
730.613 15.309
730.909 15.329
731.205 15.354
731.501 15.381
731.798 15.412
732.094 15.447
732.390 15.469
732.687 15.492
732.983 15.517
733.279 15.538
733.575 15.558
733.872 15.573
734.168 15.601
734.464 15.623
734.761 15.645
735.057 15.666
735.353 15.692
735.649 15.725
735.946 15.751
736.242 15.784
736.538 15.815
736.835 15.838
737.131 15.858
737.427 15.886
737.723 15.920
738.020 15.957
738.316 15.992
738.612 16.027
738.909 16.052
739.205 16.079
739.501 16.107
739.797 16.143
740.094 16.192
740.390 16.222
740.686 16.243
740.982 16.270
741.279 16.292
741.575 16.320
741.871 16.334
742.168 16.354
742.464 16.379
742.760 16.411
743.056 16.430
743.353 16.461
743.649 16.502
743.945 16.534
744.242 16.565
744.538 16.606
744.834 16.631
745.130 16.644
745.427 16.659
745.723 16.682
746.019 16.704
746.316 16.717
746.612 16.735
746.908 16.752
747.204 16.772
747.501 16.796
747.797 16.826
748.093 16.851
748.390 16.869
748.686 16.910
748.982 16.951
749.278 16.978
749.575 17.003
749.871 17.031
750.167 17.051
750.464 17.078
750.760 17.109
751.056 17.139
751.352 17.165
751.649 17.186
751.945 17.219
752.241 17.252
752.538 17.280
752.834 17.307
753.130 17.339
753.426 17.372
753.723 17.412
754.019 17.441
754.315 17.465
754.611 17.508
754.908 17.555
755.204 17.607
755.500 17.648
755.797 17.679
756.093 17.698
756.389 17.729
756.685 17.756
756.982 17.796
757.278 17.825
757.574 17.839
757.871 17.850
758.167 17.873
758.463 17.914
758.759 17.962
759.056 17.994
759.352 18.030
759.648 18.060
759.945 18.098
760.241 18.131
760.537 18.169
760.833 18.198
761.130 18.225
761.426 18.244
761.722 18.263
762.019 18.287
762.315 18.314
762.611 18.338
762.907 18.371
763.204 18.419
763.500 18.460
763.804 18.495
764.108 18.537
764.412 18.590
764.716 18.631
765.020 18.664
765.324 18.716
765.628 18.760
765.932 18.795
766.236 18.834
766.540 18.875
766.844 18.900
767.148 18.921
767.452 18.951
767.756 18.974
768.060 18.988
768.364 19.012
768.668 19.053
768.972 19.092
769.276 19.122
769.580 19.149
769.884 19.200
770.188 19.249
770.492 19.277
770.796 19.305
771.100 19.347
771.404 19.388
771.708 19.416
772.012 19.440
772.316 19.476
772.620 19.505
772.924 19.518
773.228 19.527
773.532 19.548
773.836 19.583
774.140 19.607
774.444 19.656
774.748 19.699
775.052 19.738
775.356 19.787
775.659 19.834
775.963 19.894
776.267 19.944
776.571 19.979
776.875 20.013
777.179 20.053
777.483 20.101
777.787 20.143
778.091 20.185
778.395 20.226
778.699 20.267
779.003 20.310
779.307 20.352
779.611 20.380
779.915 20.416
780.219 20.449
780.523 20.481
780.827 20.539
781.131 20.592
781.435 20.641
781.739 20.682
782.043 20.743
782.347 20.801
782.651 20.844
782.955 20.883
783.259 20.915
783.563 20.962
783.867 20.998
784.171 21.047
784.475 21.081
784.779 21.103
785.083 21.130
785.387 21.162
785.691 21.203
785.995 21.249
786.299 21.299
786.603 21.348
786.907 21.397
787.211 21.459
787.515 21.517
787.819 21.581
788.123 21.624
788.427 21.653
788.731 21.683
789.035 21.729
789.339 21.785
789.643 21.818
789.947 21.850
790.251 21.903
790.555 21.950
790.859 21.995
791.163 22.055
791.467 22.116
791.771 22.161
792.075 22.186
792.379 22.224
792.683 22.278
792.987 22.324
793.291 22.366
793.595 22.411
793.899 22.445
794.203 22.484
794.507 22.527
794.811 22.560
795.115 22.596
795.419 22.625
795.723 22.637
796.027 22.649
796.331 22.696
796.635 22.751
796.939 22.780
797.243 22.814
797.547 22.859
797.851 22.912
798.155 22.960
798.459 23.002
798.763 23.048
799.067 23.082
799.371 23.099
799.674 23.127
799.978 23.171
800.282 23.219
800.586 23.226
800.890 23.236
801.194 23.276
801.498 23.324
801.802 23.377
802.106 23.418
802.410 23.474
802.714 23.517
803.018 23.572
803.322 23.621
803.626 23.661
803.930 23.709
804.234 23.752
804.538 23.793
804.842 23.834
805.146 23.869
805.450 23.921
805.754 23.947
806.058 23.978
806.362 24.027
806.666 24.067
806.970 24.103
807.274 24.154
807.578 24.215
807.882 24.253
808.186 24.292
808.490 24.350
808.794 24.392
809.098 24.440
809.402 24.499
809.706 24.547
810.010 24.570
810.314 24.632
810.618 24.693
810.922 24.717
811.226 24.755
811.530 24.794
811.834 24.824
812.137 24.852
812.441 24.908
812.744 24.956
813.048 24.984
813.351 25.046
813.655 25.089
813.958 25.121
814.262 25.177
814.565 25.222
814.869 25.244
815.172 25.256
815.476 25.287
815.779 25.321
816.083 25.368
816.386 25.396
816.690 25.458
816.993 25.520
817.297 25.570
817.600 25.648
817.904 25.704
818.208 25.754
818.511 25.795
818.815 25.816
819.118 25.880
819.422 25.938
819.725 25.984
820.029 26.024
820.332 26.071
820.636 26.138
820.939 26.195
821.243 26.226
821.546 26.264
821.850 26.333
822.153 26.431
822.457 26.498
822.760 26.541
823.064 26.597
823.367 26.652
823.671 26.690
823.974 26.723
824.278 26.771
824.582 26.817
824.885 26.853
825.189 26.908
825.492 26.963
825.796 27.005
826.099 27.031
826.403 27.072
826.706 27.135
827.010 27.175
827.313 27.213
827.617 27.239
827.920 27.252
828.224 27.268
828.527 27.325
828.831 27.358
829.134 27.396
829.438 27.464
829.741 27.511
830.045 27.535
830.348 27.553
830.652 27.611
830.956 27.643
831.259 27.698
831.563 27.765
831.866 27.796
832.170 27.860
832.473 27.925
832.777 27.970
833.080 28.001
833.384 28.050
833.687 28.106
833.991 28.159
834.294 28.189
834.598 28.204
834.901 28.268
835.205 28.315
835.508 28.346
835.812 28.396
836.115 28.433
836.419 28.481
836.722 28.504
837.026 28.533
837.330 28.590
837.633 28.643
837.937 28.685
838.240 28.730
838.544 28.765
838.847 28.812
839.151 28.860
839.454 28.899
839.758 28.959
840.061 29.043
840.365 29.128
840.668 29.178
840.972 29.226
841.275 29.290
841.579 29.360
841.882 29.418
842.186 29.512
842.489 29.585
842.793 29.665
843.097 29.733
843.400 29.789
843.704 29.851
844.007 29.940
844.311 30.021
844.614 30.093
844.918 30.170
845.221 30.251
845.525 30.320
845.828 30.350
846.132 30.401
846.435 30.495
846.739 30.582
847.042 30.652
847.346 30.707
847.649 30.757
847.953 30.788
848.256 30.843
848.560 30.938
848.863 31.041
849.167 31.099
849.471 31.161
849.774 31.209
850.078 31.254
850.381 31.317
850.685 31.390
850.988 31.472
851.292 31.521
851.595 31.613
851.899 31.682
852.202 31.735
852.506 31.839
852.809 31.958
853.113 32.023
853.416 32.046
853.720 32.079
854.023 32.130
854.327 32.162
854.630 32.200
854.934 32.244
855.237 32.305
855.541 32.354
855.845 32.406
856.148 32.427
856.452 32.443
856.755 32.465
857.059 32.520
857.362 32.584
857.666 32.639
857.969 32.677
858.273 32.721
858.576 32.747
858.880 32.738
859.183 32.736
859.487 32.760
859.790 32.775
860.094 32.801
860.397 32.843
860.701 32.891
861.004 32.921
861.308 32.900
861.611 32.915
861.915 32.949
862.219 32.975
862.522 32.988
862.826 32.982
863.129 33.001
863.433 33.005
863.736 32.997
864.040 33.025
864.343 33.084
864.647 33.119
864.950 33.127
865.254 33.148
865.557 33.151
865.861 33.192
866.164 33.264
866.468 33.316
866.771 33.358
867.075 33.380
867.378 33.371
867.682 33.384
867.985 33.407
868.289 33.428
868.593 33.455
868.896 33.489
869.200 33.503
869.503 33.529
869.807 33.600
870.110 33.647
870.414 33.691
870.717 33.731
871.021 33.732
871.324 33.741
871.628 33.781
871.931 33.840
872.235 33.893
872.538 33.931
872.842 33.979
873.145 33.996
873.449 34.028
873.752 34.098
874.056 34.166
874.359 34.197
874.663 34.256
874.967 34.343
875.270 34.420
875.574 34.468
875.877 34.486
876.181 34.508
876.484 34.531
876.788 34.569
877.091 34.582
877.395 34.612
877.698 34.657
878.002 34.687
878.305 34.732
878.609 34.747
878.912 34.779
879.216 34.791
879.519 34.818
879.823 34.871
880.126 34.916
880.430 34.973
880.733 35.041
881.037 35.095
881.341 35.159
881.644 35.208
881.948 35.273
882.251 35.344
882.555 35.378
882.858 35.421
883.162 35.521
883.465 35.609
883.769 35.701
884.072 35.790
884.376 35.856
884.679 35.899
884.983 35.933
885.286 35.983
885.590 36.067
885.893 36.167
886.197 36.243
886.500 36.324
886.804 36.406
887.107 36.482
887.411 36.566
887.715 36.636
888.018 36.667
888.322 36.678
888.625 36.718
888.929 36.758
889.232 36.813
889.536 36.867
889.839 36.906
890.143 36.970
890.446 37.024
890.750 37.068
891.053 37.114
891.357 37.151
891.660 37.224
891.964 37.281
892.267 37.313
892.571 37.351
892.874 37.411
893.178 37.491
893.482 37.549
893.785 37.576
894.089 37.624
894.392 37.706
894.696 37.772
894.999 37.829
895.303 37.874
895.606 37.920
895.910 37.971
896.213 38.035
896.517 38.095
896.820 38.138
897.124 38.180
897.427 38.236
897.731 38.314
898.034 38.414
898.338 38.500
898.641 38.553
898.945 38.609
899.248 38.644
899.552 38.678
899.856 38.730
900.159 38.795
900.463 38.863
900.766 38.887
901.070 38.950
901.373 39.031
901.677 39.080
901.980 39.092
902.284 39.090
902.587 39.109
902.891 39.126
903.194 39.135
903.498 39.197
903.801 39.275
904.105 39.307
904.408 39.340
904.712 39.375
905.015 39.385
905.319 39.378
905.622 39.380
905.926 39.381
906.230 39.381
906.533 39.406
906.837 39.461
907.140 39.514
907.444 39.545
907.747 39.589
908.051 39.631
908.354 39.679
908.658 39.720
908.961 39.748
909.265 39.801
909.568 39.889
909.872 39.992
910.175 40.053
910.479 40.074
910.782 40.098
911.086 40.133
911.389 40.173
911.693 40.195
911.996 40.238
912.300 40.314
912.613 40.380
912.926 40.419
913.238 40.455
913.551 40.511
913.864 40.546
914.176 40.633
914.489 40.725
914.802 40.791
915.115 40.879
915.427 40.976
915.740 41.072
916.053 41.110
916.366 41.117
916.678 41.145
916.991 41.199
917.304 41.261
917.617 41.314
917.929 41.403
918.242 41.487
918.555 41.568
918.868 41.623
919.180 41.660
919.493 41.722
919.806 41.739
920.119 41.731
920.431 41.703
920.744 41.737
921.057 41.807
921.370 41.889
921.682 41.972
921.995 42.037
922.308 42.096
922.621 42.137
922.933 42.213
923.246 42.244
923.559 42.253
923.872 42.285
924.184 42.360
924.497 42.422
924.810 42.490
925.123 42.619
925.435 42.749
925.748 42.827
926.061 42.877
926.374 42.955
926.686 43.058
926.999 43.196
927.312 43.326
927.625 43.439
927.937 43.526
928.250 43.622
928.563 43.690
928.876 43.701
929.188 43.753
929.501 43.892
929.814 44.008
930.127 44.077
930.439 44.161
930.752 44.215
931.065 44.229
931.378 44.282
931.690 44.338
932.003 44.378
932.316 44.454
932.629 44.518
932.941 44.587
933.254 44.635
933.567 44.602
933.880 44.615
934.192 44.735
934.505 44.852
934.818 44.934
935.131 45.053
935.443 45.201
935.756 45.265
936.069 45.374
936.382 45.462
936.694 45.574
937.007 45.658
937.320 45.685
937.633 45.709
937.945 45.770
938.258 45.794
938.571 45.793
938.884 45.888
939.196 46.019
939.509 46.183
939.822 46.248
940.135 46.266
940.447 46.292
940.760 46.309
941.073 46.362
941.386 46.410
941.698 46.426
942.011 46.464
942.324 46.552
942.637 46.595
942.949 46.655
943.262 46.748
943.575 46.826
943.888 46.854
944.200 46.844
944.513 46.865
944.826 46.948
945.139 47.029
945.451 47.047
945.764 47.068
946.077 47.053
946.390 47.032
946.702 47.011
947.015 46.928
947.328 46.873
947.641 46.860
947.953 46.892
948.266 46.854
948.579 46.806
948.892 46.771
949.204 46.759
949.517 46.782
949.830 46.857
950.143 46.979
950.455 47.058
950.768 47.102
951.081 47.138
951.394 47.162
951.706 47.197
952.019 47.195
952.332 47.229
952.645 47.297
952.957 47.319
953.270 47.332
953.583 47.349
953.896 47.350
954.208 47.313
954.521 47.261
954.834 47.280
955.147 47.282
955.459 47.300
955.772 47.217
956.085 47.190
956.398 47.218
956.710 47.217
957.023 47.203
957.336 47.277
957.649 47.342
957.961 47.405
958.274 47.451
958.587 47.364
958.900 47.377
959.212 47.396
959.525 47.327
959.838 47.344
960.151 47.375
960.463 47.334
960.776 47.340
961.089 47.305
961.402 47.316
961.714 47.405
962.027 47.418
962.340 47.433
962.653 47.456
962.965 47.530
963.278 47.595
963.591 47.561
963.904 47.527
964.216 47.496
964.529 47.465
964.842 47.401
965.154 47.395
965.467 47.394
965.780 47.344
966.094 47.409
966.409 47.560
966.723 47.656
967.037 47.717
967.352 47.804
967.666 47.832
967.980 47.918
968.295 47.989
968.609 47.969
968.923 47.931
969.238 47.885
969.552 47.832
969.866 47.887
970.181 47.914
970.495 47.889
970.809 47.830
971.124 47.847
971.438 47.839
971.752 47.950
972.067 48.063
972.381 48.016
972.695 47.926
973.010 47.891
973.324 47.907
973.638 47.898
973.953 47.910
974.267 47.901
974.581 47.878
974.896 47.880
975.210 47.876
975.524 47.854
975.839 47.887
976.153 47.966
976.467 47.997
976.781 48.063
977.096 48.085
977.410 48.076
977.724 48.151
978.039 48.196
978.353 48.326
978.667 48.537
978.982 48.644
979.296 48.744
979.610 48.855
979.925 48.869
980.239 48.905
980.553 48.836
980.868 48.770
981.182 48.786
981.496 48.844
981.811 48.813
982.125 48.751
982.439 48.737
982.754 48.811
983.068 48.825
983.382 48.874
983.697 48.954
984.011 49.023
984.325 49.043
984.640 49.027
984.954 49.086
985.268 49.117
985.583 49.018
985.897 48.973
986.211 49.022
986.526 49.049
986.840 49.111
987.154 49.126
987.469 49.128
987.783 49.169
988.097 49.206
988.412 49.125
988.726 49.037
989.040 48.886
989.355 48.793
989.669 48.850
989.983 48.942
990.298 48.948
990.612 49.039
990.926 49.048
991.241 49.040
991.555 49.097
991.869 49.159
992.184 49.216
992.498 49.286
992.812 49.358
993.127 49.401
993.441 49.406
993.755 49.454
994.070 49.515
994.384 49.577
994.698 49.627
995.013 49.696
995.327 49.724
995.641 49.660
995.956 49.612
996.270 49.537
996.584 49.497
996.899 49.610
997.213 49.711
997.527 49.615
997.841 49.511
998.156 49.410
998.470 49.231
998.784 49.187
999.099 49.319
999.413 49.325
999.727 49.386
