200.182 74.510
200.437 73.802
200.691 73.336
200.946 72.718
201.201 71.796
201.455 70.984
201.710 70.415
201.964 69.894
202.219 69.325
202.474 68.518
202.728 67.753
202.983 67.130
203.237 66.482
203.492 65.620
203.747 64.696
204.001 63.913
204.256 63.146
204.510 62.332
204.765 61.517
205.020 60.846
205.274 60.088
205.529 59.272
205.783 58.419
206.038 57.431
206.293 56.392
206.547 55.379
206.802 54.361
207.057 53.656
207.311 52.760
207.566 51.951
207.820 51.258
208.075 50.478
208.330 49.602
208.584 48.707
208.839 47.945
209.093 47.305
209.348 46.538
209.603 45.791
209.857 44.994
210.112 44.235
210.366 43.362
210.621 42.505
210.876 41.705
211.130 40.995
211.385 40.324
211.639 39.516
211.894 38.533
212.149 37.663
212.403 36.951
212.658 36.255
212.913 35.539
213.167 34.853
213.422 34.250
213.676 33.557
213.931 32.928
214.186 32.255
214.440 31.639
214.695 31.118
214.949 30.681
215.204 30.133
215.459 29.591
215.713 29.066
215.968 28.582
216.222 27.971
216.477 27.421
216.732 27.053
216.986 26.579
217.241 25.973
217.495 25.432
217.750 25.019
218.005 24.686
218.259 24.276
218.514 23.727
218.769 23.164
219.023 22.700
219.278 22.287
219.532 21.782
219.787 21.321
220.042 20.889
220.296 20.532
220.551 20.152
220.805 19.834
221.060 19.488
221.315 19.127
221.569 18.788
221.824 18.411
222.078 18.065
222.333 17.706
222.588 17.338
222.842 16.982
223.097 16.660
223.351 16.366
223.606 15.963
223.861 15.542
224.115 15.171
224.370 14.829
224.625 14.482
224.879 14.142
225.134 13.806
225.388 13.553
225.643 13.307
225.898 13.035
226.152 12.753
226.407 12.473
226.661 12.140
226.916 11.862
227.171 11.562
227.425 11.308
227.680 11.089
227.934 10.856
228.189 10.603
228.444 10.395
228.698 10.182
228.953 9.957
229.208 9.721
229.462 9.479
229.717 9.278
229.971 9.083
230.226 8.926
230.481 8.728
230.735 8.552
230.990 8.416
231.244 8.267
231.499 8.099
231.754 7.931
232.008 7.779
232.263 7.670
232.517 7.546
232.772 7.437
233.027 7.308
233.281 7.155
233.536 7.021
233.790 6.869
234.045 6.735
234.300 6.639
234.554 6.551
234.809 6.449
235.064 6.358
235.318 6.280
235.573 6.212
235.827 6.119
236.082 6.013
236.337 5.936
236.591 5.861
236.846 5.788
237.100 5.713
237.355 5.665
237.610 5.617
237.864 5.549
238.119 5.497
238.373 5.437
238.628 5.374
238.883 5.328
239.137 5.280
239.392 5.232
239.646 5.200
239.901 5.174
240.156 5.138
240.410 5.117
240.665 5.080
240.920 5.037
241.174 5.007
241.429 4.977
241.683 4.942
241.938 4.906
242.193 4.885
242.447 4.859
242.702 4.838
242.956 4.816
243.211 4.797
243.466 4.783
243.720 4.777
243.975 4.761
244.229 4.747
244.484 4.723
244.739 4.709
244.993 4.705
245.248 4.694
245.503 4.686
245.757 4.680
246.012 4.668
246.266 4.662
246.521 4.656
246.776 4.652
247.030 4.638
247.285 4.620
247.539 4.608
247.794 4.603
248.049 4.594
248.303 4.585
248.558 4.588
248.812 4.578
249.067 4.548
249.322 4.538
249.576 4.533
249.831 4.528
250.085 4.522
250.340 4.518
250.595 4.521
250.849 4.526
251.104 4.522
251.359 4.516
251.613 4.518
251.868 4.520
252.122 4.515
252.377 4.511
252.632 4.516
252.886 4.511
253.141 4.493
253.395 4.490
253.650 4.492
253.905 4.488
254.161 4.484
254.416 4.482
254.672 4.487
254.927 4.492
255.183 4.492
255.438 4.480
255.694 4.478
255.949 4.484
256.205 4.482
256.460 4.483
256.715 4.483
256.971 4.488
257.226 4.497
257.482 4.503
257.737 4.499
257.993 4.496
258.248 4.498
258.504 4.494
258.759 4.483
259.014 4.481
259.270 4.477
259.525 4.465
259.781 4.459
260.036 4.473
260.292 4.485
260.547 4.480
260.803 4.480
261.058 4.489
261.314 4.493
261.569 4.496
261.824 4.496
262.080 4.501
262.335 4.506
262.591 4.518
262.846 4.527
263.102 4.526
263.357 4.523
263.613 4.526
263.868 4.522
264.123 4.522
264.379 4.525
264.634 4.529
264.890 4.527
265.145 4.538
265.401 4.538
265.656 4.533
265.912 4.526
266.167 4.510
266.423 4.499
266.678 4.497
266.933 4.492
267.189 4.485
267.444 4.477
267.700 4.475
267.955 4.471
268.211 4.459
268.466 4.460
268.722 4.459
268.977 4.456
269.232 4.454
269.488 4.448
269.743 4.446
269.999 4.440
270.254 4.438
270.510 4.433
270.765 4.427
271.021 4.426
271.276 4.425
271.532 4.421
271.787 4.417
272.042 4.407
272.298 4.397
272.553 4.383
272.809 4.375
273.064 4.375
273.320 4.383
273.575 4.389
273.831 4.387
274.086 4.387
274.342 4.387
274.597 4.377
274.852 4.375
275.108 4.380
275.363 4.376
275.619 4.356
275.874 4.336
276.130 4.329
276.385 4.329
276.641 4.321
276.896 4.308
277.151 4.301
277.407 4.297
277.662 4.280
277.918 4.267
278.173 4.256
278.429 4.245
278.684 4.240
278.940 4.240
279.195 4.233
279.451 4.232
279.706 4.219
279.961 4.209
280.217 4.206
280.472 4.202
280.728 4.192
280.983 4.187
281.239 4.182
281.494 4.181
281.750 4.188
282.005 4.188
282.260 4.185
282.516 4.179
282.771 4.170
283.027 4.165
283.282 4.166
283.538 4.158
283.793 4.152
284.049 4.144
284.304 4.137
284.560 4.131
284.815 4.123
285.070 4.116
285.326 4.113
285.581 4.112
285.837 4.104
286.092 4.096
286.348 4.094
286.603 4.097
286.859 4.091
287.114 4.088
287.369 4.085
287.625 4.083
287.880 4.082
288.136 4.086
288.391 4.081
288.647 4.077
288.902 4.066
289.158 4.056
289.413 4.048
289.669 4.040
289.924 4.036
290.179 4.037
290.435 4.034
290.690 4.027
290.946 4.023
291.201 4.023
291.457 4.024
291.712 4.026
291.968 4.023
292.223 4.016
292.479 4.015
292.734 4.008
292.989 4.003
293.245 4.005
293.500 4.007
293.756 4.007
294.011 4.011
294.267 4.009
294.522 3.999
294.778 3.995
295.033 3.991
295.288 3.992
295.544 3.986
295.799 3.978
296.055 3.973
296.310 3.971
296.566 3.973
296.821 3.981
297.077 3.982
297.332 3.974
297.588 3.967
297.843 3.961
298.098 3.958
298.354 3.955
298.609 3.951
298.865 3.942
299.120 3.940
299.376 3.938
299.631 3.930
299.887 3.927
300.142 3.929
300.397 3.930
300.653 3.930
300.908 3.925
301.164 3.925
301.419 3.928
301.675 3.923
301.930 3.912
302.186 3.906
302.441 3.905
302.697 3.901
302.952 3.896
303.207 3.894
303.463 3.894
303.718 3.885
303.974 3.880
304.229 3.879
304.485 3.874
304.740 3.870
304.996 3.872
305.251 3.874
305.506 3.869
305.762 3.864
306.017 3.858
306.273 3.861
306.528 3.863
306.784 3.866
307.039 3.872
307.295 3.867
307.550 3.861
307.806 3.868
308.061 3.873
308.316 3.875
308.572 3.874
308.827 3.871
309.083 3.863
309.338 3.854
309.594 3.842
309.849 3.840
310.105 3.842
310.360 3.843
310.615 3.844
310.871 3.843
311.126 3.845
311.382 3.856
311.637 3.861
311.893 3.857
312.148 3.850
312.404 3.837
312.659 3.829
312.915 3.828
313.170 3.829
313.429 3.831
313.688 3.836
313.947 3.842
314.206 3.841
314.465 3.839
314.724 3.838
314.983 3.836
315.242 3.834
315.501 3.831
315.760 3.832
316.019 3.838
316.278 3.843
316.536 3.846
316.795 3.841
317.054 3.840
317.313 3.842
317.572 3.849
317.831 3.860
318.090 3.867
318.349 3.868
318.608 3.868
318.867 3.866
319.126 3.863
319.385 3.870
319.644 3.877
319.903 3.873
320.162 3.872
320.421 3.871
320.680 3.867
320.939 3.866
321.198 3.864
321.457 3.863
321.716 3.861
321.975 3.853
322.234 3.848
322.493 3.844
322.752 3.837
323.010 3.837
323.269 3.835
323.528 3.823
323.787 3.815
324.046 3.813
324.305 3.817
324.564 3.819
324.823 3.822
325.082 3.825
325.341 3.833
325.600 3.840
325.859 3.844
326.118 3.856
326.377 3.862
326.636 3.862
326.895 3.865
327.154 3.861
327.413 3.859
327.672 3.857
327.931 3.860
328.190 3.864
328.449 3.867
328.708 3.870
328.967 3.872
329.226 3.879
329.485 3.880
329.743 3.875
330.002 3.875
330.261 3.878
330.520 3.882
330.779 3.883
331.038 3.891
331.297 3.904
331.556 3.906
331.815 3.901
332.074 3.892
332.333 3.889
332.592 3.900
332.851 3.904
333.110 3.909
333.369 3.907
333.628 3.900
333.887 3.894
334.146 3.893
334.405 3.894
334.664 3.895
334.923 3.907
335.182 3.918
335.441 3.916
335.700 3.918
335.959 3.925
336.217 3.931
336.476 3.938
336.735 3.942
336.994 3.951
337.253 3.972
337.512 3.992
337.771 4.001
338.030 4.005
338.289 4.015
338.548 4.028
338.807 4.038
339.066 4.057
339.325 4.063
339.584 4.070
339.843 4.076
340.102 4.077
340.361 4.080
340.620 4.090
340.879 4.096
341.138 4.097
341.397 4.093
341.656 4.089
341.915 4.087
342.174 4.078
342.433 4.091
342.691 4.112
342.950 4.124
343.209 4.132
343.468 4.145
343.727 4.157
343.986 4.175
344.245 4.191
344.504 4.203
344.763 4.215
345.022 4.220
345.281 4.226
345.540 4.237
345.799 4.238
346.058 4.245
346.317 4.250
346.576 4.258
346.835 4.273
347.094 4.284
347.353 4.301
347.612 4.310
347.871 4.322
348.130 4.333
348.389 4.334
348.648 4.331
348.907 4.333
349.166 4.345
349.424 4.352
349.683 4.363
349.942 4.377
350.201 4.387
350.460 4.397
350.719 4.394
350.978 4.389
351.237 4.404
351.496 4.420
351.755 4.424
352.014 4.434
352.273 4.442
352.532 4.440
352.791 4.440
353.050 4.447
353.309 4.460
353.568 4.467
353.827 4.471
354.086 4.471
354.345 4.466
354.604 4.467
354.863 4.457
355.122 4.470
355.381 4.481
355.640 4.488
355.898 4.495
356.157 4.503
356.416 4.513
356.675 4.528
356.934 4.538
357.193 4.559
357.452 4.579
357.711 4.580
357.970 4.598
358.229 4.610
358.488 4.605
358.747 4.600
359.006 4.604
359.265 4.625
359.524 4.647
359.783 4.658
360.042 4.660
360.301 4.665
360.560 4.677
360.819 4.683
361.078 4.688
361.337 4.698
361.596 4.721
361.855 4.739
362.114 4.755
362.372 4.773
362.631 4.776
362.890 4.775
363.149 4.765
363.408 4.770
363.667 4.776
363.926 4.786
364.185 4.805
364.444 4.818
364.703 4.828
364.962 4.825
365.221 4.839
365.480 4.852
365.745 4.851
366.009 4.863
366.274 4.887
366.539 4.902
366.804 4.915
367.068 4.925
367.333 4.929
367.598 4.935
367.863 4.935
368.127 4.941
368.392 4.964
368.657 4.985
368.921 4.980
369.186 4.969
369.451 4.976
369.716 4.984
369.980 4.992
370.245 5.002
370.510 5.010
370.775 5.024
371.039 5.034
371.304 5.041
371.569 5.042
371.834 5.052
372.098 5.058
372.363 5.065
372.628 5.073
372.892 5.084
373.157 5.078
373.422 5.073
373.687 5.085
373.951 5.092
374.216 5.092
374.481 5.095
374.746 5.103
375.010 5.105
375.275 5.098
375.540 5.087
375.804 5.077
376.069 5.075
376.334 5.078
376.599 5.073
376.863 5.074
377.128 5.078
377.393 5.078
377.658 5.075
377.922 5.068
378.187 5.072
378.452 5.077
378.716 5.079
378.981 5.082
379.246 5.085
379.511 5.088
379.775 5.102
380.040 5.110
380.305 5.100
380.570 5.101
380.834 5.110
381.099 5.127
381.364 5.137
381.629 5.139
381.893 5.150
382.158 5.152
382.423 5.137
382.687 5.128
382.952 5.124
383.217 5.116
383.482 5.117
383.746 5.119
384.011 5.123
384.276 5.129
384.541 5.121
384.805 5.103
385.070 5.095
385.335 5.094
385.599 5.099
385.864 5.108
386.129 5.115
386.394 5.118
386.658 5.120
386.923 5.119
387.188 5.108
387.453 5.101
387.717 5.102
387.982 5.099
388.247 5.097
388.511 5.083
388.776 5.067
389.041 5.063
389.306 5.062
389.570 5.052
389.835 5.038
390.100 5.029
390.365 5.031
390.629 5.035
390.894 5.041
391.159 5.044
391.424 5.044
391.688 5.034
391.953 5.029
392.218 5.036
392.482 5.044
392.747 5.045
393.012 5.040
393.277 5.046
393.541 5.063
393.806 5.066
394.071 5.071
394.336 5.065
394.600 5.059
394.865 5.058
395.130 5.059
395.394 5.061
395.659 5.065
395.924 5.063
396.189 5.061
396.453 5.060
396.718 5.064
396.983 5.060
397.248 5.058
397.512 5.050
397.777 5.042
398.042 5.028
398.306 5.016
398.571 5.017
398.836 5.019
399.101 5.013
399.365 5.013
399.630 5.021
399.895 5.025
400.160 5.022
400.424 5.009
400.689 5.010
400.954 5.024
401.219 5.038
401.483 5.039
401.748 5.029
402.013 5.024
402.277 5.019
402.542 5.013
402.807 5.013
403.072 5.017
403.336 5.018
403.601 5.024
403.866 5.028
404.131 5.034
404.395 5.044
404.660 5.061
404.929 5.062
405.198 5.058
405.466 5.061
405.735 5.071
406.004 5.088
406.273 5.094
406.542 5.086
406.810 5.074
407.079 5.066
407.348 5.064
407.617 5.058
407.886 5.061
408.154 5.062
408.423 5.058
408.692 5.057
408.961 5.060
409.229 5.065
409.498 5.069
409.767 5.061
410.036 5.056
410.305 5.051
410.573 5.057
410.842 5.052
411.111 5.046
411.380 5.043
411.649 5.038
411.917 5.028
412.186 5.026
412.455 5.022
412.724 5.022
412.993 5.015
413.261 5.010
413.530 5.000
413.799 4.996
414.068 5.001
414.337 5.013
414.605 5.025
414.874 5.027
415.143 5.025
415.412 5.032
415.681 5.031
415.949 5.018
416.218 5.018
416.487 5.020
416.756 5.025
417.024 5.028
417.293 5.022
417.562 5.012
417.831 5.013
418.100 5.020
418.368 5.025
418.637 5.022
418.906 5.024
419.175 5.030
419.444 5.028
419.712 5.031
419.981 5.026
420.250 5.022
420.519 5.017
420.788 5.002
421.056 4.987
421.325 4.982
421.594 4.975
421.863 4.968
422.132 4.966
422.400 4.956
422.669 4.948
422.938 4.946
423.207 4.948
423.476 4.947
423.744 4.943
424.013 4.944
424.282 4.942
424.551 4.942
424.819 4.936
425.088 4.923
425.357 4.916
425.626 4.910
425.895 4.903
426.163 4.893
426.432 4.891
426.701 4.889
426.970 4.874
427.239 4.863
427.507 4.853
427.776 4.847
428.045 4.845
428.314 4.842
428.583 4.837
428.851 4.831
429.120 4.825
429.389 4.822
429.658 4.823
429.927 4.827
430.195 4.823
430.464 4.816
430.733 4.810
431.002 4.802
431.271 4.796
431.539 4.789
431.808 4.778
432.077 4.776
432.346 4.779
432.614 4.776
432.883 4.773
433.152 4.778
433.421 4.781
433.690 4.772
433.958 4.771
434.227 4.768
434.496 4.759
434.765 4.751
435.034 4.751
435.302 4.742
435.571 4.723
435.840 4.708
436.116 4.698
436.393 4.700
436.669 4.703
436.945 4.701
437.221 4.702
437.498 4.704
437.774 4.712
438.050 4.722
438.326 4.724
438.603 4.721
438.879 4.724
439.155 4.725
439.431 4.726
439.708 4.726
439.984 4.723
440.260 4.727
440.537 4.729
440.813 4.730
441.089 4.731
441.365 4.733
441.642 4.730
441.918 4.730
442.194 4.730
442.470 4.717
442.747 4.708
443.023 4.700
443.299 4.698
443.575 4.705
443.852 4.709
444.128 4.715
444.404 4.721
444.680 4.721
444.957 4.723
445.233 4.722
445.509 4.720
445.786 4.720
446.062 4.715
446.338 4.709
446.614 4.702
446.891 4.703
447.167 4.701
447.443 4.707
447.719 4.707
447.996 4.702
448.272 4.704
448.548 4.706
448.824 4.700
449.101 4.700
449.377 4.701
449.653 4.702
449.930 4.697
450.206 4.686
450.482 4.691
450.758 4.694
451.035 4.692
451.311 4.692
451.587 4.689
451.863 4.688
452.140 4.695
452.416 4.699
452.692 4.707
452.968 4.713
453.245 4.712
453.521 4.713
453.797 4.714
454.074 4.707
454.350 4.704
454.626 4.707
454.902 4.711
455.179 4.712
455.455 4.708
455.731 4.703
456.007 4.699
456.284 4.696
456.560 4.691
456.836 4.689
457.112 4.684
457.389 4.680
457.665 4.678
457.941 4.672
458.218 4.668
458.494 4.669
458.770 4.664
459.046 4.661
459.323 4.667
459.599 4.670
459.875 4.674
460.151 4.674
460.428 4.671
460.704 4.672
460.980 4.669
461.256 4.668
461.533 4.671
461.809 4.670
462.085 4.662
462.361 4.657
462.638 4.656
462.914 4.660
463.190 4.659
463.467 4.655
463.743 4.649
464.019 4.642
464.295 4.633
464.572 4.631
464.848 4.635
465.124 4.638
465.400 4.639
465.677 4.639
465.953 4.634
466.229 4.633
466.505 4.636
466.782 4.632
467.058 4.631
467.334 4.631
467.611 4.627
467.887 4.629
468.163 4.627
468.439 4.624
468.716 4.621
468.992 4.616
469.268 4.620
469.544 4.624
469.821 4.625
470.097 4.621
470.373 4.612
470.649 4.608
470.926 4.614
471.202 4.612
471.478 4.604
471.755 4.593
472.031 4.595
472.307 4.599
472.583 4.597
472.860 4.603
473.136 4.610
473.412 4.614
473.688 4.615
473.965 4.614
474.241 4.610
474.517 4.613
474.793 4.617
475.070 4.617
475.346 4.617
475.622 4.622
475.899 4.623
476.175 4.624
476.451 4.627
476.727 4.625
477.004 4.620
477.280 4.611
477.556 4.605
477.832 4.605
478.109 4.600
478.385 4.593
478.661 4.589
478.937 4.588
479.214 4.587
479.490 4.587
479.766 4.589
480.043 4.594
480.319 4.595
480.595 4.593
480.871 4.595
481.148 4.594
481.424 4.588
481.700 4.584
481.976 4.585
482.253 4.584
482.529 4.585
482.805 4.587
483.081 4.583
483.358 4.578
483.634 4.582
483.910 4.583
484.186 4.586
484.463 4.586
484.739 4.581
485.015 4.585
485.292 4.590
485.568 4.588
485.844 4.590
486.120 4.589
486.397 4.580
486.673 4.575
486.949 4.578
487.225 4.581
487.502 4.584
487.778 4.585
488.054 4.589
488.330 4.592
488.607 4.594
488.883 4.589
489.159 4.587
489.436 4.585
489.712 4.576
489.988 4.567
490.264 4.564
490.541 4.560
490.817 4.559
491.093 4.561
491.369 4.564
491.646 4.567
491.922 4.569
492.198 4.569
492.474 4.565
492.751 4.568
493.027 4.571
493.303 4.572
493.580 4.576
493.856 4.583
494.132 4.594
494.408 4.595
494.685 4.595
494.961 4.593
495.237 4.597
495.513 4.603
495.790 4.610
496.066 4.621
496.342 4.629
496.618 4.630
496.895 4.634
497.171 4.636
497.447 4.635
497.724 4.634
498.000 4.632
498.276 4.636
498.552 4.639
498.829 4.637
499.105 4.632
499.381 4.627
499.657 4.627
499.934 4.625
500.210 4.627
500.486 4.633
500.762 4.640
501.039 4.637
501.315 4.636
501.591 4.644
501.867 4.652
502.144 4.653
502.420 4.657
502.696 4.659
502.973 4.658
503.249 4.660
503.525 4.661
503.801 4.658
504.078 4.659
504.354 4.653
504.630 4.648
504.906 4.644
505.183 4.641
505.459 4.642
505.735 4.640
506.011 4.636
506.288 4.638
506.564 4.643
506.840 4.645
507.117 4.650
507.393 4.659
507.669 4.663
507.945 4.663
508.222 4.660
508.498 4.656
508.774 4.651
509.050 4.649
509.327 4.653
509.603 4.655
509.879 4.655
510.155 4.651
510.432 4.655
510.708 4.655
510.984 4.648
511.261 4.650
511.537 4.651
511.813 4.654
512.089 4.656
512.366 4.657
512.642 4.654
512.918 4.646
513.194 4.638
513.471 4.631
513.747 4.626
514.023 4.627
514.299 4.631
514.576 4.632
514.852 4.633
515.128 4.641
515.405 4.646
515.681 4.647
515.957 4.653
516.233 4.657
516.510 4.657
516.786 4.659
517.062 4.658
517.338 4.651
517.615 4.642
517.891 4.639
518.167 4.644
518.443 4.636
518.720 4.622
518.996 4.613
519.272 4.607
519.548 4.603
519.825 4.602
520.101 4.607
520.377 4.615
520.654 4.618
520.930 4.614
521.206 4.619
521.482 4.625
521.759 4.630
522.035 4.628
522.311 4.629
522.587 4.632
522.864 4.639
523.140 4.639
523.416 4.634
523.692 4.634
523.969 4.630
524.245 4.626
524.521 4.624
524.798 4.621
525.074 4.612
525.350 4.610
525.626 4.615
525.903 4.616
526.179 4.610
526.455 4.603
526.731 4.604
527.008 4.611
527.284 4.609
527.560 4.603
527.836 4.602
528.113 4.605
528.389 4.606
528.665 4.604
528.942 4.598
529.218 4.597
529.494 4.605
529.770 4.610
530.047 4.607
530.323 4.607
530.599 4.610
530.875 4.613
531.152 4.615
531.428 4.615
531.704 4.616
531.980 4.607
532.257 4.600
532.533 4.599
532.809 4.600
533.086 4.602
533.362 4.601
533.638 4.599
533.914 4.597
534.191 4.595
534.467 4.594
534.743 4.598
535.019 4.598
535.296 4.601
535.572 4.610
535.848 4.617
536.124 4.619
536.401 4.621
536.677 4.618
536.953 4.617
537.230 4.612
537.506 4.611
537.782 4.616
538.058 4.614
538.335 4.609
538.611 4.610
538.887 4.610
539.163 4.605
539.440 4.603
539.716 4.598
539.992 4.599
540.268 4.606
540.545 4.605
540.821 4.604
541.097 4.599
541.373 4.597
541.650 4.604
541.926 4.607
542.202 4.607
542.479 4.606
542.755 4.608
543.031 4.611
543.307 4.611
543.584 4.606
543.860 4.600
544.136 4.592
544.412 4.591
544.689 4.596
544.965 4.596
545.241 4.592
545.517 4.593
545.794 4.595
546.070 4.597
546.356 4.591
546.642 4.585
546.928 4.588
547.214 4.588
547.500 4.580
547.786 4.576
548.072 4.572
548.358 4.573
548.644 4.574
548.930 4.576
549.216 4.580
549.502 4.579
549.788 4.574
550.074 4.575
550.360 4.576
550.646 4.573
550.932 4.573
551.218 4.575
551.504 4.577
551.790 4.578
552.076 4.575
552.362 4.575
552.648 4.570
552.934 4.571
553.220 4.574
553.506 4.575
553.793 4.583
554.079 4.585
554.365 4.586
554.651 4.585
554.937 4.585
555.223 4.588
555.509 4.592
555.795 4.588
556.081 4.582
556.367 4.581
556.653 4.588
556.939 4.592
557.225 4.591
557.511 4.587
557.797 4.586
558.083 4.586
558.369 4.589
558.655 4.590
558.941 4.590
559.227 4.591
559.513 4.591
559.799 4.593
560.085 4.595
560.371 4.598
560.657 4.600
560.943 4.600
561.229 4.601
561.515 4.606
561.801 4.605
562.087 4.599
562.373 4.597
562.659 4.598
562.945 4.600
563.231 4.604
563.517 4.598
563.803 4.593
564.089 4.593
564.375 4.593
564.661 4.597
564.947 4.601
565.233 4.599
565.519 4.600
565.805 4.604
566.091 4.608
566.377 4.607
566.663 4.606
566.949 4.607
567.235 4.609
567.521 4.606
567.807 4.606
568.093 4.611
568.379 4.614
568.665 4.613
568.951 4.615
569.237 4.613
569.524 4.611
569.810 4.607
570.096 4.607
570.382 4.608
570.668 4.609
570.954 4.604
571.240 4.597
571.526 4.591
571.812 4.592
572.098 4.593
572.384 4.595
572.670 4.593
572.956 4.587
573.242 4.585
573.528 4.593
573.814 4.598
574.100 4.590
574.386 4.587
574.672 4.585
574.958 4.581
575.244 4.580
575.530 4.583
575.816 4.589
576.102 4.589
576.388 4.587
576.674 4.592
576.960 4.593
577.248 4.593
577.536 4.592
577.824 4.591
578.113 4.594
578.401 4.595
578.689 4.597
578.977 4.601
579.265 4.603
579.553 4.603
579.841 4.604
580.130 4.606
580.418 4.606
580.706 4.598
580.994 4.597
581.282 4.602
581.570 4.606
581.858 4.608
582.147 4.606
582.435 4.608
582.723 4.614
583.011 4.622
583.299 4.622
583.587 4.620
583.875 4.623
584.164 4.626
584.452 4.635
584.740 4.642
585.028 4.650
585.316 4.652
585.604 4.651
585.892 4.652
586.181 4.650
586.469 4.646
586.757 4.643
587.045 4.643
587.333 4.646
587.621 4.647
587.909 4.643
588.198 4.641
588.486 4.643
588.774 4.642
589.062 4.642
589.350 4.640
589.638 4.633
589.927 4.623
590.215 4.620
590.503 4.627
590.791 4.633
591.079 4.633
591.367 4.636
591.655 4.641
591.944 4.644
592.232 4.646
592.520 4.654
592.808 4.660
593.096 4.658
593.384 4.653
593.672 4.652
593.961 4.649
594.249 4.644
594.537 4.644
594.825 4.646
595.113 4.646
595.401 4.650
595.689 4.650
595.978 4.655
596.266 4.659
596.554 4.657
596.842 4.656
597.130 4.656
597.418 4.669
597.706 4.678
597.995 4.679
598.283 4.682
598.571 4.683
598.859 4.683
599.147 4.684
599.435 4.689
599.723 4.691
600.012 4.690
600.300 4.686
600.588 4.684
600.876 4.685
601.164 4.685
601.452 4.684
601.740 4.680
602.029 4.672
602.317 4.668
602.605 4.665
602.893 4.666
603.181 4.667
603.469 4.669
603.757 4.673
604.046 4.673
604.334 4.675
604.622 4.678
604.910 4.679
605.198 4.679
605.486 4.686
605.774 4.686
606.063 4.684
606.351 4.685
606.639 4.687
606.927 4.690
607.215 4.700
607.503 4.708
607.791 4.715
608.080 4.714
608.368 4.712
608.656 4.714
608.944 4.713
609.232 4.715
609.520 4.715
609.808 4.721
610.097 4.726
610.385 4.728
610.673 4.735
610.961 4.739
611.249 4.745
611.537 4.748
611.825 4.751
612.114 4.752
612.402 4.750
612.690 4.749
612.978 4.745
613.266 4.747
613.554 4.751
613.843 4.754
614.131 4.752
614.419 4.749
614.707 4.756
614.995 4.753
615.283 4.745
615.571 4.753
615.860 4.769
616.148 4.775
616.436 4.778
616.724 4.780
617.012 4.783
617.300 4.788
617.588 4.791
617.877 4.797
618.165 4.797
618.453 4.796
618.741 4.802
619.029 4.803
619.317 4.804
619.605 4.807
619.894 4.811
620.182 4.816
620.470 4.816
620.758 4.820
621.046 4.826
621.334 4.827
621.622 4.836
621.911 4.847
622.199 4.856
622.487 4.861
622.775 4.860
623.063 4.857
623.351 4.861
623.639 4.871
623.928 4.878
624.216 4.884
624.504 4.888
624.792 4.885
625.080 4.887
625.368 4.889
625.656 4.897
625.945 4.905
626.233 4.906
626.521 4.910
626.809 4.909
627.097 4.911
627.385 4.913
627.673 4.909
627.962 4.912
628.250 4.918
628.538 4.920
628.826 4.921
629.114 4.924
629.402 4.928
629.690 4.936
629.979 4.948
630.267 4.952
630.555 4.954
630.843 4.956
631.131 4.951
631.419 4.945
631.707 4.949
631.996 4.961
632.284 4.966
632.572 4.964
632.860 4.968
633.148 4.967
633.436 4.959
633.724 4.965
634.013 4.972
634.301 4.978
634.589 4.969
634.877 4.963
635.165 4.969
635.453 4.970
635.741 4.968
636.030 4.967
636.318 4.966
636.606 4.973
636.894 4.973
637.182 4.976
637.470 4.975
637.759 4.976
638.047 4.982
638.335 4.981
638.623 4.975
638.911 4.971
639.199 4.972
639.487 4.974
639.776 4.972
640.064 4.977
640.352 4.986
640.640 4.995
640.928 4.996
641.216 4.993
641.504 4.998
641.793 5.003
642.081 5.003
642.369 5.007
642.657 5.007
642.945 5.009
643.233 5.006
643.521 5.006
643.810 5.006
644.098 5.003
644.386 5.002
644.674 5.005
644.962 5.008
645.250 5.016
645.538 5.013
645.827 5.004
646.115 4.998
646.403 4.993
646.691 4.990
646.979 4.991
647.267 4.985
647.555 4.971
647.844 4.971
648.132 4.969
648.420 4.963
648.708 4.960
648.996 4.960
649.284 4.960
649.572 4.954
649.861 4.948
650.149 4.951
650.437 4.957
650.725 4.958
651.013 4.955
651.301 4.958
651.589 4.955
651.878 4.948
652.166 4.958
652.454 4.972
652.742 4.978
653.030 4.983
653.318 4.989
653.606 5.000
653.895 5.006
654.183 5.008
654.471 5.020
654.759 5.022
655.047 5.025
655.335 5.029
655.623 5.030
655.912 5.035
656.200 5.045
656.488 5.055
656.776 5.049
657.064 5.042
657.352 5.040
657.640 5.042
657.929 5.044
658.217 5.041
658.505 5.044
658.793 5.048
659.081 5.049
659.369 5.052
659.657 5.058
659.946 5.060
660.234 5.066
660.522 5.066
660.810 5.065
661.098 5.061
661.386 5.060
661.675 5.065
661.963 5.073
662.251 5.073
662.539 5.074
662.827 5.072
663.115 5.077
663.403 5.088
663.692 5.101
663.980 5.111
664.268 5.119
664.556 5.121
664.844 5.123
665.132 5.128
665.420 5.135
665.709 5.146
665.997 5.156
666.285 5.165
666.573 5.173
666.861 5.179
667.149 5.189
667.437 5.195
667.726 5.205
668.014 5.208
668.302 5.208
668.590 5.218
668.878 5.220
669.166 5.220
669.454 5.225
669.743 5.227
670.031 5.223
670.319 5.222
670.607 5.225
670.895 5.235
671.183 5.238
671.471 5.237
671.760 5.234
672.048 5.232
672.336 5.240
672.624 5.250
672.912 5.250
673.200 5.250
673.488 5.252
673.777 5.252
674.065 5.248
674.353 5.256
674.641 5.262
674.929 5.266
675.217 5.264
675.505 5.268
675.794 5.275
676.082 5.283
676.370 5.290
676.658 5.298
676.946 5.300
677.234 5.299
677.522 5.301
677.811 5.302
678.099 5.307
678.387 5.315
678.675 5.321
678.963 5.322
679.251 5.329
679.539 5.332
679.828 5.334
680.116 5.344
680.404 5.354
680.692 5.360
680.980 5.364
681.268 5.366
681.556 5.364
681.845 5.366
682.133 5.367
682.421 5.373
682.709 5.379
682.997 5.382
683.285 5.383
683.573 5.383
683.862 5.383
684.150 5.386
684.438 5.392
684.726 5.398
685.014 5.409
685.302 5.411
685.591 5.415
685.879 5.418
686.167 5.418
686.455 5.426
686.743 5.438
687.031 5.443
687.319 5.450
687.608 5.458
687.896 5.460
688.184 5.462
688.472 5.459
688.760 5.459
689.048 5.463
689.336 5.465
689.625 5.466
689.913 5.463
690.201 5.456
690.489 5.454
690.777 5.455
691.065 5.456
691.353 5.461
691.642 5.478
691.930 5.478
692.218 5.478
692.506 5.480
692.794 5.483
693.082 5.489
693.370 5.488
693.659 5.487
693.947 5.486
694.235 5.481
694.523 5.477
694.811 5.486
695.099 5.498
695.387 5.509
695.676 5.517
695.964 5.527
696.252 5.543
696.540 5.561
696.836 5.568
697.133 5.570
697.429 5.578
697.725 5.581
698.021 5.591
698.318 5.598
698.614 5.592
698.910 5.588
699.207 5.596
699.503 5.605
699.799 5.616
700.095 5.621
700.392 5.624
700.688 5.623
700.984 5.632
701.281 5.644
701.577 5.657
701.873 5.668
702.169 5.684
702.466 5.693
702.762 5.690
703.058 5.693
703.355 5.703
703.651 5.717
703.947 5.723
704.243 5.725
704.540 5.730
704.836 5.739
705.132 5.743
705.428 5.746
705.725 5.750
706.021 5.744
706.317 5.742
706.614 5.744
706.910 5.750
707.206 5.762
707.502 5.784
707.799 5.794
708.095 5.801
708.391 5.812
708.688 5.820
708.984 5.827
709.280 5.830
709.576 5.821
709.873 5.829
710.169 5.837
710.465 5.845
710.762 5.856
711.058 5.854
711.354 5.856
711.650 5.868
711.947 5.889
712.243 5.902
712.539 5.918
712.836 5.920
713.132 5.914
713.428 5.916
713.724 5.917
714.021 5.917
714.317 5.920
714.613 5.916
714.910 5.922
715.206 5.936
715.502 5.943
715.798 5.944
716.095 5.938
716.391 5.944
716.687 5.955
716.984 5.965
717.280 5.982
717.576 5.987
717.872 5.993
718.169 6.001
718.465 6.004
718.761 6.010
719.058 6.012
719.354 6.005
719.650 6.000
719.946 5.999
720.243 5.995
720.539 5.996
720.835 6.001
721.131 6.004
721.428 6.009
721.724 6.011
722.020 6.011
722.317 6.010
722.613 6.016
722.909 6.018
723.205 6.024
723.502 6.032
723.798 6.048
724.094 6.073
724.391 6.082
724.687 6.092
724.983 6.108
725.279 6.115
725.576 6.114
725.872 6.130
726.168 6.137
726.465 6.130
726.761 6.125
727.057 6.132
727.353 6.146
727.650 6.149
727.946 6.146
728.242 6.146
728.539 6.153
728.835 6.160
729.131 6.176
729.427 6.193
729.724 6.196
730.020 6.196
730.316 6.204
730.613 6.198
730.909 6.204
731.205 6.213
731.501 6.213
731.798 6.230
732.094 6.241
732.390 6.238
732.687 6.237
732.983 6.232
733.279 6.232
733.575 6.231
733.872 6.224
734.168 6.228
734.464 6.232
734.761 6.236
735.057 6.242
735.353 6.246
735.649 6.256
735.946 6.257
736.242 6.266
736.538 6.279
736.835 6.286
737.131 6.285
737.427 6.304
737.723 6.316
738.020 6.328
738.316 6.340
738.612 6.354
738.909 6.367
739.205 6.377
739.501 6.375
739.797 6.380
740.094 6.395
740.390 6.411
740.686 6.416
740.982 6.416
741.279 6.419
741.575 6.428
741.871 6.422
742.168 6.410
742.464 6.408
742.760 6.414
743.056 6.411
743.353 6.422
743.649 6.434
743.945 6.432
744.242 6.441
744.538 6.459
744.834 6.473
745.130 6.476
745.427 6.482
745.723 6.501
746.019 6.520
746.316 6.526
746.612 6.529
746.908 6.531
747.204 6.515
747.501 6.511
747.797 6.512
748.093 6.499
748.390 6.494
748.686 6.515
748.982 6.525
749.278 6.533
749.575 6.543
749.871 6.543
750.167 6.542
750.464 6.553
750.760 6.567
751.056 6.576
751.352 6.584
751.649 6.588
751.945 6.601
752.241 6.616
752.538 6.623
752.834 6.627
753.130 6.631
753.426 6.632
753.723 6.630
754.019 6.633
754.315 6.634
754.611 6.641
754.908 6.663
755.204 6.694
755.500 6.702
755.797 6.713
756.093 6.708
756.389 6.707
756.685 6.705
756.982 6.705
757.278 6.701
757.574 6.702
757.871 6.704
758.167 6.707
758.463 6.709
758.759 6.712
759.056 6.718
759.352 6.728
759.648 6.728
759.945 6.737
760.241 6.751
760.537 6.768
760.833 6.777
761.130 6.779
761.426 6.777
761.722 6.774
762.019 6.770
762.315 6.768
762.611 6.778
762.907 6.799
763.204 6.820
763.500 6.827
763.804 6.831
764.108 6.839
764.412 6.865
764.716 6.876
765.020 6.879
765.324 6.915
765.628 6.935
765.932 6.955
766.236 6.973
766.540 6.980
766.844 6.978
767.148 6.982
767.452 6.988
767.756 6.995
768.060 6.995
768.364 6.998
768.668 7.013
768.972 7.029
769.276 7.037
769.580 7.046
769.884 7.074
770.188 7.094
770.492 7.092
770.796 7.094
771.100 7.121
771.404 7.151
771.708 7.167
772.012 7.181
772.316 7.202
772.620 7.214
772.924 7.214
773.228 7.216
773.532 7.216
773.836 7.235
774.140 7.243
774.444 7.269
774.748 7.291
775.052 7.296
775.356 7.312
775.659 7.343
775.963 7.377
776.267 7.394
776.571 7.402
776.875 7.424
777.179 7.455
777.483 7.486
777.787 7.500
778.091 7.511
778.395 7.532
778.699 7.556
779.003 7.576
779.307 7.582
779.611 7.591
779.915 7.601
780.219 7.611
780.523 7.645
780.827 7.679
781.131 7.682
781.435 7.699
781.739 7.706
782.043 7.724
782.347 7.747
782.651 7.751
782.955 7.750
783.259 7.760
783.563 7.783
783.867 7.786
784.171 7.802
784.475 7.809
784.779 7.819
785.083 7.820
785.387 7.819
785.691 7.823
785.995 7.846
786.299 7.864
786.603 7.884
786.907 7.912
787.211 7.936
787.515 7.950
787.819 7.965
788.123 7.966
788.427 7.961
788.731 7.959
789.035 7.974
789.339 8.002
789.643 8.003
789.947 7.991
790.251 7.998
790.555 8.018
790.859 8.043
791.163 8.069
791.467 8.095
791.771 8.089
792.075 8.094
792.379 8.098
792.683 8.115
792.987 8.144
793.291 8.164
793.595 8.192
793.899 8.212
794.203 8.212
794.507 8.199
794.811 8.203
795.115 8.221
795.419 8.219
795.723 8.192
796.027 8.182
796.331 8.202
796.635 8.240
796.939 8.238
797.243 8.225
797.547 8.223
797.851 8.251
798.155 8.278
798.459 8.281
798.763 8.290
799.067 8.281
799.371 8.256
799.674 8.263
799.978 8.277
800.282 8.308
800.586 8.317
800.890 8.321
801.194 8.340
801.498 8.363
801.802 8.386
802.106 8.379
802.410 8.389
802.714 8.404
803.018 8.415
803.322 8.411
803.626 8.426
803.930 8.457
804.234 8.488
804.538 8.503
804.842 8.525
805.146 8.539
805.450 8.552
805.754 8.542
806.058 8.561
806.362 8.589
806.666 8.602
806.970 8.618
807.274 8.648
807.578 8.683
807.882 8.682
808.186 8.680
808.490 8.693
808.794 8.709
809.098 8.719
809.402 8.725
809.706 8.740
810.010 8.745
810.314 8.768
810.618 8.788
810.922 8.787
811.226 8.779
811.530 8.768
811.834 8.756
812.137 8.743
812.441 8.759
812.744 8.776
813.048 8.787
813.351 8.802
813.655 8.795
813.958 8.786
814.262 8.808
814.565 8.805
814.869 8.782
815.172 8.770
815.476 8.783
815.779 8.818
816.083 8.847
816.386 8.825
816.690 8.833
816.993 8.866
817.297 8.889
817.600 8.935
817.904 8.974
818.208 8.999
818.511 9.007
818.815 8.994
819.118 9.002
819.422 9.002
819.725 9.010
820.029 9.013
820.332 9.021
820.636 9.071
820.939 9.114
821.243 9.115
821.546 9.138
821.850 9.199
822.153 9.259
822.457 9.281
822.760 9.284
823.064 9.287
823.367 9.281
823.671 9.277
823.974 9.275
824.278 9.288
824.582 9.298
824.885 9.318
825.189 9.354
825.492 9.375
825.796 9.381
826.099 9.363
826.403 9.364
826.706 9.410
827.010 9.452
827.313 9.475
827.617 9.491
827.920 9.478
828.224 9.457
828.527 9.467
828.831 9.473
829.134 9.486
829.438 9.515
829.741 9.541
830.045 9.557
830.348 9.543
830.652 9.561
830.956 9.563
831.259 9.581
831.563 9.607
831.866 9.616
832.170 9.647
832.473 9.670
832.777 9.686
833.080 9.698
833.384 9.736
833.687 9.749
833.991 9.766
834.294 9.751
834.598 9.735
834.901 9.766
835.205 9.780
835.508 9.774
835.812 9.793
836.115 9.806
836.419 9.829
836.722 9.819
837.026 9.809
837.330 9.823
837.633 9.837
837.937 9.861
838.240 9.878
838.544 9.894
838.847 9.901
839.151 9.900
839.454 9.902
839.758 9.921
840.061 9.939
840.365 9.964
840.668 9.969
840.972 9.985
841.275 10.008
841.579 10.062
841.882 10.115
842.186 10.162
842.489 10.180
842.793 10.224
843.097 10.245
843.400 10.255
843.704 10.258
844.007 10.271
844.311 10.302
844.614 10.333
844.918 10.379
845.221 10.406
845.525 10.390
845.828 10.360
846.132 10.353
846.435 10.406
846.739 10.451
847.042 10.482
847.346 10.526
847.649 10.556
847.953 10.556
848.256 10.585
848.560 10.613
848.863 10.679
849.167 10.728
849.471 10.746
849.774 10.752
850.078 10.787
850.381 10.838
850.685 10.895
850.988 10.981
851.292 11.008
851.595 11.059
851.899 11.062
852.202 11.066
852.506 11.116
852.809 11.177
853.113 11.189
853.416 11.186
853.720 11.198
854.023 11.233
854.327 11.250
854.630 11.257
854.934 11.261
855.237 11.282
855.541 11.307
855.845 11.333
856.148 11.339
856.452 11.332
856.755 11.324
857.059 11.323
857.362 11.356
857.666 11.392
857.969 11.391
858.273 11.378
858.576 11.374
858.880 11.355
859.183 11.327
859.487 11.315
859.790 11.315
860.094 11.289
860.397 11.273
860.701 11.267
861.004 11.291
861.308 11.271
861.611 11.277
861.915 11.268
862.219 11.249
862.522 11.237
862.826 11.214
863.129 11.218
863.433 11.206
863.736 11.154
864.040 11.151
864.343 11.183
864.647 11.193
864.950 11.189
865.254 11.199
865.557 11.186
865.861 11.163
866.164 11.162
866.468 11.184
866.771 11.174
867.075 11.174
867.378 11.141
867.682 11.112
867.985 11.117
868.289 11.131
868.593 11.124
868.896 11.107
869.200 11.069
869.503 11.010
869.807 11.019
870.110 11.007
870.414 11.030
870.717 11.037
871.021 10.993
871.324 10.976
871.628 10.997
871.931 11.027
872.235 11.031
872.538 11.001
872.842 10.985
873.145 10.950
873.449 10.930
873.752 10.962
874.056 10.980
874.359 10.947
874.663 10.968
874.967 10.997
875.270 11.014
875.574 11.020
875.877 10.979
876.181 10.930
876.484 10.909
876.788 10.930
877.091 10.917
877.395 10.893
877.698 10.891
878.002 10.877
878.305 10.872
878.609 10.854
878.912 10.845
879.216 10.826
879.519 10.799
879.823 10.792
880.126 10.770
880.430 10.773
880.733 10.803
881.037 10.818
881.341 10.822
881.644 10.811
881.948 10.826
882.251 10.877
882.555 10.901
882.858 10.912
883.162 10.944
883.465 10.958
883.769 10.961
884.072 10.970
884.376 10.999
884.679 11.022
884.983 11.003
885.286 11.033
885.590 11.058
885.893 11.094
886.197 11.117
886.500 11.139
886.804 11.152
887.107 11.149
887.411 11.181
887.715 11.223
888.018 11.246
888.322 11.253
888.625 11.292
888.929 11.298
889.232 11.283
889.536 11.290
889.839 11.274
890.143 11.278
890.446 11.278
890.750 11.276
891.053 11.301
891.357 11.320
891.660 11.358
891.964 11.395
892.267 11.382
892.571 11.373
892.874 11.397
893.178 11.383
893.482 11.388
893.785 11.415
894.089 11.450
894.392 11.510
894.696 11.553
894.999 11.581
895.303 11.585
895.606 11.591
895.910 11.607
896.213 11.641
896.517 11.663
896.820 11.671
897.124 11.680
897.427 11.714
897.731 11.769
898.034 11.839
898.338 11.872
898.641 11.894
898.945 11.930
899.248 11.948
899.552 11.983
899.856 12.016
900.159 12.049
900.463 12.092
900.766 12.108
901.070 12.141
901.373 12.157
901.677 12.179
901.980 12.186
902.284 12.191
902.587 12.231
902.891 12.218
903.194 12.170
903.498 12.178
903.801 12.172
904.105 12.179
904.408 12.198
904.712 12.193
905.015 12.172
905.319 12.157
905.622 12.174
905.926 12.143
906.230 12.094
906.533 12.077
906.837 12.078
907.140 12.095
907.444 12.113
907.747 12.151
908.051 12.196
908.354 12.234
908.658 12.289
908.961 12.330
909.265 12.330
909.568 12.351
909.872 12.367
910.175 12.362
910.479 12.355
910.782 12.362
911.086 12.356
911.389 12.365
911.693 12.401
911.996 12.414
912.300 12.455
912.613 12.483
912.926 12.482
913.238 12.503
913.551 12.561
913.864 12.616
914.176 12.672
914.489 12.700
914.802 12.707
915.115 12.772
915.427 12.808
915.740 12.890
916.053 12.980
916.366 13.002
916.678 13.008
916.991 13.058
917.304 13.135
917.617 13.174
917.929 13.240
918.242 13.274
918.555 13.323
918.868 13.349
919.180 13.360
919.493 13.381
919.806 13.390
920.119 13.396
920.431 13.388
920.744 13.410
921.057 13.471
921.370 13.522
921.682 13.608
921.995 13.675
922.308 13.726
922.621 13.813
922.933 13.891
923.246 13.903
923.559 13.949
923.872 14.029
924.184 14.100
924.497 14.164
924.810 14.243
925.123 14.346
925.435 14.444
925.748 14.552
926.061 14.668
926.374 14.744
926.686 14.820
926.999 14.910
927.312 15.030
927.625 15.135
927.937 15.162
928.250 15.267
928.563 15.373
928.876 15.467
929.188 15.593
929.501 15.740
929.814 15.921
930.127 16.040
930.439 16.164
930.752 16.229
931.065 16.284
931.378 16.372
931.690 16.490
932.003 16.586
932.316 16.677
932.629 16.727
932.941 16.799
933.254 16.956
933.567 17.041
933.880 17.135
934.192 17.298
934.505 17.436
934.818 17.545
935.131 17.655
935.443 17.864
935.756 18.035
936.069 18.187
936.382 18.312
936.694 18.520
937.007 18.725
937.320 18.825
937.633 18.911
937.945 19.054
938.258 19.123
938.571 19.193
938.884 19.379
939.196 19.573
939.509 19.729
939.822 19.826
940.135 19.848
940.447 19.919
940.760 20.018
941.073 20.112
941.386 20.234
941.698 20.299
942.011 20.416
942.324 20.580
942.637 20.680
942.949 20.738
943.262 20.833
943.575 20.973
943.888 21.124
944.200 21.260
944.513 21.358
944.826 21.425
945.139 21.470
945.451 21.490
945.764 21.538
946.077 21.534
946.390 21.569
946.702 21.600
947.015 21.604
947.328 21.610
947.641 21.653
947.953 21.671
948.266 21.676
948.579 21.679
948.892 21.616
949.204 21.590
949.517 21.605
949.830 21.720
950.143 21.842
950.455 21.922
950.768 21.941
951.081 21.940
951.394 21.947
951.706 22.022
952.019 22.011
952.332 21.958
952.645 21.962
952.957 21.958
953.270 21.942
953.583 21.977
953.896 21.984
954.208 21.941
954.521 21.887
954.834 21.886
955.147 21.805
955.459 21.720
955.772 21.619
956.085 21.527
956.398 21.549
956.710 21.531
957.023 21.500
957.336 21.586
957.649 21.661
957.961 21.675
958.274 21.689
958.587 21.601
958.900 21.584
959.212 21.574
959.525 21.451
959.838 21.426
960.151 21.504
960.463 21.514
960.776 21.553
961.089 21.500
961.402 21.427
961.714 21.436
962.027 21.447
962.340 21.518
962.653 21.532
962.965 21.526
963.278 21.533
963.591 21.529
963.904 21.496
964.216 21.437
964.529 21.435
964.842 21.413
965.154 21.420
965.467 21.460
965.780 21.483
966.094 21.560
966.409 21.659
966.723 21.700
967.037 21.722
967.352 21.743
967.666 21.790
967.980 21.897
968.295 22.002
968.609 22.012
968.923 21.917
969.238 21.885
969.552 21.828
969.866 21.883
970.181 21.955
970.495 21.987
970.809 22.007
971.124 22.105
971.438 22.178
971.752 22.351
972.067 22.454
972.381 22.384
972.695 22.337
973.010 22.364
973.324 22.399
973.638 22.364
973.953 22.354
974.267 22.451
974.581 22.583
974.896 22.627
975.210 22.660
975.524 22.686
975.839 22.783
976.153 22.908
976.467 22.968
976.781 22.998
977.096 22.993
977.410 23.009
977.724 23.222
978.039 23.340
978.353 23.509
978.667 23.777
978.982 23.889
979.296 23.934
979.610 24.038
979.925 24.010
980.239 24.034
980.553 24.033
980.868 24.083
981.182 24.130
981.496 24.129
981.811 24.008
982.125 23.930
982.439 23.950
982.754 24.040
983.068 24.128
983.382 24.224
983.697 24.345
984.011 24.456
984.325 24.520
984.640 24.488
984.954 24.512
985.268 24.573
985.583 24.576
985.897 24.620
986.211 24.740
986.526 24.831
986.840 24.911
987.154 24.980
987.469 25.016
987.783 25.109
988.097 25.292
988.412 25.309
988.726 25.320
989.040 25.305
989.355 25.370
989.669 25.498
989.983 25.539
990.298 25.541
990.612 25.649
990.926 25.653
991.241 25.741
991.555 25.928
991.869 26.025
992.184 26.054
992.498 26.102
992.812 26.190
993.127 26.306
993.441 26.334
993.755 26.366
994.070 26.444
994.384 26.516
994.698 26.533
995.013 26.619
995.327 26.711
995.641 26.710
995.956 26.752
996.270 26.756
996.584 26.806
996.899 26.839
997.213 26.915
997.527 26.945
997.841 26.897
998.156 26.851
998.470 26.780
998.784 26.779
999.099 27.007
999.413 27.106
999.727 27.301