200.182 85.020
200.437 84.179
200.691 83.461
200.946 82.727
201.201 81.789
201.455 81.132
201.710 80.391
201.964 79.642
202.219 78.880
202.474 78.051
202.728 77.243
202.983 76.502
203.237 75.736
203.492 74.671
203.747 73.538
204.001 72.565
204.256 71.585
204.510 70.469
204.765 69.453
205.020 68.718
205.274 67.833
205.529 66.836
205.783 65.822
206.038 64.700
206.293 63.557
206.547 62.544
206.802 61.412
207.057 60.475
207.311 59.464
207.566 58.411
207.820 57.385
208.075 56.425
208.330 55.339
208.584 54.319
208.839 53.601
209.093 52.809
209.348 51.859
209.603 50.986
209.857 49.940
210.112 49.026
210.366 48.103
210.621 47.174
210.876 46.262
211.130 45.483
211.385 44.706
211.639 43.902
211.894 42.979
212.149 42.102
212.403 41.240
212.658 40.412
212.913 39.610
213.167 38.888
213.422 38.272
213.676 37.464
213.931 36.651
214.186 35.916
214.440 35.224
214.695 34.552
214.949 33.920
215.204 33.274
215.459 32.678
215.713 32.132
215.968 31.607
216.222 30.991
216.477 30.422
216.732 29.967
216.986 29.458
217.241 28.869
217.495 28.312
217.750 27.812
218.005 27.358
218.259 26.902
218.514 26.358
218.769 25.721
219.023 25.239
219.278 24.814
219.532 24.263
219.787 23.753
220.042 23.270
220.296 22.858
220.551 22.395
220.805 21.994
221.060 21.541
221.315 21.100
221.569 20.690
221.824 20.304
222.078 19.969
222.333 19.609
222.588 19.255
222.842 18.882
223.097 18.527
223.351 18.214
223.606 17.787
223.861 17.327
224.115 16.934
224.370 16.552
224.625 16.139
224.879 15.753
225.134 15.346
225.388 15.010
225.643 14.693
225.898 14.403
226.152 14.098
226.407 13.772
226.661 13.371
226.916 13.017
227.171 12.684
227.425 12.366
227.680 12.065
227.934 11.801
228.189 11.507
228.444 11.250
228.698 10.995
228.953 10.738
229.208 10.512
229.462 10.246
229.717 10.013
229.971 9.794
230.226 9.592
230.481 9.383
230.735 9.200
230.990 9.025
231.244 8.839
231.499 8.654
231.754 8.484
232.008 8.316
232.263 8.181
232.517 8.022
232.772 7.876
233.027 7.712
233.281 7.531
233.536 7.379
233.790 7.214
234.045 7.075
234.300 6.954
234.554 6.829
234.809 6.686
235.064 6.581
235.318 6.500
235.573 6.410
235.827 6.315
236.082 6.211
236.337 6.126
236.591 6.047
236.846 5.969
237.100 5.890
237.355 5.832
237.610 5.771
237.864 5.689
238.119 5.635
238.373 5.569
238.628 5.500
238.883 5.455
239.137 5.400
239.392 5.344
239.646 5.298
239.901 5.256
240.156 5.210
240.410 5.183
240.665 5.140
240.920 5.090
241.174 5.050
241.429 5.017
241.683 4.982
241.938 4.945
242.193 4.922
242.447 4.893
242.702 4.870
242.956 4.846
243.211 4.818
243.466 4.792
243.720 4.776
243.975 4.759
244.229 4.741
244.484 4.715
244.739 4.691
244.993 4.675
245.248 4.651
245.503 4.632
245.757 4.618
246.012 4.605
246.266 4.591
246.521 4.579
246.776 4.572
247.030 4.553
247.285 4.529
247.539 4.508
247.794 4.495
248.049 4.479
248.303 4.465
248.558 4.470
248.812 4.460
249.067 4.427
249.322 4.408
249.576 4.396
249.831 4.395
250.085 4.387
250.340 4.383
250.595 4.387
250.849 4.391
251.104 4.386
251.359 4.378
251.613 4.375
251.868 4.371
252.122 4.361
252.377 4.355
252.632 4.355
252.886 4.344
253.141 4.329
253.395 4.323
253.650 4.322
253.905 4.318
254.161 4.310
254.416 4.300
254.672 4.301
254.927 4.310
255.183 4.309
255.438 4.305
255.694 4.315
255.949 4.325
256.205 4.328
256.460 4.327
256.715 4.320
256.971 4.320
257.226 4.323
257.482 4.327
257.737 4.325
257.993 4.321
258.248 4.322
258.504 4.319
258.759 4.311
259.014 4.312
259.270 4.310
259.525 4.302
259.781 4.301
260.036 4.317
260.292 4.332
260.547 4.336
260.803 4.344
261.058 4.356
261.314 4.362
261.569 4.360
261.824 4.358
262.080 4.357
262.335 4.360
262.591 4.384
262.846 4.400
263.102 4.406
263.357 4.405
263.613 4.408
263.868 4.414
264.123 4.410
264.379 4.407
264.634 4.413
264.890 4.414
265.145 4.422
265.401 4.416
265.656 4.410
265.912 4.407
266.167 4.398
266.423 4.390
266.678 4.387
266.933 4.384
267.189 4.373
267.444 4.359
267.700 4.351
267.955 4.348
268.211 4.347
268.466 4.352
268.722 4.351
268.977 4.353
269.232 4.355
269.488 4.350
269.743 4.348
269.999 4.352
270.254 4.356
270.510 4.351
270.765 4.347
271.021 4.348
271.276 4.352
271.532 4.355
271.787 4.354
272.042 4.353
272.298 4.351
272.553 4.345
272.809 4.343
273.064 4.346
273.320 4.355
273.575 4.361
273.831 4.358
274.086 4.357
274.342 4.355
274.597 4.344
274.852 4.345
275.108 4.353
275.363 4.360
275.619 4.351
275.874 4.340
276.130 4.336
276.385 4.336
276.641 4.337
276.896 4.335
277.151 4.339
277.407 4.340
277.662 4.332
277.918 4.319
278.173 4.307
278.429 4.298
278.684 4.298
278.940 4.302
279.195 4.303
279.451 4.304
279.706 4.301
279.961 4.304
280.217 4.304
280.472 4.305
280.728 4.309
280.983 4.318
281.239 4.322
281.494 4.325
281.750 4.335
282.005 4.339
282.260 4.346
282.516 4.346
282.771 4.347
283.027 4.354
283.282 4.364
283.538 4.359
283.793 4.352
284.049 4.345
284.304 4.340
284.560 4.338
284.815 4.333
285.070 4.331
285.326 4.339
285.581 4.342
285.837 4.334
286.092 4.331
286.348 4.333
286.603 4.339
286.859 4.333
287.114 4.327
287.369 4.326
287.625 4.328
287.880 4.333
288.136 4.345
288.391 4.349
288.647 4.348
288.902 4.336
289.158 4.332
289.413 4.337
289.669 4.342
289.924 4.353
290.179 4.367
290.435 4.374
290.690 4.375
290.946 4.368
291.201 4.369
291.457 4.372
291.712 4.376
291.968 4.381
292.223 4.375
292.479 4.374
292.734 4.370
292.989 4.376
293.245 4.387
293.500 4.394
293.756 4.394
294.011 4.399
294.267 4.397
294.522 4.393
294.778 4.396
295.033 4.401
295.288 4.404
295.544 4.402
295.799 4.397
296.055 4.394
296.310 4.395
296.566 4.394
296.821 4.403
297.077 4.405
297.332 4.399
297.588 4.390
297.843 4.385
298.098 4.385
298.354 4.388
298.609 4.387
298.865 4.386
299.120 4.393
299.376 4.395
299.631 4.398
299.887 4.406
300.142 4.412
300.397 4.414
300.653 4.419
300.908 4.413
301.164 4.407
301.419 4.408
301.675 4.405
301.930 4.395
302.186 4.390
302.441 4.385
302.697 4.376
302.952 4.370
303.207 4.369
303.463 4.369
303.718 4.361
303.974 4.353
304.229 4.354
304.485 4.357
304.740 4.357
304.996 4.356
305.251 4.356
305.506 4.349
305.762 4.346
306.017 4.340
306.273 4.341
306.528 4.345
306.784 4.348
307.039 4.348
307.295 4.337
307.550 4.327
307.806 4.333
308.061 4.337
308.316 4.335
308.572 4.325
308.827 4.319
309.083 4.317
309.338 4.314
309.594 4.306
309.849 4.310
310.105 4.315
310.360 4.312
310.615 4.307
310.871 4.304
311.126 4.301
311.382 4.311
311.637 4.316
311.893 4.308
312.148 4.300
312.404 4.285
312.659 4.275
312.915 4.271
313.170 4.273
313.429 4.272
313.688 4.274
313.947 4.276
314.206 4.278
314.465 4.277
314.724 4.269
314.983 4.266
315.242 4.264
315.501 4.258
315.760 4.254
316.019 4.257
316.278 4.257
316.536 4.257
316.795 4.260
317.054 4.264
317.313 4.264
317.572 4.275
317.831 4.290
318.090 4.298
318.349 4.301
318.608 4.303
318.867 4.296
319.126 4.290
319.385 4.298
319.644 4.311
319.903 4.312
320.162 4.314
320.421 4.316
320.680 4.313
320.939 4.310
321.198 4.302
321.457 4.293
321.716 4.289
321.975 4.280
322.234 4.271
322.493 4.270
322.752 4.272
323.010 4.277
323.269 4.276
323.528 4.265
323.787 4.256
324.046 4.253
324.305 4.260
324.564 4.266
324.823 4.264
325.082 4.259
325.341 4.263
325.600 4.269
325.859 4.270
326.118 4.280
326.377 4.284
326.636 4.282
326.895 4.286
327.154 4.277
327.413 4.274
327.672 4.275
327.931 4.282
328.190 4.283
328.449 4.289
328.708 4.294
328.967 4.294
329.226 4.300
329.485 4.305
329.743 4.300
330.002 4.291
330.261 4.293
330.520 4.298
330.779 4.295
331.038 4.297
331.297 4.305
331.556 4.312
331.815 4.313
332.074 4.302
332.333 4.301
332.592 4.310
332.851 4.310
333.110 4.311
333.369 4.303
333.628 4.286
333.887 4.273
334.146 4.273
334.405 4.275
334.664 4.276
334.923 4.291
335.182 4.300
335.441 4.291
335.700 4.287
335.959 4.290
336.217 4.295
336.476 4.308
336.735 4.316
336.994 4.330
337.253 4.354
337.512 4.374
337.771 4.387
338.030 4.393
338.289 4.398
338.548 4.403
338.807 4.413
339.066 4.430
339.325 4.436
339.584 4.447
339.843 4.459
340.102 4.464
340.361 4.468
340.620 4.480
340.879 4.490
341.138 4.486
341.397 4.473
341.656 4.467
341.915 4.467
342.174 4.467
342.433 4.482
342.691 4.500
342.950 4.515
343.209 4.525
343.468 4.534
343.727 4.538
343.986 4.551
344.245 4.559
344.504 4.566
344.763 4.583
345.022 4.593
345.281 4.596
345.540 4.607
345.799 4.615
346.058 4.618
346.317 4.624
346.576 4.632
346.835 4.642
347.094 4.655
347.353 4.672
347.612 4.679
347.871 4.698
348.130 4.712
348.389 4.710
348.648 4.708
348.907 4.713
349.166 4.735
349.424 4.749
349.683 4.765
349.942 4.785
350.201 4.804
350.460 4.818
350.719 4.812
350.978 4.799
351.237 4.810
351.496 4.824
351.755 4.822
352.014 4.826
352.273 4.822
352.532 4.814
352.791 4.817
353.050 4.832
353.309 4.842
353.568 4.836
353.827 4.842
354.086 4.845
354.345 4.841
354.604 4.839
354.863 4.827
355.122 4.839
355.381 4.848
355.640 4.853
355.898 4.859
356.157 4.863
356.416 4.870
356.675 4.890
356.934 4.909
357.193 4.937
357.452 4.970
357.711 4.976
357.970 4.987
358.229 4.998
358.488 4.992
358.747 4.986
359.006 4.988
359.265 5.007
359.524 5.038
359.783 5.059
360.042 5.070
360.301 5.079
360.560 5.087
360.819 5.092
361.078 5.094
361.337 5.101
361.596 5.125
361.855 5.149
362.114 5.167
362.372 5.193
362.631 5.204
362.890 5.208
363.149 5.202
363.408 5.212
363.667 5.220
363.926 5.227
364.185 5.246
364.444 5.263
364.703 5.270
364.962 5.262
365.221 5.274
365.480 5.292
365.745 5.288
366.009 5.292
366.274 5.316
366.539 5.335
366.804 5.351
367.068 5.364
367.333 5.371
367.598 5.385
367.863 5.391
368.127 5.401
368.392 5.426
368.657 5.443
368.921 5.433
369.186 5.428
369.451 5.445
369.716 5.456
369.980 5.464
370.245 5.486
370.510 5.501
370.775 5.515
371.039 5.525
371.304 5.531
371.569 5.531
371.834 5.536
372.098 5.543
372.363 5.552
372.628 5.551
372.892 5.558
373.157 5.552
373.422 5.541
373.687 5.548
373.951 5.561
374.216 5.562
374.481 5.572
374.746 5.591
375.010 5.605
375.275 5.599
375.540 5.583
375.804 5.569
376.069 5.568
376.334 5.574
376.599 5.577
376.863 5.580
377.128 5.585
377.393 5.591
377.658 5.589
377.922 5.583
378.187 5.584
378.452 5.581
378.716 5.582
378.981 5.581
379.246 5.583
379.511 5.587
379.775 5.595
380.040 5.603
380.305 5.599
380.570 5.602
380.834 5.617
381.099 5.637
381.364 5.644
381.629 5.642
381.893 5.649
382.158 5.652
382.423 5.638
382.687 5.632
382.952 5.636
383.217 5.636
383.482 5.635
383.746 5.629
384.011 5.630
384.276 5.636
384.541 5.628
384.805 5.613
385.070 5.607
385.335 5.606
385.599 5.608
385.864 5.608
386.129 5.620
386.394 5.620
386.658 5.615
386.923 5.615
387.188 5.602
387.453 5.591
387.717 5.592
387.982 5.589
388.247 5.588
388.511 5.575
388.776 5.566
389.041 5.560
389.306 5.558
389.570 5.546
389.835 5.533
390.100 5.526
390.365 5.531
390.629 5.535
390.894 5.531
391.159 5.524
391.424 5.527
391.688 5.524
391.953 5.522
392.218 5.528
392.482 5.532
392.747 5.531
393.012 5.535
393.277 5.545
393.541 5.556
393.806 5.561
394.071 5.565
394.336 5.564
394.600 5.563
394.865 5.563
395.130 5.564
395.394 5.567
395.659 5.570
395.924 5.566
396.189 5.566
396.453 5.567
396.718 5.569
396.983 5.557
397.248 5.550
397.512 5.545
397.777 5.542
398.042 5.533
398.306 5.527
398.571 5.531
398.836 5.529
399.101 5.521
399.365 5.520
399.630 5.532
399.895 5.547
400.160 5.548
400.424 5.537
400.689 5.536
400.954 5.543
401.219 5.550
401.483 5.554
401.748 5.550
402.013 5.553
402.277 5.549
402.542 5.549
402.807 5.552
403.072 5.559
403.336 5.563
403.601 5.569
403.866 5.577
404.131 5.585
404.395 5.591
404.660 5.604
404.929 5.603
405.198 5.601
405.466 5.597
405.735 5.604
406.004 5.623
406.273 5.630
406.542 5.620
406.810 5.605
407.079 5.597
407.348 5.600
407.617 5.593
407.886 5.593
408.154 5.594
408.423 5.591
408.692 5.591
408.961 5.589
409.229 5.583
409.498 5.591
409.767 5.592
410.036 5.585
410.305 5.579
410.573 5.583
410.842 5.575
411.111 5.569
411.380 5.569
411.649 5.561
411.917 5.548
412.186 5.546
412.455 5.533
412.724 5.523
412.993 5.516
413.261 5.511
413.530 5.500
413.799 5.496
414.068 5.497
414.337 5.502
414.605 5.504
414.874 5.501
415.143 5.498
415.412 5.499
415.681 5.492
415.949 5.473
416.218 5.466
416.487 5.468
416.756 5.473
417.024 5.477
417.293 5.470
417.562 5.463
417.831 5.461
418.100 5.466
418.368 5.465
418.637 5.454
418.906 5.441
419.175 5.439
419.444 5.431
419.712 5.432
419.981 5.434
420.250 5.431
420.519 5.424
420.788 5.408
421.056 5.390
421.325 5.384
421.594 5.376
421.863 5.371
422.132 5.367
422.400 5.347
422.669 5.327
422.938 5.320
423.207 5.318
423.476 5.314
423.744 5.307
424.013 5.307
424.282 5.304
424.551 5.300
424.819 5.286
425.088 5.264
425.357 5.250
425.626 5.239
425.895 5.226
426.163 5.210
426.432 5.205
426.701 5.199
426.970 5.181
427.239 5.169
427.507 5.160
427.776 5.150
428.045 5.149
428.314 5.143
428.583 5.134
428.851 5.131
429.120 5.127
429.389 5.123
429.658 5.122
429.927 5.123
430.195 5.117
430.464 5.109
430.733 5.106
431.002 5.099
431.271 5.092
431.539 5.088
431.808 5.080
432.077 5.078
432.346 5.082
432.614 5.077
432.883 5.064
433.152 5.062
433.421 5.063
433.690 5.057
433.958 5.054
434.227 5.041
434.496 5.028
434.765 5.020
435.034 5.021
435.302 5.018
435.571 5.009
435.840 4.995
436.116 4.985
436.393 4.983
436.669 4.980
436.945 4.976
437.221 4.980
437.498 4.983
437.774 4.985
438.050 4.993
438.326 4.993
438.603 4.992
438.879 5.000
439.155 5.006
439.431 5.006
439.708 5.007
439.984 5.006
440.260 5.002
440.537 4.996
440.813 4.989
441.089 4.989
441.365 4.993
441.642 4.993
441.918 4.997
442.194 4.999
442.470 4.981
442.747 4.967
443.023 4.953
443.299 4.947
443.575 4.951
443.852 4.954
444.128 4.956
444.404 4.960
444.680 4.956
444.957 4.956
445.233 4.954
445.509 4.955
445.786 4.957
446.062 4.948
446.338 4.938
446.614 4.931
446.891 4.931
447.167 4.926
447.443 4.926
447.719 4.920
447.996 4.912
448.272 4.908
448.548 4.907
448.824 4.893
449.101 4.883
449.377 4.884
449.653 4.889
449.930 4.883
450.206 4.871
450.482 4.876
450.758 4.873
451.035 4.867
451.311 4.862
451.587 4.852
451.863 4.844
452.140 4.844
452.416 4.842
452.692 4.847
452.968 4.845
453.245 4.839
453.521 4.838
453.797 4.843
454.074 4.835
454.350 4.829
454.626 4.827
454.902 4.826
455.179 4.829
455.455 4.825
455.731 4.815
456.007 4.806
456.284 4.798
456.560 4.791
456.836 4.785
457.112 4.779
457.389 4.775
457.665 4.776
457.941 4.767
458.218 4.758
458.494 4.755
458.770 4.749
459.046 4.748
459.323 4.754
459.599 4.756
459.875 4.758
460.151 4.759
460.428 4.759
460.704 4.761
460.980 4.757
461.256 4.754
461.533 4.754
461.809 4.755
462.085 4.752
462.361 4.744
462.638 4.739
462.914 4.748
463.190 4.750
463.467 4.749
463.743 4.740
464.019 4.727
464.295 4.717
464.572 4.719
464.848 4.721
465.124 4.720
465.400 4.720
465.677 4.724
465.953 4.727
466.229 4.726
466.505 4.726
466.782 4.722
467.058 4.722
467.334 4.723
467.611 4.725
467.887 4.734
468.163 4.736
468.439 4.738
468.716 4.739
468.992 4.736
469.268 4.740
469.544 4.739
469.821 4.737
470.097 4.734
470.373 4.721
470.649 4.708
470.926 4.708
471.202 4.708
471.478 4.710
471.755 4.702
472.031 4.701
472.307 4.706
472.583 4.706
472.860 4.712
473.136 4.719
473.412 4.725
473.688 4.733
473.965 4.737
474.241 4.735
474.517 4.737
474.793 4.744
475.070 4.748
475.346 4.748
475.622 4.751
475.899 4.748
476.175 4.746
476.451 4.753
476.727 4.757
477.004 4.755
477.280 4.743
477.556 4.733
477.832 4.730
478.109 4.722
478.385 4.715
478.661 4.709
478.937 4.704
479.214 4.700
479.490 4.698
479.766 4.694
480.043 4.695
480.319 4.690
480.595 4.688
480.871 4.698
481.148 4.699
481.424 4.693
481.700 4.691
481.976 4.692
482.253 4.693
482.529 4.697
482.805 4.695
483.081 4.692
483.358 4.688
483.634 4.693
483.910 4.692
484.186 4.688
484.463 4.684
484.739 4.678
485.015 4.680
485.292 4.684
485.568 4.683
485.844 4.684
486.120 4.684
486.397 4.681
486.673 4.683
486.949 4.684
487.225 4.689
487.502 4.696
487.778 4.700
488.054 4.706
488.330 4.708
488.607 4.706
488.883 4.696
489.159 4.692
489.436 4.691
489.712 4.685
489.988 4.681
490.264 4.679
490.541 4.673
490.817 4.669
491.093 4.671
491.369 4.677
491.646 4.682
491.922 4.686
492.198 4.689
492.474 4.692
492.751 4.695
493.027 4.695
493.303 4.695
493.580 4.696
493.856 4.699
494.132 4.706
494.408 4.707
494.685 4.712
494.961 4.715
495.237 4.722
495.513 4.733
495.790 4.742
496.066 4.756
496.342 4.768
496.618 4.775
496.895 4.784
497.171 4.786
497.447 4.786
497.724 4.784
498.000 4.782
498.276 4.786
498.552 4.791
498.829 4.791
499.105 4.786
499.381 4.780
499.657 4.779
499.934 4.773
500.210 4.779
500.486 4.787
500.762 4.794
501.039 4.792
501.315 4.791
501.591 4.798
501.867 4.806
502.144 4.810
502.420 4.814
502.696 4.816
502.973 4.816
503.249 4.816
503.525 4.818
503.801 4.819
504.078 4.817
504.354 4.809
504.630 4.805
504.906 4.807
505.183 4.806
505.459 4.812
505.735 4.821
506.011 4.823
506.288 4.825
506.564 4.828
506.840 4.830
507.117 4.834
507.393 4.842
507.669 4.847
507.945 4.851
508.222 4.852
508.498 4.849
508.774 4.848
509.050 4.847
509.327 4.851
509.603 4.855
509.879 4.860
510.155 4.857
510.432 4.863
510.708 4.868
510.984 4.872
511.261 4.882
511.537 4.884
511.813 4.884
512.089 4.885
512.366 4.885
512.642 4.885
512.918 4.880
513.194 4.876
513.471 4.874
513.747 4.871
514.023 4.884
514.299 4.895
514.576 4.899
514.852 4.903
515.128 4.910
515.405 4.912
515.681 4.911
515.957 4.922
516.233 4.931
516.510 4.934
516.786 4.944
517.062 4.946
517.338 4.939
517.615 4.933
517.891 4.938
518.167 4.946
518.443 4.940
518.720 4.929
518.996 4.925
519.272 4.922
519.548 4.920
519.825 4.922
520.101 4.932
520.377 4.944
520.654 4.946
520.930 4.946
521.206 4.958
521.482 4.969
521.759 4.972
522.035 4.975
522.311 4.979
522.587 4.980
522.864 4.982
523.140 4.982
523.416 4.981
523.692 4.981
523.969 4.977
524.245 4.975
524.521 4.977
524.798 4.975
525.074 4.966
525.350 4.964
525.626 4.970
525.903 4.974
526.179 4.968
526.455 4.967
526.731 4.971
527.008 4.981
527.284 4.986
527.560 4.986
527.836 4.982
528.113 4.983
528.389 4.989
528.665 4.988
528.942 4.983
529.218 4.996
529.494 5.024
529.770 5.034
530.047 5.035
530.323 5.037
530.599 5.041
530.875 5.037
531.152 5.032
531.428 5.034
531.704 5.037
531.980 5.034
532.257 5.036
532.533 5.040
532.809 5.039
533.086 5.037
533.362 5.036
533.638 5.032
533.914 5.028
534.191 5.027
534.467 5.030
534.743 5.033
535.019 5.035
535.296 5.043
535.572 5.051
535.848 5.053
536.124 5.053
536.401 5.055
536.677 5.058
536.953 5.059
537.230 5.056
537.506 5.060
537.782 5.070
538.058 5.069
538.335 5.062
538.611 5.060
538.887 5.057
539.163 5.053
539.440 5.059
539.716 5.062
539.992 5.066
540.268 5.077
540.545 5.081
540.821 5.084
541.097 5.084
541.373 5.086
541.650 5.093
541.926 5.099
542.202 5.102
542.479 5.103
542.755 5.106
543.031 5.113
543.307 5.119
543.584 5.121
543.860 5.117
544.136 5.108
544.412 5.107
544.689 5.119
544.965 5.120
545.241 5.118
545.517 5.126
545.794 5.134
546.070 5.126
546.356 5.105
546.642 5.101
546.928 5.106
547.214 5.107
547.500 5.106
547.786 5.112
548.072 5.119
548.358 5.128
548.644 5.135
548.930 5.142
549.216 5.149
549.502 5.156
549.788 5.164
550.074 5.177
550.360 5.185
550.646 5.190
550.932 5.194
551.218 5.201
551.504 5.206
551.790 5.210
552.076 5.212
552.362 5.218
552.648 5.221
552.934 5.229
553.220 5.241
553.506 5.251
553.793 5.262
554.079 5.274
554.365 5.282
554.651 5.286
554.937 5.293
555.223 5.304
555.509 5.320
555.795 5.330
556.081 5.340
556.367 5.350
556.653 5.360
556.939 5.369
557.225 5.380
557.511 5.387
557.797 5.397
558.083 5.408
558.369 5.420
558.655 5.431
558.941 5.442
559.227 5.455
559.513 5.466
559.799 5.479
560.085 5.495
560.371 5.508
560.657 5.520
560.943 5.529
561.229 5.547
561.515 5.564
561.801 5.575
562.087 5.581
562.373 5.593
562.659 5.608
562.945 5.620
563.231 5.636
563.517 5.646
563.803 5.655
564.089 5.668
564.375 5.680
564.661 5.696
564.947 5.714
565.233 5.727
565.519 5.740
565.805 5.751
566.091 5.762
566.377 5.776
566.663 5.792
566.949 5.805
567.235 5.819
567.521 5.832
567.807 5.849
568.093 5.868
568.379 5.887
568.665 5.903
568.951 5.924
569.237 5.942
569.524 5.958
569.810 5.973
570.096 5.993
570.382 6.015
570.668 6.036
570.954 6.053
571.240 6.067
571.526 6.077
571.812 6.093
572.098 6.115
572.384 6.136
572.670 6.156
572.956 6.171
573.242 6.187
573.528 6.210
573.814 6.232
574.100 6.250
574.386 6.273
574.672 6.294
574.958 6.312
575.244 6.337
575.530 6.365
575.816 6.391
576.102 6.412
576.388 6.434
576.674 6.462
576.960 6.487
577.248 6.513
577.536 6.537
577.824 6.560
578.113 6.584
578.401 6.609
578.689 6.630
578.977 6.663
579.265 6.692
579.553 6.716
579.841 6.745
580.130 6.774
580.418 6.802
580.706 6.822
580.994 6.851
581.282 6.884
581.570 6.918
581.858 6.948
582.147 6.978
582.435 7.006
582.723 7.038
583.011 7.075
583.299 7.109
583.587 7.142
583.875 7.172
584.164 7.206
584.452 7.249
584.740 7.287
585.028 7.321
585.316 7.351
585.604 7.387
585.892 7.424
586.181 7.456
586.469 7.488
586.757 7.523
587.045 7.561
587.333 7.598
587.621 7.632
587.909 7.658
588.198 7.689
588.486 7.722
588.774 7.755
589.062 7.796
589.350 7.833
589.638 7.868
589.927 7.901
590.215 7.934
590.503 7.976
590.791 8.018
591.079 8.056
591.367 8.097
591.655 8.138
591.944 8.182
592.232 8.221
592.520 8.262
592.808 8.301
593.096 8.337
593.384 8.377
593.672 8.422
593.961 8.459
594.249 8.492
594.537 8.532
594.825 8.575
595.113 8.619
595.401 8.667
595.689 8.707
595.978 8.749
596.266 8.797
596.554 8.837
596.842 8.878
597.130 8.921
597.418 8.972
597.706 9.023
597.995 9.070
598.283 9.118
598.571 9.160
598.859 9.206
599.147 9.253
599.435 9.303
599.723 9.346
600.012 9.391
600.300 9.436
600.588 9.481
600.876 9.530
601.164 9.583
601.452 9.635
601.740 9.675
602.029 9.716
602.317 9.762
602.605 9.810
602.893 9.861
603.181 9.910
603.469 9.957
603.757 10.006
604.046 10.049
604.334 10.095
604.622 10.143
604.910 10.190
605.198 10.238
605.486 10.295
605.774 10.343
606.063 10.393
606.351 10.445
606.639 10.490
606.927 10.544
607.215 10.600
607.503 10.653
607.791 10.708
608.080 10.755
608.368 10.806
608.656 10.860
608.944 10.911
609.232 10.968
609.520 11.014
609.808 11.069
610.097 11.130
610.385 11.186
610.673 11.249
610.961 11.303
611.249 11.354
611.537 11.411
611.825 11.466
612.114 11.515
612.402 11.560
612.690 11.602
612.978 11.648
613.266 11.701
613.554 11.758
613.843 11.808
614.131 11.859
614.419 11.910
614.707 11.964
614.995 12.011
615.283 12.055
615.571 12.113
615.860 12.178
616.148 12.228
616.436 12.279
616.724 12.328
617.012 12.381
617.300 12.440
617.588 12.492
617.877 12.543
618.165 12.592
618.453 12.644
618.741 12.698
619.029 12.751
619.317 12.805
619.605 12.858
619.894 12.912
620.182 12.967
620.470 13.016
620.758 13.066
621.046 13.121
621.334 13.174
621.622 13.237
621.911 13.301
622.199 13.357
622.487 13.412
622.775 13.466
623.063 13.518
623.351 13.575
623.639 13.635
623.928 13.692
624.216 13.753
624.504 13.805
624.792 13.853
625.080 13.909
625.368 13.963
625.656 14.027
625.945 14.087
626.233 14.132
626.521 14.182
626.809 14.228
627.097 14.276
627.385 14.332
627.673 14.384
627.962 14.437
628.250 14.482
628.538 14.533
628.826 14.585
629.114 14.635
629.402 14.697
629.690 14.761
629.979 14.822
630.267 14.878
630.555 14.935
630.843 14.992
631.131 15.047
631.419 15.100
631.707 15.155
631.996 15.221
632.284 15.281
632.572 15.330
632.860 15.382
633.148 15.434
633.436 15.480
633.724 15.543
634.013 15.602
634.301 15.662
634.589 15.713
634.877 15.759
635.165 15.819
635.453 15.873
635.741 15.923
636.030 15.974
636.318 16.025
636.606 16.075
636.894 16.130
637.182 16.189
637.470 16.239
637.759 16.291
638.047 16.357
638.335 16.416
638.623 16.472
638.911 16.532
639.199 16.588
639.487 16.641
639.776 16.700
640.064 16.767
640.352 16.829
640.640 16.891
640.928 16.950
641.216 17.005
641.504 17.066
641.793 17.126
642.081 17.183
642.369 17.235
642.657 17.284
642.945 17.341
643.233 17.397
643.521 17.450
643.810 17.511
644.098 17.572
644.386 17.631
644.674 17.703
644.962 17.769
645.250 17.829
645.538 17.883
645.827 17.935
646.115 17.986
646.403 18.038
646.691 18.094
646.979 18.150
647.267 18.200
647.555 18.248
647.844 18.309
648.132 18.364
648.420 18.408
648.708 18.456
648.996 18.508
649.284 18.563
649.572 18.607
649.861 18.661
650.149 18.731
650.437 18.803
650.725 18.865
651.013 18.925
651.301 18.987
651.589 19.041
651.878 19.092
652.166 19.157
652.454 19.229
652.742 19.296
653.030 19.369
653.318 19.438
653.606 19.512
653.895 19.581
654.183 19.653
654.471 19.733
654.759 19.800
655.047 19.872
655.335 19.944
655.623 20.005
655.912 20.071
656.200 20.136
656.488 20.205
656.776 20.276
657.064 20.345
657.352 20.416
657.640 20.482
657.929 20.550
658.217 20.617
658.505 20.687
658.793 20.759
659.081 20.825
659.369 20.894
659.657 20.969
659.946 21.047
660.234 21.135
660.522 21.222
660.810 21.297
661.098 21.367
661.386 21.439
661.675 21.513
661.963 21.591
662.251 21.658
662.539 21.722
662.827 21.787
663.115 21.871
663.403 21.958
663.692 22.042
663.980 22.134
664.268 22.223
664.556 22.300
664.844 22.381
665.132 22.466
665.420 22.548
665.709 22.633
665.997 22.729
666.285 22.825
666.573 22.910
666.861 22.997
667.149 23.102
667.437 23.193
667.726 23.281
668.014 23.359
668.302 23.439
668.590 23.529
668.878 23.611
669.166 23.693
669.454 23.781
669.743 23.866
670.031 23.949
670.319 24.030
670.607 24.117
670.895 24.213
671.183 24.294
671.471 24.373
671.760 24.458
672.048 24.536
672.336 24.621
672.624 24.712
672.912 24.794
673.200 24.876
673.488 24.963
673.777 25.061
674.065 25.150
674.353 25.231
674.641 25.316
674.929 25.400
675.217 25.484
675.505 25.575
675.794 25.670
676.082 25.766
676.370 25.855
676.658 25.949
676.946 26.045
677.234 26.138
677.522 26.233
677.811 26.315
678.099 26.393
678.387 26.481
678.675 26.581
678.963 26.676
679.251 26.773
679.539 26.868
679.828 26.963
680.116 27.068
680.404 27.174
680.692 27.267
680.980 27.361
681.268 27.463
681.556 27.554
681.845 27.639
682.133 27.725
682.421 27.818
682.709 27.905
682.997 27.995
683.285 28.093
683.573 28.182
683.862 28.273
684.150 28.374
684.438 28.474
684.726 28.561
685.014 28.662
685.302 28.768
685.591 28.878
685.879 28.983
686.167 29.077
686.455 29.174
686.743 29.280
687.031 29.381
687.319 29.481
687.608 29.576
687.896 29.675
688.184 29.777
688.472 29.872
688.760 29.971
689.048 30.078
689.336 30.179
689.625 30.277
689.913 30.375
690.201 30.473
690.489 30.578
690.777 30.687
691.065 30.793
691.353 30.886
691.642 30.982
691.930 31.071
692.218 31.168
692.506 31.273
692.794 31.376
693.082 31.480
693.370 31.580
693.659 31.676
693.947 31.777
694.235 31.870
694.523 31.963
694.811 32.062
695.099 32.165
695.387 32.273
695.676 32.384
695.964 32.494
696.252 32.602
696.540 32.716
696.836 32.822
697.133 32.919
697.429 33.020
697.725 33.114
698.021 33.212
698.318 33.313
698.614 33.408
698.910 33.504
699.207 33.607
699.503 33.723
699.799 33.835
700.095 33.943
700.392 34.054
700.688 34.155
700.984 34.264
701.281 34.384
701.577 34.504
701.873 34.614
702.169 34.728
702.466 34.841
702.762 34.944
703.058 35.032
703.355 35.128
703.651 35.228
703.947 35.331
704.243 35.440
704.540 35.541
704.836 35.641
705.132 35.733
705.428 35.837
705.725 35.935
706.021 36.024
706.317 36.125
706.614 36.228
706.910 36.328
707.206 36.429
707.502 36.542
707.799 36.659
708.095 36.764
708.391 36.861
708.688 36.960
708.984 37.057
709.280 37.157
709.576 37.251
709.873 37.366
710.169 37.476
710.465 37.584
710.762 37.692
711.058 37.783
711.354 37.875
711.650 37.986
711.947 38.105
712.243 38.214
712.539 38.326
712.836 38.437
713.132 38.530
713.428 38.628
713.724 38.724
714.021 38.817
714.317 38.917
714.613 39.012
714.910 39.112
715.206 39.218
715.502 39.321
715.798 39.421
716.095 39.517
716.391 39.610
716.687 39.712
716.984 39.819
717.280 39.928
717.576 40.016
717.872 40.122
718.169 40.219
718.465 40.318
718.761 40.414
719.058 40.495
719.354 40.577
719.650 40.657
719.946 40.743
720.243 40.834
720.539 40.929
720.835 41.020
721.131 41.109
721.428 41.204
721.724 41.303
722.020 41.394
722.317 41.483
722.613 41.571
722.909 41.666
723.205 41.773
723.502 41.871
723.798 41.987
724.094 42.100
724.391 42.193
724.687 42.282
724.983 42.381
725.279 42.481
725.576 42.566
725.872 42.658
726.168 42.743
726.465 42.823
726.761 42.914
727.057 43.016
727.353 43.122
727.650 43.225
727.946 43.321
728.242 43.410
728.539 43.496
728.835 43.591
729.131 43.705
729.427 43.800
729.724 43.870
730.020 43.947
730.316 44.034
730.613 44.097
730.909 44.180
731.205 44.282
731.501 44.374
731.798 44.475
732.094 44.578
732.390 44.650
732.687 44.723
732.983 44.794
733.279 44.874
733.575 44.964
733.872 45.044
734.168 45.130
734.464 45.227
734.761 45.309
735.057 45.386
735.353 45.469
735.649 45.564
735.946 45.655
736.242 45.758
736.538 45.840
736.835 45.926
737.131 46.018
737.427 46.125
737.723 46.222
738.020 46.315
738.316 46.397
738.612 46.469
738.909 46.559
739.205 46.670
739.501 46.749
739.797 46.836
740.094 46.934
740.390 47.024
740.686 47.120
740.982 47.199
741.279 47.269
741.575 47.369
741.871 47.446
742.168 47.521
742.464 47.600
742.760 47.696
743.056 47.781
743.353 47.869
743.649 47.961
743.945 48.035
744.242 48.114
744.538 48.205
744.834 48.281
745.130 48.339
745.427 48.394
745.723 48.470
746.019 48.541
746.316 48.603
746.612 48.674
746.908 48.729
747.204 48.771
747.501 48.848
747.797 48.934
748.093 49.008
748.390 49.086
748.686 49.194
748.982 49.277
749.278 49.349
749.575 49.407
749.871 49.463
750.167 49.522
750.464 49.591
750.760 49.659
751.056 49.733
751.352 49.806
751.649 49.865
751.945 49.932
752.241 50.024
752.538 50.109
752.834 50.191
753.130 50.257
753.426 50.317
753.723 50.390
754.019 50.436
754.315 50.467
754.611 50.528
754.908 50.592
755.204 50.667
755.500 50.730
755.797 50.802
756.093 50.880
756.389 50.964
756.685 51.041
756.982 51.114
757.278 51.170
757.574 51.235
757.871 51.282
758.167 51.339
758.463 51.397
758.759 51.461
759.056 51.533
759.352 51.607
759.648 51.641
759.945 51.697
760.241 51.758
760.537 51.825
760.833 51.886
761.130 51.935
761.426 51.979
761.722 52.031
762.019 52.091
762.315 52.147
762.611 52.195
762.907 52.246
763.204 52.328
763.500 52.402
763.804 52.465
764.108 52.522
764.412 52.580
764.716 52.645
765.020 52.712
765.324 52.803
765.628 52.856
765.932 52.905
766.236 52.945
766.540 52.988
766.844 53.036
767.148 53.076
767.452 53.117
767.756 53.173
768.060 53.222
768.364 53.267
768.668 53.340
768.972 53.407
769.276 53.462
769.580 53.521
769.884 53.591
770.188 53.674
770.492 53.722
770.796 53.738
771.100 53.781
771.404 53.838
771.708 53.891
772.012 53.929
772.316 54.011
772.620 54.089
772.924 54.152
773.228 54.205
773.532 54.247
773.836 54.297
774.140 54.339
774.444 54.382
774.748 54.445
775.052 54.516
775.356 54.565
775.659 54.616
775.963 54.684
776.267 54.740
776.571 54.797
776.875 54.863
777.179 54.929
777.483 54.996
777.787 55.051
778.091 55.112
778.395 55.166
778.699 55.222
779.003 55.270
779.307 55.317
779.611 55.369
779.915 55.424
780.219 55.480
780.523 55.534
780.827 55.600
781.131 55.667
781.435 55.743
781.739 55.795
782.043 55.850
782.347 55.913
782.651 55.964
782.955 56.026
783.259 56.076
783.563 56.128
783.867 56.170
784.171 56.230
784.475 56.284
784.779 56.349
785.083 56.401
785.387 56.429
785.691 56.484
785.995 56.546
786.299 56.598
786.603 56.663
786.907 56.733
787.211 56.785
787.515 56.849
787.819 56.916
788.123 56.962
788.427 57.004
788.731 57.023
789.035 57.066
789.339 57.142
789.643 57.193
789.947 57.235
790.251 57.289
790.555 57.358
790.859 57.405
791.163 57.471
791.467 57.550
791.771 57.614
792.075 57.663
792.379 57.713
792.683 57.760
792.987 57.822
793.291 57.848
793.595 57.883
793.899 57.955
794.203 58.007
794.507 58.052
794.811 58.097
795.115 58.134
795.419 58.170
795.723 58.192
796.027 58.204
796.331 58.262
796.635 58.345
796.939 58.386
797.243 58.432
797.547 58.497
797.851 58.547
798.155 58.607
798.459 58.668
798.763 58.712
799.067 58.746
799.371 58.777
799.674 58.829
799.978 58.884
800.282 58.954
800.586 58.980
800.890 58.984
801.194 59.037
801.498 59.102
801.802 59.147
802.106 59.219
802.410 59.294
802.714 59.350
803.018 59.396
803.322 59.438
803.626 59.500
803.930 59.569
804.234 59.620
804.538 59.677
804.842 59.751
805.146 59.798
805.450 59.846
805.754 59.899
806.058 59.921
806.362 59.952
806.666 59.998
806.970 60.066
807.274 60.135
807.578 60.199
807.882 60.233
808.186 60.287
808.490 60.368
808.794 60.432
809.098 60.469
809.402 60.525
809.706 60.575
810.010 60.593
810.314 60.648
810.618 60.722
810.922 60.760
811.226 60.803
811.530 60.820
811.834 60.840
812.137 60.858
812.441 60.860
812.744 60.896
813.048 60.942
813.351 61.007
813.655 61.031
813.958 61.053
814.262 61.127
814.565 61.200
814.869 61.242
815.172 61.256
815.476 61.292
815.779 61.322
816.083 61.354
816.386 61.395
816.690 61.425
816.993 61.448
817.297 61.489
817.600 61.555
817.904 61.584
818.208 61.606
818.511 61.615
818.815 61.607
819.118 61.664
819.422 61.717
819.725 61.743
820.029 61.749
820.332 61.778
820.636 61.830
820.939 61.858
821.243 61.877
821.546 61.914
821.850 61.962
822.153 62.025
822.457 62.052
822.760 62.082
823.064 62.115
823.367 62.133
823.671 62.139
823.974 62.150
824.278 62.169
824.582 62.207
824.885 62.243
825.189 62.288
825.492 62.325
825.796 62.344
826.099 62.340
826.403 62.360
826.706 62.394
827.010 62.423
827.313 62.434
827.617 62.464
827.920 62.439
828.224 62.414
828.527 62.426
828.831 62.412
829.134 62.401
829.438 62.419
829.741 62.439
830.045 62.461
830.348 62.461
830.652 62.480
830.956 62.511
831.259 62.566
831.563 62.609
831.866 62.633
832.170 62.678
832.473 62.719
832.777 62.729
833.080 62.717
833.384 62.725
833.687 62.739
833.991 62.746
834.294 62.750
834.598 62.748
834.901 62.750
835.205 62.750
835.508 62.755
835.812 62.784
836.115 62.812
836.419 62.838
836.722 62.842
837.026 62.842
837.330 62.828
837.633 62.807
837.937 62.801
838.240 62.824
838.544 62.878
838.847 62.910
839.151 62.901
839.454 62.903
839.758 62.908
840.061 62.952
840.365 63.006
840.668 62.994
840.972 63.018
841.275 63.028
841.579 63.040
841.882 63.063
842.186 63.093
842.489 63.107
842.793 63.112
843.097 63.131
843.400 63.150
843.704 63.145
844.007 63.154
844.311 63.180
844.614 63.191
844.918 63.220
845.221 63.247
845.525 63.254
845.828 63.229
846.132 63.213
846.435 63.266
846.739 63.303
847.042 63.335
847.346 63.392
847.649 63.453
847.953 63.476
848.256 63.493
848.560 63.547
848.863 63.626
849.167 63.667
849.471 63.676
849.774 63.649
850.078 63.619
850.381 63.608
850.685 63.664
850.988 63.719
851.292 63.733
851.595 63.759
851.899 63.751
852.202 63.755
852.506 63.789
852.809 63.823
853.113 63.871
853.416 63.875
853.720 63.860
854.023 63.875
854.327 63.872
854.630 63.860
854.934 63.879
855.237 63.878
855.541 63.890
855.845 63.946
856.148 63.991
856.452 64.029
856.755 64.025
857.059 64.003
857.362 64.016
857.666 64.029
857.969 64.017
858.273 64.027
858.576 64.019
858.880 63.981
859.183 63.989
859.487 63.995
859.790 64.003
860.094 64.026
860.397 64.030
860.701 64.047
861.004 64.043
861.308 64.032
861.611 64.037
861.915 64.054
862.219 64.078
862.522 64.071
862.826 64.042
863.129 64.035
863.433 64.032
863.736 64.017
864.040 63.989
864.343 64.024
864.647 64.068
864.950 64.084
865.254 64.098
865.557 64.078
865.861 64.047
866.164 64.015
866.468 63.992
866.771 63.990
867.075 63.962
867.378 63.910
867.682 63.902
867.985 63.923
868.289 63.927
868.593 63.925
868.896 63.933
869.200 63.879
869.503 63.855
869.807 63.869
870.110 63.881
870.414 63.920
870.717 63.940
871.021 63.955
871.324 63.975
871.628 63.973
871.931 63.998
872.235 64.051
872.538 64.053
872.842 64.052
873.145 64.043
873.449 64.037
873.752 64.090
874.056 64.136
874.359 64.132
874.663 64.155
874.967 64.195
875.270 64.221
875.574 64.214
875.877 64.185
876.181 64.174
876.484 64.177
876.788 64.190
877.091 64.167
877.395 64.136
877.698 64.090
878.002 64.053
878.305 64.032
878.609 63.992
878.912 64.003
879.216 64.010
879.519 64.002
879.823 64.009
880.126 64.018
880.430 64.031
880.733 64.031
881.037 64.019
881.341 64.021
881.644 64.061
881.948 64.078
882.251 64.111
882.555 64.126
882.858 64.124
883.162 64.108
883.465 64.084
883.769 64.088
884.072 64.112
884.376 64.142
884.679 64.171
884.983 64.178
885.286 64.206
885.590 64.242
885.893 64.291
886.197 64.283
886.500 64.284
886.804 64.314
887.107 64.336
887.411 64.350
887.715 64.402
888.018 64.418
888.322 64.392
888.625 64.401
888.929 64.387
889.232 64.366
889.536 64.335
889.839 64.303
890.143 64.267
890.446 64.269
890.750 64.278
891.053 64.287
891.357 64.264
891.660 64.254
891.964 64.229
892.267 64.194
892.571 64.177
892.874 64.192
893.178 64.185
893.482 64.170
893.785 64.163
894.089 64.192
894.392 64.198
894.696 64.172
894.999 64.163
895.303 64.187
895.606 64.226
895.910 64.276
896.213 64.328
896.517 64.373
896.820 64.397
897.124 64.371
897.427 64.350
897.731 64.353
898.034 64.395
898.338 64.406
898.641 64.410
898.945 64.421
899.248 64.431
899.552 64.475
899.856 64.494
900.159 64.467
900.463 64.485
900.766 64.423
901.070 64.416
901.373 64.432
901.677 64.426
901.980 64.409
902.284 64.397
902.587 64.392
902.891 64.350
903.194 64.291
903.498 64.284
903.801 64.278
904.105 64.255
904.408 64.246
904.712 64.227
905.015 64.202
905.319 64.183
905.622 64.176
905.926 64.143
906.230 64.065
906.533 64.011
906.837 63.993
907.140 63.979
907.444 63.975
907.747 63.988
908.051 63.994
908.354 63.990
908.658 64.023
908.961 64.004
909.265 63.971
909.568 63.969
909.872 63.998
910.175 64.006
910.479 64.018
910.782 64.011
911.086 63.988
911.389 63.967
911.693 63.941
911.996 63.926
912.300 63.943
912.613 63.953
912.926 63.945
913.238 63.941
913.551 63.918
913.864 63.860
914.176 63.851
914.489 63.831
914.802 63.790
915.115 63.759
915.427 63.734
915.740 63.776
916.053 63.790
916.366 63.730
916.678 63.670
916.991 63.667
917.304 63.660
917.617 63.614
917.929 63.612
918.242 63.574
918.555 63.568
918.868 63.583
919.180 63.568
919.493 63.585
919.806 63.564
920.119 63.534
920.431 63.509
920.744 63.475
921.057 63.435
921.370 63.403
921.682 63.418
921.995 63.420
922.308 63.408
922.621 63.403
922.933 63.388
923.246 63.332
923.559 63.307
923.872 63.280
924.184 63.263
924.497 63.243
924.810 63.251
925.123 63.291
925.435 63.314
925.748 63.319
926.061 63.305
926.374 63.306
926.686 63.319
926.999 63.315
927.312 63.342
927.625 63.337
927.937 63.333
928.250 63.374
928.563 63.378
928.876 63.343
929.188 63.382
929.501 63.392
929.814 63.402
930.127 63.373
930.439 63.363
930.752 63.335
931.065 63.305
931.378 63.261
931.690 63.192
932.003 63.155
932.316 63.122
932.629 63.073
932.941 63.033
933.254 63.011
933.567 62.921
933.880 62.850
934.192 62.879
934.505 62.882
934.818 62.861
935.131 62.851
935.443 62.910
935.756 62.923
936.069 62.944
936.382 62.972
936.694 62.988
937.007 62.941
937.320 62.895
937.633 62.842
937.945 62.810
938.258 62.732
938.571 62.655
938.884 62.650
939.196 62.653
939.509 62.631
939.822 62.588
940.135 62.576
940.447 62.559
940.760 62.530
941.073 62.475
941.386 62.393
941.698 62.311
942.011 62.277
942.324 62.260
942.637 62.225
942.949 62.193
943.262 62.205
943.575 62.203
943.888 62.193
944.200 62.135
944.513 62.080
944.826 62.068
945.139 62.086
945.451 62.006
945.764 61.924
946.077 61.848
946.390 61.793
946.702 61.738
947.015 61.596
947.328 61.419
947.641 61.324
947.953 61.301
948.266 61.203
948.579 61.132
948.892 61.022
949.204 60.943
949.517 60.878
949.830 60.885
950.143 60.895
950.455 60.881
950.768 60.866
951.081 60.833
951.394 60.842
951.706 60.893
952.019 60.875
952.332 60.847
952.645 60.889
952.957 60.892
953.270 60.884
953.583 60.920
953.896 60.909
954.208 60.815
954.521 60.696
954.834 60.674
955.147 60.598
955.459 60.488
955.772 60.387
956.085 60.312
956.398 60.242
956.710 60.166
957.023 60.079
957.336 60.132
957.649 60.156
957.961 60.160
958.274 60.140
958.587 60.062
958.900 60.069
959.212 60.002
959.525 59.852
959.838 59.768
960.151 59.802
960.463 59.816
960.776 59.774
961.089 59.692
961.402 59.632
961.714 59.602
962.027 59.523
962.340 59.468
962.653 59.433
962.965 59.385
963.278 59.343
963.591 59.247
963.904 59.187
964.216 59.142
964.529 59.155
964.842 59.124
965.154 59.138
965.467 59.104
965.780 59.026
966.094 59.026
966.409 59.106
966.723 59.148
967.037 59.122
967.352 59.114
967.666 59.119
967.980 59.153
968.295 59.159
968.609 59.118
968.923 59.011
969.238 58.931
969.552 58.839
969.866 58.873
970.181 58.931
970.495 58.921
970.809 58.834
971.124 58.803
971.438 58.712
971.752 58.711
972.067 58.726
972.381 58.595
972.695 58.470
973.010 58.425
973.324 58.459
973.638 58.482
973.953 58.483
974.267 58.547
974.581 58.552
974.896 58.562
975.210 58.608
975.524 58.617
975.839 58.667
976.153 58.762
976.467 58.724
976.781 58.711
977.096 58.680
977.410 58.656
977.724 58.723
978.039 58.701
978.353 58.730
978.667 58.883
978.982 58.940
979.296 58.927
979.610 58.959
979.925 58.916
980.239 58.877
980.553 58.789
980.868 58.757
981.182 58.825
981.496 58.836
981.811 58.735
982.125 58.691
982.439 58.720
982.754 58.830
983.068 58.851
983.382 58.808
983.697 58.701
984.011 58.653
984.325 58.637
984.640 58.628
984.954 58.621
985.268 58.647
985.583 58.607
985.897 58.571
986.211 58.601
986.526 58.617
986.840 58.671
987.154 58.687
987.469 58.668
987.783 58.646
988.097 58.695
988.412 58.677
988.726 58.633
989.040 58.497
989.355 58.416
989.669 58.354
989.983 58.352
990.298 58.376
990.612 58.472
990.926 58.458
991.241 58.485
991.555 58.561
991.869 58.557
992.184 58.479
992.498 58.410
992.812 58.335
993.127 58.286
993.441 58.195
993.755 58.139
994.070 58.084
994.384 58.060
994.698 58.082
995.013 58.096
995.327 58.031
995.641 57.936
995.956 57.832
996.270 57.666
996.584 57.558
996.899 57.552
997.213 57.612
997.527 57.580
997.841 57.458
998.156 57.374
998.470 57.215
998.784 57.127
999.099 57.268
999.413 57.289
999.727 57.270
