200.182 83.785
200.437 83.049
200.691 82.497
200.946 81.883
201.201 80.996
201.455 80.307
201.710 79.650
201.964 78.950
202.219 78.252
202.474 77.391
202.728 76.674
202.983 75.880
203.237 75.080
203.492 74.166
203.747 73.111
204.001 72.302
204.256 71.368
204.510 70.253
204.765 69.282
205.020 68.543
205.274 67.717
205.529 66.752
205.783 65.768
206.038 64.802
206.293 63.753
206.547 62.716
206.802 61.703
207.057 60.705
207.311 59.737
207.566 58.812
207.820 57.771
208.075 56.793
208.330 55.799
208.584 54.939
208.839 54.222
209.093 53.478
209.348 52.566
209.603 51.631
209.857 50.525
210.112 49.614
210.366 48.763
210.621 47.773
210.876 46.872
211.130 46.113
211.385 45.478
211.639 44.750
211.894 43.675
212.149 42.797
212.403 42.072
212.658 41.229
212.913 40.445
213.167 39.714
213.422 39.094
213.676 38.500
213.931 37.882
214.186 37.141
214.440 36.397
214.695 35.699
214.949 35.132
215.204 34.602
215.459 34.084
215.713 33.519
215.968 32.940
216.222 32.292
216.477 31.674
216.732 31.226
216.986 30.721
217.241 30.122
217.495 29.573
217.750 29.025
218.005 28.602
218.259 28.214
218.514 27.733
218.769 27.156
219.023 26.623
219.278 26.176
219.532 25.648
219.787 25.136
220.042 24.694
220.296 24.301
220.551 23.878
220.805 23.523
221.060 23.182
221.315 22.839
221.569 22.434
221.824 22.023
222.078 21.705
222.333 21.297
222.588 20.940
222.842 20.571
223.097 20.187
223.351 19.871
223.606 19.481
223.861 19.030
224.115 18.629
224.370 18.236
224.625 17.827
224.879 17.451
225.134 17.074
225.388 16.777
225.643 16.482
225.898 16.196
226.152 15.921
226.407 15.623
226.661 15.269
226.916 14.956
227.171 14.628
227.425 14.362
227.680 14.118
227.934 13.864
228.189 13.596
228.444 13.363
228.698 13.135
228.953 12.882
229.208 12.629
229.462 12.357
229.717 12.142
229.971 11.941
230.226 11.789
230.481 11.605
230.735 11.409
230.990 11.238
231.244 11.056
231.499 10.877
231.754 10.728
232.008 10.584
232.263 10.476
232.517 10.350
232.772 10.235
233.027 10.097
233.281 9.936
233.536 9.802
233.790 9.654
234.045 9.525
234.300 9.415
234.554 9.300
234.809 9.168
235.064 9.079
235.318 9.005
235.573 8.930
235.827 8.851
236.082 8.770
236.337 8.702
236.591 8.629
236.846 8.551
237.100 8.474
237.355 8.440
237.610 8.410
237.864 8.358
238.119 8.327
238.373 8.283
238.628 8.234
238.883 8.194
239.137 8.157
239.392 8.123
239.646 8.096
239.901 8.082
240.156 8.059
240.410 8.051
240.665 8.034
240.920 8.012
241.174 7.999
241.429 7.995
241.683 7.985
241.938 7.969
242.193 7.967
242.447 7.965
242.702 7.960
242.956 7.962
243.211 7.960
243.466 7.955
243.720 7.963
243.975 7.969
244.229 7.964
244.484 7.952
244.739 7.956
244.993 7.963
245.248 7.966
245.503 7.975
245.757 7.980
246.012 7.981
246.266 7.986
246.521 7.991
246.776 7.998
247.030 8.000
247.285 7.995
247.539 7.991
247.794 7.989
248.049 7.996
248.303 8.002
248.558 8.017
248.812 8.020
249.067 8.001
249.322 8.002
249.576 8.006
249.831 8.004
250.085 8.000
250.340 8.006
250.595 8.019
250.849 8.038
251.104 8.043
251.359 8.046
251.613 8.052
251.868 8.059
252.122 8.060
252.377 8.059
252.632 8.068
252.886 8.060
253.141 8.042
253.395 8.036
253.650 8.034
253.905 8.032
254.161 8.027
254.416 8.022
254.672 8.023
254.927 8.028
255.183 8.026
255.438 8.020
255.694 8.021
255.949 8.023
256.205 8.014
256.460 8.003
256.715 7.993
256.971 7.991
257.226 7.996
257.482 7.995
257.737 7.988
257.993 7.983
258.248 7.982
258.504 7.976
258.759 7.968
259.014 7.971
259.270 7.970
259.525 7.961
259.781 7.960
260.036 7.976
260.292 7.984
260.547 7.981
260.803 7.984
261.058 7.989
261.314 7.986
261.569 7.981
261.824 7.978
262.080 7.981
262.335 7.985
262.591 7.994
262.846 8.002
263.102 8.001
263.357 7.996
263.613 7.995
263.868 7.997
264.123 8.000
264.379 7.998
264.634 7.994
264.890 7.985
265.145 7.991
265.401 8.000
265.656 7.998
265.912 7.987
266.167 7.969
266.423 7.949
266.678 7.938
266.933 7.928
267.189 7.914
267.444 7.902
267.700 7.898
267.955 7.888
268.211 7.870
268.466 7.871
268.722 7.870
268.977 7.866
269.232 7.861
269.488 7.849
269.743 7.842
269.999 7.838
270.254 7.843
270.510 7.845
270.765 7.839
271.021 7.833
271.276 7.826
271.532 7.819
271.787 7.816
272.042 7.810
272.298 7.801
272.553 7.790
272.809 7.776
273.064 7.763
273.320 7.766
273.575 7.768
273.831 7.755
274.086 7.739
274.342 7.723
274.597 7.700
274.852 7.687
275.108 7.679
275.363 7.669
275.619 7.649
275.874 7.625
276.130 7.603
276.385 7.584
276.641 7.567
276.896 7.554
277.151 7.547
277.407 7.538
277.662 7.518
277.918 7.492
278.173 7.468
278.429 7.445
278.684 7.429
278.940 7.423
279.195 7.406
279.451 7.390
279.706 7.369
279.961 7.355
280.217 7.344
280.472 7.331
280.728 7.315
280.983 7.301
281.239 7.292
281.494 7.284
281.750 7.275
282.005 7.260
282.260 7.252
282.516 7.241
282.771 7.226
283.027 7.211
283.282 7.193
283.538 7.176
283.793 7.162
284.049 7.142
284.304 7.120
284.560 7.106
284.815 7.086
285.070 7.067
285.326 7.055
285.581 7.045
285.837 7.017
286.092 6.990
286.348 6.972
286.603 6.961
286.859 6.946
287.114 6.934
287.369 6.920
287.625 6.909
287.880 6.898
288.136 6.891
288.391 6.880
288.647 6.868
288.902 6.845
289.158 6.820
289.413 6.809
289.669 6.802
289.924 6.802
290.179 6.802
290.435 6.793
290.690 6.782
290.946 6.770
291.201 6.757
291.457 6.746
291.712 6.741
291.968 6.739
292.223 6.726
292.479 6.711
292.734 6.691
292.989 6.681
293.245 6.681
293.500 6.679
293.756 6.668
294.011 6.664
294.267 6.656
294.522 6.636
294.778 6.630
295.033 6.625
295.288 6.614
295.544 6.598
295.799 6.585
296.055 6.576
296.310 6.564
296.566 6.550
296.821 6.547
297.077 6.542
297.332 6.533
297.588 6.520
297.843 6.504
298.098 6.493
298.354 6.486
298.609 6.478
298.865 6.472
299.120 6.470
299.376 6.463
299.631 6.452
299.887 6.449
300.142 6.447
300.397 6.443
300.653 6.442
300.908 6.431
301.164 6.423
301.419 6.417
301.675 6.412
301.930 6.405
302.186 6.399
302.441 6.392
302.697 6.377
302.952 6.367
303.207 6.361
303.463 6.356
303.718 6.341
303.974 6.331
304.229 6.333
304.485 6.331
304.740 6.328
304.996 6.320
305.251 6.315
305.506 6.300
305.762 6.284
306.017 6.273
306.273 6.265
306.528 6.260
306.784 6.263
307.039 6.268
307.295 6.259
307.550 6.247
307.806 6.248
308.061 6.248
308.316 6.246
308.572 6.241
308.827 6.231
309.083 6.225
309.338 6.219
309.594 6.205
309.849 6.202
310.105 6.200
310.360 6.193
310.615 6.186
310.871 6.179
311.126 6.177
311.382 6.184
311.637 6.184
311.893 6.178
312.148 6.170
312.404 6.154
312.659 6.143
312.915 6.134
313.170 6.133
313.429 6.135
313.688 6.134
313.947 6.133
314.206 6.130
314.465 6.125
314.724 6.117
314.983 6.112
315.242 6.106
315.501 6.099
315.760 6.097
316.019 6.100
316.278 6.104
316.536 6.103
316.795 6.101
317.054 6.107
317.313 6.109
317.572 6.111
317.831 6.118
318.090 6.119
318.349 6.118
318.608 6.118
318.867 6.112
319.126 6.106
319.385 6.111
319.644 6.114
319.903 6.110
320.162 6.109
320.421 6.110
320.680 6.107
320.939 6.100
321.198 6.090
321.457 6.083
321.716 6.081
321.975 6.076
322.234 6.070
322.493 6.063
322.752 6.060
323.010 6.062
323.269 6.058
323.528 6.048
323.787 6.041
324.046 6.037
324.305 6.036
324.564 6.039
324.823 6.036
325.082 6.038
325.341 6.048
325.600 6.056
325.859 6.063
326.118 6.075
326.377 6.081
326.636 6.081
326.895 6.085
327.154 6.081
327.413 6.078
327.672 6.079
327.931 6.084
328.190 6.091
328.449 6.098
328.708 6.104
328.967 6.108
329.226 6.113
329.485 6.114
329.743 6.112
330.002 6.111
330.261 6.111
330.520 6.113
330.779 6.113
331.038 6.118
331.297 6.127
331.556 6.128
331.815 6.128
332.074 6.118
332.333 6.120
332.592 6.130
332.851 6.132
333.110 6.137
333.369 6.134
333.628 6.123
333.887 6.114
334.146 6.114
334.405 6.120
334.664 6.129
334.923 6.147
335.182 6.159
335.441 6.155
335.700 6.150
335.959 6.154
336.217 6.160
336.476 6.175
336.735 6.187
336.994 6.205
337.253 6.232
337.512 6.252
337.771 6.260
338.030 6.267
338.289 6.275
338.548 6.285
338.807 6.292
339.066 6.307
339.325 6.313
339.584 6.322
339.843 6.337
340.102 6.342
340.361 6.347
340.620 6.360
340.879 6.367
341.138 6.366
341.397 6.359
341.656 6.360
341.915 6.363
342.174 6.359
342.433 6.372
342.691 6.389
342.950 6.402
343.209 6.413
343.468 6.427
343.727 6.438
343.986 6.452
344.245 6.466
344.504 6.479
344.763 6.493
345.022 6.504
345.281 6.513
345.540 6.519
345.799 6.526
346.058 6.538
346.317 6.544
346.576 6.551
346.835 6.566
347.094 6.582
347.353 6.600
347.612 6.607
347.871 6.624
348.130 6.633
348.389 6.632
348.648 6.629
348.907 6.632
349.166 6.657
349.424 6.677
349.683 6.696
349.942 6.717
350.201 6.726
350.460 6.730
350.719 6.727
350.978 6.727
351.237 6.748
351.496 6.773
351.755 6.784
352.014 6.795
352.273 6.801
352.532 6.803
352.791 6.807
353.050 6.821
353.309 6.834
353.568 6.838
353.827 6.844
354.086 6.850
354.345 6.849
354.604 6.857
354.863 6.852
355.122 6.868
355.381 6.878
355.640 6.880
355.898 6.893
356.157 6.900
356.416 6.911
356.675 6.927
356.934 6.935
357.193 6.958
357.452 6.984
357.711 6.991
357.970 7.007
358.229 7.020
358.488 7.017
358.747 7.013
359.006 7.015
359.265 7.029
359.524 7.056
359.783 7.075
360.042 7.081
360.301 7.091
360.560 7.101
360.819 7.106
361.078 7.110
361.337 7.132
361.596 7.162
361.855 7.179
362.114 7.195
362.372 7.221
362.631 7.237
362.890 7.247
363.149 7.248
363.408 7.257
363.667 7.265
363.926 7.277
364.185 7.296
364.444 7.311
364.703 7.323
364.962 7.315
365.221 7.324
365.480 7.337
365.745 7.333
366.009 7.341
366.274 7.363
366.539 7.373
366.804 7.379
367.068 7.387
367.333 7.392
367.598 7.397
367.863 7.401
368.127 7.416
368.392 7.439
368.657 7.457
368.921 7.457
369.186 7.455
369.451 7.468
369.716 7.485
369.980 7.497
370.245 7.515
370.510 7.526
370.775 7.542
371.039 7.555
371.304 7.567
371.569 7.574
371.834 7.583
372.098 7.598
372.363 7.610
372.628 7.618
372.892 7.636
373.157 7.633
373.422 7.626
373.687 7.633
373.951 7.643
374.216 7.652
374.481 7.665
374.746 7.679
375.010 7.691
375.275 7.695
375.540 7.685
375.804 7.678
376.069 7.675
376.334 7.676
376.599 7.682
376.863 7.690
377.128 7.695
377.393 7.694
377.658 7.695
377.922 7.701
378.187 7.719
378.452 7.725
378.716 7.727
378.981 7.730
379.246 7.737
379.511 7.747
379.775 7.759
380.040 7.772
380.305 7.771
380.570 7.776
380.834 7.788
381.099 7.807
381.364 7.824
381.629 7.833
381.893 7.851
382.158 7.870
382.423 7.876
382.687 7.884
382.952 7.897
383.217 7.905
383.482 7.907
383.746 7.907
384.011 7.914
384.276 7.919
384.541 7.909
384.805 7.899
385.070 7.897
385.335 7.908
385.599 7.923
385.864 7.926
386.129 7.931
386.394 7.942
386.658 7.957
386.923 7.968
387.188 7.966
387.453 7.967
387.717 7.978
387.982 7.983
388.247 7.987
388.511 7.982
388.776 7.980
389.041 7.989
389.306 8.004
389.570 8.007
389.835 8.009
390.100 8.016
390.365 8.029
390.629 8.038
390.894 8.043
391.159 8.053
391.424 8.064
391.688 8.061
391.953 8.063
392.218 8.080
392.482 8.094
392.747 8.102
393.012 8.111
393.277 8.131
393.541 8.153
393.806 8.161
394.071 8.168
394.336 8.167
394.600 8.169
394.865 8.173
395.130 8.175
395.394 8.183
395.659 8.193
395.924 8.199
396.189 8.205
396.453 8.216
396.718 8.229
396.983 8.233
397.248 8.242
397.512 8.250
397.777 8.252
398.042 8.246
398.306 8.241
398.571 8.241
398.836 8.246
399.101 8.251
399.365 8.262
399.630 8.287
399.895 8.311
400.160 8.322
400.424 8.324
400.689 8.343
400.954 8.366
401.219 8.383
401.483 8.390
401.748 8.393
402.013 8.411
402.277 8.421
402.542 8.424
402.807 8.430
403.072 8.446
403.336 8.458
403.601 8.471
403.866 8.486
404.131 8.503
404.395 8.521
404.660 8.547
404.929 8.555
405.198 8.559
405.466 8.565
405.735 8.584
406.004 8.610
406.273 8.622
406.542 8.617
406.810 8.618
407.079 8.630
407.348 8.645
407.617 8.650
407.886 8.661
408.154 8.671
408.423 8.682
408.692 8.700
408.961 8.717
409.229 8.727
409.498 8.744
409.767 8.753
410.036 8.758
410.305 8.763
410.573 8.777
410.842 8.791
411.111 8.806
411.380 8.822
411.649 8.829
411.917 8.830
412.186 8.840
412.455 8.854
412.724 8.870
412.993 8.882
413.261 8.894
413.530 8.900
413.799 8.909
414.068 8.931
414.337 8.959
414.605 8.982
414.874 9.005
415.143 9.024
415.412 9.038
415.681 9.043
415.949 9.041
416.218 9.053
416.487 9.062
416.756 9.075
417.024 9.093
417.293 9.101
417.562 9.109
417.831 9.127
418.100 9.152
418.368 9.173
418.637 9.193
418.906 9.211
419.175 9.229
419.444 9.241
419.712 9.262
419.981 9.281
420.250 9.298
420.519 9.312
420.788 9.314
421.056 9.317
421.325 9.338
421.594 9.355
421.863 9.367
422.132 9.374
422.400 9.379
422.669 9.397
422.938 9.423
423.207 9.445
423.476 9.464
423.744 9.483
424.013 9.507
424.282 9.530
424.551 9.555
424.819 9.570
425.088 9.578
425.357 9.588
425.626 9.609
425.895 9.628
426.163 9.646
426.432 9.676
426.701 9.704
426.970 9.722
427.239 9.734
427.507 9.747
427.776 9.767
428.045 9.796
428.314 9.828
428.583 9.860
428.851 9.880
429.120 9.895
429.389 9.917
429.658 9.943
429.927 9.964
430.195 9.979
430.464 10.000
430.733 10.026
431.002 10.049
431.271 10.070
431.539 10.090
431.808 10.115
432.077 10.148
432.346 10.180
432.614 10.204
432.883 10.234
433.152 10.276
433.421 10.314
433.690 10.342
433.958 10.376
434.227 10.404
434.496 10.424
434.765 10.441
435.034 10.467
435.302 10.495
435.571 10.522
435.840 10.542
436.116 10.567
436.393 10.598
436.669 10.632
436.945 10.668
437.221 10.712
437.498 10.751
437.774 10.791
438.050 10.833
438.326 10.876
438.603 10.923
438.879 10.962
439.155 10.995
439.431 11.028
439.708 11.064
439.984 11.103
440.260 11.141
440.537 11.175
440.813 11.216
441.089 11.261
441.365 11.305
441.642 11.346
441.918 11.390
442.194 11.434
442.470 11.464
442.747 11.498
443.023 11.526
443.299 11.565
443.575 11.610
443.852 11.656
444.128 11.707
444.404 11.759
444.680 11.806
444.957 11.849
445.233 11.892
445.509 11.938
445.786 11.994
446.062 12.041
446.338 12.087
446.614 12.140
446.891 12.198
447.167 12.243
447.443 12.294
447.719 12.343
447.996 12.390
448.272 12.442
448.548 12.495
448.824 12.543
449.101 12.596
449.377 12.657
449.653 12.714
449.930 12.759
450.206 12.802
450.482 12.861
450.758 12.915
451.035 12.968
451.311 13.022
451.587 13.074
451.863 13.130
452.140 13.191
452.416 13.249
452.692 13.314
452.968 13.371
453.245 13.431
453.521 13.496
453.797 13.562
454.074 13.618
454.350 13.678
454.626 13.745
454.902 13.812
455.179 13.875
455.455 13.938
455.731 14.001
456.007 14.060
456.284 14.120
456.560 14.182
456.836 14.246
457.112 14.307
457.389 14.370
457.665 14.441
457.941 14.504
458.218 14.567
458.494 14.635
458.770 14.700
459.046 14.768
459.323 14.841
459.599 14.916
459.875 14.999
460.151 15.077
460.428 15.155
460.704 15.233
460.980 15.307
461.256 15.379
461.533 15.456
461.809 15.535
462.085 15.609
462.361 15.685
462.638 15.759
462.914 15.846
463.190 15.926
463.467 16.002
463.743 16.073
464.019 16.148
464.295 16.226
464.572 16.310
464.848 16.399
465.124 16.488
465.400 16.574
465.677 16.665
465.953 16.750
466.229 16.831
466.505 16.914
466.782 16.995
467.058 17.076
467.334 17.163
467.611 17.254
467.887 17.352
468.163 17.448
468.439 17.545
468.716 17.635
468.992 17.722
469.268 17.815
469.544 17.911
469.821 18.010
470.097 18.099
470.373 18.183
470.649 18.270
470.926 18.365
471.202 18.462
471.478 18.556
471.755 18.644
472.031 18.748
472.307 18.857
472.583 18.957
472.860 19.066
473.136 19.182
473.412 19.289
473.688 19.396
473.965 19.504
474.241 19.609
474.517 19.718
474.793 19.831
475.070 19.945
475.346 20.061
475.622 20.182
475.899 20.292
476.175 20.398
476.451 20.504
476.727 20.606
477.004 20.713
477.280 20.813
477.556 20.919
477.832 21.032
478.109 21.144
478.385 21.249
478.661 21.352
478.937 21.462
479.214 21.575
479.490 21.688
479.766 21.791
480.043 21.907
480.319 22.027
480.595 22.146
480.871 22.271
481.148 22.386
481.424 22.497
481.700 22.611
481.976 22.731
482.253 22.853
482.529 22.971
482.805 23.085
483.081 23.205
483.358 23.327
483.634 23.460
483.910 23.590
484.186 23.717
484.463 23.837
484.739 23.956
485.015 24.087
485.292 24.221
485.568 24.355
485.844 24.485
486.120 24.623
486.397 24.752
486.673 24.879
486.949 25.024
487.225 25.168
487.502 25.304
487.778 25.441
488.054 25.580
488.330 25.717
488.607 25.853
488.883 25.975
489.159 26.096
489.436 26.232
489.712 26.370
489.988 26.510
490.264 26.658
490.541 26.794
490.817 26.930
491.093 27.070
491.369 27.216
491.646 27.361
491.922 27.504
492.198 27.649
492.474 27.790
492.751 27.941
493.027 28.091
493.303 28.240
493.580 28.389
493.856 28.541
494.132 28.701
494.408 28.849
494.685 28.995
494.961 29.139
495.237 29.296
495.513 29.453
495.790 29.606
496.066 29.768
496.342 29.936
496.618 30.097
496.895 30.249
497.171 30.396
497.447 30.546
497.724 30.694
498.000 30.843
498.276 31.001
498.552 31.160
498.829 31.317
499.105 31.474
499.381 31.634
499.657 31.804
499.934 31.966
500.210 32.133
500.486 32.293
500.762 32.451
501.039 32.606
501.315 32.768
501.591 32.930
501.867 33.088
502.144 33.262
502.420 33.430
502.696 33.594
502.973 33.753
503.249 33.922
503.525 34.093
503.801 34.255
504.078 34.408
504.354 34.559
504.630 34.722
504.906 34.883
505.183 35.049
505.459 35.223
505.735 35.392
506.011 35.561
506.288 35.724
506.564 35.882
506.840 36.036
507.117 36.199
507.393 36.377
507.669 36.548
507.945 36.713
508.222 36.868
508.498 37.023
508.774 37.177
509.050 37.326
509.327 37.490
509.603 37.651
509.879 37.818
510.155 37.983
510.432 38.158
510.708 38.325
510.984 38.496
511.261 38.675
511.537 38.848
511.813 39.021
512.089 39.188
512.366 39.364
512.642 39.537
512.918 39.703
513.194 39.865
513.471 40.031
513.747 40.207
514.023 40.386
514.299 40.563
514.576 40.749
514.852 40.938
515.128 41.112
515.405 41.282
515.681 41.450
515.957 41.615
516.233 41.773
516.510 41.931
516.786 42.100
517.062 42.272
517.338 42.435
517.615 42.606
517.891 42.778
518.167 42.943
518.443 43.107
518.720 43.273
518.996 43.427
519.272 43.584
519.548 43.740
519.825 43.896
520.101 44.055
520.377 44.222
520.654 44.384
520.930 44.547
521.206 44.716
521.482 44.880
521.759 45.048
522.035 45.200
522.311 45.349
522.587 45.508
522.864 45.680
523.140 45.854
523.416 46.025
523.692 46.194
523.969 46.358
524.245 46.505
524.521 46.659
524.798 46.823
525.074 46.978
525.350 47.126
525.626 47.286
525.903 47.450
526.179 47.604
526.455 47.759
526.731 47.918
527.008 48.080
527.284 48.231
527.560 48.382
527.836 48.525
528.113 48.670
528.389 48.827
528.665 48.981
528.942 49.127
529.218 49.269
529.494 49.434
529.770 49.583
530.047 49.723
530.323 49.862
530.599 49.996
530.875 50.127
531.152 50.259
531.428 50.401
531.704 50.542
531.980 50.690
532.257 50.839
532.533 50.983
532.809 51.134
533.086 51.282
533.362 51.425
533.638 51.568
533.914 51.705
534.191 51.854
534.467 51.998
534.743 52.143
535.019 52.286
535.296 52.415
535.572 52.546
535.848 52.684
536.124 52.833
536.401 52.986
536.677 53.137
536.953 53.274
537.230 53.411
537.506 53.548
537.782 53.683
538.058 53.818
538.335 53.954
538.611 54.077
538.887 54.212
539.163 54.354
539.440 54.493
539.716 54.613
539.992 54.730
540.268 54.867
540.545 54.999
540.821 55.113
541.097 55.232
541.373 55.352
541.650 55.478
541.926 55.614
542.202 55.748
542.479 55.871
542.755 56.000
543.031 56.133
543.307 56.266
543.584 56.390
543.860 56.515
544.136 56.636
544.412 56.752
544.689 56.877
544.965 57.000
545.241 57.102
545.517 57.213
545.794 57.334
546.070 57.461
546.356 57.566
546.642 57.680
546.928 57.807
547.214 57.942
547.500 58.075
547.786 58.203
548.072 58.329
548.358 58.427
548.644 58.524
548.930 58.631
549.216 58.730
549.502 58.834
549.788 58.940
550.074 59.051
550.360 59.153
550.646 59.253
550.932 59.356
551.218 59.456
551.504 59.564
551.790 59.667
552.076 59.774
552.362 59.895
552.648 60.000
552.934 60.096
553.220 60.185
553.506 60.275
553.793 60.363
554.079 60.463
554.365 60.549
554.651 60.641
554.937 60.746
555.223 60.846
555.509 60.945
555.795 61.044
556.081 61.140
556.367 61.226
556.653 61.318
556.939 61.405
557.225 61.492
557.511 61.567
557.797 61.640
558.083 61.732
558.369 61.829
558.655 61.924
558.941 62.015
559.227 62.105
559.513 62.193
559.799 62.286
560.085 62.367
560.371 62.438
560.657 62.509
560.943 62.585
561.229 62.657
561.515 62.733
561.801 62.814
562.087 62.889
562.373 62.967
562.659 63.058
562.945 63.148
563.231 63.226
563.517 63.295
563.803 63.373
564.089 63.457
564.375 63.536
564.661 63.604
564.947 63.665
565.233 63.736
565.519 63.809
565.805 63.887
566.091 63.969
566.377 64.043
566.663 64.134
566.949 64.209
567.235 64.282
567.521 64.355
567.807 64.428
568.093 64.506
568.379 64.580
568.665 64.653
568.951 64.716
569.237 64.783
569.524 64.849
569.810 64.910
570.096 64.978
570.382 65.047
570.668 65.116
570.954 65.174
571.240 65.245
571.526 65.307
571.812 65.378
572.098 65.450
572.384 65.516
572.670 65.585
572.956 65.651
573.242 65.716
573.528 65.778
573.814 65.842
574.100 65.905
574.386 65.972
574.672 66.047
574.958 66.116
575.244 66.194
575.530 66.268
575.816 66.334
576.102 66.401
576.388 66.461
576.674 66.518
576.960 66.576
577.248 66.641
577.536 66.708
577.824 66.774
578.113 66.834
578.401 66.892
578.689 66.953
578.977 67.027
579.265 67.086
579.553 67.138
579.841 67.190
580.130 67.239
580.418 67.284
580.706 67.334
580.994 67.401
581.282 67.461
581.570 67.517
581.858 67.564
582.147 67.613
582.435 67.669
582.723 67.718
583.011 67.774
583.299 67.833
583.587 67.882
583.875 67.923
584.164 67.959
584.452 68.009
584.740 68.057
585.028 68.105
585.316 68.157
585.604 68.203
585.892 68.249
586.181 68.285
586.469 68.326
586.757 68.372
587.045 68.412
587.333 68.457
587.621 68.500
587.909 68.540
588.198 68.574
588.486 68.615
588.774 68.647
589.062 68.687
589.350 68.725
589.638 68.762
589.927 68.799
590.215 68.824
590.503 68.856
590.791 68.891
591.079 68.935
591.367 68.982
591.655 69.022
591.944 69.064
592.232 69.092
592.520 69.120
592.808 69.149
593.096 69.183
593.384 69.216
593.672 69.250
593.961 69.284
594.249 69.318
594.537 69.356
594.825 69.378
595.113 69.413
595.401 69.443
595.689 69.474
595.978 69.513
596.266 69.534
596.554 69.549
596.842 69.577
597.130 69.616
597.418 69.652
597.706 69.689
597.995 69.717
598.283 69.744
598.571 69.763
598.859 69.772
599.147 69.782
599.435 69.805
599.723 69.834
600.012 69.868
600.300 69.902
600.588 69.923
600.876 69.949
601.164 69.977
601.452 70.008
601.740 70.030
602.029 70.053
602.317 70.081
602.605 70.107
602.893 70.131
603.181 70.135
603.469 70.146
603.757 70.161
604.046 70.169
604.334 70.178
604.622 70.195
604.910 70.217
605.198 70.234
605.486 70.249
605.774 70.268
606.063 70.293
606.351 70.326
606.639 70.347
606.927 70.363
607.215 70.382
607.503 70.395
607.791 70.423
608.080 70.451
608.368 70.479
608.656 70.499
608.944 70.513
609.232 70.529
609.520 70.545
609.808 70.569
610.097 70.604
610.385 70.629
610.673 70.650
610.961 70.673
611.249 70.691
611.537 70.710
611.825 70.720
612.114 70.714
612.402 70.733
612.690 70.748
612.978 70.758
613.266 70.766
613.554 70.777
613.843 70.806
614.131 70.823
614.419 70.831
614.707 70.835
614.995 70.855
615.283 70.870
615.571 70.901
615.860 70.942
616.148 70.958
616.436 70.989
616.724 71.016
617.012 71.028
617.300 71.047
617.588 71.068
617.877 71.081
618.165 71.085
618.453 71.093
618.741 71.110
619.029 71.138
619.317 71.165
619.605 71.175
619.894 71.179
620.182 71.184
620.470 71.197
620.758 71.228
621.046 71.242
621.334 71.262
621.622 71.291
621.911 71.320
622.199 71.341
622.487 71.353
622.775 71.360
623.063 71.378
623.351 71.385
623.639 71.399
623.928 71.407
624.216 71.420
624.504 71.434
624.792 71.440
625.080 71.457
625.368 71.466
625.656 71.483
625.945 71.495
626.233 71.501
626.521 71.520
626.809 71.533
627.097 71.553
627.385 71.570
627.673 71.571
627.962 71.577
628.250 71.575
628.538 71.578
628.826 71.590
629.114 71.605
629.402 71.627
629.690 71.671
629.979 71.688
630.267 71.693
630.555 71.714
630.843 71.741
631.131 71.757
631.419 71.761
631.707 71.769
631.996 71.790
632.284 71.797
632.572 71.785
632.860 71.790
633.148 71.785
633.436 71.774
633.724 71.789
634.013 71.798
634.301 71.808
634.589 71.826
634.877 71.843
635.165 71.842
635.453 71.844
635.741 71.865
636.030 71.879
636.318 71.883
636.606 71.877
636.894 71.884
637.182 71.906
637.470 71.917
637.759 71.934
638.047 71.944
638.335 71.951
638.623 71.971
638.911 71.994
639.199 72.010
639.487 72.028
639.776 72.039
640.064 72.050
640.352 72.065
640.640 72.073
640.928 72.103
641.216 72.125
641.504 72.142
641.793 72.161
642.081 72.183
642.369 72.203
642.657 72.219
642.945 72.236
643.233 72.241
643.521 72.240
643.810 72.250
644.098 72.261
644.386 72.270
644.674 72.271
644.962 72.281
645.250 72.292
645.538 72.288
645.827 72.286
646.115 72.293
646.403 72.296
646.691 72.289
646.979 72.292
647.267 72.289
647.555 72.295
647.844 72.303
648.132 72.305
648.420 72.305
648.708 72.294
648.996 72.293
649.284 72.309
649.572 72.322
649.861 72.345
650.149 72.377
650.437 72.390
650.725 72.399
651.013 72.405
651.301 72.404
651.589 72.402
651.878 72.407
652.166 72.418
652.454 72.429
652.742 72.447
653.030 72.463
653.318 72.465
653.606 72.471
653.895 72.481
654.183 72.491
654.471 72.500
654.759 72.503
655.047 72.513
655.335 72.526
655.623 72.550
655.912 72.567
656.200 72.567
656.488 72.560
656.776 72.564
657.064 72.563
657.352 72.565
657.640 72.578
657.929 72.592
658.217 72.606
658.505 72.621
658.793 72.630
659.081 72.634
659.369 72.637
659.657 72.628
659.946 72.626
660.234 72.626
660.522 72.631
660.810 72.637
661.098 72.657
661.386 72.658
661.675 72.654
661.963 72.659
662.251 72.665
662.539 72.675
662.827 72.680
663.115 72.696
663.403 72.713
663.692 72.719
663.980 72.731
664.268 72.760
664.556 72.772
664.844 72.786
665.132 72.798
665.420 72.802
665.709 72.812
665.997 72.821
666.285 72.845
666.573 72.864
666.861 72.870
667.149 72.882
667.437 72.886
667.726 72.898
668.014 72.913
668.302 72.923
668.590 72.931
668.878 72.941
669.166 72.949
669.454 72.952
669.743 72.952
670.031 72.951
670.319 72.957
670.607 72.972
670.895 73.003
671.183 73.018
671.471 73.024
671.760 73.038
672.048 73.042
672.336 73.055
672.624 73.079
672.912 73.100
673.200 73.104
673.488 73.116
673.777 73.136
674.065 73.152
674.353 73.152
674.641 73.154
674.929 73.173
675.217 73.186
675.505 73.201
675.794 73.208
676.082 73.206
676.370 73.202
676.658 73.213
676.946 73.229
677.234 73.256
677.522 73.280
677.811 73.294
678.099 73.310
678.387 73.325
678.675 73.327
678.963 73.337
679.251 73.350
679.539 73.356
679.828 73.368
680.116 73.375
680.404 73.389
680.692 73.409
680.980 73.427
681.268 73.451
681.556 73.460
681.845 73.448
682.133 73.445
682.421 73.448
682.709 73.449
682.997 73.452
683.285 73.451
683.573 73.465
683.862 73.470
684.150 73.484
684.438 73.493
684.726 73.496
685.014 73.516
685.302 73.521
685.591 73.534
685.879 73.542
686.167 73.552
686.455 73.563
686.743 73.587
687.031 73.595
687.319 73.593
687.608 73.594
687.896 73.600
688.184 73.596
688.472 73.586
688.760 73.602
689.048 73.613
689.336 73.602
689.625 73.603
689.913 73.597
690.201 73.593
690.489 73.591
690.777 73.600
691.065 73.613
691.353 73.622
691.642 73.639
691.930 73.657
692.218 73.669
692.506 73.669
692.794 73.677
693.082 73.685
693.370 73.701
693.659 73.708
693.947 73.723
694.235 73.726
694.523 73.729
694.811 73.730
695.099 73.735
695.387 73.752
695.676 73.745
695.964 73.743
696.252 73.759
696.540 73.782
696.836 73.805
697.133 73.821
697.429 73.833
697.725 73.834
698.021 73.841
698.318 73.846
698.614 73.851
698.910 73.857
699.207 73.865
699.503 73.879
699.799 73.888
700.095 73.891
700.392 73.904
700.688 73.925
700.984 73.956
701.281 73.980
701.577 74.002
701.873 74.012
702.169 74.033
702.466 74.056
702.762 74.053
703.058 74.045
703.355 74.026
703.651 74.037
703.947 74.045
704.243 74.054
704.540 74.053
704.836 74.070
705.132 74.103
705.428 74.124
705.725 74.117
706.021 74.122
706.317 74.139
706.614 74.142
706.910 74.153
707.206 74.171
707.502 74.189
707.799 74.206
708.095 74.225
708.391 74.249
708.688 74.263
708.984 74.264
709.280 74.265
709.576 74.256
709.873 74.254
710.169 74.258
710.465 74.261
710.762 74.261
711.058 74.274
711.354 74.287
711.650 74.308
711.947 74.344
712.243 74.370
712.539 74.388
712.836 74.411
713.132 74.416
713.428 74.395
713.724 74.401
714.021 74.403
714.317 74.397
714.613 74.377
714.910 74.356
715.206 74.360
715.502 74.350
715.798 74.338
716.095 74.332
716.391 74.321
716.687 74.336
716.984 74.342
717.280 74.360
717.576 74.364
717.872 74.374
718.169 74.373
718.465 74.370
718.761 74.356
719.058 74.336
719.354 74.318
719.650 74.311
719.946 74.300
720.243 74.290
720.539 74.281
720.835 74.267
721.131 74.260
721.428 74.285
721.724 74.298
722.020 74.305
722.317 74.313
722.613 74.307
722.909 74.301
723.205 74.291
723.502 74.278
723.798 74.303
724.094 74.323
724.391 74.335
724.687 74.335
724.983 74.349
725.279 74.350
725.576 74.337
725.872 74.332
726.168 74.317
726.465 74.276
726.761 74.266
727.057 74.269
727.353 74.276
727.650 74.281
727.946 74.300
728.242 74.307
728.539 74.312
728.835 74.320
729.131 74.305
729.427 74.290
729.724 74.271
730.020 74.242
730.316 74.225
730.613 74.192
730.909 74.165
731.205 74.165
731.501 74.188
731.798 74.209
732.094 74.229
732.390 74.226
732.687 74.233
732.983 74.254
733.279 74.254
733.575 74.260
733.872 74.275
734.168 74.286
734.464 74.317
734.761 74.302
735.057 74.280
735.353 74.271
735.649 74.285
735.946 74.293
736.242 74.316
736.538 74.330
736.835 74.344
737.131 74.355
737.427 74.378
737.723 74.388
738.020 74.390
738.316 74.392
738.612 74.393
738.909 74.415
739.205 74.444
739.501 74.455
739.797 74.477
740.094 74.496
740.390 74.504
740.686 74.537
740.982 74.540
741.279 74.533
741.575 74.547
741.871 74.529
742.168 74.516
742.464 74.519
742.760 74.539
743.056 74.535
743.353 74.554
743.649 74.574
743.945 74.586
744.242 74.598
744.538 74.618
744.834 74.620
745.130 74.624
745.427 74.632
745.723 74.644
746.019 74.642
746.316 74.647
746.612 74.672
746.908 74.684
747.204 74.676
747.501 74.680
747.797 74.680
748.093 74.675
748.390 74.674
748.686 74.712
748.982 74.735
749.278 74.739
749.575 74.723
749.871 74.711
750.167 74.707
750.464 74.705
750.760 74.707
751.056 74.695
751.352 74.702
751.649 74.701
751.945 74.702
752.241 74.725
752.538 74.729
752.834 74.739
753.130 74.745
753.426 74.746
753.723 74.753
754.019 74.750
754.315 74.731
754.611 74.729
754.908 74.731
755.204 74.745
755.500 74.737
755.797 74.731
756.093 74.761
756.389 74.782
756.685 74.798
756.982 74.826
757.278 74.838
757.574 74.825
757.871 74.786
758.167 74.763
758.463 74.761
758.759 74.756
759.056 74.751
759.352 74.757
759.648 74.759
759.945 74.776
760.241 74.799
760.537 74.789
760.833 74.779
761.130 74.782
761.426 74.774
761.722 74.767
762.019 74.756
762.315 74.746
762.611 74.743
762.907 74.732
763.204 74.727
763.500 74.721
763.804 74.710
764.108 74.700
764.412 74.686
764.716 74.665
765.020 74.657
765.324 74.696
765.628 74.720
765.932 74.738
766.236 74.736
766.540 74.724
766.844 74.716
767.148 74.705
767.452 74.680
767.756 74.663
768.060 74.659
768.364 74.645
768.668 74.661
768.972 74.659
769.276 74.678
769.580 74.672
769.884 74.679
770.188 74.707
770.492 74.677
770.796 74.636
771.100 74.612
771.404 74.609
771.708 74.588
772.012 74.567
772.316 74.575
772.620 74.573
772.924 74.574
773.228 74.547
773.532 74.506
773.836 74.488
774.140 74.491
774.444 74.466
774.748 74.454
775.052 74.439
775.356 74.419
775.659 74.402
775.963 74.406
776.267 74.411
776.571 74.411
776.875 74.419
777.179 74.430
777.483 74.445
777.787 74.469
778.091 74.463
778.395 74.455
778.699 74.455
779.003 74.453
779.307 74.429
779.611 74.407
779.915 74.399
780.219 74.407
780.523 74.408
780.827 74.407
781.131 74.399
781.435 74.416
781.739 74.424
782.043 74.426
782.347 74.452
782.651 74.449
782.955 74.456
783.259 74.475
783.563 74.477
783.867 74.467
784.171 74.438
784.475 74.420
784.779 74.419
785.083 74.426
785.387 74.409
785.691 74.401
785.995 74.416
786.299 74.438
786.603 74.456
786.907 74.454
787.211 74.445
787.515 74.454
787.819 74.434
788.123 74.438
788.427 74.418
788.731 74.358
789.035 74.351
789.339 74.381
789.643 74.397
789.947 74.406
790.251 74.428
790.555 74.451
790.859 74.460
791.163 74.495
791.467 74.521
791.771 74.562
792.075 74.597
792.379 74.623
792.683 74.615
792.987 74.614
793.291 74.606
793.595 74.611
793.899 74.645
794.203 74.658
794.507 74.660
794.811 74.673
795.115 74.674
795.419 74.651
795.723 74.608
796.027 74.572
796.331 74.548
796.635 74.574
796.939 74.581
797.243 74.551
797.547 74.566
797.851 74.600
798.155 74.628
798.459 74.633
798.763 74.625
799.067 74.640
799.371 74.664
799.674 74.698
799.978 74.722
800.282 74.741
800.586 74.732
800.890 74.688
801.194 74.695
801.498 74.712
801.802 74.725
802.106 74.739
802.410 74.737
802.714 74.753
803.018 74.768
803.322 74.749
803.626 74.737
803.930 74.755
804.234 74.772
804.538 74.789
804.842 74.807
805.146 74.799
805.450 74.813
805.754 74.808
806.058 74.788
806.362 74.803
806.666 74.797
806.970 74.816
807.274 74.848
807.578 74.861
807.882 74.868
808.186 74.880
808.490 74.888
808.794 74.905
809.098 74.896
809.402 74.896
809.706 74.886
810.010 74.863
810.314 74.857
810.618 74.862
810.922 74.846
811.226 74.847
811.530 74.860
811.834 74.868
812.137 74.852
812.441 74.812
812.744 74.800
813.048 74.783
813.351 74.784
813.655 74.782
813.958 74.790
814.262 74.812
814.565 74.820
814.869 74.844
815.172 74.832
815.476 74.816
815.779 74.835
816.083 74.844
816.386 74.825
816.690 74.788
816.993 74.764
817.297 74.757
817.600 74.764
817.904 74.730
818.208 74.705
818.511 74.667
818.815 74.608
819.118 74.621
819.422 74.660
819.725 74.670
820.029 74.645
820.332 74.613
820.636 74.623
820.939 74.638
821.243 74.612
821.546 74.598
821.850 74.662
822.153 74.707
822.457 74.699
822.760 74.681
823.064 74.690
823.367 74.666
823.671 74.638
823.974 74.636
824.278 74.657
824.582 74.687
824.885 74.667
825.189 74.648
825.492 74.638
825.796 74.625
826.099 74.617
826.403 74.570
826.706 74.559
827.010 74.547
827.313 74.503
827.617 74.491
827.920 74.470
828.224 74.440
828.527 74.436
828.831 74.435
829.134 74.418
829.438 74.432
829.741 74.468
830.045 74.472
830.348 74.437
830.652 74.441
830.956 74.456
831.259 74.457
831.563 74.444
831.866 74.437
832.170 74.451
832.473 74.461
832.777 74.439
833.080 74.413
833.384 74.386
833.687 74.340
833.991 74.325
834.294 74.309
834.598 74.253
834.901 74.247
835.205 74.273
835.508 74.275
835.812 74.323
836.115 74.341
836.419 74.353
836.722 74.339
837.026 74.337
837.330 74.358
837.633 74.344
837.937 74.308
838.240 74.293
838.544 74.322
838.847 74.316
839.151 74.287
839.454 74.259
839.758 74.242
840.061 74.256
840.365 74.236
840.668 74.216
840.972 74.227
841.275 74.227
841.579 74.229
841.882 74.237
842.186 74.229
842.489 74.208
842.793 74.184
843.097 74.182
843.400 74.213
843.704 74.230
844.007 74.248
844.311 74.264
844.614 74.269
844.918 74.301
845.221 74.308
845.525 74.320
845.828 74.298
846.132 74.257
846.435 74.250
846.739 74.244
847.042 74.252
847.346 74.243
847.649 74.240
847.953 74.206
848.256 74.155
848.560 74.154
848.863 74.205
849.167 74.197
849.471 74.181
849.774 74.167
850.078 74.177
850.381 74.169
850.685 74.197
850.988 74.211
851.292 74.221
851.595 74.242
851.899 74.243
852.202 74.265
852.506 74.285
852.809 74.278
853.113 74.281
853.416 74.265
853.720 74.243
854.023 74.247
854.327 74.182
854.630 74.124
854.934 74.079
855.237 74.027
855.541 73.994
855.845 73.980
856.148 73.949
856.452 73.928
856.755 73.896
857.059 73.849
857.362 73.825
857.666 73.799
857.969 73.767
858.273 73.760
858.576 73.735
858.880 73.702
859.183 73.675
859.487 73.650
859.790 73.638
860.094 73.584
860.397 73.543
860.701 73.554
861.004 73.533
861.308 73.513
861.611 73.499
861.915 73.470
862.219 73.464
862.522 73.443
862.826 73.403
863.129 73.378
863.433 73.376
863.736 73.384
864.040 73.377
864.343 73.424
864.647 73.479
864.950 73.496
865.254 73.514
865.557 73.455
865.861 73.444
866.164 73.461
866.468 73.439
866.771 73.407
867.075 73.374
867.378 73.322
867.682 73.323
867.985 73.315
868.289 73.308
868.593 73.286
868.896 73.270
869.200 73.202
869.503 73.161
869.807 73.164
870.110 73.194
870.414 73.215
870.717 73.222
871.021 73.227
871.324 73.226
871.628 73.230
871.931 73.219
872.235 73.195
872.538 72.631
872.842 72.622
873.145 72.568
873.449 72.542
873.752 72.569
874.056 72.573
874.359 72.525
874.663 72.531
874.967 72.537
875.270 72.541
875.574 72.572
875.877 72.557
876.181 72.533
876.484 72.520
876.788 72.508
877.091 72.485
877.395 72.463
877.698 72.471
878.002 72.454
878.305 72.408
878.609 72.364
878.912 72.351
879.216 72.312
879.519 72.313
879.823 72.306
880.126 72.318
880.430 72.328
880.733 72.302
881.037 72.290
881.341 72.274
881.644 72.278
881.948 72.324
882.251 72.345
882.555 72.296
882.858 72.251
883.162 72.265
883.465 72.272
883.769 72.282
884.072 72.291
884.376 72.324
884.679 72.319
884.983 72.295
885.286 72.291
885.590 72.268
885.893 72.252
886.197 72.223
886.500 72.201
886.804 72.205
887.107 72.224
887.411 72.280
887.715 72.332
888.018 72.340
888.322 72.295
888.625 72.263
888.929 72.210
889.232 72.162
889.536 72.132
889.839 72.109
890.143 72.083
890.446 72.079
890.750 72.090
891.053 72.140
891.357 72.154
891.660 72.169
891.964 72.163
892.267 72.143
892.571 72.135
892.874 72.163
893.178 72.162
893.482 72.168
893.785 72.164
894.089 72.169
894.392 72.222
894.696 72.223
894.999 72.199
895.303 72.189
895.606 72.172
895.910 72.195
896.213 72.215
896.517 72.248
896.820 72.273
897.124 72.262
897.427 72.258
897.731 72.275
898.034 72.281
898.338 72.287
898.641 72.266
898.945 72.217
899.248 72.187
899.552 72.181
899.856 72.206
900.159 72.214
900.463 72.199
900.766 72.169
901.070 72.166
901.373 72.189
901.677 72.185
901.980 72.160
902.284 72.168
902.587 72.169
902.891 72.124
903.194 72.069
903.498 72.057
903.801 72.059
904.105 72.090
904.408 72.109
904.712 72.104
905.015 72.085
905.319 72.047
905.622 71.998
905.926 71.926
906.230 71.836
906.533 71.763
906.837 71.753
907.140 71.761
907.444 71.793
907.747 71.827
908.051 71.852
908.354 71.874
908.658 71.856
908.961 71.817
909.265 71.768
909.568 71.717
909.872 71.710
910.175 71.689
910.479 71.668
910.782 71.639
911.086 71.615
911.389 71.607
911.693 71.573
911.996 71.524
912.300 71.525
912.613 71.491
912.926 71.415
913.238 71.416
913.551 71.420
913.864 71.400
914.176 71.401
914.489 71.362
914.802 71.337
915.115 71.308
915.427 71.278
915.740 71.294
916.053 71.271
916.366 71.215
916.678 71.196
916.991 71.210
917.304 71.206
917.617 71.221
917.929 71.260
918.242 71.248
918.555 71.232
918.868 71.211
919.180 71.170
919.493 71.167
919.806 71.142
920.119 71.088
920.431 70.993
920.744 70.896
921.057 70.829
921.370 70.803
921.682 70.788
921.995 70.766
922.308 70.778
922.621 70.813
922.933 70.788
923.246 70.735
923.559 70.691
923.872 70.694
924.184 70.672
924.497 70.650
924.810 70.654
925.123 70.672
925.435 70.717
925.748 70.729
926.061 70.694
926.374 70.677
926.686 70.695
926.999 70.708
927.312 70.700
927.625 70.741
927.937 70.787
928.250 70.834
928.563 70.873
928.876 70.889
929.188 70.936
929.501 70.960
929.814 70.960
930.127 70.929
930.439 70.889
930.752 70.850
931.065 70.818
931.378 70.762
931.690 70.704
932.003 70.658
932.316 70.623
932.629 70.539
932.941 70.477
933.254 70.438
933.567 70.358
933.880 70.268
934.192 70.244
934.505 70.203
934.818 70.158
935.131 70.170
935.443 70.191
935.756 70.164
936.069 70.174
936.382 70.184
936.694 70.215
937.007 70.207
937.320 70.152
937.633 70.068
937.945 70.051
938.258 70.023
938.571 69.945
938.884 69.944
939.196 69.950
939.509 69.966
939.822 70.004
940.135 69.992
940.447 69.967
940.760 69.910
941.073 69.894
941.386 69.866
941.698 69.776
942.011 69.678
942.324 69.591
942.637 69.485
942.949 69.442
943.262 69.476
943.575 69.502
943.888 69.435
944.200 69.368
944.513 69.320
944.826 69.294
945.139 69.298
945.451 69.231
945.764 69.124
946.077 69.072
946.390 69.065
946.702 69.028
947.015 68.926
947.328 68.841
947.641 68.780
947.953 68.722
948.266 68.634
948.579 68.588
948.892 68.521
949.204 68.459
949.517 68.392
949.830 68.412
950.143 68.474
950.455 68.514
950.768 68.552
951.081 68.603
951.394 68.606
951.706 68.639
952.019 68.637
952.332 68.616
952.645 68.638
952.957 68.680
953.270 68.715
953.583 68.753
953.896 68.760
954.208 68.699
954.521 68.640
954.834 68.608
955.147 68.576
955.459 68.551
955.772 68.497
956.085 68.466
956.398 68.453
956.710 68.471
957.023 68.438
957.336 68.439
957.649 68.433
957.961 68.439
958.274 68.472
958.587 68.463
958.900 68.462
959.212 68.402
959.525 68.245
959.838 68.224
960.151 68.224
960.463 68.149
960.776 68.102
961.089 68.128
961.402 68.173
961.714 68.232
962.027 68.173
962.340 68.106
962.653 68.074
962.965 68.120
963.278 68.070
963.591 67.968
963.904 67.920
964.216 67.877
964.529 67.912
964.842 67.967
965.154 67.947
965.467 67.903
965.780 67.801
966.094 67.760
966.409 67.783
966.723 67.790
967.037 67.743
967.352 67.697
967.666 67.721
967.980 67.819
968.295 67.863
968.609 67.833
968.923 67.726
969.238 67.661
969.552 67.591
969.866 67.632
970.181 67.634
970.495 67.585
970.809 67.554
971.124 67.552
971.438 67.488
971.752 67.501
972.067 67.490
972.381 67.372
972.695 67.283
973.010 67.230
973.324 67.223
973.638 67.234
973.953 67.283
974.267 67.260
974.581 67.260
974.896 67.228
975.210 67.195
975.524 67.196
975.839 67.188
976.153 67.208
976.467 67.222
976.781 67.260
977.096 67.285
977.410 67.256
977.724 67.309
978.039 67.322
978.353 67.425
978.667 67.655
978.982 67.757
979.296 67.812
979.610 67.891
979.925 67.864
980.239 67.812
980.553 67.756
980.868 67.773
981.182 67.818
981.496 67.846
981.811 67.800
982.125 67.775
982.439 67.831
982.754 67.907
983.068 67.940
983.382 67.942
983.697 67.880
984.011 67.834
984.325 67.885
984.640 67.845
984.954 67.840
985.268 67.875
985.583 67.906
985.897 67.935
986.211 68.068
986.526 68.103
986.840 68.055
987.154 67.981
987.469 67.939
987.783 67.978
988.097 68.049
988.412 68.023
988.726 68.028
989.040 67.938
989.355 67.895
989.669 67.949
989.983 67.992
990.298 68.011
990.612 68.160
990.926 68.181
991.241 68.229
991.555 68.320
991.869 68.391
992.184 68.466
992.498 68.568
992.812 68.634
993.127 68.640
993.441 68.647
993.755 68.643
994.070 68.666
994.384 68.756
994.698 68.761
995.013 68.740
995.327 68.726
995.641 68.705
995.956 68.692
996.270 68.577
996.584 68.536
996.899 68.544
997.213 68.632
997.527 68.580
997.841 68.445
998.156 68.325
998.470 68.191
998.784 68.152
999.099 68.278
999.413 68.334
999.727 68.358
