200.182 86.438
200.437 85.765
200.691 85.114
200.946 84.560
201.201 83.651
201.455 82.783
201.710 81.829
201.964 81.045
202.219 80.469
202.474 79.731
202.728 79.002
202.983 78.343
203.237 77.558
203.492 76.676
203.747 75.724
204.001 74.991
204.256 74.050
204.510 73.041
204.765 72.187
205.020 71.420
205.274 70.567
205.529 69.542
205.783 68.543
206.038 67.450
206.293 66.333
206.547 65.249
206.802 64.204
207.057 63.250
207.311 62.312
207.566 61.429
207.820 60.425
208.075 59.454
208.330 58.462
208.584 57.456
208.839 56.592
209.093 55.790
209.348 54.862
209.603 54.042
209.857 53.126
210.112 52.301
210.366 51.491
210.621 50.598
210.876 49.669
211.130 48.875
211.385 48.269
211.639 47.559
211.894 46.630
212.149 45.736
212.403 44.989
212.658 44.240
212.913 43.494
213.167 42.706
213.422 41.982
213.676 41.295
213.931 40.586
214.186 39.916
214.440 39.295
214.695 38.736
214.949 38.248
215.204 37.703
215.459 37.149
215.713 36.531
215.968 35.907
216.222 35.279
216.477 34.624
216.732 34.162
216.986 33.728
217.241 33.186
217.495 32.650
217.750 32.137
218.005 31.731
218.259 31.325
218.514 30.811
218.769 30.261
219.023 29.781
219.278 29.351
219.532 28.791
219.787 28.316
220.042 27.923
220.296 27.531
220.551 27.066
220.805 26.649
221.060 26.259
221.315 25.836
221.569 25.398
221.824 24.996
222.078 24.697
222.333 24.330
222.588 23.938
222.842 23.541
223.097 23.215
223.351 22.854
223.606 22.390
223.861 21.950
224.115 21.540
224.370 21.126
224.625 20.687
224.879 20.277
225.134 19.862
225.388 19.524
225.643 19.205
225.898 18.887
226.152 18.536
226.407 18.202
226.661 17.855
226.916 17.507
227.171 17.129
227.425 16.812
227.680 16.536
227.934 16.253
228.189 15.941
228.444 15.684
228.698 15.423
228.953 15.131
229.208 14.852
229.462 14.566
229.717 14.280
229.971 14.011
230.226 13.811
230.481 13.578
230.735 13.359
230.990 13.185
231.244 13.007
231.499 12.805
231.754 12.608
232.008 12.434
232.263 12.293
232.517 12.119
232.772 11.962
233.027 11.800
233.281 11.617
233.536 11.443
233.790 11.278
234.045 11.134
234.300 10.995
234.554 10.847
234.809 10.690
235.064 10.565
235.318 10.457
235.573 10.349
235.827 10.234
236.082 10.112
236.337 10.013
236.591 9.916
236.846 9.817
237.100 9.727
237.355 9.663
237.610 9.590
237.864 9.504
238.119 9.447
238.373 9.379
238.628 9.301
238.883 9.243
239.137 9.179
239.392 9.120
239.646 9.067
239.901 9.020
240.156 8.964
240.410 8.932
240.665 8.894
240.920 8.849
241.174 8.812
241.429 8.771
241.683 8.726
241.938 8.686
242.193 8.653
242.447 8.617
242.702 8.590
242.956 8.563
243.211 8.526
243.466 8.490
243.720 8.473
243.975 8.452
244.229 8.418
244.484 8.376
244.739 8.342
244.993 8.321
245.248 8.298
245.503 8.280
245.757 8.260
246.012 8.240
246.266 8.221
246.521 8.206
246.776 8.199
247.030 8.179
247.285 8.156
247.539 8.137
247.794 8.117
248.049 8.099
248.303 8.085
248.558 8.086
248.812 8.081
249.067 8.051
249.322 8.035
249.576 8.029
249.831 8.025
250.085 8.015
250.340 8.005
250.595 7.996
250.849 7.993
251.104 7.987
251.359 7.983
251.613 7.981
251.868 7.977
252.122 7.965
252.377 7.960
252.632 7.963
252.886 7.950
253.141 7.929
253.395 7.916
253.650 7.906
253.905 7.899
254.161 7.890
254.416 7.883
254.672 7.889
254.927 7.904
255.183 7.904
255.438 7.895
255.694 7.894
255.949 7.896
256.205 7.890
256.460 7.884
256.715 7.872
256.971 7.869
257.226 7.872
257.482 7.876
257.737 7.874
257.993 7.872
258.248 7.877
258.504 7.880
258.759 7.880
259.014 7.890
259.270 7.890
259.525 7.882
259.781 7.892
260.036 7.919
260.292 7.941
260.547 7.950
260.803 7.965
261.058 7.983
261.314 7.996
261.569 8.006
261.824 8.013
262.080 8.020
262.335 8.029
262.591 8.049
262.846 8.073
263.102 8.084
263.357 8.088
263.613 8.102
263.868 8.113
264.123 8.120
264.379 8.126
264.634 8.138
264.890 8.138
265.145 8.149
265.401 8.152
265.656 8.156
265.912 8.163
266.167 8.165
266.423 8.168
266.678 8.177
266.933 8.187
267.189 8.190
267.444 8.189
267.700 8.192
267.955 8.191
268.211 8.185
268.466 8.197
268.722 8.210
268.977 8.229
269.232 8.248
269.488 8.258
269.743 8.271
269.999 8.283
270.254 8.295
270.510 8.298
270.765 8.306
271.021 8.322
271.276 8.336
271.532 8.349
271.787 8.360
272.042 8.371
272.298 8.380
272.553 8.381
272.809 8.386
273.064 8.393
273.320 8.408
273.575 8.423
273.831 8.421
274.086 8.420
274.342 8.419
274.597 8.414
274.852 8.420
275.108 8.430
275.363 8.431
275.619 8.416
275.874 8.401
276.130 8.392
276.385 8.386
276.641 8.384
276.896 8.377
277.151 8.374
277.407 8.370
277.662 8.357
277.918 8.344
278.173 8.335
278.429 8.318
278.684 8.309
278.940 8.308
279.195 8.298
279.451 8.293
279.706 8.282
279.961 8.275
280.217 8.268
280.472 8.267
280.728 8.260
280.983 8.256
281.239 8.252
281.494 8.244
281.750 8.236
282.005 8.225
282.260 8.215
282.516 8.199
282.771 8.188
283.027 8.179
283.282 8.169
283.538 8.156
283.793 8.143
284.049 8.125
284.304 8.109
284.560 8.089
284.815 8.068
285.070 8.050
285.326 8.039
285.581 8.032
285.837 8.011
286.092 7.990
286.348 7.976
286.603 7.958
286.859 7.942
287.114 7.931
287.369 7.917
287.625 7.903
287.880 7.894
288.136 7.891
288.391 7.880
288.647 7.868
288.902 7.847
289.158 7.830
289.413 7.823
289.669 7.812
289.924 7.805
290.179 7.798
290.435 7.790
290.690 7.777
290.946 7.759
291.201 7.753
291.457 7.748
291.712 7.738
291.968 7.732
292.223 7.712
292.479 7.700
292.734 7.687
292.989 7.676
293.245 7.668
293.500 7.661
293.756 7.650
294.011 7.641
294.267 7.635
294.522 7.622
294.778 7.610
295.033 7.596
295.288 7.586
295.544 7.572
295.799 7.558
296.055 7.545
296.310 7.533
296.566 7.526
296.821 7.520
297.077 7.512
297.332 7.501
297.588 7.487
297.843 7.473
298.098 7.464
298.354 7.452
298.609 7.443
298.865 7.435
299.120 7.429
299.376 7.425
299.631 7.417
299.887 7.412
300.142 7.410
300.397 7.400
300.653 7.390
300.908 7.378
301.164 7.367
301.419 7.360
301.675 7.350
301.930 7.336
302.186 7.326
302.441 7.317
302.697 7.299
302.952 7.287
303.207 7.279
303.463 7.270
303.718 7.250
303.974 7.235
304.229 7.230
304.485 7.223
304.740 7.215
304.996 7.206
305.251 7.202
305.506 7.194
305.762 7.183
306.017 7.171
306.273 7.164
306.528 7.161
306.784 7.158
307.039 7.158
307.295 7.147
307.550 7.131
307.806 7.132
308.061 7.131
308.316 7.125
308.572 7.114
308.827 7.105
309.083 7.096
309.338 7.084
309.594 7.072
309.849 7.069
310.105 7.064
310.360 7.061
310.615 7.061
310.871 7.053
311.126 7.044
311.382 7.046
311.637 7.048
311.893 7.041
312.148 7.033
312.404 7.019
312.659 7.006
312.915 7.000
313.170 7.001
313.429 7.001
313.688 7.003
313.947 7.004
314.206 7.001
314.465 6.997
314.724 6.992
314.983 6.992
315.242 6.988
315.501 6.976
315.760 6.971
316.019 6.976
316.278 6.982
316.536 6.981
316.795 6.975
317.054 6.979
317.313 6.983
317.572 6.992
317.831 7.004
318.090 7.009
318.349 7.014
318.608 7.015
318.867 7.010
319.126 7.007
319.385 7.022
319.644 7.039
319.903 7.042
320.162 7.043
320.421 7.045
320.680 7.044
320.939 7.043
321.198 7.033
321.457 7.030
321.716 7.030
321.975 7.025
322.234 7.022
322.493 7.025
322.752 7.026
323.010 7.034
323.269 7.038
323.528 7.032
323.787 7.025
324.046 7.024
324.305 7.036
324.564 7.051
324.823 7.054
325.082 7.058
325.341 7.071
325.600 7.081
325.859 7.091
326.118 7.106
326.377 7.116
326.636 7.120
326.895 7.129
327.154 7.124
327.413 7.125
327.672 7.129
327.931 7.136
328.190 7.150
328.449 7.161
328.708 7.171
328.967 7.181
329.226 7.189
329.485 7.190
329.743 7.192
330.002 7.197
330.261 7.205
330.520 7.212
330.779 7.210
331.038 7.220
331.297 7.236
331.556 7.249
331.815 7.259
332.074 7.253
332.333 7.259
332.592 7.277
332.851 7.287
333.110 7.295
333.369 7.290
333.628 7.286
333.887 7.283
334.146 7.282
334.405 7.287
334.664 7.295
334.923 7.310
335.182 7.319
335.441 7.315
335.700 7.317
335.959 7.327
336.217 7.342
336.476 7.357
336.735 7.371
336.994 7.392
337.253 7.423
337.512 7.449
337.771 7.463
338.030 7.469
338.289 7.477
338.548 7.488
338.807 7.502
339.066 7.525
339.325 7.533
339.584 7.546
339.843 7.567
340.102 7.575
340.361 7.577
340.620 7.589
340.879 7.603
341.138 7.603
341.397 7.594
341.656 7.593
341.915 7.596
342.174 7.592
342.433 7.607
342.691 7.627
342.950 7.641
343.209 7.651
343.468 7.665
343.727 7.678
343.986 7.692
344.245 7.709
344.504 7.720
344.763 7.734
345.022 7.744
345.281 7.757
345.540 7.763
345.799 7.771
346.058 7.780
346.317 7.786
346.576 7.792
346.835 7.800
347.094 7.815
347.353 7.827
347.612 7.828
347.871 7.846
348.130 7.864
348.389 7.859
348.648 7.853
348.907 7.857
349.166 7.881
349.424 7.899
349.683 7.916
349.942 7.936
350.201 7.956
350.460 7.971
350.719 7.969
350.978 7.965
351.237 7.983
351.496 7.997
351.755 7.992
352.014 7.993
352.273 8.002
352.532 8.003
352.791 8.008
353.050 8.020
353.309 8.030
353.568 8.037
353.827 8.049
354.086 8.052
354.345 8.048
354.604 8.048
354.863 8.038
355.122 8.053
355.381 8.066
355.640 8.071
355.898 8.077
356.157 8.091
356.416 8.109
356.675 8.131
356.934 8.147
357.193 8.180
357.452 8.211
357.711 8.218
357.970 8.237
358.229 8.250
358.488 8.257
358.747 8.270
359.006 8.279
359.265 8.298
359.524 8.330
359.783 8.356
360.042 8.368
360.301 8.385
360.560 8.399
360.819 8.412
361.078 8.420
361.337 8.441
361.596 8.469
361.855 8.499
362.114 8.529
362.372 8.568
362.631 8.595
362.890 8.616
363.149 8.631
363.408 8.657
363.667 8.683
363.926 8.712
364.185 8.750
364.444 8.782
364.703 8.812
364.962 8.830
365.221 8.857
365.480 8.887
365.745 8.903
366.009 8.929
366.274 8.974
366.539 9.014
366.804 9.047
367.068 9.075
367.333 9.108
367.598 9.150
367.863 9.183
368.127 9.214
368.392 9.264
368.657 9.307
368.921 9.322
369.186 9.341
369.451 9.374
369.716 9.411
369.980 9.444
370.245 9.497
370.510 9.545
370.775 9.595
371.039 9.636
371.304 9.671
371.569 9.694
371.834 9.728
372.098 9.765
372.363 9.804
372.628 9.840
372.892 9.884
373.157 9.906
373.422 9.929
373.687 9.969
373.951 10.009
374.216 10.043
374.481 10.083
374.746 10.129
375.010 10.173
375.275 10.211
375.540 10.237
375.804 10.264
376.069 10.298
376.334 10.339
376.599 10.375
376.863 10.411
377.128 10.451
377.393 10.491
377.658 10.529
377.922 10.561
378.187 10.599
378.452 10.631
378.716 10.665
378.981 10.707
379.246 10.746
379.511 10.793
379.775 10.841
380.040 10.874
380.305 10.903
380.570 10.944
380.834 10.988
381.099 11.033
381.364 11.074
381.629 11.110
381.893 11.156
382.158 11.202
382.423 11.230
382.687 11.260
382.952 11.301
383.217 11.341
383.482 11.378
383.746 11.414
384.011 11.461
384.276 11.508
384.541 11.535
384.805 11.557
385.070 11.596
385.335 11.633
385.599 11.676
385.864 11.719
386.129 11.766
386.394 11.800
386.658 11.833
386.923 11.869
387.188 11.903
387.453 11.948
387.717 12.004
387.982 12.045
388.247 12.084
388.511 12.116
388.776 12.149
389.041 12.194
389.306 12.245
389.570 12.291
389.835 12.328
390.100 12.371
390.365 12.424
390.629 12.476
390.894 12.522
391.159 12.576
391.424 12.628
391.688 12.662
391.953 12.698
392.218 12.754
392.482 12.814
392.747 12.872
393.012 12.925
393.277 12.990
393.541 13.056
393.806 13.114
394.071 13.178
394.336 13.227
394.600 13.281
394.865 13.342
395.130 13.395
395.394 13.460
395.659 13.517
395.924 13.569
396.189 13.629
396.453 13.686
396.718 13.746
396.983 13.807
397.248 13.875
397.512 13.938
397.777 14.000
398.042 14.057
398.306 14.115
398.571 14.182
398.836 14.256
399.101 14.328
399.365 14.392
399.630 14.468
399.895 14.553
400.160 14.619
400.424 14.676
400.689 14.755
400.954 14.852
401.219 14.942
401.483 15.030
401.748 15.111
402.013 15.195
402.277 15.286
402.542 15.376
402.807 15.469
403.072 15.560
403.336 15.646
403.601 15.732
403.866 15.821
404.131 15.915
404.395 16.018
404.660 16.124
404.929 16.220
405.198 16.306
405.466 16.400
405.735 16.497
406.004 16.612
406.273 16.717
406.542 16.813
406.810 16.901
407.079 16.990
407.348 17.088
407.617 17.184
407.886 17.299
408.154 17.416
408.423 17.520
408.692 17.617
408.961 17.717
409.229 17.835
409.498 17.952
409.767 18.059
410.036 18.161
410.305 18.264
410.573 18.393
410.842 18.515
411.111 18.629
411.380 18.746
411.649 18.856
411.917 18.973
412.186 19.094
412.455 19.211
412.724 19.343
412.993 19.466
413.261 19.583
413.530 19.703
413.799 19.830
414.068 19.964
414.337 20.112
414.605 20.255
414.874 20.387
415.143 20.516
415.412 20.646
415.681 20.782
415.949 20.907
416.218 21.040
416.487 21.185
416.756 21.334
417.024 21.475
417.293 21.598
417.562 21.730
417.831 21.873
418.100 22.026
418.368 22.176
418.637 22.311
418.906 22.452
419.175 22.597
419.444 22.745
419.712 22.900
419.981 23.055
420.250 23.209
420.519 23.374
420.788 23.524
421.056 23.666
421.325 23.825
421.594 23.985
421.863 24.137
422.132 24.287
422.400 24.431
422.669 24.591
422.938 24.759
423.207 24.928
423.476 25.098
423.744 25.271
424.013 25.446
424.282 25.613
424.551 25.782
424.819 25.953
425.088 26.117
425.357 26.290
425.626 26.461
425.895 26.635
426.163 26.817
426.432 27.013
426.701 27.200
426.970 27.378
427.239 27.549
427.507 27.720
427.776 27.895
428.045 28.088
428.314 28.269
428.583 28.462
428.851 28.655
429.120 28.835
429.389 29.026
429.658 29.227
429.927 29.425
430.195 29.618
430.464 29.811
430.733 29.998
431.002 30.193
431.271 30.385
431.539 30.585
431.808 30.790
432.077 30.997
432.346 31.213
432.614 31.420
432.883 31.626
433.152 31.837
433.421 32.051
433.690 32.264
433.958 32.476
434.227 32.679
434.496 32.884
434.765 33.088
435.034 33.304
435.302 33.519
435.571 33.722
435.840 33.928
436.116 34.145
436.393 34.360
436.669 34.581
436.945 34.799
437.221 35.020
437.498 35.248
437.774 35.473
438.050 35.702
438.326 35.927
438.603 36.163
438.879 36.402
439.155 36.623
439.431 36.845
439.708 37.078
439.984 37.310
440.260 37.533
440.537 37.755
440.813 37.968
441.089 38.199
441.365 38.437
441.642 38.668
441.918 38.898
442.194 39.137
442.470 39.360
442.747 39.576
443.023 39.792
443.299 40.014
443.575 40.238
443.852 40.478
444.128 40.720
444.404 40.968
444.680 41.196
444.957 41.435
445.233 41.660
445.509 41.887
445.786 42.124
446.062 42.356
446.338 42.587
446.614 42.822
446.891 43.066
447.167 43.304
447.443 43.537
447.719 43.754
447.996 43.985
448.272 44.216
448.548 44.444
448.824 44.675
449.101 44.903
449.377 45.134
449.653 45.365
449.930 45.594
450.206 45.820
450.482 46.061
450.758 46.290
451.035 46.510
451.311 46.722
451.587 46.948
451.863 47.179
452.140 47.408
452.416 47.641
452.692 47.875
452.968 48.092
453.245 48.319
453.521 48.541
453.797 48.763
454.074 48.982
454.350 49.194
454.626 49.405
454.902 49.635
455.179 49.876
455.455 50.099
455.731 50.315
456.007 50.540
456.284 50.767
456.560 50.982
456.836 51.201
457.112 51.417
457.389 51.635
457.665 51.872
457.941 52.078
458.218 52.274
458.494 52.488
458.770 52.704
459.046 52.914
459.323 53.127
459.599 53.345
459.875 53.572
460.151 53.791
460.428 54.006
460.704 54.213
460.980 54.426
461.256 54.643
461.533 54.869
461.809 55.084
462.085 55.296
462.361 55.515
462.638 55.726
462.914 55.936
463.190 56.145
463.467 56.351
463.743 56.541
464.019 56.734
464.295 56.951
464.572 57.177
464.848 57.405
465.124 57.621
465.400 57.832
465.677 58.036
465.953 58.239
466.229 58.440
466.505 58.631
466.782 58.819
467.058 59.012
467.334 59.214
467.611 59.418
467.887 59.634
468.163 59.844
468.439 60.036
468.716 60.220
468.992 60.407
469.268 60.595
469.544 60.788
469.821 60.993
470.097 61.182
470.373 61.374
470.649 61.561
470.926 61.745
471.202 61.935
471.478 62.132
471.755 62.312
472.031 62.493
472.307 62.676
472.583 62.858
472.860 63.036
473.136 63.208
473.412 63.387
473.688 63.573
473.965 63.749
474.241 63.921
474.517 64.086
474.793 64.268
475.070 64.469
475.346 64.661
475.622 64.838
475.899 65.009
476.175 65.190
476.451 65.366
476.727 65.525
477.004 65.690
477.280 65.853
477.556 66.021
477.832 66.188
478.109 66.349
478.385 66.502
478.661 66.654
478.937 66.808
479.214 66.964
479.490 67.126
479.766 67.290
480.043 67.448
480.319 67.600
480.595 67.758
480.871 67.925
481.148 68.081
481.424 68.225
481.700 68.356
481.976 68.507
482.253 68.662
482.529 68.809
482.805 68.951
483.081 69.101
483.358 69.255
483.634 69.419
483.910 69.574
484.186 69.716
484.463 69.860
484.739 70.007
485.015 70.154
485.292 70.306
485.568 70.462
485.844 70.607
486.120 70.753
486.397 70.889
486.673 71.010
486.949 71.141
487.225 71.286
487.502 71.431
487.778 71.570
488.054 71.708
488.330 71.839
488.607 71.965
488.883 72.092
489.159 72.226
489.436 72.363
489.712 72.503
489.988 72.638
490.264 72.764
490.541 72.876
490.817 73.001
491.093 73.136
491.369 73.282
491.646 73.415
491.922 73.538
492.198 73.651
492.474 73.763
492.751 73.882
493.027 73.994
493.303 74.107
493.580 74.226
493.856 74.354
494.132 74.480
494.408 74.590
494.685 74.698
494.961 74.797
495.237 74.904
495.513 75.017
495.790 75.138
496.066 75.254
496.342 75.374
496.618 75.489
496.895 75.591
497.171 75.695
497.447 75.793
497.724 75.883
498.000 75.974
498.276 76.076
498.552 76.182
498.829 76.277
499.105 76.371
499.381 76.471
499.657 76.573
499.934 76.666
500.210 76.755
500.486 76.838
500.762 76.925
501.039 77.000
501.315 77.087
501.591 77.163
501.867 77.246
502.144 77.336
502.420 77.412
502.696 77.491
502.973 77.578
503.249 77.678
503.525 77.778
503.801 77.868
504.078 77.935
504.354 77.992
504.630 78.077
504.906 78.161
505.183 78.252
505.459 78.339
505.735 78.414
506.011 78.485
506.288 78.559
506.564 78.626
506.840 78.698
507.117 78.785
507.393 78.884
507.669 78.970
507.945 79.035
508.222 79.092
508.498 79.157
508.774 79.220
509.050 79.283
509.327 79.359
509.603 79.430
509.879 79.497
510.155 79.562
510.432 79.637
510.708 79.695
510.984 79.753
511.261 79.827
511.537 79.905
511.813 79.976
512.089 80.045
512.366 80.107
512.642 80.155
512.918 80.213
513.194 80.259
513.471 80.297
513.747 80.353
514.023 80.414
514.299 80.483
514.576 80.552
514.852 80.613
515.128 80.659
515.405 80.706
515.681 80.760
515.957 80.805
516.233 80.857
516.510 80.918
516.786 80.980
517.062 81.043
517.338 81.093
517.615 81.155
517.891 81.213
518.167 81.262
518.443 81.313
518.720 81.364
518.996 81.399
519.272 81.438
519.548 81.485
519.825 81.514
520.101 81.528
520.377 81.571
520.654 81.619
520.930 81.665
521.206 81.713
521.482 81.749
521.759 81.795
522.035 81.832
522.311 81.861
522.587 81.893
522.864 81.935
523.140 81.968
523.416 81.995
523.692 82.017
523.969 82.043
524.245 82.048
524.521 82.070
524.798 82.108
525.074 82.137
525.350 82.154
525.626 82.170
525.903 82.203
526.179 82.223
526.455 82.238
526.731 82.257
527.008 82.280
527.284 82.284
527.560 82.304
527.836 82.327
528.113 82.341
528.389 82.344
528.665 82.353
528.942 82.362
529.218 82.373
529.494 82.396
529.770 82.404
530.047 82.413
530.323 82.432
530.599 82.443
530.875 82.452
531.152 82.454
531.428 82.467
531.704 82.482
531.980 82.505
532.257 82.531
532.533 82.544
532.809 82.564
533.086 82.584
533.362 82.579
533.638 82.576
533.914 82.579
534.191 82.588
534.467 82.588
534.743 82.595
535.019 82.599
535.296 82.603
535.572 82.612
535.848 82.632
536.124 82.656
536.401 82.670
536.677 82.693
536.953 82.716
537.230 82.721
537.506 82.724
537.782 82.741
538.058 82.776
538.335 82.790
538.611 82.773
538.887 82.763
539.163 82.772
539.440 82.784
539.716 82.780
539.992 82.778
540.268 82.804
540.545 82.830
540.821 82.832
541.097 82.836
541.373 82.831
541.650 82.833
541.926 82.842
542.202 82.853
542.479 82.869
542.755 82.882
543.031 82.898
543.307 82.918
543.584 82.928
543.860 82.943
544.136 82.960
544.412 82.957
544.689 82.959
544.965 82.964
545.241 82.971
545.517 82.979
545.794 82.993
546.070 83.013
546.356 83.018
546.642 83.024
546.928 83.044
547.214 83.064
547.500 83.082
547.786 83.089
548.072 83.099
548.358 83.094
548.644 83.087
548.930 83.081
549.216 83.068
549.502 83.058
549.788 83.048
550.074 83.035
550.360 83.044
550.646 83.041
550.932 83.040
551.218 83.043
551.504 83.037
551.790 83.039
552.076 83.042
552.362 83.047
552.648 83.032
552.934 83.013
553.220 83.002
553.506 82.997
553.793 82.983
554.079 82.981
554.365 82.974
554.651 82.968
554.937 82.962
555.223 82.946
555.509 82.947
555.795 82.962
556.081 82.974
556.367 82.966
556.653 82.960
556.939 82.960
557.225 82.959
557.511 82.945
557.797 82.936
558.083 82.934
558.369 82.930
558.655 82.938
558.941 82.938
559.227 82.925
559.513 82.918
559.799 82.913
560.085 82.904
560.371 82.890
560.657 82.868
560.943 82.852
561.229 82.833
561.515 82.818
561.801 82.814
562.087 82.794
562.373 82.781
562.659 82.770
562.945 82.756
563.231 82.728
563.517 82.698
563.803 82.680
564.089 82.662
564.375 82.636
564.661 82.609
564.947 82.584
565.233 82.570
565.519 82.554
565.805 82.543
566.091 82.530
566.377 82.507
566.663 82.496
566.949 82.480
567.235 82.459
567.521 82.437
567.807 82.412
568.093 82.400
568.379 82.384
568.665 82.366
568.951 82.362
569.237 82.351
569.524 82.336
569.810 82.310
570.096 82.307
570.382 82.312
570.668 82.298
570.954 82.277
571.240 82.261
571.526 82.228
571.812 82.207
572.098 82.205
572.384 82.186
572.670 82.152
572.956 82.113
573.242 82.092
573.528 82.069
573.814 82.053
574.100 82.033
574.386 82.018
574.672 82.015
574.958 82.003
575.244 81.986
575.530 81.973
575.816 81.969
576.102 81.954
576.388 81.936
576.674 81.930
576.960 81.922
577.248 81.910
577.536 81.890
577.824 81.886
578.113 81.887
578.401 81.880
578.689 81.879
578.977 81.887
579.265 81.880
579.553 81.867
579.841 81.852
580.130 81.840
580.418 81.836
580.706 81.842
580.994 81.855
581.282 81.867
581.570 81.874
581.858 81.870
582.147 81.864
582.435 81.859
582.723 81.854
583.011 81.851
583.299 81.849
583.587 81.849
583.875 81.857
584.164 81.861
584.452 81.864
584.740 81.869
585.028 81.872
585.316 81.864
585.604 81.864
585.892 81.867
586.181 81.862
586.469 81.856
586.757 81.850
587.045 81.847
587.333 81.869
587.621 81.878
587.909 81.880
588.198 81.890
588.486 81.903
588.774 81.910
589.062 81.926
589.350 81.928
589.638 81.908
589.927 81.911
590.215 81.918
590.503 81.931
590.791 81.937
591.079 81.945
591.367 81.951
591.655 81.952
591.944 81.958
592.232 81.943
592.520 81.933
592.808 81.932
593.096 81.933
593.384 81.926
593.672 81.926
593.961 81.936
594.249 81.936
594.537 81.930
594.825 81.917
595.113 81.921
595.401 81.912
595.689 81.897
595.978 81.900
596.266 81.889
596.554 81.862
596.842 81.860
597.130 81.882
597.418 81.898
597.706 81.912
597.995 81.914
598.283 81.911
598.571 81.904
598.859 81.885
599.147 81.874
599.435 81.881
599.723 81.890
600.012 81.893
600.300 81.888
600.588 81.891
600.876 81.889
601.164 81.888
601.452 81.881
601.740 81.871
602.029 81.883
602.317 81.888
602.605 81.876
602.893 81.870
603.181 81.854
603.469 81.845
603.757 81.847
604.046 81.835
604.334 81.823
604.622 81.813
604.910 81.802
605.198 81.779
605.486 81.748
605.774 81.718
606.063 81.702
606.351 81.712
606.639 81.712
606.927 81.700
607.215 81.705
607.503 81.699
607.791 81.702
608.080 81.706
608.368 81.711
608.656 81.709
608.944 81.701
609.232 81.701
609.520 81.701
609.808 81.702
610.097 81.703
610.385 81.703
610.673 81.715
610.961 81.725
611.249 81.721
611.537 81.706
611.825 81.704
612.114 81.703
612.402 81.716
612.690 81.714
612.978 81.712
613.266 81.715
613.554 81.719
613.843 81.726
614.131 81.731
614.419 81.719
614.707 81.698
614.995 81.693
615.283 81.687
615.571 81.694
615.860 81.695
616.148 81.684
616.436 81.698
616.724 81.713
617.012 81.712
617.300 81.716
617.588 81.729
617.877 81.723
618.165 81.704
618.453 81.700
618.741 81.700
619.029 81.694
619.317 81.688
619.605 81.668
619.894 81.663
620.182 81.678
620.470 81.682
620.758 81.683
621.046 81.666
621.334 81.647
621.622 81.650
621.911 81.658
622.199 81.668
622.487 81.668
622.775 81.676
623.063 81.689
623.351 81.705
623.639 81.716
623.928 81.708
624.216 81.717
624.504 81.729
624.792 81.729
625.080 81.727
625.368 81.711
625.656 81.704
625.945 81.697
626.233 81.694
626.521 81.695
626.809 81.688
627.097 81.679
627.385 81.687
627.673 81.685
627.962 81.677
628.250 81.653
628.538 81.641
628.826 81.642
629.114 81.658
629.402 81.659
629.690 81.658
629.979 81.653
630.267 81.652
630.555 81.650
630.843 81.640
631.131 81.647
631.419 81.649
631.707 81.649
631.996 81.655
632.284 81.662
632.572 81.650
632.860 81.633
633.148 81.610
633.436 81.604
633.724 81.605
634.013 81.592
634.301 81.579
634.589 81.572
634.877 81.559
635.165 81.542
635.453 81.539
635.741 81.551
636.030 81.551
636.318 81.556
636.606 81.565
636.894 81.573
637.182 81.585
637.470 81.578
637.759 81.569
638.047 81.577
638.335 81.592
638.623 81.617
638.911 81.638
639.199 81.642
639.487 81.652
639.776 81.641
640.064 81.622
640.352 81.614
640.640 81.616
640.928 81.612
641.216 81.597
641.504 81.587
641.793 81.557
642.081 81.543
642.369 81.529
642.657 81.517
642.945 81.519
643.233 81.513
643.521 81.490
643.810 81.470
644.098 81.456
644.386 81.451
644.674 81.437
644.962 81.412
645.250 81.383
645.538 81.344
645.827 81.304
646.115 81.265
646.403 81.212
646.691 81.140
646.979 81.086
647.267 81.041
647.555 80.984
647.844 80.920
648.132 80.864
648.420 80.818
648.708 80.760
648.996 80.711
649.284 80.680
649.572 80.655
649.861 80.630
650.149 80.604
650.437 80.578
650.725 80.548
651.013 80.519
651.301 80.494
651.589 80.465
651.878 80.443
652.166 80.430
652.454 80.418
652.742 80.401
653.030 80.370
653.318 80.351
653.606 80.339
653.895 80.310
654.183 80.297
654.471 80.289
654.759 80.272
655.047 80.259
655.335 80.251
655.623 80.239
655.912 80.211
656.200 80.183
656.488 80.163
656.776 80.148
657.064 80.122
657.352 80.111
657.640 80.100
657.929 80.085
658.217 80.075
658.505 80.077
658.793 80.087
659.081 80.085
659.369 80.077
659.657 80.067
659.946 80.052
660.234 80.033
660.522 80.034
660.810 80.029
661.098 80.028
661.386 80.023
661.675 80.022
661.963 80.007
662.251 80.001
662.539 80.014
662.827 80.031
663.115 80.060
663.403 80.092
663.692 80.114
663.980 80.150
664.268 80.203
664.556 80.248
664.844 80.287
665.132 80.320
665.420 80.352
665.709 80.392
665.997 80.434
666.285 80.469
666.573 80.487
666.861 80.490
667.149 80.498
667.437 80.500
667.726 80.515
668.014 80.557
668.302 80.581
668.590 80.592
668.878 80.606
669.166 80.623
669.454 80.620
669.743 80.605
670.031 80.589
670.319 80.585
670.607 80.602
670.895 80.596
671.183 80.589
671.471 80.587
671.760 80.569
672.048 80.546
672.336 80.538
672.624 80.547
672.912 80.554
673.200 80.553
673.488 80.558
673.777 80.570
674.065 80.582
674.353 80.567
674.641 80.563
674.929 80.568
675.217 80.581
675.505 80.600
675.794 80.599
676.082 80.585
676.370 80.564
676.658 80.557
676.946 80.577
677.234 80.588
677.522 80.602
677.811 80.629
678.099 80.623
678.387 80.611
678.675 80.610
678.963 80.601
679.251 80.596
679.539 80.603
679.828 80.597
680.116 80.580
680.404 80.581
680.692 80.580
680.980 80.575
681.268 80.574
681.556 80.569
681.845 80.535
682.133 80.507
682.421 80.490
682.709 80.461
682.997 80.438
683.285 80.419
683.573 80.406
683.862 80.397
684.150 80.404
684.438 80.417
684.726 80.419
685.014 80.429
685.302 80.425
685.591 80.397
685.879 80.383
686.167 80.378
686.455 80.363
686.743 80.346
687.031 80.342
687.319 80.339
687.608 80.334
687.896 80.338
688.184 80.338
688.472 80.345
688.760 80.342
689.048 80.332
689.336 80.317
689.625 80.316
689.913 80.318
690.201 80.317
690.489 80.297
690.777 80.275
691.065 80.260
691.353 80.237
691.642 80.215
691.930 80.210
692.218 80.201
692.506 80.192
692.794 80.183
693.082 80.164
693.370 80.148
693.659 80.133
693.947 80.119
694.235 80.095
694.523 80.063
694.811 80.042
695.099 80.021
695.387 80.001
695.676 79.987
695.964 79.967
696.252 79.965
696.540 79.981
696.836 79.988
697.133 79.978
697.429 79.980
697.725 79.977
698.021 79.955
698.318 79.936
698.614 79.930
698.910 79.936
699.207 79.926
699.503 79.928
699.799 79.930
700.095 79.918
700.392 79.918
700.688 79.939
700.984 79.959
701.281 79.968
701.577 79.969
701.873 79.964
702.169 79.957
702.466 79.957
702.762 79.954
703.058 79.944
703.355 79.948
703.651 79.956
703.947 79.953
704.243 79.953
704.540 79.955
704.836 79.962
705.132 79.970
705.428 79.974
705.725 79.957
706.021 79.943
706.317 79.927
706.614 79.926
706.910 79.932
707.206 79.945
707.502 79.953
707.799 79.947
708.095 79.934
708.391 79.919
708.688 79.929
708.984 79.933
709.280 79.919
709.576 79.904
709.873 79.900
710.169 79.887
710.465 79.877
710.762 79.865
711.058 79.854
711.354 79.857
711.650 79.867
711.947 79.889
712.243 79.907
712.539 79.926
712.836 79.943
713.132 79.946
713.428 79.921
713.724 79.912
714.021 79.912
714.317 79.885
714.613 79.852
714.910 79.828
715.206 79.825
715.502 79.817
715.798 79.807
716.095 79.807
716.391 79.796
716.687 79.786
716.984 79.775
717.280 79.786
717.576 79.771
717.872 79.751
718.169 79.737
718.465 79.748
718.761 79.732
719.058 79.698
719.354 79.662
719.650 79.641
719.946 79.612
720.243 79.591
720.539 79.571
720.835 79.547
721.131 79.534
721.428 79.514
721.724 79.488
722.020 79.477
722.317 79.477
722.613 79.466
722.909 79.453
723.205 79.440
723.502 79.439
723.798 79.445
724.094 79.444
724.391 79.444
724.687 79.437
724.983 79.437
725.279 79.432
725.576 79.414
725.872 79.395
726.168 79.372
726.465 79.355
726.761 79.338
727.057 79.340
727.353 79.365
727.650 79.374
727.946 79.381
728.242 79.388
728.539 79.355
728.835 79.328
729.131 79.318
729.427 79.304
729.724 79.273
730.020 79.247
730.316 79.245
730.613 79.211
730.909 79.190
731.205 79.187
731.501 79.190
731.798 79.185
732.094 79.185
732.390 79.181
732.687 79.182
732.983 79.183
733.279 79.174
733.575 79.158
733.872 79.145
734.168 79.144
734.464 79.152
734.761 79.132
735.057 79.111
735.353 79.102
735.649 79.103
735.946 79.115
736.242 79.144
736.538 79.152
736.835 79.161
737.131 79.162
737.427 79.190
737.723 79.205
738.020 79.215
738.316 79.208
738.612 79.189
738.909 79.174
739.205 79.185
739.501 79.189
739.797 79.204
740.094 79.204
740.390 79.189
740.686 79.197
740.982 79.201
741.279 79.206
741.575 79.199
741.871 79.188
742.168 79.177
742.464 79.164
742.760 79.168
743.056 79.172
743.353 79.185
743.649 79.202
743.945 79.203
744.242 79.202
744.538 79.214
744.834 79.215
745.130 79.200
745.427 79.167
745.723 79.157
746.019 79.133
746.316 79.114
746.612 79.138
746.908 79.146
747.204 79.122
747.501 79.099
747.797 79.075
748.093 79.041
748.390 79.003
748.686 79.012
748.982 79.009
749.278 78.988
749.575 78.970
749.871 78.943
750.167 78.945
750.464 78.937
750.760 78.905
751.056 78.878
751.352 78.863
751.649 78.848
751.945 78.841
752.241 78.834
752.538 78.839
752.834 78.843
753.130 78.822
753.426 78.802
753.723 78.798
754.019 78.777
754.315 78.744
754.611 78.728
754.908 78.717
755.204 78.725
755.500 78.701
755.797 78.667
756.093 78.660
756.389 78.684
756.685 78.710
756.982 78.730
757.278 78.719
757.574 78.707
757.871 78.679
758.167 78.669
758.463 78.685
758.759 78.676
759.056 78.653
759.352 78.630
759.648 78.604
759.945 78.588
760.241 78.586
760.537 78.569
760.833 78.552
761.130 78.517
761.426 78.485
761.722 78.477
762.019 78.483
762.315 78.491
762.611 78.489
762.907 78.463
763.204 78.470
763.500 78.481
763.804 78.485
764.108 78.501
764.412 78.508
764.716 78.503
765.020 78.510
765.324 78.550
765.628 78.587
765.932 78.624
766.236 78.634
766.540 78.630
766.844 78.619
767.148 78.604
767.452 78.594
767.756 78.583
768.060 78.585
768.364 78.567
768.668 78.575
768.972 78.586
769.276 78.590
769.580 78.576
769.884 78.577
770.188 78.609
770.492 78.617
770.796 78.589
771.100 78.570
771.404 78.578
771.708 78.555
772.012 78.543
772.316 78.553
772.620 78.536
772.924 78.513
773.228 78.481
773.532 78.449
773.836 78.450
774.140 78.467
774.444 78.478
774.748 78.490
775.052 78.484
775.356 78.461
775.659 78.436
775.963 78.437
776.267 78.434
776.571 78.431
776.875 78.417
777.179 78.413
777.483 78.410
777.787 78.386
778.091 78.379
778.395 78.367
778.699 78.365
779.003 78.355
779.307 78.305
779.611 78.271
779.915 78.265
780.219 78.255
780.523 78.235
780.827 78.210
781.131 78.191
781.435 78.202
781.739 78.186
782.043 78.205
782.347 78.208
782.651 78.187
782.955 78.174
783.259 78.160
783.563 78.155
783.867 78.131
784.171 78.082
784.475 78.041
784.779 78.035
785.083 78.037
785.387 78.031
785.691 78.038
785.995 78.038
786.299 78.033
786.603 78.041
786.907 78.030
787.211 78.011
787.515 78.009
787.819 78.000
788.123 77.998
788.427 77.982
788.731 77.955
789.035 77.952
789.339 77.959
789.643 77.947
789.947 77.933
790.251 77.949
790.555 77.958
790.859 77.935
791.163 77.954
791.467 77.981
791.771 78.005
792.075 78.018
792.379 78.018
792.683 77.990
792.987 77.975
793.291 77.930
793.595 77.910
793.899 77.919
794.203 77.934
794.507 77.951
794.811 77.976
795.115 77.967
795.419 77.957
795.723 77.933
796.027 77.914
796.331 77.955
796.635 77.987
796.939 78.010
797.243 78.031
797.547 78.055
797.851 78.084
798.155 78.113
798.459 78.095
798.763 78.065
799.067 78.053
799.371 78.055
799.674 78.065
799.978 78.072
800.282 78.067
800.586 78.006
800.890 77.953
801.194 77.953
801.498 77.979
801.802 77.988
802.106 77.994
802.410 78.009
802.714 78.049
803.018 78.088
803.322 78.094
803.626 78.077
803.930 78.078
804.234 78.054
804.538 78.047
804.842 78.069
805.146 78.058
805.450 78.051
805.754 78.059
806.058 78.067
806.362 78.083
806.666 78.093
806.970 78.131
807.274 78.123
807.578 78.091
807.882 78.066
808.186 78.079
808.490 78.113
808.794 78.121
809.098 78.114
809.402 78.129
809.706 78.125
810.010 78.085
810.314 78.085
810.618 78.098
810.922 78.088
811.226 78.082
811.530 78.063
811.834 78.057
812.137 78.057
812.441 78.053
812.744 78.049
813.048 78.018
813.351 77.991
813.655 77.959
813.958 77.924
814.262 77.918
814.565 77.918
814.869 77.888
815.172 77.858
815.476 77.805
815.779 77.733
816.083 77.700
816.386 77.692
816.690 77.690
816.993 77.699
817.297 77.686
817.600 77.694
817.904 77.691
818.208 77.683
818.511 77.648
818.815 77.615
819.118 77.635
819.422 77.640
819.725 77.621
820.029 77.595
820.332 77.594
820.636 77.598
820.939 77.602
821.243 77.579
821.546 77.554
821.850 77.559
822.153 77.639
822.457 77.670
822.760 77.686
823.064 77.711
823.367 77.719
823.671 77.720
823.974 77.728
824.278 77.714
824.582 77.693
824.885 77.670
825.189 77.649
825.492 77.639
825.796 77.633
826.099 77.634
826.403 77.620
826.706 77.599
827.010 77.548
827.313 77.511
827.617 77.498
827.920 77.471
828.224 77.435
828.527 77.428
828.831 77.388
829.134 77.356
829.438 77.342
829.741 77.373
830.045 77.380
830.348 77.349
830.652 77.342
830.956 77.349
831.259 77.347
831.563 77.349
831.866 77.335
832.170 77.350
832.473 77.360
832.777 77.363
833.080 77.353
833.384 77.335
833.687 77.313
833.991 77.319
834.294 77.306
834.598 77.282
834.901 77.294
835.205 77.270
835.508 77.248
835.812 77.268
836.115 77.261
836.419 77.255
836.722 77.249
837.026 77.275
837.330 77.270
837.633 77.240
837.937 77.239
838.240 77.219
838.544 77.210
838.847 77.177
839.151 77.168
839.454 77.146
839.758 77.111
840.061 77.079
840.365 77.046
840.668 76.975
840.972 76.944
841.275 76.913
841.579 76.873
841.882 76.826
842.186 76.812
842.489 76.784
842.793 76.776
843.097 76.819
843.400 76.858
843.704 76.878
844.007 76.872
844.311 76.861
844.614 76.828
844.918 76.835
845.221 76.831
845.525 76.850
845.828 76.848
846.132 76.802
846.435 76.788
846.739 76.784
847.042 76.772
847.346 76.791
847.649 76.798
847.953 76.794
848.256 76.776
848.560 76.785
848.863 76.809
849.167 76.808
849.471 76.802
849.774 76.782
850.078 76.749
850.381 76.724
850.685 76.765
850.988 76.808
851.292 76.803
851.595 76.809
851.899 76.822
852.202 76.841
852.506 76.862
852.809 76.887
853.113 76.921
853.416 76.896
853.720 76.902
854.023 76.929
854.327 76.880
854.630 76.819
854.934 76.778
855.237 76.726
855.541 76.675
855.845 76.690
856.148 76.707
856.452 76.711
856.755 76.699
857.059 76.647
857.362 76.647
857.666 76.614
857.969 76.548
858.273 76.506
858.576 76.501
858.880 76.485
859.183 76.456
859.487 76.456
859.790 76.448
860.094 76.420
860.397 76.400
860.701 76.400
861.004 76.400
861.308 76.387
861.611 76.320
861.915 76.273
862.219 76.248
862.522 76.235
862.826 76.238
863.129 76.240
863.433 76.209
863.736 76.205
864.040 76.192
864.343 76.190
864.647 76.227
864.950 76.230
865.254 76.236
865.557 76.207
865.861 76.167
866.164 76.149
866.468 76.096
866.771 76.048
867.075 76.024
867.378 76.004
867.682 75.988
867.985 75.961
868.289 75.956
868.593 75.959
868.896 75.978
869.200 75.941
869.503 75.919
869.807 75.943
870.110 75.972
870.414 75.964
870.717 75.948
871.021 75.934
871.324 75.926
871.628 75.890
871.931 75.875
872.235 75.852
872.538 75.792
872.842 75.804
873.145 75.822
873.449 75.838
873.752 75.881
874.056 75.882
874.359 75.853
874.663 75.867
874.967 75.844
875.270 75.829
875.574 75.849
875.877 75.835
876.181 75.833
876.484 75.861
876.788 75.873
877.091 75.888
877.395 75.866
877.698 75.840
878.002 75.789
878.305 75.791
878.609 75.805
878.912 75.815
879.216 75.818
879.519 75.812
879.823 75.767
880.126 75.780
880.430 75.802
880.733 75.808
881.037 75.809
881.341 75.762
881.644 75.737
881.948 75.738
882.251 75.765
882.555 75.779
882.858 75.779
883.162 75.761
883.465 75.746
883.769 75.747
884.072 75.758
884.376 75.758
884.679 75.745
884.983 75.767
885.286 75.807
885.590 75.798
885.893 75.760
886.197 75.764
886.500 75.780
886.804 75.770
887.107 75.798
887.411 75.804
887.715 75.817
888.018 75.802
888.322 75.747
888.625 75.689
888.929 75.680
889.232 75.664
889.536 75.646
889.839 75.639
890.143 75.640
890.446 75.643
890.750 75.647
891.053 75.680
891.357 75.673
891.660 75.685
891.964 75.696
892.267 75.686
892.571 75.687
892.874 75.688
893.178 75.672
893.482 75.702
893.785 75.683
894.089 75.666
894.392 75.668
894.696 75.646
894.999 75.642
895.303 75.659
895.606 75.633
895.910 75.687
896.213 75.748
896.517 75.771
896.820 75.767
897.124 75.759
897.427 75.791
897.731 75.806
898.034 75.841
898.338 75.900
898.641 75.907
898.945 75.884
899.248 75.847
899.552 75.825
899.856 75.857
900.159 75.902
900.463 75.954
900.766 75.920
901.070 75.869
901.373 75.857
901.677 75.889
901.980 75.919
902.284 75.900
902.587 75.914
902.891 75.942
903.194 75.941
903.498 75.957
903.801 75.957
904.105 75.951
904.408 76.029
904.712 76.027
905.015 75.980
905.319 75.948
905.622 75.907
905.926 75.882
906.230 75.852
906.533 75.838
906.837 75.859
907.140 75.869
907.444 75.840
907.747 75.818
908.051 75.783
908.354 75.747
908.658 75.742
908.961 75.765
909.265 75.789
909.568 75.817
909.872 75.855
910.175 75.868
910.479 75.852
910.782 75.818
911.086 75.823
911.389 75.862
911.693 75.857
911.996 75.825
912.300 75.894
912.613 75.932
912.926 75.905
913.238 75.908
913.551 75.890
913.864 75.888
914.176 75.935
914.489 75.923
914.802 75.889
915.115 75.913
915.427 75.933
915.740 75.973
916.053 75.960
916.366 75.891
916.678 75.831
916.991 75.807
917.304 75.786
917.617 75.775
917.929 75.809
918.242 75.819
918.555 75.864
918.868 75.883
919.180 75.844
919.493 75.883
919.806 75.909
920.119 75.892
920.431 75.826
920.744 75.746
921.057 75.765
921.370 75.795
921.682 75.778
921.995 75.780
922.308 75.803
922.621 75.815
922.933 75.860
923.246 75.827
923.559 75.808
923.872 75.829
924.184 75.883
924.497 75.902
924.810 75.944
925.123 75.959
925.435 75.965
925.748 75.981
926.061 75.985
926.374 75.985
926.686 76.052
926.999 76.143
927.312 76.225
927.625 76.315
927.937 76.370
928.250 76.394
928.563 76.400
928.876 76.400
929.188 76.401
929.501 76.460
929.814 76.522
930.127 76.516
930.439 76.510
930.752 76.547
931.065 76.575
931.378 76.593
931.690 76.598
932.003 76.595
932.316 76.552
932.629 76.535
932.941 76.531
933.254 76.514
933.567 76.501
933.880 76.499
934.192 76.490
934.505 76.516
934.818 76.516
935.131 76.562
935.443 76.615
935.756 76.593
936.069 76.612
936.382 76.664
936.694 76.731
937.007 76.803
937.320 76.805
937.633 76.757
937.945 76.796
938.258 76.795
938.571 76.724
938.884 76.730
939.196 76.757
939.509 76.802
939.822 76.849
940.135 76.859
940.447 76.880
940.760 76.928
941.073 76.901
941.386 76.840
941.698 76.765
942.011 76.683
942.324 76.628
942.637 76.582
942.949 76.556
943.262 76.549
943.575 76.552
943.888 76.555
944.200 76.573
944.513 76.581
944.826 76.546
945.139 76.522
945.451 76.476
945.764 76.413
946.077 76.363
946.390 76.379
946.702 76.365
947.015 76.298
947.328 76.257
947.641 76.215
947.953 76.203
948.266 76.213
948.579 76.185
948.892 76.169
949.204 76.139
949.517 76.123
949.830 76.107
950.143 76.129
950.455 76.131
950.768 76.156
951.081 76.228
951.394 76.341
951.706 76.406
952.019 76.387
952.332 76.400
952.645 76.416
952.957 76.421
953.270 76.506
953.583 76.498
953.896 76.468
954.208 76.439
954.521 76.474
954.834 76.590
955.147 76.614
955.459 76.587
955.772 76.539
956.085 76.509
956.398 76.522
956.710 76.512
957.023 76.456
957.336 76.495
957.649 76.554
957.961 76.639
958.274 76.748
958.587 76.760
958.900 76.773
959.212 76.752
959.525 76.670
959.838 76.651
960.151 76.760
960.463 76.819
960.776 76.866
961.089 76.930
961.402 77.009
961.714 77.114
962.027 77.159
962.340 77.206
962.653 77.241
962.965 77.276
963.278 77.281
963.591 77.282
963.904 77.357
964.216 77.397
964.529 77.460
964.842 77.479
965.154 77.489
965.467 77.437
965.780 77.348
966.094 77.281
966.409 77.285
966.723 77.289
967.037 77.229
967.352 77.197
967.666 77.225
967.980 77.296
968.295 77.363
968.609 77.332
968.923 77.266
969.238 77.254
969.552 77.218
969.866 77.232
970.181 77.240
970.495 77.174
970.809 77.147
971.124 77.212
971.438 77.207
971.752 77.245
972.067 77.309
972.381 77.241
972.695 77.187
973.010 77.184
973.324 77.177
973.638 77.128
973.953 77.106
974.267 77.156
974.581 77.215
974.896 77.210
975.210 77.214
975.524 77.213
975.839 77.216
976.153 77.233
976.467 77.248
976.781 77.288
977.096 77.217
977.410 77.130
977.724 77.174
978.039 77.211
978.353 77.296
978.667 77.406
978.982 77.443
979.296 77.476
979.610 77.535
979.925 77.534
980.239 77.525
980.553 77.426
980.868 77.283
981.182 77.233
981.496 77.257
981.811 77.284
982.125 77.273
982.439 77.252
982.754 77.274
983.068 77.262
983.382 77.315
983.697 77.372
984.011 77.438
984.325 77.547
984.640 77.651
984.954 77.740
985.268 77.807
985.583 77.851
985.897 77.892
986.211 78.079
986.526 78.150
986.840 78.194
987.154 78.180
987.469 78.193
987.783 78.278
988.097 78.427
988.412 78.469
988.726 78.479
989.040 78.476
989.355 78.476
989.669 78.578
989.983 78.630
990.298 78.672
990.612 78.780
990.926 78.776
991.241 78.790
991.555 78.876
991.869 78.952
992.184 79.010
992.498 79.031
992.812 79.124
993.127 79.287
993.441 79.392
993.755 79.431
994.070 79.499
994.384 79.560
994.698 79.577
995.013 79.672
995.327 79.717
995.641 79.713
995.956 79.714
996.270 79.701
996.584 79.697
996.899 79.768
997.213 79.954
997.527 79.949
997.841 79.892
998.156 79.924
998.470 79.882
998.784 79.901
999.099 80.019
999.413 80.068
999.727 80.157
