200.182 80.969
200.437 80.362
200.691 79.660
200.946 78.997
201.201 78.119
201.455 77.436
201.710 76.831
201.964 76.278
202.219 75.656
202.474 74.837
202.728 74.048
202.983 73.352
203.237 72.732
203.492 71.943
203.747 71.002
204.001 69.997
204.256 68.878
204.510 67.690
204.765 66.771
205.020 66.119
205.274 65.405
205.529 64.620
205.783 63.865
206.038 62.935
206.293 61.952
206.547 61.018
206.802 60.013
207.057 59.014
207.311 57.975
207.566 57.023
207.820 56.072
208.075 55.154
208.330 54.209
208.584 53.385
208.839 52.649
209.093 51.934
209.348 51.019
209.603 50.136
209.857 49.246
210.112 48.391
210.366 47.562
210.621 46.739
210.876 46.001
211.130 45.348
211.385 44.724
211.639 43.949
211.894 43.047
212.149 42.319
212.403 41.572
212.658 40.803
212.913 40.086
213.167 39.437
213.422 38.900
213.676 38.250
213.931 37.547
214.186 36.818
214.440 36.087
214.695 35.424
214.949 34.844
215.204 34.270
215.459 33.717
215.713 33.215
215.968 32.646
216.222 32.050
216.477 31.509
216.732 31.132
216.986 30.662
217.241 30.061
217.495 29.502
217.750 29.027
218.005 28.635
218.259 28.232
218.514 27.686
218.769 27.081
219.023 26.592
219.278 26.193
219.532 25.720
219.787 25.284
220.042 24.868
220.296 24.440
220.551 24.009
220.805 23.638
221.060 23.235
221.315 22.831
221.569 22.454
221.824 22.102
222.078 21.782
222.333 21.424
222.588 21.111
222.842 20.799
223.097 20.495
223.351 20.167
223.606 19.742
223.861 19.289
224.115 18.896
224.370 18.515
224.625 18.118
224.879 17.757
225.134 17.368
225.388 17.029
225.643 16.728
225.898 16.430
226.152 16.104
226.407 15.786
226.661 15.421
226.916 15.079
227.171 14.741
227.425 14.461
227.680 14.184
227.934 13.977
228.189 13.734
228.444 13.485
228.698 13.206
228.953 12.910
229.208 12.635
229.462 12.367
229.717 12.161
229.971 11.964
230.226 11.786
230.481 11.580
230.735 11.394
230.990 11.228
231.244 11.037
231.499 10.850
231.754 10.657
232.008 10.470
232.263 10.331
232.517 10.190
232.772 10.063
233.027 9.927
233.281 9.759
233.536 9.593
233.790 9.427
234.045 9.285
234.300 9.161
234.554 9.029
234.809 8.889
235.064 8.777
235.318 8.691
235.573 8.602
235.827 8.504
236.082 8.405
236.337 8.323
236.591 8.239
236.846 8.153
237.100 8.076
237.355 8.029
237.610 7.977
237.864 7.906
238.119 7.861
238.373 7.803
238.628 7.733
238.883 7.688
239.137 7.646
239.392 7.597
239.646 7.556
239.901 7.521
240.156 7.482
240.410 7.457
240.665 7.420
240.920 7.376
241.174 7.347
241.429 7.322
241.683 7.294
241.938 7.261
242.193 7.242
242.447 7.220
242.702 7.199
242.956 7.182
243.211 7.164
243.466 7.143
243.720 7.133
243.975 7.125
244.229 7.109
244.484 7.079
244.739 7.069
244.993 7.064
245.248 7.057
245.503 7.056
245.757 7.054
246.012 7.043
246.266 7.030
246.521 7.020
246.776 7.024
247.030 7.018
247.285 7.013
247.539 7.005
247.794 6.993
248.049 6.985
248.303 6.976
248.558 6.984
248.812 6.986
249.067 6.958
249.322 6.943
249.576 6.944
249.831 6.948
250.085 6.949
250.340 6.950
250.595 6.954
250.849 6.958
251.104 6.961
251.359 6.967
251.613 6.973
251.868 6.981
252.122 6.981
252.377 6.981
252.632 6.985
252.886 6.976
253.141 6.966
253.395 6.967
253.650 6.971
253.905 6.971
254.161 6.971
254.416 6.970
254.672 6.983
254.927 7.003
255.183 7.006
255.438 7.003
255.694 7.014
255.949 7.030
256.205 7.038
256.460 7.041
256.715 7.035
256.971 7.041
257.226 7.050
257.482 7.055
257.737 7.050
257.993 7.054
258.248 7.066
258.504 7.066
258.759 7.059
259.014 7.065
259.270 7.069
259.525 7.068
259.781 7.081
260.036 7.110
260.292 7.128
260.547 7.136
260.803 7.145
261.058 7.160
261.314 7.169
261.569 7.178
261.824 7.191
262.080 7.204
262.335 7.211
262.591 7.229
262.846 7.241
263.102 7.243
263.357 7.246
263.613 7.253
263.868 7.260
264.123 7.269
264.379 7.273
264.634 7.283
264.890 7.294
265.145 7.310
265.401 7.313
265.656 7.317
265.912 7.318
266.167 7.312
266.423 7.308
266.678 7.305
266.933 7.308
267.189 7.315
267.444 7.322
267.700 7.330
267.955 7.332
268.211 7.333
268.466 7.344
268.722 7.355
268.977 7.365
269.232 7.374
269.488 7.379
269.743 7.387
269.999 7.401
270.254 7.409
270.510 7.411
270.765 7.420
271.021 7.428
271.276 7.430
271.532 7.432
271.787 7.436
272.042 7.444
272.298 7.454
272.553 7.462
272.809 7.465
273.064 7.474
273.320 7.492
273.575 7.501
273.831 7.498
274.086 7.507
274.342 7.516
274.597 7.516
274.852 7.525
275.108 7.538
275.363 7.539
275.619 7.525
275.874 7.512
276.130 7.508
276.385 7.513
276.641 7.517
276.896 7.515
277.151 7.518
277.407 7.519
277.662 7.512
277.918 7.506
278.173 7.499
278.429 7.495
278.684 7.503
278.940 7.516
279.195 7.521
279.451 7.530
279.706 7.530
279.961 7.531
280.217 7.533
280.472 7.532
280.728 7.528
280.983 7.531
281.239 7.534
281.494 7.543
281.750 7.560
282.005 7.570
282.260 7.581
282.516 7.584
282.771 7.579
283.027 7.575
283.282 7.576
283.538 7.574
283.793 7.574
284.049 7.572
284.304 7.572
284.560 7.573
284.815 7.571
285.070 7.571
285.326 7.574
285.581 7.576
285.837 7.567
286.092 7.559
286.348 7.556
286.603 7.556
286.859 7.556
287.114 7.559
287.369 7.557
287.625 7.561
287.880 7.562
288.136 7.567
288.391 7.571
288.647 7.573
288.902 7.565
289.158 7.561
289.413 7.568
289.669 7.574
289.924 7.587
290.179 7.598
290.435 7.599
290.690 7.597
290.946 7.594
291.201 7.597
291.457 7.601
291.712 7.607
291.968 7.612
292.223 7.606
292.479 7.608
292.734 7.608
292.989 7.608
293.245 7.614
293.500 7.622
293.756 7.629
294.011 7.636
294.267 7.639
294.522 7.632
294.778 7.629
295.033 7.627
295.288 7.628
295.544 7.627
295.799 7.629
296.055 7.632
296.310 7.639
296.566 7.645
296.821 7.653
297.077 7.655
297.332 7.648
297.588 7.640
297.843 7.633
298.098 7.628
298.354 7.627
298.609 7.627
298.865 7.628
299.120 7.633
299.376 7.639
299.631 7.642
299.887 7.645
300.142 7.649
300.397 7.647
300.653 7.645
300.908 7.642
301.164 7.643
301.419 7.651
301.675 7.657
301.930 7.656
302.186 7.660
302.441 7.665
302.697 7.664
302.952 7.665
303.207 7.669
303.463 7.677
303.718 7.674
303.974 7.674
304.229 7.685
304.485 7.692
304.740 7.696
304.996 7.697
305.251 7.698
305.506 7.693
305.762 7.687
306.017 7.691
306.273 7.699
306.528 7.709
306.784 7.721
307.039 7.736
307.295 7.738
307.550 7.736
307.806 7.749
308.061 7.755
308.316 7.754
308.572 7.757
308.827 7.763
309.083 7.768
309.338 7.768
309.594 7.765
309.849 7.771
310.105 7.783
310.360 7.793
310.615 7.799
310.871 7.806
311.126 7.811
311.382 7.827
311.637 7.844
311.893 7.846
312.148 7.846
312.404 7.844
312.659 7.843
312.915 7.848
313.170 7.860
313.429 7.874
313.688 7.890
313.947 7.899
314.206 7.904
314.465 7.912
314.724 7.921
314.983 7.932
315.242 7.937
315.501 7.942
315.760 7.960
316.019 7.983
316.278 8.001
316.536 8.015
316.795 8.023
317.054 8.038
317.313 8.055
317.572 8.075
317.831 8.100
318.090 8.118
318.349 8.130
318.608 8.141
318.867 8.144
319.126 8.149
319.385 8.171
319.644 8.195
319.903 8.208
320.162 8.222
320.421 8.236
320.680 8.247
320.939 8.261
321.198 8.270
321.457 8.283
321.716 8.293
321.975 8.306
322.234 8.324
322.493 8.342
322.752 8.355
323.010 8.370
323.269 8.385
323.528 8.395
323.787 8.413
324.046 8.437
324.305 8.464
324.564 8.488
324.823 8.504
325.082 8.525
325.341 8.554
325.600 8.589
325.859 8.621
326.118 8.649
326.377 8.674
326.636 8.692
326.895 8.714
327.154 8.725
327.413 8.738
327.672 8.760
327.931 8.791
328.190 8.823
328.449 8.857
328.708 8.891
328.967 8.922
329.226 8.955
329.485 8.986
329.743 9.017
330.002 9.051
330.261 9.086
330.520 9.121
330.779 9.147
331.038 9.182
331.297 9.224
331.556 9.252
331.815 9.277
332.074 9.296
332.333 9.327
332.592 9.368
332.851 9.404
333.110 9.435
333.369 9.460
333.628 9.479
333.887 9.498
334.146 9.526
334.405 9.567
334.664 9.616
334.923 9.669
335.182 9.712
335.441 9.740
335.700 9.769
335.959 9.809
336.217 9.853
336.476 9.904
336.735 9.948
336.994 9.998
337.253 10.066
337.512 10.128
337.771 10.175
338.030 10.219
338.289 10.266
338.548 10.318
338.807 10.372
339.066 10.434
339.325 10.476
339.584 10.521
339.843 10.568
340.102 10.611
340.361 10.658
340.620 10.713
340.879 10.768
341.138 10.811
341.397 10.838
341.656 10.871
341.915 10.919
342.174 10.965
342.433 11.023
342.691 11.093
342.950 11.153
343.209 11.212
343.468 11.274
343.727 11.331
343.986 11.391
344.245 11.456
344.504 11.521
344.763 11.585
345.022 11.634
345.281 11.685
345.540 11.743
345.799 11.793
346.058 11.844
346.317 11.898
346.576 11.962
346.835 12.024
347.094 12.083
347.353 12.159
347.612 12.227
347.871 12.300
348.130 12.373
348.389 12.430
348.648 12.482
348.907 12.543
349.166 12.622
349.424 12.694
349.683 12.765
349.942 12.842
350.201 12.911
350.460 12.976
350.719 13.031
350.978 13.082
351.237 13.162
351.496 13.243
351.755 13.307
352.014 13.374
352.273 13.441
352.532 13.502
352.791 13.568
353.050 13.638
353.309 13.718
353.568 13.790
353.827 13.857
354.086 13.925
354.345 13.988
354.604 14.055
354.863 14.108
355.122 14.186
355.381 14.261
355.640 14.334
355.898 14.407
356.157 14.482
356.416 14.559
356.675 14.638
356.934 14.719
357.193 14.817
357.452 14.917
357.711 14.998
357.970 15.086
358.229 15.173
358.488 15.244
358.747 15.318
359.006 15.396
359.265 15.488
359.524 15.588
359.783 15.677
360.042 15.751
360.301 15.827
360.560 15.911
360.819 15.999
361.078 16.078
361.337 16.165
361.596 16.267
361.855 16.364
362.114 16.454
362.372 16.551
362.631 16.645
362.890 16.729
363.149 16.795
363.408 16.876
363.667 16.961
363.926 17.039
364.185 17.130
364.444 17.221
364.703 17.317
364.962 17.400
365.221 17.492
365.480 17.584
365.745 17.665
366.009 17.756
366.274 17.862
366.539 17.964
366.804 18.061
367.068 18.142
367.333 18.221
367.598 18.310
367.863 18.395
368.127 18.487
368.392 18.594
368.657 18.692
368.921 18.764
369.186 18.836
369.451 18.926
369.716 19.021
369.980 19.113
370.245 19.210
370.510 19.308
370.775 19.416
371.039 19.517
371.304 19.617
371.569 19.712
371.834 19.820
372.098 19.919
372.363 20.020
372.628 20.117
372.892 20.220
373.157 20.314
373.422 20.409
373.687 20.510
373.951 20.616
374.216 20.714
374.481 20.814
374.746 20.918
375.010 21.018
375.275 21.107
375.540 21.194
375.804 21.293
376.069 21.389
376.334 21.489
376.599 21.588
376.863 21.695
377.128 21.808
377.393 21.911
377.658 22.015
377.922 22.125
378.187 22.233
378.452 22.334
378.716 22.436
378.981 22.549
379.246 22.661
379.511 22.775
379.775 22.895
380.040 23.020
380.305 23.128
380.570 23.234
380.834 23.342
381.099 23.456
381.364 23.566
381.629 23.677
381.893 23.797
382.158 23.915
382.423 24.013
382.687 24.117
382.952 24.229
383.217 24.344
383.482 24.462
383.746 24.570
384.011 24.691
384.276 24.810
384.541 24.919
384.805 25.025
385.070 25.148
385.335 25.269
385.599 25.393
385.864 25.514
386.129 25.640
386.394 25.760
386.658 25.872
386.923 25.981
387.188 26.085
387.453 26.196
387.717 26.310
387.982 26.412
388.247 26.526
388.511 26.636
388.776 26.754
389.041 26.873
389.306 26.982
389.570 27.082
389.835 27.192
390.100 27.310
390.365 27.441
390.629 27.557
390.894 27.683
391.159 27.815
391.424 27.949
391.688 28.070
391.953 28.187
392.218 28.323
392.482 28.453
392.747 28.577
393.012 28.699
393.277 28.826
393.541 28.962
393.806 29.083
394.071 29.207
394.336 29.336
394.600 29.465
394.865 29.586
395.130 29.715
395.394 29.849
395.659 29.967
395.924 30.086
396.189 30.208
396.453 30.330
396.718 30.455
396.983 30.580
397.248 30.706
397.512 30.827
397.777 30.949
398.042 31.067
398.306 31.197
398.571 31.328
398.836 31.455
399.101 31.580
399.365 31.707
399.630 31.836
399.895 31.974
400.160 32.107
400.424 32.228
400.689 32.373
400.954 32.524
401.219 32.658
401.483 32.781
401.748 32.899
402.013 33.024
402.277 33.147
402.542 33.275
402.807 33.417
403.072 33.561
403.336 33.701
403.601 33.840
403.866 33.981
404.131 34.116
404.395 34.257
404.660 34.405
404.929 34.535
405.198 34.661
405.466 34.800
405.735 34.942
406.004 35.082
406.273 35.205
406.542 35.314
406.810 35.443
407.079 35.569
407.348 35.688
407.617 35.803
407.886 35.917
408.154 36.042
408.423 36.171
408.692 36.301
408.961 36.421
409.229 36.543
409.498 36.672
409.767 36.789
410.036 36.913
410.305 37.031
410.573 37.151
410.842 37.256
411.111 37.376
411.380 37.496
411.649 37.606
411.917 37.722
412.186 37.838
412.455 37.954
412.724 38.081
412.993 38.203
413.261 38.317
413.530 38.427
413.799 38.539
414.068 38.662
414.337 38.786
414.605 38.903
414.874 39.013
415.143 39.123
415.412 39.234
415.681 39.342
415.949 39.445
416.218 39.564
416.487 39.676
416.756 39.791
417.024 39.888
417.293 39.970
417.562 40.070
417.831 40.179
418.100 40.288
418.368 40.391
418.637 40.485
418.906 40.575
419.175 40.658
419.444 40.742
419.712 40.828
419.981 40.905
420.250 40.980
420.519 41.073
420.788 41.148
421.056 41.208
421.325 41.277
421.594 41.345
421.863 41.415
422.132 41.483
422.400 41.543
422.669 41.614
422.938 41.694
423.207 41.762
423.476 41.830
423.744 41.897
424.013 41.957
424.282 42.016
424.551 42.070
424.819 42.113
425.088 42.162
425.357 42.217
425.626 42.266
425.895 42.321
426.163 42.375
426.432 42.435
426.701 42.490
426.970 42.526
427.239 42.563
427.507 42.592
427.776 42.615
428.045 42.650
428.314 42.686
428.583 42.718
428.851 42.729
429.120 42.743
429.389 42.768
429.658 42.790
429.927 42.807
430.195 42.820
430.464 42.826
430.733 42.827
431.002 42.813
431.271 42.803
431.539 42.794
431.808 42.789
432.077 42.788
432.346 42.779
432.614 42.744
432.883 42.706
433.152 42.669
433.421 42.633
433.690 42.597
433.958 42.545
434.227 42.475
434.496 42.412
434.765 42.342
435.034 42.280
435.302 42.212
435.571 42.134
435.840 42.053
436.116 41.977
436.393 41.909
436.669 41.852
436.945 41.785
437.221 41.713
437.498 41.649
437.774 41.586
438.050 41.521
438.326 41.453
438.603 41.391
438.879 41.325
439.155 41.247
439.431 41.166
439.708 41.090
439.984 41.016
440.260 40.939
440.537 40.869
440.813 40.807
441.089 40.741
441.365 40.672
441.642 40.585
441.918 40.513
442.194 40.447
442.470 40.349
442.747 40.247
443.023 40.134
443.299 40.025
443.575 39.945
443.852 39.865
444.128 39.775
444.404 39.685
444.680 39.594
444.957 39.502
445.233 39.398
445.509 39.301
445.786 39.204
446.062 39.099
446.338 38.992
446.614 38.892
446.891 38.804
447.167 38.707
447.443 38.598
447.719 38.487
447.996 38.384
448.272 38.277
448.548 38.162
448.824 38.035
449.101 37.926
449.377 37.829
449.653 37.729
449.930 37.620
450.206 37.514
450.482 37.419
450.758 37.323
451.035 37.234
451.311 37.140
451.587 37.040
451.863 36.948
452.140 36.864
452.416 36.768
452.692 36.672
452.968 36.574
453.245 36.472
453.521 36.366
453.797 36.255
454.074 36.142
454.350 36.028
454.626 35.911
454.902 35.800
455.179 35.676
455.455 35.547
455.731 35.413
456.007 35.285
456.284 35.156
456.560 35.019
456.836 34.878
457.112 34.732
457.389 34.584
457.665 34.431
457.941 34.271
458.218 34.113
458.494 33.964
458.770 33.800
459.046 33.630
459.323 33.477
459.599 33.333
459.875 33.185
460.151 33.034
460.428 32.873
460.704 32.717
460.980 32.563
461.256 32.406
461.533 32.247
461.809 32.093
462.085 31.937
462.361 31.780
462.638 31.609
462.914 31.446
463.190 31.282
463.467 31.109
463.743 30.931
464.019 30.756
464.295 30.593
464.572 30.439
464.848 30.279
465.124 30.125
465.400 29.974
465.677 29.825
465.953 29.667
466.229 29.508
466.505 29.351
466.782 29.193
467.058 29.032
467.334 28.869
467.611 28.719
467.887 28.573
468.163 28.419
468.439 28.267
468.716 28.108
468.992 27.948
469.268 27.805
469.544 27.666
469.821 27.525
470.097 27.377
470.373 27.222
470.649 27.075
470.926 26.927
471.202 26.773
471.478 26.630
471.755 26.481
472.031 26.345
472.307 26.209
472.583 26.069
472.860 25.932
473.136 25.799
473.412 25.671
473.688 25.544
473.965 25.410
474.241 25.271
474.517 25.139
474.793 25.016
475.070 24.891
475.346 24.764
475.622 24.644
475.899 24.517
476.175 24.389
476.451 24.260
476.727 24.135
477.004 24.013
477.280 23.886
477.556 23.767
477.832 23.655
478.109 23.538
478.385 23.416
478.661 23.291
478.937 23.176
479.214 23.066
479.490 22.970
479.766 22.864
480.043 22.761
480.319 22.661
480.595 22.559
480.871 22.463
481.148 22.366
481.424 22.259
481.700 22.151
481.976 22.052
482.253 21.957
482.529 21.866
482.805 21.775
483.081 21.688
483.358 21.598
483.634 21.515
483.910 21.424
484.186 21.333
484.463 21.234
484.739 21.138
485.015 21.052
485.292 20.976
485.568 20.895
485.844 20.809
486.120 20.729
486.397 20.639
486.673 20.548
486.949 20.467
487.225 20.390
487.502 20.302
487.778 20.227
488.054 20.159
488.330 20.083
488.607 20.003
488.883 19.914
489.159 19.831
489.436 19.758
489.712 19.681
489.988 19.603
490.264 19.525
490.541 19.446
490.817 19.377
491.093 19.315
491.369 19.253
491.646 19.185
491.922 19.119
492.198 19.056
492.474 18.992
492.751 18.939
493.027 18.884
493.303 18.824
493.580 18.762
493.856 18.703
494.132 18.653
494.408 18.593
494.685 18.527
494.961 18.462
495.237 18.405
495.513 18.347
495.790 18.291
496.066 18.243
496.342 18.186
496.618 18.129
496.895 18.076
497.171 18.015
497.447 17.954
497.724 17.892
498.000 17.832
498.276 17.782
498.552 17.737
498.829 17.679
499.105 17.614
499.381 17.546
499.657 17.482
499.934 17.412
500.210 17.352
500.486 17.299
500.762 17.255
501.039 17.202
501.315 17.144
501.591 17.094
501.867 17.048
502.144 16.997
502.420 16.946
502.696 16.896
502.973 16.841
503.249 16.787
503.525 16.734
503.801 16.681
504.078 16.624
504.354 16.568
504.630 16.512
504.906 16.455
505.183 16.402
505.459 16.355
505.735 16.305
506.011 16.249
506.288 16.199
506.564 16.148
506.840 16.095
507.117 16.048
507.393 16.004
507.669 15.957
507.945 15.907
508.222 15.854
508.498 15.802
508.774 15.747
509.050 15.697
509.327 15.647
509.603 15.593
509.879 15.544
510.155 15.493
510.432 15.454
510.708 15.406
510.984 15.348
511.261 15.296
511.537 15.246
511.813 15.197
512.089 15.147
512.366 15.101
512.642 15.049
512.918 14.994
513.194 14.947
513.471 14.897
513.747 14.850
514.023 14.810
514.299 14.770
514.576 14.730
514.852 14.692
515.128 14.655
515.405 14.612
515.681 14.567
515.957 14.531
516.233 14.499
516.510 14.460
516.786 14.427
517.062 14.388
517.338 14.341
517.615 14.293
517.891 14.258
518.167 14.228
518.443 14.185
518.720 14.137
518.996 14.091
519.272 14.047
519.548 14.011
519.825 13.977
520.101 13.949
520.377 13.928
520.654 13.903
520.930 13.872
521.206 13.848
521.482 13.822
521.759 13.795
522.035 13.764
522.311 13.739
522.587 13.716
522.864 13.696
523.140 13.664
523.416 13.635
523.692 13.609
523.969 13.581
524.245 13.552
524.521 13.525
524.798 13.498
525.074 13.467
525.350 13.436
525.626 13.413
525.903 13.386
526.179 13.354
526.455 13.329
526.731 13.304
527.008 13.285
527.284 13.259
527.560 13.232
527.836 13.207
528.113 13.188
528.389 13.177
528.665 13.160
528.942 13.140
529.218 13.131
529.494 13.137
529.770 13.123
530.047 13.097
530.323 13.080
530.599 13.065
530.875 13.049
531.152 13.032
531.428 13.013
531.704 12.997
531.980 12.974
532.257 12.952
532.533 12.941
532.809 12.926
533.086 12.908
533.362 12.893
533.638 12.880
533.914 12.869
534.191 12.859
534.467 12.846
534.743 12.835
535.019 12.824
535.296 12.816
535.572 12.811
535.848 12.808
536.124 12.802
536.401 12.793
536.677 12.784
536.953 12.777
537.230 12.760
537.506 12.744
537.782 12.739
538.058 12.730
538.335 12.715
538.611 12.706
538.887 12.697
539.163 12.681
539.440 12.673
539.716 12.665
539.992 12.660
540.268 12.662
540.545 12.653
540.821 12.636
541.097 12.622
541.373 12.611
541.650 12.610
541.926 12.611
542.202 12.610
542.479 12.604
542.755 12.602
543.031 12.602
543.307 12.602
543.584 12.598
543.860 12.587
544.136 12.576
544.412 12.574
544.689 12.577
544.965 12.572
545.241 12.559
545.517 12.552
545.794 12.551
546.070 12.540
546.356 12.517
546.642 12.508
546.928 12.513
547.214 12.514
547.500 12.507
547.786 12.502
548.072 12.503
548.358 12.508
548.644 12.506
548.930 12.502
549.216 12.509
549.502 12.513
549.788 12.514
550.074 12.519
550.360 12.521
550.646 12.518
550.932 12.513
551.218 12.510
551.504 12.512
551.790 12.516
552.076 12.515
552.362 12.516
552.648 12.509
552.934 12.501
553.220 12.502
553.506 12.505
553.793 12.510
554.079 12.515
554.365 12.517
554.651 12.520
554.937 12.518
555.223 12.527
555.509 12.540
555.795 12.543
556.081 12.543
556.367 12.546
556.653 12.555
556.939 12.556
557.225 12.562
557.511 12.560
557.797 12.566
558.083 12.577
558.369 12.588
558.655 12.600
558.941 12.603
559.227 12.606
559.513 12.610
559.799 12.618
560.085 12.626
560.371 12.636
560.657 12.636
560.943 12.636
561.229 12.649
561.515 12.664
561.801 12.668
562.087 12.671
562.373 12.676
562.659 12.684
562.945 12.694
563.231 12.703
563.517 12.708
563.803 12.711
564.089 12.721
564.375 12.730
564.661 12.743
564.947 12.755
565.233 12.766
565.519 12.777
565.805 12.789
566.091 12.802
566.377 12.815
566.663 12.827
566.949 12.832
567.235 12.843
567.521 12.855
567.807 12.871
568.093 12.890
568.379 12.907
568.665 12.924
568.951 12.943
569.237 12.954
569.524 12.969
569.810 12.981
570.096 13.003
570.382 13.026
570.668 13.047
570.954 13.061
571.240 13.072
571.526 13.083
571.812 13.098
572.098 13.119
572.384 13.144
572.670 13.157
572.956 13.166
573.242 13.182
573.528 13.203
573.814 13.223
574.100 13.232
574.386 13.253
574.672 13.273
574.958 13.292
575.244 13.314
575.530 13.338
575.816 13.363
576.102 13.383
576.388 13.402
576.674 13.427
576.960 13.452
577.248 13.474
577.536 13.497
577.824 13.517
578.113 13.546
578.401 13.578
578.689 13.601
578.977 13.627
579.265 13.655
579.553 13.678
579.841 13.707
580.130 13.738
580.418 13.766
580.706 13.793
580.994 13.824
581.282 13.862
581.570 13.898
581.858 13.926
582.147 13.954
582.435 13.989
582.723 14.023
583.011 14.060
583.299 14.090
583.587 14.120
583.875 14.152
584.164 14.182
584.452 14.221
584.740 14.257
585.028 14.292
585.316 14.325
585.604 14.364
585.892 14.402
586.181 14.431
586.469 14.464
586.757 14.499
587.045 14.534
587.333 14.574
587.621 14.611
587.909 14.638
588.198 14.667
588.486 14.707
588.774 14.744
589.062 14.784
589.350 14.825
589.638 14.862
589.927 14.893
590.215 14.932
590.503 14.978
590.791 15.021
591.079 15.067
591.367 15.117
591.655 15.168
591.944 15.219
592.232 15.263
592.520 15.313
592.808 15.368
593.096 15.419
593.384 15.468
593.672 15.519
593.961 15.575
594.249 15.630
594.537 15.680
594.825 15.730
595.113 15.777
595.401 15.826
595.689 15.876
595.978 15.931
596.266 15.989
596.554 16.041
596.842 16.098
597.130 16.160
597.418 16.229
597.706 16.294
597.995 16.353
598.283 16.414
598.571 16.471
598.859 16.529
599.147 16.590
599.435 16.652
599.723 16.711
600.012 16.774
600.300 16.837
600.588 16.899
600.876 16.965
601.164 17.036
601.452 17.110
601.740 17.180
602.029 17.252
602.317 17.325
602.605 17.397
602.893 17.476
603.181 17.543
603.469 17.615
603.757 17.694
604.046 17.764
604.334 17.836
604.622 17.916
604.910 17.998
605.198 18.081
605.486 18.172
605.774 18.264
606.063 18.347
606.351 18.439
606.639 18.529
606.927 18.620
607.215 18.714
607.503 18.811
607.791 18.908
608.080 19.005
608.368 19.102
608.656 19.195
608.944 19.284
609.232 19.375
609.520 19.468
609.808 19.571
610.097 19.673
610.385 19.769
610.673 19.876
610.961 19.979
611.249 20.083
611.537 20.190
611.825 20.287
612.114 20.386
612.402 20.493
612.690 20.604
612.978 20.715
613.266 20.828
613.554 20.939
613.843 21.054
614.131 21.168
614.419 21.269
614.707 21.375
614.995 21.484
615.283 21.596
615.571 21.727
615.860 21.857
616.148 21.978
616.436 22.099
616.724 22.221
617.012 22.343
617.300 22.467
617.588 22.590
617.877 22.714
618.165 22.839
618.453 22.972
618.741 23.108
619.029 23.236
619.317 23.373
619.605 23.506
619.894 23.639
620.182 23.767
620.470 23.892
620.758 24.030
621.046 24.174
621.334 24.322
621.622 24.483
621.911 24.637
622.199 24.783
622.487 24.923
622.775 25.060
623.063 25.206
623.351 25.346
623.639 25.495
623.928 25.644
624.216 25.793
624.504 25.937
624.792 26.082
625.080 26.236
625.368 26.389
625.656 26.543
625.945 26.695
626.233 26.849
626.521 27.009
626.809 27.170
627.097 27.328
627.385 27.492
627.673 27.651
627.962 27.813
628.250 27.965
628.538 28.120
628.826 28.277
629.114 28.437
629.402 28.601
629.690 28.771
629.979 28.939
630.267 29.101
630.555 29.276
630.843 29.450
631.131 29.619
631.419 29.775
631.707 29.945
631.996 30.134
632.284 30.310
632.572 30.477
632.860 30.646
633.148 30.804
633.436 30.962
633.724 31.144
634.013 31.328
634.301 31.507
634.589 31.692
634.877 31.871
635.165 32.053
635.453 32.237
635.741 32.423
636.030 32.601
636.318 32.773
636.606 32.947
636.894 33.117
637.182 33.295
637.470 33.473
637.759 33.655
638.047 33.841
638.335 34.021
638.623 34.201
638.911 34.377
639.199 34.546
639.487 34.718
639.776 34.891
640.064 35.074
640.352 35.256
640.640 35.445
640.928 35.638
641.216 35.820
641.504 36.000
641.793 36.183
642.081 36.372
642.369 36.552
642.657 36.728
642.945 36.904
643.233 37.086
643.521 37.266
643.810 37.441
644.098 37.618
644.386 37.794
644.674 37.970
644.962 38.142
645.250 38.314
645.538 38.473
645.827 38.633
646.115 38.795
646.403 38.958
646.691 39.111
646.979 39.278
647.267 39.448
647.555 39.607
647.844 39.771
648.132 39.929
648.420 40.080
648.708 40.234
648.996 40.396
649.284 40.557
649.572 40.713
649.861 40.880
650.149 41.045
650.437 41.211
650.725 41.374
651.013 41.539
651.301 41.692
651.589 41.840
651.878 41.990
652.166 42.146
652.454 42.307
652.742 42.461
653.030 42.614
653.318 42.761
653.606 42.912
653.895 43.062
654.183 43.218
654.471 43.378
654.759 43.529
655.047 43.674
655.335 43.828
655.623 43.977
655.912 44.116
656.200 44.253
656.488 44.387
656.776 44.525
657.064 44.666
657.352 44.810
657.640 44.953
657.929 45.098
658.217 45.231
658.505 45.366
658.793 45.494
659.081 45.617
659.369 45.736
659.657 45.862
659.946 45.991
660.234 46.126
660.522 46.265
660.810 46.390
661.098 46.515
661.386 46.644
661.675 46.769
661.963 46.888
662.251 47.005
662.539 47.125
662.827 47.237
663.115 47.366
663.403 47.494
663.692 47.610
663.980 47.734
664.268 47.865
664.556 47.979
664.844 48.090
665.132 48.210
665.420 48.328
665.709 48.436
665.997 48.553
666.285 48.674
666.573 48.786
666.861 48.898
667.149 49.009
667.437 49.105
667.726 49.205
668.014 49.305
668.302 49.394
668.590 49.481
668.878 49.569
669.166 49.661
669.454 49.751
669.743 49.825
670.031 49.898
670.319 49.973
670.607 50.048
670.895 50.131
671.183 50.207
671.471 50.283
671.760 50.352
672.048 50.419
672.336 50.485
672.624 50.557
672.912 50.628
673.200 50.685
673.488 50.752
673.777 50.818
674.065 50.886
674.353 50.936
674.641 50.982
674.929 51.031
675.217 51.075
675.505 51.119
675.794 51.161
676.082 51.204
676.370 51.247
676.658 51.307
676.946 51.363
677.234 51.409
677.522 51.457
677.811 51.500
678.099 51.528
678.387 51.557
678.675 51.593
678.963 51.618
679.251 51.647
679.539 51.677
679.828 51.715
680.116 51.745
680.404 51.777
680.692 51.803
680.980 51.838
681.268 51.874
681.556 51.892
681.845 51.894
682.133 51.904
682.421 51.920
682.709 51.930
682.997 51.939
683.285 51.951
683.573 51.955
683.862 51.951
684.150 51.963
684.438 51.971
684.726 51.970
685.014 51.979
685.302 51.980
685.591 51.985
685.879 51.999
686.167 52.014
686.455 52.032
686.743 52.037
687.031 52.032
687.319 52.036
687.608 52.031
687.896 52.035
688.184 52.042
688.472 52.040
688.760 52.047
689.048 52.050
689.336 52.036
689.625 52.022
689.913 52.011
690.201 52.006
690.489 51.990
690.777 51.981
691.065 51.963
691.353 51.942
691.642 51.927
691.930 51.920
692.218 51.906
692.506 51.887
692.794 51.876
693.082 51.867
693.370 51.848
693.659 51.822
693.947 51.806
694.235 51.787
694.523 51.760
694.811 51.732
695.099 51.717
695.387 51.706
695.676 51.691
695.964 51.673
696.252 51.662
696.540 51.654
696.836 51.637
697.133 51.618
697.429 51.593
697.725 51.568
698.021 51.542
698.318 51.516
698.614 51.479
698.910 51.448
699.207 51.428
699.503 51.411
699.799 51.391
700.095 51.363
700.392 51.338
700.688 51.312
700.984 51.295
701.281 51.278
701.577 51.263
701.873 51.241
702.169 51.213
702.466 51.198
702.762 51.170
703.058 51.136
703.355 51.096
703.651 51.064
703.947 51.022
704.243 50.972
704.540 50.934
704.836 50.906
705.132 50.877
705.428 50.845
705.725 50.798
706.021 50.759
706.317 50.720
706.614 50.662
706.910 50.608
707.206 50.578
707.502 50.549
707.799 50.515
708.095 50.484
708.391 50.458
708.688 50.431
708.984 50.397
709.280 50.372
709.576 50.327
709.873 50.290
710.169 50.272
710.465 50.252
710.762 50.215
711.058 50.181
711.354 50.152
711.650 50.134
711.947 50.113
712.243 50.072
712.539 50.044
712.836 50.022
713.132 49.974
713.428 49.918
713.724 49.885
714.021 49.855
714.317 49.805
714.613 49.746
714.910 49.707
715.206 49.673
715.502 49.624
715.798 49.576
716.095 49.533
716.391 49.486
716.687 49.449
716.984 49.417
717.280 49.396
717.576 49.358
717.872 49.320
718.169 49.285
718.465 49.243
718.761 49.194
719.058 49.140
719.354 49.086
719.650 49.027
719.946 48.966
720.243 48.908
720.539 48.848
720.835 48.793
721.131 48.751
721.428 48.709
721.724 48.668
722.020 48.627
722.317 48.595
722.613 48.554
722.909 48.518
723.205 48.471
723.502 48.426
723.798 48.408
724.094 48.386
724.391 48.351
724.687 48.321
724.983 48.304
725.279 48.284
725.576 48.245
725.872 48.200
726.168 48.141
726.465 48.084
726.761 48.029
727.057 47.994
727.353 47.965
727.650 47.933
727.946 47.898
728.242 47.856
728.539 47.813
728.835 47.773
729.131 47.725
729.427 47.689
729.724 47.639
730.020 47.588
730.316 47.556
730.613 47.508
730.909 47.464
731.205 47.419
731.501 47.376
731.798 47.332
732.094 47.290
732.390 47.240
732.687 47.203
732.983 47.158
733.279 47.118
733.575 47.081
733.872 47.031
734.168 47.000
734.464 46.972
734.761 46.933
735.057 46.898
735.353 46.857
735.649 46.822
735.946 46.793
736.242 46.769
736.538 46.744
736.835 46.723
737.131 46.693
737.427 46.679
737.723 46.654
738.020 46.626
738.316 46.600
738.612 46.573
738.909 46.549
739.205 46.530
739.501 46.495
739.797 46.465
740.094 46.447
740.390 46.411
740.686 46.384
740.982 46.344
741.279 46.308
741.575 46.281
741.871 46.225
742.168 46.160
742.464 46.110
742.760 46.079
743.056 46.037
743.353 45.987
743.649 45.959
743.945 45.931
744.242 45.907
744.538 45.873
744.834 45.842
745.130 45.805
745.427 45.759
745.723 45.730
746.019 45.681
746.316 45.624
746.612 45.582
746.908 45.545
747.204 45.500
747.501 45.438
747.797 45.387
748.093 45.348
748.390 45.304
748.686 45.278
748.982 45.235
749.278 45.204
749.575 45.160
749.871 45.110
750.167 45.067
750.464 45.031
750.760 44.993
751.056 44.952
751.352 44.907
751.649 44.855
751.945 44.825
752.241 44.782
752.538 44.750
752.834 44.722
753.130 44.676
753.426 44.628
753.723 44.587
754.019 44.533
754.315 44.468
754.611 44.426
754.908 44.403
755.204 44.383
755.500 44.332
755.797 44.301
756.093 44.268
756.389 44.239
756.685 44.210
756.982 44.176
757.278 44.139
757.574 44.108
757.871 44.065
758.167 44.022
758.463 44.001
758.759 43.968
759.056 43.926
759.352 43.893
759.648 43.854
759.945 43.826
760.241 43.800
760.537 43.786
760.833 43.767
761.130 43.733
761.426 43.696
761.722 43.671
762.019 43.646
762.315 43.611
762.611 43.585
762.907 43.566
763.204 43.546
763.500 43.509
763.804 43.463
764.108 43.452
764.412 43.450
764.716 43.440
765.020 43.430
765.324 43.430
765.628 43.418
765.932 43.405
766.236 43.377
766.540 43.350
766.844 43.325
767.148 43.303
767.452 43.273
767.756 43.238
768.060 43.203
768.364 43.164
768.668 43.157
768.972 43.149
769.276 43.126
769.580 43.107
769.884 43.115
770.188 43.109
770.492 43.083
770.796 43.042
771.100 43.011
771.404 42.989
771.708 42.958
772.012 42.915
772.316 42.889
772.620 42.875
772.924 42.847
773.228 42.791
773.532 42.744
773.836 42.734
774.140 42.715
774.444 42.704
774.748 42.672
775.052 42.635
775.356 42.614
775.659 42.585
775.963 42.567
776.267 42.538
776.571 42.505
776.875 42.480
777.179 42.471
777.483 42.474
777.787 42.462
778.091 42.437
778.395 42.419
778.699 42.412
779.003 42.381
779.307 42.337
779.611 42.293
779.915 42.264
780.219 42.227
780.523 42.182
780.827 42.157
781.131 42.141
781.435 42.131
781.739 42.120
782.043 42.124
782.347 42.133
782.651 42.108
782.955 42.092
783.259 42.066
783.563 42.034
783.867 42.004
784.171 41.985
784.475 41.952
784.779 41.926
785.083 41.885
785.387 41.837
785.691 41.804
785.995 41.794
786.299 41.789
786.603 41.769
786.907 41.750
787.211 41.732
787.515 41.715
787.819 41.696
788.123 41.667
788.427 41.621
788.731 41.577
789.035 41.566
789.339 41.556
789.643 41.533
789.947 41.511
790.251 41.502
790.555 41.521
790.859 41.528
791.163 41.538
791.467 41.540
791.771 41.532
792.075 41.523
792.379 41.505
792.683 41.475
792.987 41.452
793.291 41.432
793.595 41.420
793.899 41.425
794.203 41.419
794.507 41.403
794.811 41.397
795.115 41.380
795.419 41.345
795.723 41.284
796.027 41.232
796.331 41.212
796.635 41.224
796.939 41.226
797.243 41.211
797.547 41.192
797.851 41.193
798.155 41.200
798.459 41.183
798.763 41.167
799.067 41.171
799.371 41.157
799.674 41.146
799.978 41.136
800.282 41.124
800.586 41.075
800.890 41.026
801.194 41.001
801.498 40.978
801.802 40.959
802.106 40.946
802.410 40.942
802.714 40.934
803.018 40.938
803.322 40.924
803.626 40.925
803.930 40.937
804.234 40.913
804.538 40.882
804.842 40.894
805.146 40.914
805.450 40.927
805.754 40.921
806.058 40.897
806.362 40.890
806.666 40.873
806.970 40.881
807.274 40.882
807.578 40.872
807.882 40.853
808.186 40.847
808.490 40.838
808.794 40.845
809.098 40.835
809.402 40.815
809.706 40.786
810.010 40.751
810.314 40.750
810.618 40.725
810.922 40.687
811.226 40.684
811.530 40.671
811.834 40.660
812.137 40.651
812.441 40.617
812.744 40.597
813.048 40.583
813.351 40.582
813.655 40.563
813.958 40.520
814.262 40.529
814.565 40.533
814.869 40.516
815.172 40.487
815.476 40.457
815.779 40.438
816.083 40.445
816.386 40.422
816.690 40.410
816.993 40.399
817.297 40.392
817.600 40.400
817.904 40.391
818.208 40.366
818.511 40.322
818.815 40.262
819.118 40.247
819.422 40.248
819.725 40.247
820.029 40.228
820.332 40.220
820.636 40.240
820.939 40.254
821.243 40.241
821.546 40.230
821.850 40.253
822.153 40.282
822.457 40.284
822.760 40.285
823.064 40.287
823.367 40.271
823.671 40.244
823.974 40.204
824.278 40.170
824.582 40.172
824.885 40.172
825.189 40.165
825.492 40.161
825.796 40.161
826.099 40.144
826.403 40.135
826.706 40.127
827.010 40.128
827.313 40.101
827.617 40.079
827.920 40.064
828.224 40.034
828.527 40.003
828.831 39.984
829.134 39.997
829.438 40.013
829.741 40.009
830.045 39.995
830.348 39.946
830.652 39.919
830.956 39.923
831.259 39.942
831.563 39.950
831.866 39.943
832.170 39.958
832.473 39.992
832.777 39.992
833.080 39.978
833.384 39.979
833.687 39.974
833.991 39.971
834.294 39.946
834.598 39.919
834.901 39.926
835.205 39.930
835.508 39.933
835.812 39.939
836.115 39.938
836.419 39.952
836.722 39.939
837.026 39.942
837.330 39.958
837.633 39.970
837.937 39.970
838.240 39.955
838.544 39.952
838.847 39.953
839.151 39.947
839.454 39.927
839.758 39.907
840.061 39.915
840.365 39.926
840.668 39.911
840.972 39.905
841.275 39.913
841.579 39.926
841.882 39.932
842.186 39.945
842.489 39.943
842.793 39.974
843.097 39.995
843.400 40.004
843.704 40.010
844.007 39.999
844.311 40.006
844.614 40.008
844.918 40.030
845.221 40.051
845.525 40.052
845.828 40.041
846.132 40.034
846.435 40.061
846.739 40.085
847.042 40.122
847.346 40.146
847.649 40.154
847.953 40.134
848.256 40.136
848.560 40.165
848.863 40.224
849.167 40.265
849.471 40.265
849.774 40.237
850.078 40.240
850.381 40.244
850.685 40.278
850.988 40.330
851.292 40.330
851.595 40.341
851.899 40.342
852.202 40.340
852.506 40.364
852.809 40.404
853.113 40.406
853.416 40.372
853.720 40.343
854.023 40.347
854.327 40.325
854.630 40.294
854.934 40.255
855.237 40.234
855.541 40.213
855.845 40.221
856.148 40.210
856.452 40.178
856.755 40.153
857.059 40.136
857.362 40.136
857.666 40.117
857.969 40.105
858.273 40.106
858.576 40.091
858.880 40.061
859.183 40.010
859.487 39.979
859.790 39.960
860.094 39.942
860.397 39.922
860.701 39.911
861.004 39.922
861.308 39.874
861.611 39.834
861.915 39.813
862.219 39.813
862.522 39.793
862.826 39.732
863.129 39.710
863.433 39.685
863.736 39.636
864.040 39.622
864.343 39.619
864.647 39.613
864.950 39.602
865.254 39.594
865.557 39.551
865.861 39.528
866.164 39.520
866.468 39.524
866.771 39.497
867.075 39.479
867.378 39.435
867.682 39.383
867.985 39.373
868.289 39.381
868.593 39.333
868.896 39.290
869.200 39.245
869.503 39.187
869.807 39.191
870.110 39.192
870.414 39.205
870.717 39.211
871.021 39.184
871.324 39.149
871.628 39.144
871.931 39.157
872.235 39.137
872.538 39.089
872.842 39.066
873.145 39.040
873.449 39.062
873.752 39.110
874.056 39.132
874.359 39.098
874.663 39.103
874.967 39.134
875.270 39.169
875.574 39.172
875.877 39.113
876.181 39.063
876.484 39.027
876.788 39.028
877.091 39.013
877.395 38.981
877.698 38.963
878.002 38.948
878.305 38.944
878.609 38.920
878.912 38.904
879.216 38.891
879.519 38.853
879.823 38.824
880.126 38.803
880.430 38.810
880.733 38.812
881.037 38.797
881.341 38.809
881.644 38.816
881.948 38.815
882.251 38.848
882.555 38.864
882.858 38.881
883.162 38.885
883.465 38.868
883.769 38.869
884.072 38.892
884.376 38.907
884.679 38.933
884.983 38.932
885.286 38.954
885.590 38.970
885.893 39.006
886.197 39.034
886.500 39.027
886.804 39.002
887.107 39.025
887.411 39.069
887.715 39.096
888.018 39.117
888.322 39.118
888.625 39.137
888.929 39.122
889.232 39.099
889.536 39.079
889.839 39.069
890.143 39.065
890.446 39.070
890.750 39.063
891.053 39.086
891.357 39.113
891.660 39.156
891.964 39.160
892.267 39.140
892.571 39.144
892.874 39.200
893.178 39.234
893.482 39.246
893.785 39.253
894.089 39.278
894.392 39.360
894.696 39.424
894.999 39.443
895.303 39.457
895.606 39.461
895.910 39.482
896.213 39.541
896.517 39.576
896.820 39.596
897.124 39.614
897.427 39.631
897.731 39.641
898.034 39.703
898.338 39.759
898.641 39.774
898.945 39.791
899.248 39.807
899.552 39.868
899.856 39.898
900.159 39.904
900.463 39.936
900.766 39.933
901.070 39.927
901.373 39.922
901.677 39.953
901.980 39.982
902.284 39.989
902.587 39.985
902.891 39.933
903.194 39.853
903.498 39.820
903.801 39.801
904.105 39.789
904.408 39.800
904.712 39.798
905.015 39.789
905.319 39.808
905.622 39.810
905.926 39.780
906.230 39.750
906.533 39.742
906.837 39.742
907.140 39.760
907.444 39.745
907.747 39.719
908.051 39.736
908.354 39.763
908.658 39.795
908.961 39.812
909.265 39.822
909.568 39.835
909.872 39.863
910.175 39.866
910.479 39.858
910.782 39.840
911.086 39.812
911.389 39.777
911.693 39.768
911.996 39.781
912.300 39.800
912.613 39.794
912.926 39.759
913.238 39.758
913.551 39.794
913.864 39.800
914.176 39.828
914.489 39.845
914.802 39.839
915.115 39.876
915.427 39.889
915.740 39.916
916.053 39.944
916.366 39.929
916.678 39.916
916.991 39.914
917.304 39.953
917.617 39.947
917.929 39.945
918.242 39.941
918.555 39.965
918.868 39.996
919.180 40.015
919.493 40.037
919.806 40.020
920.119 40.011
920.431 39.970
920.744 39.920
921.057 39.926
921.370 39.993
921.682 40.070
921.995 40.103
922.308 40.134
922.621 40.185
922.933 40.259
923.246 40.283
923.559 40.264
923.872 40.280
924.184 40.301
924.497 40.323
924.810 40.383
925.123 40.449
925.435 40.499
925.748 40.568
926.061 40.612
926.374 40.645
926.686 40.749
926.999 40.840
927.312 40.935
927.625 40.993
927.937 40.985
928.250 41.053
928.563 41.150
928.876 41.225
929.188 41.267
929.501 41.358
929.814 41.475
930.127 41.512
930.439 41.570
930.752 41.582
931.065 41.554
931.378 41.565
931.690 41.609
932.003 41.649
932.316 41.694
932.629 41.716
932.941 41.767
933.254 41.844
933.567 41.857
933.880 41.910
934.192 42.014
934.505 42.106
934.818 42.207
935.131 42.347
935.443 42.494
935.756 42.553
936.069 42.648
936.382 42.740
936.694 42.868
937.007 42.973
937.320 43.024
937.633 43.067
937.945 43.152
938.258 43.171
938.571 43.193
938.884 43.340
939.196 43.476
939.509 43.563
939.822 43.651
940.135 43.684
940.447 43.690
940.760 43.735
941.073 43.783
941.386 43.835
941.698 43.858
942.011 43.883
942.324 43.972
942.637 44.047
942.949 44.089
943.262 44.188
943.575 44.287
943.888 44.345
944.200 44.360
944.513 44.357
944.826 44.383
945.139 44.371
945.451 44.378
945.764 44.358
946.077 44.329
946.390 44.323
946.702 44.339
947.015 44.350
947.328 44.345
947.641 44.309
947.953 44.275
948.266 44.247
948.579 44.201
948.892 44.159
949.204 44.199
949.517 44.219
949.830 44.261
950.143 44.367
950.455 44.444
950.768 44.481
951.081 44.519
951.394 44.508
951.706 44.512
952.019 44.498
952.332 44.494
952.645 44.530
952.957 44.506
953.270 44.502
953.583 44.520
953.896 44.497
954.208 44.422
954.521 44.355
954.834 44.378
955.147 44.338
955.459 44.269
955.772 44.210
956.085 44.184
956.398 44.194
956.710 44.216
957.023 44.210
957.336 44.255
957.649 44.258
957.961 44.232
958.274 44.251
958.587 44.188
958.900 44.130
959.212 44.095
959.525 43.983
959.838 43.935
960.151 43.958
960.463 43.930
960.776 43.944
961.089 43.946
961.402 43.889
961.714 43.873
962.027 43.850
962.340 43.840
962.653 43.837
962.965 43.796
963.278 43.787
963.591 43.745
963.904 43.721
964.216 43.722
964.529 43.736
964.842 43.756
965.154 43.816
965.467 43.803
965.780 43.726
966.094 43.737
966.409 43.812
966.723 43.816
967.037 43.782
967.352 43.808
967.666 43.854
967.980 43.927
968.295 44.010
968.609 44.023
968.923 43.991
969.238 43.955
969.552 43.913
969.866 43.966
970.181 44.003
970.495 44.039
970.809 44.086
971.124 44.105
971.438 44.046
971.752 44.121
972.067 44.191
972.381 44.107
972.695 44.013
973.010 43.985
973.324 44.021
973.638 44.096
973.953 44.133
974.267 44.207
974.581 44.260
974.896 44.217
975.210 44.184
975.524 44.092
975.839 44.035
976.153 44.124
976.467 44.178
976.781 44.255
977.096 44.264
977.410 44.174
977.724 44.294
978.039 44.388
978.353 44.496
978.667 44.723
978.982 44.847
979.296 44.911
979.610 45.036
979.925 45.028
980.239 44.988
980.553 44.974
980.868 45.039
981.182 45.052
981.496 44.981
981.811 44.862
982.125 44.898
982.439 44.982
982.754 45.090
983.068 45.120
983.382 45.180
983.697 45.248
984.011 45.277
984.325 45.217
984.640 45.214
984.954 45.295
985.268 45.337
985.583 45.322
985.897 45.416
986.211 45.578
986.526 45.603
986.840 45.608
987.154 45.623
987.469 45.559
987.783 45.548
988.097 45.649
988.412 45.640
988.726 45.592
989.040 45.496
989.355 45.429
989.669 45.421
989.983 45.418
990.298 45.436
990.612 45.591
990.926 45.636
991.241 45.725
991.555 45.885
991.869 45.972
992.184 45.953
992.498 45.953
992.812 45.939
993.127 45.958
993.441 45.919
993.755 45.906
994.070 45.972
994.384 46.044
994.698 46.143
995.013 46.251
995.327 46.251
995.641 46.198
995.956 46.193
996.270 46.134
996.584 46.131
996.899 46.157
997.213 46.232
997.527 46.161
997.841 46.026
998.156 46.023
998.470 45.986
998.784 45.886
999.099 45.998
999.413 46.051
999.727 46.140
