200.182 82.620
200.437 82.019
200.691 81.512
200.946 80.941
201.201 80.383
201.455 80.013
201.710 79.498
201.964 78.880
202.219 78.363
202.474 77.673
202.728 76.948
202.983 76.321
203.237 75.654
203.492 74.992
203.747 74.178
204.001 73.519
204.256 72.788
204.510 71.732
204.765 70.680
205.020 70.122
205.274 69.432
205.529 68.637
205.783 67.746
206.038 66.745
206.293 65.731
206.547 64.748
206.802 63.878
207.057 63.111
207.311 62.280
207.566 61.375
207.820 60.459
208.075 59.598
208.330 58.635
208.584 57.568
208.839 56.674
209.093 55.890
209.348 54.990
209.603 54.220
209.857 53.457
210.112 52.608
210.366 51.729
210.621 50.899
210.876 50.115
211.130 49.389
211.385 48.474
211.639 47.731
211.894 46.996
212.149 46.358
212.403 45.568
212.658 44.721
212.913 43.919
213.167 43.106
213.422 42.417
213.676 41.780
213.931 41.120
214.186 40.367
214.440 39.622
214.695 38.842
214.949 38.278
215.204 37.653
215.459 36.973
215.713 36.241
215.968 35.596
216.222 34.976
216.477 34.480
216.732 33.928
216.986 33.217
217.241 32.510
217.495 31.850
217.750 31.228
218.005 30.660
218.259 30.096
218.514 29.468
218.769 28.803
219.023 28.223
219.278 27.741
219.532 27.131
219.787 26.524
220.042 26.075
220.296 25.649
220.551 25.090
220.805 24.625
221.060 24.195
221.315 23.715
221.569 23.191
221.824 22.740
222.078 22.327
222.333 21.807
222.588 21.336
222.842 20.912
223.097 20.553
223.351 20.188
223.606 19.682
223.861 19.178
224.115 18.728
224.370 18.273
224.625 17.776
224.879 17.303
225.134 16.825
225.388 16.428
225.643 16.070
225.898 15.733
226.152 15.420
226.407 15.063
226.661 14.591
226.916 14.163
227.171 13.753
227.425 13.357
227.680 12.970
227.934 12.665
228.189 12.350
228.444 12.068
228.698 11.747
228.953 11.406
229.208 11.127
229.462 10.829
229.717 10.569
229.971 10.322
230.226 10.102
230.481 9.845
230.735 9.625
230.990 9.423
231.244 9.231
231.499 9.024
231.754 8.812
232.008 8.632
232.263 8.482
232.517 8.286
232.772 8.130
233.027 7.957
233.281 7.762
233.536 7.586
233.790 7.370
234.045 7.192
234.300 7.046
234.554 6.895
234.809 6.732
235.064 6.602
235.318 6.497
235.573 6.389
235.827 6.282
236.082 6.176
236.337 6.080
236.591 5.983
236.846 5.887
237.100 5.784
237.355 5.718
237.610 5.650
237.864 5.560
238.119 5.502
238.373 5.428
238.628 5.350
238.883 5.293
239.137 5.236
239.392 5.174
239.646 5.123
239.901 5.079
240.156 5.025
240.410 4.988
240.665 4.941
240.920 4.885
241.174 4.844
241.429 4.808
241.683 4.767
241.938 4.722
242.193 4.687
242.447 4.655
242.702 4.625
242.956 4.602
243.211 4.578
243.466 4.562
243.720 4.554
243.975 4.542
244.229 4.524
244.484 4.491
244.739 4.469
244.993 4.462
245.248 4.446
245.503 4.434
245.757 4.426
246.012 4.413
246.266 4.397
246.521 4.384
246.776 4.380
247.030 4.361
247.285 4.339
247.539 4.323
247.794 4.314
248.049 4.303
248.303 4.293
248.558 4.296
248.812 4.284
249.067 4.247
249.322 4.229
249.576 4.222
249.831 4.215
250.085 4.203
250.340 4.199
250.595 4.197
250.849 4.201
251.104 4.200
251.359 4.197
251.613 4.195
251.868 4.189
252.122 4.175
252.377 4.172
252.632 4.179
252.886 4.171
253.141 4.154
253.395 4.146
253.650 4.142
253.905 4.135
254.161 4.129
254.416 4.121
254.672 4.123
254.927 4.132
255.183 4.131
255.438 4.126
255.694 4.134
255.949 4.142
256.205 4.143
256.460 4.146
256.715 4.143
256.971 4.149
257.226 4.152
257.482 4.156
257.737 4.160
257.993 4.156
258.248 4.155
258.504 4.148
258.759 4.137
259.014 4.131
259.270 4.124
259.525 4.111
259.781 4.107
260.036 4.130
260.292 4.143
260.547 4.138
260.803 4.141
261.058 4.148
261.314 4.148
261.569 4.150
261.824 4.151
262.080 4.156
262.335 4.159
262.591 4.172
262.846 4.185
263.102 4.189
263.357 4.183
263.613 4.185
263.868 4.187
264.123 4.187
264.379 4.184
264.634 4.190
264.890 4.194
265.145 4.206
265.401 4.206
265.656 4.204
265.912 4.194
266.167 4.181
266.423 4.172
266.678 4.172
266.933 4.171
267.189 4.164
267.444 4.154
267.700 4.154
267.955 4.147
268.211 4.132
268.466 4.131
268.722 4.139
268.977 4.143
269.232 4.142
269.488 4.134
269.743 4.128
269.999 4.129
270.254 4.129
270.510 4.124
270.765 4.121
271.021 4.119
271.276 4.121
271.532 4.119
271.787 4.111
272.042 4.103
272.298 4.094
272.553 4.083
272.809 4.081
273.064 4.083
273.320 4.086
273.575 4.093
273.831 4.094
274.086 4.098
274.342 4.099
274.597 4.091
274.852 4.090
275.108 4.097
275.363 4.098
275.619 4.078
275.874 4.058
276.130 4.055
276.385 4.057
276.641 4.057
276.896 4.047
277.151 4.038
277.407 4.034
277.662 4.020
277.918 4.007
278.173 3.999
278.429 3.985
278.684 3.980
278.940 3.982
279.195 3.975
279.451 3.972
279.706 3.964
279.961 3.960
280.217 3.956
280.472 3.950
280.728 3.939
280.983 3.936
281.239 3.936
281.494 3.939
281.750 3.944
282.005 3.938
282.260 3.932
282.516 3.919
282.771 3.911
283.027 3.911
283.282 3.908
283.538 3.899
283.793 3.890
284.049 3.882
284.304 3.869
284.560 3.857
284.815 3.850
285.070 3.848
285.326 3.853
285.581 3.851
285.837 3.836
286.092 3.826
286.348 3.824
286.603 3.823
286.859 3.812
287.114 3.807
287.369 3.808
287.625 3.810
287.880 3.811
288.136 3.813
288.391 3.809
288.647 3.805
288.902 3.792
289.158 3.778
289.413 3.774
289.669 3.773
289.924 3.772
290.179 3.779
290.435 3.783
290.690 3.778
290.946 3.770
291.201 3.772
291.457 3.776
291.712 3.774
291.968 3.769
292.223 3.759
292.479 3.758
292.734 3.755
292.989 3.756
293.245 3.760
293.500 3.764
293.756 3.762
294.011 3.765
294.267 3.763
294.522 3.756
294.778 3.759
295.033 3.758
295.288 3.757
295.544 3.758
295.799 3.754
296.055 3.754
296.310 3.755
296.566 3.754
296.821 3.759
297.077 3.761
297.332 3.758
297.588 3.751
297.843 3.748
298.098 3.751
298.354 3.753
298.609 3.753
298.865 3.753
299.120 3.754
299.376 3.754
299.631 3.748
299.887 3.746
300.142 3.747
300.397 3.747
300.653 3.747
300.908 3.741
301.164 3.741
301.419 3.748
301.675 3.745
301.930 3.738
302.186 3.737
302.441 3.741
302.697 3.736
302.952 3.732
303.207 3.729
303.463 3.729
303.718 3.723
303.974 3.723
304.229 3.729
304.485 3.732
304.740 3.733
304.996 3.736
305.251 3.734
305.506 3.731
305.762 3.724
306.017 3.717
306.273 3.721
306.528 3.724
306.784 3.731
307.039 3.737
307.295 3.734
307.550 3.735
307.806 3.742
308.061 3.744
308.316 3.741
308.572 3.733
308.827 3.727
309.083 3.724
309.338 3.717
309.594 3.709
309.849 3.716
310.105 3.719
310.360 3.719
310.615 3.717
310.871 3.711
311.126 3.704
311.382 3.709
311.637 3.711
311.893 3.707
312.148 3.706
312.404 3.697
312.659 3.688
312.915 3.685
313.170 3.689
313.429 3.689
313.688 3.692
313.947 3.694
314.206 3.693
314.465 3.694
314.724 3.695
314.983 3.693
315.242 3.691
315.501 3.690
315.760 3.691
316.019 3.695
316.278 3.700
316.536 3.701
316.795 3.699
317.054 3.699
317.313 3.702
317.572 3.709
317.831 3.722
318.090 3.727
318.349 3.723
318.608 3.721
318.867 3.716
319.126 3.714
319.385 3.722
319.644 3.730
319.903 3.727
320.162 3.725
320.421 3.726
320.680 3.722
320.939 3.725
321.198 3.722
321.457 3.718
321.716 3.714
321.975 3.707
322.234 3.702
322.493 3.701
322.752 3.700
323.010 3.697
323.269 3.686
323.528 3.674
323.787 3.670
324.046 3.676
324.305 3.690
324.564 3.701
324.823 3.701
325.082 3.705
325.341 3.711
325.600 3.714
325.859 3.716
326.118 3.724
326.377 3.729
326.636 3.729
326.895 3.735
327.154 3.734
327.413 3.729
327.672 3.725
327.931 3.726
328.190 3.729
328.449 3.734
328.708 3.740
328.967 3.744
329.226 3.752
329.485 3.757
329.743 3.758
330.002 3.756
330.261 3.753
330.520 3.754
330.779 3.755
331.038 3.765
331.297 3.775
331.556 3.780
331.815 3.783
332.074 3.776
332.333 3.778
332.592 3.791
332.851 3.799
333.110 3.804
333.369 3.797
333.628 3.783
333.887 3.770
334.146 3.773
334.405 3.775
334.664 3.782
334.923 3.801
335.182 3.809
335.441 3.801
335.700 3.799
335.959 3.806
336.217 3.815
336.476 3.827
336.735 3.833
336.994 3.844
337.253 3.871
337.512 3.892
337.771 3.900
338.030 3.904
338.289 3.909
338.548 3.920
338.807 3.936
339.066 3.956
339.325 3.960
339.584 3.971
339.843 3.985
340.102 3.991
340.361 3.994
340.620 4.005
340.879 4.014
341.138 4.018
341.397 4.011
341.656 4.012
341.915 4.017
342.174 4.016
342.433 4.032
342.691 4.051
342.950 4.061
343.209 4.071
343.468 4.083
343.727 4.090
343.986 4.105
344.245 4.118
344.504 4.128
344.763 4.140
345.022 4.144
345.281 4.145
345.540 4.148
345.799 4.153
346.058 4.162
346.317 4.172
346.576 4.179
346.835 4.186
347.094 4.199
347.353 4.216
347.612 4.221
347.871 4.238
348.130 4.246
348.389 4.241
348.648 4.234
348.907 4.235
349.166 4.257
349.424 4.274
349.683 4.293
349.942 4.315
350.201 4.332
350.460 4.340
350.719 4.335
350.978 4.330
351.237 4.349
351.496 4.367
351.755 4.372
352.014 4.378
352.273 4.378
352.532 4.371
352.791 4.368
353.050 4.376
353.309 4.387
353.568 4.387
353.827 4.396
354.086 4.402
354.345 4.390
354.604 4.387
354.863 4.379
355.122 4.392
355.381 4.400
355.640 4.394
355.898 4.390
356.157 4.387
356.416 4.394
356.675 4.412
356.934 4.425
357.193 4.452
357.452 4.480
357.711 4.482
357.970 4.499
358.229 4.511
358.488 4.510
358.747 4.509
359.006 4.512
359.265 4.537
359.524 4.567
359.783 4.586
360.042 4.595
360.301 4.596
360.560 4.606
360.819 4.615
361.078 4.623
361.337 4.637
361.596 4.657
361.855 4.676
362.114 4.691
362.372 4.716
362.631 4.734
362.890 4.740
363.149 4.737
363.408 4.745
363.667 4.755
363.926 4.770
364.185 4.786
364.444 4.796
364.703 4.807
364.962 4.802
365.221 4.806
365.480 4.819
365.745 4.814
366.009 4.822
366.274 4.846
366.539 4.857
366.804 4.866
367.068 4.874
367.333 4.875
367.598 4.878
367.863 4.883
368.127 4.887
368.392 4.902
368.657 4.919
368.921 4.909
369.186 4.900
369.451 4.909
369.716 4.918
369.980 4.924
370.245 4.942
370.510 4.953
370.775 4.964
371.039 4.976
371.304 4.981
371.569 4.977
371.834 4.983
372.098 4.996
372.363 5.009
372.628 5.011
372.892 5.015
373.157 5.005
373.422 4.993
373.687 4.998
373.951 5.000
374.216 4.996
374.481 4.998
374.746 5.008
375.010 5.018
375.275 5.008
375.540 4.995
375.804 4.984
376.069 4.983
376.334 4.993
376.599 4.991
376.863 4.993
377.128 4.996
377.393 4.996
377.658 4.995
377.922 4.992
378.187 4.995
378.452 4.992
378.716 4.986
378.981 4.980
379.246 4.977
379.511 4.983
379.775 4.993
380.040 4.995
380.305 4.989
380.570 4.996
380.834 5.004
381.099 5.023
381.364 5.035
381.629 5.032
381.893 5.038
382.158 5.044
382.423 5.031
382.687 5.028
382.952 5.030
383.217 5.029
383.482 5.030
383.746 5.031
384.011 5.035
384.276 5.044
384.541 5.041
384.805 5.030
385.070 5.028
385.335 5.035
385.599 5.050
385.864 5.054
386.129 5.061
386.394 5.065
386.658 5.065
386.923 5.065
387.188 5.047
387.453 5.036
387.717 5.044
387.982 5.049
388.247 5.048
388.511 5.031
388.776 5.020
389.041 5.018
389.306 5.018
389.570 5.012
389.835 5.005
390.100 5.006
390.365 5.017
390.629 5.022
390.894 5.021
391.159 5.017
391.424 5.019
391.688 5.009
391.953 5.001
392.218 5.004
392.482 5.012
392.747 5.024
393.012 5.025
393.277 5.037
393.541 5.052
393.806 5.056
394.071 5.060
394.336 5.053
394.600 5.050
394.865 5.051
395.130 5.051
395.394 5.057
395.659 5.058
395.924 5.049
396.189 5.048
396.453 5.047
396.718 5.045
396.983 5.036
397.248 5.031
397.512 5.028
397.777 5.025
398.042 5.009
398.306 4.996
398.571 4.993
398.836 4.992
399.101 4.992
399.365 4.995
399.630 5.011
399.895 5.023
400.160 5.013
400.424 5.000
400.689 5.002
400.954 5.015
401.219 5.026
401.483 5.027
401.748 5.017
402.013 5.016
402.277 5.008
402.542 5.006
402.807 5.010
403.072 5.021
403.336 5.034
403.601 5.041
403.866 5.048
404.131 5.053
404.395 5.060
404.660 5.076
404.929 5.074
405.198 5.071
405.466 5.072
405.735 5.081
406.004 5.099
406.273 5.105
406.542 5.095
406.810 5.086
407.079 5.087
407.348 5.101
407.617 5.105
407.886 5.111
408.154 5.117
408.423 5.117
408.692 5.115
408.961 5.110
409.229 5.112
409.498 5.118
409.767 5.116
410.036 5.110
410.305 5.107
410.573 5.116
410.842 5.116
411.111 5.117
411.380 5.122
411.649 5.116
411.917 5.105
412.186 5.104
412.455 5.100
412.724 5.102
412.993 5.105
413.261 5.111
413.530 5.106
413.799 5.106
414.068 5.116
414.337 5.128
414.605 5.138
414.874 5.143
415.143 5.142
415.412 5.139
415.681 5.128
415.949 5.109
416.218 5.107
416.487 5.119
416.756 5.130
417.024 5.137
417.293 5.128
417.562 5.122
417.831 5.121
418.100 5.126
418.368 5.131
418.637 5.133
418.906 5.129
419.175 5.137
419.444 5.140
419.712 5.143
419.981 5.145
420.250 5.145
420.519 5.143
420.788 5.133
421.056 5.123
421.325 5.125
421.594 5.121
421.863 5.110
422.132 5.104
422.400 5.092
422.669 5.079
422.938 5.074
423.207 5.071
423.476 5.065
423.744 5.056
424.013 5.062
424.282 5.065
424.551 5.065
424.819 5.059
425.088 5.046
425.357 5.037
425.626 5.031
425.895 5.024
426.163 5.015
426.432 5.018
426.701 5.018
426.970 5.003
427.239 4.991
427.507 4.979
427.776 4.971
428.045 4.974
428.314 4.979
428.583 4.982
428.851 4.982
429.120 4.978
429.389 4.975
429.658 4.974
429.927 4.975
430.195 4.968
430.464 4.960
430.733 4.961
431.002 4.961
431.271 4.960
431.539 4.958
431.808 4.955
432.077 4.964
432.346 4.972
432.614 4.969
432.883 4.957
433.152 4.957
433.421 4.962
433.690 4.961
433.958 4.966
434.227 4.967
434.496 4.960
434.765 4.951
435.034 4.951
435.302 4.949
435.571 4.935
435.840 4.916
436.116 4.903
436.393 4.905
436.669 4.909
436.945 4.910
437.221 4.916
437.498 4.923
437.774 4.931
438.050 4.945
438.326 4.954
438.603 4.955
438.879 4.960
439.155 4.966
439.431 4.972
439.708 4.978
439.984 4.981
440.260 4.983
440.537 4.974
440.813 4.968
441.089 4.970
441.365 4.975
441.642 4.975
441.918 4.980
442.194 4.985
442.470 4.972
442.747 4.961
443.023 4.953
443.299 4.953
443.575 4.965
443.852 4.975
444.128 4.982
444.404 4.994
444.680 4.996
444.957 4.995
445.233 4.996
445.509 5.002
445.786 5.008
446.062 5.004
446.338 5.001
446.614 4.995
446.891 4.993
447.167 4.990
447.443 4.999
447.719 5.000
447.996 4.995
448.272 4.994
448.548 4.996
448.824 4.989
449.101 4.986
449.377 4.994
449.653 5.006
449.930 5.009
450.206 5.004
450.482 5.013
450.758 5.012
451.035 5.009
451.311 5.012
451.587 5.012
451.863 5.011
452.140 5.019
452.416 5.024
452.692 5.037
452.968 5.047
453.245 5.049
453.521 5.053
453.797 5.060
454.074 5.059
454.350 5.055
454.626 5.056
454.902 5.062
455.179 5.072
455.455 5.075
455.731 5.072
456.007 5.067
456.284 5.062
456.560 5.060
456.836 5.060
457.112 5.061
457.389 5.063
457.665 5.070
457.941 5.068
458.218 5.065
458.494 5.066
458.770 5.062
459.046 5.062
459.323 5.070
459.599 5.076
459.875 5.084
460.151 5.093
460.428 5.103
460.704 5.111
460.980 5.115
461.256 5.118
461.533 5.128
461.809 5.133
462.085 5.132
462.361 5.126
462.638 5.128
462.914 5.144
463.190 5.149
463.467 5.158
463.743 5.165
464.019 5.164
464.295 5.157
464.572 5.159
464.848 5.169
465.124 5.180
465.400 5.189
465.677 5.196
465.953 5.202
466.229 5.204
466.505 5.210
466.782 5.205
467.058 5.207
467.334 5.209
467.611 5.216
467.887 5.227
468.163 5.231
468.439 5.238
468.716 5.244
468.992 5.241
469.268 5.245
469.544 5.250
469.821 5.252
470.097 5.255
470.373 5.251
470.649 5.248
470.926 5.254
471.202 5.258
471.478 5.258
471.755 5.248
472.031 5.250
472.307 5.254
472.583 5.258
472.860 5.277
473.136 5.292
473.412 5.305
473.688 5.315
473.965 5.318
474.241 5.318
474.517 5.324
474.793 5.334
475.070 5.341
475.346 5.346
475.622 5.357
475.899 5.360
476.175 5.363
476.451 5.373
476.727 5.377
477.004 5.371
477.280 5.355
477.556 5.346
477.832 5.345
478.109 5.339
478.385 5.332
478.661 5.328
478.937 5.329
479.214 5.330
479.490 5.331
479.766 5.325
480.043 5.330
480.319 5.333
480.595 5.335
480.871 5.343
481.148 5.349
481.424 5.349
481.700 5.351
481.976 5.356
482.253 5.357
482.529 5.361
482.805 5.364
483.081 5.365
483.358 5.365
483.634 5.375
483.910 5.377
484.186 5.379
484.463 5.376
484.739 5.371
485.015 5.374
485.292 5.380
485.568 5.382
485.844 5.393
486.120 5.403
486.397 5.402
486.673 5.407
486.949 5.415
487.225 5.418
487.502 5.418
487.778 5.418
488.054 5.421
488.330 5.429
488.607 5.434
488.883 5.430
489.159 5.433
489.436 5.434
489.712 5.425
489.988 5.420
490.264 5.422
490.541 5.422
490.817 5.422
491.093 5.426
491.369 5.432
491.646 5.436
491.922 5.442
492.198 5.451
492.474 5.453
492.751 5.464
493.027 5.473
493.303 5.474
493.580 5.477
493.856 5.493
494.132 5.514
494.408 5.521
494.685 5.529
494.961 5.534
495.237 5.541
495.513 5.550
495.790 5.559
496.066 5.578
496.342 5.594
496.618 5.603
496.895 5.610
497.171 5.608
497.447 5.609
497.724 5.611
498.000 5.609
498.276 5.614
498.552 5.620
498.829 5.617
499.105 5.608
499.381 5.604
499.657 5.610
499.934 5.611
500.210 5.618
500.486 5.631
500.762 5.649
501.039 5.658
501.315 5.663
501.591 5.678
501.867 5.694
502.144 5.704
502.420 5.714
502.696 5.719
502.973 5.721
503.249 5.726
503.525 5.726
503.801 5.729
504.078 5.737
504.354 5.737
504.630 5.739
504.906 5.744
505.183 5.745
505.459 5.755
505.735 5.761
506.011 5.761
506.288 5.769
506.564 5.780
506.840 5.787
507.117 5.796
507.393 5.807
507.669 5.816
507.945 5.827
508.222 5.831
508.498 5.832
508.774 5.832
509.050 5.834
509.327 5.841
509.603 5.845
509.879 5.851
510.155 5.855
510.432 5.864
510.708 5.864
510.984 5.863
511.261 5.871
511.537 5.875
511.813 5.885
512.089 5.892
512.366 5.900
512.642 5.906
512.918 5.901
513.194 5.897
513.471 5.902
513.747 5.909
514.023 5.925
514.299 5.937
514.576 5.944
514.852 5.953
515.128 5.970
515.405 5.977
515.681 5.984
515.957 6.005
516.233 6.019
516.510 6.021
516.786 6.029
517.062 6.032
517.338 6.025
517.615 6.018
517.891 6.017
518.167 6.024
518.443 6.019
518.720 6.010
518.996 6.006
519.272 6.007
519.548 6.003
519.825 6.003
520.101 6.015
520.377 6.033
520.654 6.040
520.930 6.038
521.206 6.051
521.482 6.067
521.759 6.078
522.035 6.081
522.311 6.083
522.587 6.086
522.864 6.096
523.140 6.099
523.416 6.097
523.692 6.096
523.969 6.093
524.245 6.096
524.521 6.101
524.798 6.101
525.074 6.094
525.350 6.091
525.626 6.099
525.903 6.101
526.179 6.091
526.455 6.091
526.731 6.099
527.008 6.114
527.284 6.121
527.560 6.122
527.836 6.121
528.113 6.127
528.389 6.132
528.665 6.128
528.942 6.125
529.218 6.140
529.494 6.172
529.770 6.183
530.047 6.183
530.323 6.184
530.599 6.188
530.875 6.189
531.152 6.193
531.428 6.195
531.704 6.195
531.980 6.186
532.257 6.184
532.533 6.188
532.809 6.190
533.086 6.191
533.362 6.192
533.638 6.194
533.914 6.196
534.191 6.199
534.467 6.199
534.743 6.205
535.019 6.209
535.296 6.215
535.572 6.217
535.848 6.220
536.124 6.220
536.401 6.223
536.677 6.219
536.953 6.213
537.230 6.205
537.506 6.204
537.782 6.210
538.058 6.211
538.335 6.205
538.611 6.202
538.887 6.202
539.163 6.199
539.440 6.201
539.716 6.198
539.992 6.196
540.268 6.201
540.545 6.201
540.821 6.197
541.097 6.187
541.373 6.179
541.650 6.178
541.926 6.177
542.202 6.178
542.479 6.175
542.755 6.175
543.031 6.179
543.307 6.176
543.584 6.165
543.860 6.153
544.136 6.138
544.412 6.132
544.689 6.132
544.965 6.124
545.241 6.117
545.517 6.113
545.794 6.111
546.070 6.092
546.356 6.058
546.642 6.041
546.928 6.037
547.214 6.029
547.500 6.013
547.786 6.003
548.072 5.990
548.358 5.983
548.644 5.978
548.930 5.971
549.216 5.965
549.502 5.957
549.788 5.943
550.074 5.938
550.360 5.928
550.646 5.915
550.932 5.901
551.218 5.887
551.504 5.876
551.790 5.862
552.076 5.843
552.362 5.824
552.648 5.808
552.934 5.794
553.220 5.784
553.506 5.775
553.793 5.773
554.079 5.766
554.365 5.753
554.651 5.740
554.937 5.722
555.223 5.713
555.509 5.708
555.795 5.690
556.081 5.671
556.367 5.655
556.653 5.646
556.939 5.640
557.225 5.625
557.511 5.604
557.797 5.590
558.083 5.577
558.369 5.569
558.655 5.555
558.941 5.543
559.227 5.536
559.513 5.521
559.799 5.508
560.085 5.496
560.371 5.483
560.657 5.465
560.943 5.445
561.229 5.437
561.515 5.429
561.801 5.413
562.087 5.390
562.373 5.370
562.659 5.352
562.945 5.338
563.231 5.327
563.517 5.306
563.803 5.283
564.089 5.269
564.375 5.252
564.661 5.240
564.947 5.227
565.233 5.207
565.519 5.192
565.805 5.180
566.091 5.166
566.377 5.148
566.663 5.130
566.949 5.111
567.235 5.096
567.521 5.078
567.807 5.062
568.093 5.049
568.379 5.038
568.665 5.026
568.951 5.015
569.237 4.999
569.524 4.984
569.810 4.971
570.096 4.963
570.382 4.953
570.668 4.939
570.954 4.922
571.240 4.903
571.526 4.883
571.812 4.868
572.098 4.856
572.384 4.845
572.670 4.826
572.956 4.803
573.242 4.787
573.528 4.781
573.814 4.773
574.100 4.757
574.386 4.737
574.672 4.725
574.958 4.715
575.244 4.701
575.530 4.690
575.816 4.680
576.102 4.667
576.388 4.650
576.674 4.637
576.960 4.625
577.248 4.613
577.536 4.599
577.824 4.583
578.113 4.575
578.401 4.570
578.689 4.555
578.977 4.546
579.265 4.537
579.553 4.530
579.841 4.525
580.130 4.517
580.418 4.508
580.706 4.492
580.994 4.482
581.282 4.481
581.570 4.478
581.858 4.469
582.147 4.456
582.435 4.452
582.723 4.451
583.011 4.451
583.299 4.441
583.587 4.431
583.875 4.426
584.164 4.424
584.452 4.429
584.740 4.427
585.028 4.420
585.316 4.411
585.604 4.404
585.892 4.397
586.181 4.388
586.469 4.379
586.757 4.375
587.045 4.370
587.333 4.363
587.621 4.353
587.909 4.340
588.198 4.331
588.486 4.326
588.774 4.317
589.062 4.314
589.350 4.311
589.638 4.301
589.927 4.288
590.215 4.280
590.503 4.278
590.791 4.276
591.079 4.269
591.367 4.262
591.655 4.258
591.944 4.257
592.232 4.250
592.520 4.246
592.808 4.245
593.096 4.241
593.384 4.235
593.672 4.227
593.961 4.220
594.249 4.208
594.537 4.206
594.825 4.205
595.113 4.200
595.401 4.199
595.689 4.195
595.978 4.193
596.266 4.191
596.554 4.187
596.842 4.183
597.130 4.180
597.418 4.188
597.706 4.195
597.995 4.192
598.283 4.191
598.571 4.190
598.859 4.189
599.147 4.186
599.435 4.192
599.723 4.189
600.012 4.181
600.300 4.171
600.588 4.166
600.876 4.167
601.164 4.167
601.452 4.168
601.740 4.162
602.029 4.149
602.317 4.142
602.605 4.139
602.893 4.142
603.181 4.142
603.469 4.140
603.757 4.141
604.046 4.135
604.334 4.129
604.622 4.131
604.910 4.132
605.198 4.133
605.486 4.139
605.774 4.138
606.063 4.134
606.351 4.134
606.639 4.133
606.927 4.134
607.215 4.139
607.503 4.142
607.791 4.149
608.080 4.151
608.368 4.153
608.656 4.153
608.944 4.151
609.232 4.152
609.520 4.149
609.808 4.156
610.097 4.168
610.385 4.173
610.673 4.179
610.961 4.179
611.249 4.187
611.537 4.194
611.825 4.196
612.114 4.191
612.402 4.183
612.690 4.181
612.978 4.180
613.266 4.177
613.554 4.178
613.843 4.181
614.131 4.177
614.419 4.172
614.707 4.171
614.995 4.160
615.283 4.152
615.571 4.165
615.860 4.181
616.148 4.180
616.436 4.176
616.724 4.172
617.012 4.168
617.300 4.170
617.588 4.171
617.877 4.179
618.165 4.178
618.453 4.177
618.741 4.182
619.029 4.177
619.317 4.174
619.605 4.176
619.894 4.181
620.182 4.182
620.470 4.178
620.758 4.184
621.046 4.194
621.334 4.195
621.622 4.206
621.911 4.220
622.199 4.229
622.487 4.232
622.775 4.230
623.063 4.226
623.351 4.229
623.639 4.234
623.928 4.239
624.216 4.241
624.504 4.239
624.792 4.237
625.080 4.243
625.368 4.245
625.656 4.253
625.945 4.266
626.233 4.274
626.521 4.279
626.809 4.276
627.097 4.274
627.385 4.271
627.673 4.265
627.962 4.264
628.250 4.263
628.538 4.264
628.826 4.261
629.114 4.253
629.402 4.258
629.690 4.272
629.979 4.286
630.267 4.290
630.555 4.291
630.843 4.298
631.131 4.297
631.419 4.294
631.707 4.302
631.996 4.317
632.284 4.324
632.572 4.326
632.860 4.328
633.148 4.317
633.436 4.304
633.724 4.313
634.013 4.325
634.301 4.336
634.589 4.331
634.877 4.326
635.165 4.328
635.453 4.323
635.741 4.318
636.030 4.314
636.318 4.311
636.606 4.316
636.894 4.318
637.182 4.324
637.470 4.321
637.759 4.323
638.047 4.332
638.335 4.329
638.623 4.318
638.911 4.313
639.199 4.312
639.487 4.310
639.776 4.305
640.064 4.311
640.352 4.318
640.640 4.328
640.928 4.329
641.216 4.328
641.504 4.332
641.793 4.336
642.081 4.335
642.369 4.336
642.657 4.333
642.945 4.334
643.233 4.330
643.521 4.322
643.810 4.315
644.098 4.314
644.386 4.318
644.674 4.325
644.962 4.328
645.250 4.330
645.538 4.325
645.827 4.315
646.115 4.308
646.403 4.303
646.691 4.306
646.979 4.305
647.267 4.291
647.555 4.278
647.844 4.278
648.132 4.272
648.420 4.259
648.708 4.250
648.996 4.243
649.284 4.235
649.572 4.216
649.861 4.206
650.149 4.203
650.437 4.206
650.725 4.209
651.013 4.204
651.301 4.201
651.589 4.192
651.878 4.183
652.166 4.193
652.454 4.207
652.742 4.215
653.030 4.221
653.318 4.231
653.606 4.245
653.895 4.251
654.183 4.256
654.471 4.269
654.759 4.271
655.047 4.275
655.335 4.280
655.623 4.280
655.912 4.283
656.200 4.293
656.488 4.305
656.776 4.306
657.064 4.303
657.352 4.306
657.640 4.309
657.929 4.309
658.217 4.305
658.505 4.308
658.793 4.311
659.081 4.315
659.369 4.322
659.657 4.330
659.946 4.335
660.234 4.349
660.522 4.354
660.810 4.354
661.098 4.353
661.386 4.357
661.675 4.355
661.963 4.355
662.251 4.354
662.539 4.357
662.827 4.357
663.115 4.363
663.403 4.374
663.692 4.387
663.980 4.399
664.268 4.407
664.556 4.413
664.844 4.421
665.132 4.428
665.420 4.436
665.709 4.452
665.997 4.468
666.285 4.483
666.573 4.497
666.861 4.507
667.149 4.520
667.437 4.532
667.726 4.550
668.014 4.563
668.302 4.570
668.590 4.586
668.878 4.593
669.166 4.598
669.454 4.605
669.743 4.609
670.031 4.609
670.319 4.617
670.607 4.629
670.895 4.643
671.183 4.644
671.471 4.646
671.760 4.645
672.048 4.644
672.336 4.650
672.624 4.657
672.912 4.654
673.200 4.656
673.488 4.660
673.777 4.664
674.065 4.664
674.353 4.663
674.641 4.660
674.929 4.656
675.217 4.651
675.505 4.659
675.794 4.665
676.082 4.673
676.370 4.681
676.658 4.689
676.946 4.694
677.234 4.698
677.522 4.698
677.811 4.693
678.099 4.692
678.387 4.690
678.675 4.693
678.963 4.694
679.251 4.704
679.539 4.715
679.828 4.720
680.116 4.729
680.404 4.743
680.692 4.754
680.980 4.761
681.268 4.764
681.556 4.762
681.845 4.768
682.133 4.774
682.421 4.780
682.709 4.790
682.997 4.796
683.285 4.797
683.573 4.796
683.862 4.795
684.150 4.797
684.438 4.805
684.726 4.811
685.014 4.825
685.302 4.828
685.591 4.831
685.879 4.838
686.167 4.838
686.455 4.840
686.743 4.850
687.031 4.854
687.319 4.862
687.608 4.864
687.896 4.859
688.184 4.862
688.472 4.863
688.760 4.864
689.048 4.863
689.336 4.868
689.625 4.870
689.913 4.867
690.201 4.866
690.489 4.868
690.777 4.868
691.065 4.866
691.353 4.867
691.642 4.879
691.930 4.879
692.218 4.882
692.506 4.886
692.794 4.893
693.082 4.896
693.370 4.896
693.659 4.895
693.947 4.890
694.235 4.883
694.523 4.878
694.811 4.883
695.099 4.900
695.387 4.913
695.676 4.919
695.964 4.938
696.252 4.955
696.540 4.971
696.836 4.978
697.133 4.974
697.429 4.982
697.725 4.988
698.021 5.001
698.318 5.006
698.614 5.000
698.910 4.999
699.207 5.006
699.503 5.011
699.799 5.013
700.095 5.012
700.392 5.011
700.688 5.010
700.984 5.023
701.281 5.044
701.577 5.059
701.873 5.069
702.169 5.087
702.466 5.099
702.762 5.098
703.058 5.096
703.355 5.101
703.651 5.108
703.947 5.110
704.243 5.120
704.540 5.125
704.836 5.132
705.132 5.132
705.428 5.133
705.725 5.135
706.021 5.123
706.317 5.112
706.614 5.107
706.910 5.108
707.206 5.116
707.502 5.130
707.799 5.140
708.095 5.145
708.391 5.157
708.688 5.165
708.984 5.170
709.280 5.172
709.576 5.163
709.873 5.176
710.169 5.185
710.465 5.192
710.762 5.203
711.058 5.205
711.354 5.209
711.650 5.220
711.947 5.246
712.243 5.265
712.539 5.284
712.836 5.294
713.132 5.288
713.428 5.289
713.724 5.290
714.021 5.291
714.317 5.297
714.613 5.289
714.910 5.292
715.206 5.309
715.502 5.319
715.798 5.316
716.095 5.309
716.391 5.317
716.687 5.329
716.984 5.340
717.280 5.357
717.576 5.362
717.872 5.371
718.169 5.380
718.465 5.384
718.761 5.393
719.058 5.395
719.354 5.376
719.650 5.364
719.946 5.361
720.243 5.350
720.539 5.350
720.835 5.356
721.131 5.361
721.428 5.359
721.724 5.356
722.020 5.359
722.317 5.359
722.613 5.366
722.909 5.370
723.205 5.380
723.502 5.393
723.798 5.413
724.094 5.436
724.391 5.442
724.687 5.453
724.983 5.480
725.279 5.486
725.576 5.490
725.872 5.512
726.168 5.517
726.465 5.514
726.761 5.518
727.057 5.523
727.353 5.532
727.650 5.538
727.946 5.538
728.242 5.543
728.539 5.555
728.835 5.557
729.131 5.566
729.427 5.584
729.724 5.591
730.020 5.588
730.316 5.592
730.613 5.583
730.909 5.583
731.205 5.589
731.501 5.597
731.798 5.622
732.094 5.632
732.390 5.624
732.687 5.630
732.983 5.627
733.279 5.624
733.575 5.619
733.872 5.612
734.168 5.614
734.464 5.611
734.761 5.614
735.057 5.616
735.353 5.622
735.649 5.626
735.946 5.628
736.242 5.638
736.538 5.647
736.835 5.652
737.131 5.652
737.427 5.676
737.723 5.693
738.020 5.709
738.316 5.733
738.612 5.754
738.909 5.763
739.205 5.771
739.501 5.782
739.797 5.798
740.094 5.819
740.390 5.832
740.686 5.836
740.982 5.833
741.279 5.838
741.575 5.847
741.871 5.837
742.168 5.827
742.464 5.833
742.760 5.851
743.056 5.842
743.353 5.847
743.649 5.860
743.945 5.861
744.242 5.870
744.538 5.879
744.834 5.879
745.130 5.885
745.427 5.891
745.723 5.906
746.019 5.920
746.316 5.914
746.612 5.912
746.908 5.919
747.204 5.915
747.501 5.912
747.797 5.914
748.093 5.902
748.390 5.896
748.686 5.916
748.982 5.927
749.278 5.931
749.575 5.928
749.871 5.914
750.167 5.905
750.464 5.923
750.760 5.936
751.056 5.949
751.352 5.964
751.649 5.971
751.945 5.990
752.241 6.001
752.538 6.009
752.834 6.021
753.130 6.033
753.426 6.042
753.723 6.050
754.019 6.054
754.315 6.049
754.611 6.060
754.908 6.083
755.204 6.114
755.500 6.120
755.797 6.126
756.093 6.118
756.389 6.111
756.685 6.104
756.982 6.112
757.278 6.125
757.574 6.117
757.871 6.105
758.167 6.099
758.463 6.100
758.759 6.110
759.056 6.125
759.352 6.140
759.648 6.146
759.945 6.157
760.241 6.163
760.537 6.174
760.833 6.174
761.130 6.180
761.426 6.185
761.722 6.180
762.019 6.175
762.315 6.179
762.611 6.194
762.907 6.229
763.204 6.256
763.500 6.273
763.804 6.285
764.108 6.301
764.412 6.339
764.716 6.353
765.020 6.358
765.324 6.393
765.628 6.418
765.932 6.446
766.236 6.474
766.540 6.493
766.844 6.496
767.148 6.503
767.452 6.519
767.756 6.540
768.060 6.554
768.364 6.568
768.668 6.572
768.972 6.585
769.276 6.583
769.580 6.584
769.884 6.612
770.188 6.633
770.492 6.640
770.796 6.646
771.100 6.671
771.404 6.694
771.708 6.696
772.012 6.706
772.316 6.738
772.620 6.766
772.924 6.771
773.228 6.776
773.532 6.780
773.836 6.795
774.140 6.804
774.444 6.831
774.748 6.849
775.052 6.860
775.356 6.878
775.659 6.899
775.963 6.942
776.267 6.974
776.571 6.988
776.875 7.007
777.179 7.034
777.483 7.056
777.787 7.064
778.091 7.071
778.395 7.098
778.699 7.145
779.003 7.187
779.307 7.204
779.611 7.216
779.915 7.232
780.219 7.243
780.523 7.269
780.827 7.310
781.131 7.324
781.435 7.342
781.739 7.357
782.043 7.382
782.347 7.412
782.651 7.426
782.955 7.437
783.259 7.450
783.563 7.474
783.867 7.476
784.171 7.501
784.475 7.503
784.779 7.514
785.083 7.519
785.387 7.527
785.691 7.535
785.995 7.546
786.299 7.558
786.603 7.573
786.907 7.594
787.211 7.625
787.515 7.650
787.819 7.692
788.123 7.702
788.427 7.700
788.731 7.704
789.035 7.723
789.339 7.755
789.643 7.758
789.947 7.764
790.251 7.794
790.555 7.823
790.859 7.843
791.163 7.862
791.467 7.891
791.771 7.892
792.075 7.897
792.379 7.917
792.683 7.952
792.987 7.991
793.291 8.023
793.595 8.053
793.899 8.071
794.203 8.071
794.507 8.058
794.811 8.071
795.115 8.097
795.419 8.116
795.723 8.107
796.027 8.098
796.331 8.121
796.635 8.169
796.939 8.167
797.243 8.146
797.547 8.132
797.851 8.164
798.155 8.190
798.459 8.193
798.763 8.212
799.067 8.208
799.371 8.184
799.674 8.192
799.978 8.212
800.282 8.247
800.586 8.240
800.890 8.226
801.194 8.240
801.498 8.256
801.802 8.284
802.106 8.296
802.410 8.316
802.714 8.328
803.018 8.346
803.322 8.346
803.626 8.348
803.930 8.367
804.234 8.389
804.538 8.405
804.842 8.426
805.146 8.438
805.450 8.454
805.754 8.462
806.058 8.488
806.362 8.523
806.666 8.546
806.970 8.553
807.274 8.572
807.578 8.604
807.882 8.600
808.186 8.605
808.490 8.612
808.794 8.620
809.098 8.624
809.402 8.626
809.706 8.638
810.010 8.636
810.314 8.653
810.618 8.671
810.922 8.670
811.226 8.662
811.530 8.643
811.834 8.623
812.137 8.613
812.441 8.642
812.744 8.681
813.048 8.701
813.351 8.700
813.655 8.679
813.958 8.666
814.262 8.688
814.565 8.701
814.869 8.690
815.172 8.673
815.476 8.683
815.779 8.710
816.083 8.732
816.386 8.714
816.690 8.741
816.993 8.799
817.297 8.840
817.600 8.895
817.904 8.928
818.208 8.944
818.511 8.939
818.815 8.917
819.118 8.938
819.422 8.970
819.725 8.985
820.029 8.995
820.332 9.006
820.636 9.039
820.939 9.085
821.243 9.086
821.546 9.110
821.850 9.178
822.153 9.252
822.457 9.276
822.760 9.296
823.064 9.319
823.367 9.325
823.671 9.333
823.974 9.334
824.278 9.327
824.582 9.313
824.885 9.303
825.189 9.328
825.492 9.370
825.796 9.398
826.099 9.401
826.403 9.423
826.706 9.466
827.010 9.498
827.313 9.508
827.617 9.516
827.920 9.507
828.224 9.502
828.527 9.533
828.831 9.551
829.134 9.564
829.438 9.582
829.741 9.612
830.045 9.634
830.348 9.614
830.652 9.623
830.956 9.624
831.259 9.621
831.563 9.640
831.866 9.667
832.170 9.724
832.473 9.757
832.777 9.763
833.080 9.756
833.384 9.767
833.687 9.778
833.991 9.808
834.294 9.807
834.598 9.794
834.901 9.837
835.205 9.874
835.508 9.873
835.812 9.889
836.115 9.914
836.419 9.961
836.722 9.977
837.026 9.984
837.330 10.002
837.633 10.029
837.937 10.041
838.240 10.047
838.544 10.056
838.847 10.056
839.151 10.074
839.454 10.087
839.758 10.107
840.061 10.134
840.365 10.167
840.668 10.178
840.972 10.227
841.275 10.267
841.579 10.322
841.882 10.362
842.186 10.409
842.489 10.434
842.793 10.499
843.097 10.541
843.400 10.560
843.704 10.585
844.007 10.617
844.311 10.646
844.614 10.671
844.918 10.705
845.221 10.727
845.525 10.740
845.828 10.749
846.132 10.788
846.435 10.878
846.739 10.929
847.042 10.946
847.346 11.000
847.649 11.058
847.953 11.102
848.256 11.152
848.560 11.206
848.863 11.287
849.167 11.342
849.471 11.371
849.774 11.402
850.078 11.450
850.381 11.503
850.685 11.539
850.988 11.604
851.292 11.630
851.595 11.691
851.899 11.722
852.202 11.747
852.506 11.801
852.809 11.870
853.113 11.895
853.416 11.877
853.720 11.860
854.023 11.891
854.327 11.895
854.630 11.885
854.934 11.872
855.237 11.882
855.541 11.912
855.845 11.958
856.148 11.940
856.452 11.913
856.755 11.915
857.059 11.934
857.362 11.991
857.666 12.033
857.969 12.034
858.273 12.025
858.576 12.025
858.880 12.005
859.183 11.967
859.487 11.924
859.790 11.907
860.094 11.882
860.397 11.876
860.701 11.881
861.004 11.921
861.308 11.895
861.611 11.902
861.915 11.905
862.219 11.860
862.522 11.815
862.826 11.797
863.129 11.819
863.433 11.820
863.736 11.782
864.040 11.783
864.343 11.800
864.647 11.776
864.950 11.758
865.254 11.768
865.557 11.759
865.861 11.730
866.164 11.715
866.468 11.703
866.771 11.674
867.075 11.668
867.378 11.655
867.682 11.641
867.985 11.639
868.289 11.635
868.593 11.615
868.896 11.603
869.200 11.589
869.503 11.559
869.807 11.588
870.110 11.593
870.414 11.615
870.717 11.615
871.021 11.580
871.324 11.555
871.628 11.573
871.931 11.616
872.235 11.611
872.538 11.580
872.842 11.600
873.145 11.591
873.449 11.578
873.752 11.610
874.056 11.626
874.359 11.584
874.663 11.617
874.967 11.681
875.270 11.714
875.574 11.729
875.877 11.699
876.181 11.644
876.484 11.608
876.788 11.644
877.091 11.622
877.395 11.591
877.698 11.602
878.002 11.612
878.305 11.616
878.609 11.617
878.912 11.622
879.216 11.616
879.519 11.590
879.823 11.603
880.126 11.598
880.430 11.620
880.733 11.690
881.037 11.749
881.341 11.768
881.644 11.741
881.948 11.747
882.251 11.795
882.555 11.809
882.858 11.809
883.162 11.861
883.465 11.892
883.769 11.927
884.072 11.964
884.376 12.019
884.679 12.082
884.983 12.109
885.286 12.151
885.590 12.161
885.893 12.171
886.197 12.190
886.500 12.223
886.804 12.239
887.107 12.252
887.411 12.311
887.715 12.387
888.018 12.433
888.322 12.450
888.625 12.492
888.929 12.496
889.232 12.498
889.536 12.530
889.839 12.557
890.143 12.589
890.446 12.588
890.750 12.604
891.053 12.637
891.357 12.655
891.660 12.712
891.964 12.745
892.267 12.740
892.571 12.766
892.874 12.825
893.178 12.856
893.482 12.900
893.785 12.954
894.089 12.998
894.392 13.075
894.696 13.145
894.999 13.203
895.303 13.245
895.606 13.282
895.910 13.315
896.213 13.356
896.517 13.409
896.820 13.461
897.124 13.492
897.427 13.553
897.731 13.607
898.034 13.672
898.338 13.720
898.641 13.754
898.945 13.802
899.248 13.824
899.552 13.862
899.856 13.910
900.159 13.988
900.463 14.070
900.766 14.092
901.070 14.132
901.373 14.197
901.677 14.242
901.980 14.258
902.284 14.269
902.587 14.308
902.891 14.275
903.194 14.208
903.498 14.206
903.801 14.201
904.105 14.216
904.408 14.263
904.712 14.284
905.015 14.259
905.319 14.274
905.622 14.332
905.926 14.312
906.230 14.260
906.533 14.238
906.837 14.241
907.140 14.290
907.444 14.378
907.747 14.443
908.051 14.490
908.354 14.518
908.658 14.576
908.961 14.635
909.265 14.656
909.568 14.694
909.872 14.745
910.175 14.782
910.479 14.835
910.782 14.864
911.086 14.864
911.389 14.877
911.693 14.939
911.996 14.959
912.300 14.985
912.613 15.037
912.926 15.070
913.238 15.135
913.551 15.237
913.864 15.339
914.176 15.458
914.489 15.535
914.802 15.576
915.115 15.627
915.427 15.650
915.740 15.732
916.053 15.824
916.366 15.885
916.678 15.958
916.991 16.059
917.304 16.163
917.617 16.226
917.929 16.335
918.242 16.402
918.555 16.439
918.868 16.460
919.180 16.517
919.493 16.585
919.806 16.636
920.119 16.677
920.431 16.690
920.744 16.728
921.057 16.798
921.370 16.898
921.682 17.036
921.995 17.154
922.308 17.255
922.621 17.392
922.933 17.545
923.246 17.637
923.559 17.717
923.872 17.827
924.184 17.921
924.497 18.006
924.810 18.110
925.123 18.259
925.435 18.399
925.748 18.523
926.061 18.648
926.374 18.713
926.686 18.813
926.999 18.967
927.312 19.167
927.625 19.339
927.937 19.432
928.250 19.562
928.563 19.707
928.876 19.825
929.188 19.954
929.501 20.085
929.814 20.271
930.127 20.405
930.439 20.542
930.752 20.632
931.065 20.728
931.378 20.882
931.690 21.053
932.003 21.172
932.316 21.279
932.629 21.333
932.941 21.390
933.254 21.477
933.567 21.539
933.880 21.696
934.192 21.928
934.505 22.109
934.818 22.257
935.131 22.417
935.443 22.627
935.756 22.788
936.069 22.935
936.382 23.059
936.694 23.283
937.007 23.489
937.320 23.624
937.633 23.785
937.945 23.944
938.258 24.005
938.571 24.112
938.884 24.315
939.196 24.532
939.509 24.727
939.822 24.863
940.135 24.998
940.447 25.117
940.760 25.255
941.073 25.396
941.386 25.542
941.698 25.657
942.011 25.813
942.324 26.019
942.637 26.140
942.949 26.267
943.262 26.425
943.575 26.561
943.888 26.689
944.200 26.789
944.513 26.924
944.826 27.090
945.139 27.214
945.451 27.283
945.764 27.341
946.077 27.381
946.390 27.413
946.702 27.429
947.015 27.468
947.328 27.552
947.641 27.624
947.953 27.665
948.266 27.694
948.579 27.721
948.892 27.708
949.204 27.771
949.517 27.869
949.830 27.972
950.143 28.066
950.455 28.119
950.768 28.124
951.081 28.130
951.394 28.159
951.706 28.251
952.019 28.271
952.332 28.264
952.645 28.342
952.957 28.368
953.270 28.368
953.583 28.445
953.896 28.492
954.208 28.451
954.521 28.381
954.834 28.365
955.147 28.323
955.459 28.326
955.772 28.289
956.085 28.235
956.398 28.242
956.710 28.255
957.023 28.238
957.336 28.284
957.649 28.308
957.961 28.327
958.274 28.326
958.587 28.262
958.900 28.284
959.212 28.275
959.525 28.171
959.838 28.134
960.151 28.179
960.463 28.156
960.776 28.150
961.089 28.071
961.402 28.019
961.714 28.074
962.027 28.092
962.340 28.118
962.653 28.173
962.965 28.238
963.278 28.274
963.591 28.240
963.904 28.188
964.216 28.101
964.529 28.093
964.842 28.092
965.154 28.092
965.467 28.128
965.780 28.119
966.094 28.163
966.409 28.287
966.723 28.382
967.037 28.441
967.352 28.495
967.666 28.583
967.980 28.716
968.295 28.780
968.609 28.768
968.923 28.717
969.238 28.704
969.552 28.680
969.866 28.779
970.181 28.893
970.495 28.918
970.809 28.971
971.124 29.062
971.438 29.105
971.752 29.201
972.067 29.235
972.381 29.156
972.695 29.085
973.010 29.102
973.324 29.212
973.638 29.313
973.953 29.388
974.267 29.485
974.581 29.597
974.896 29.634
975.210 29.628
975.524 29.659
975.839 29.733
976.153 29.940
976.467 30.097
976.781 30.175
977.096 30.207
977.410 30.235
977.724 30.413
978.039 30.535
978.353 30.701
978.667 30.974
978.982 31.121
979.296 31.185
979.610 31.333
979.925 31.372
980.239 31.482
980.553 31.536
980.868 31.594
981.182 31.662
981.496 31.707
981.811 31.629
982.125 31.578
982.439 31.665
982.754 31.813
983.068 31.907
983.382 31.999
983.697 32.148
984.011 32.293
984.325 32.334
984.640 32.305
984.954 32.328
985.268 32.427
985.583 32.398
985.897 32.402
986.211 32.522
986.526 32.670
986.840 32.818
987.154 32.911
987.469 32.989
987.783 33.132
988.097 33.339
988.412 33.437
988.726 33.489
989.040 33.420
989.355 33.419
989.669 33.541
989.983 33.588
990.298 33.593
990.612 33.725
990.926 33.829
991.241 34.018
991.555 34.238
991.869 34.344
992.184 34.429
992.498 34.512
992.812 34.529
993.127 34.523
993.441 34.503
993.755 34.505
994.070 34.513
994.384 34.684
994.698 34.853
995.013 34.970
995.327 35.034
995.641 35.077
995.956 35.159
996.270 35.201
996.584 35.277
996.899 35.257
997.213 35.268
997.527 35.219
997.841 35.178
998.156 35.280
998.470 35.324
998.784 35.319
999.099 35.556
999.413 35.604
999.727 35.644
