200.182 82.748
200.437 82.106
200.691 81.451
200.946 80.773
201.201 79.754
201.455 78.844
201.710 77.955
201.964 77.255
202.219 76.614
202.474 75.947
202.728 75.295
202.983 74.584
203.237 73.940
203.492 73.050
203.747 72.061
204.001 71.259
204.256 70.291
204.510 69.200
204.765 68.221
205.020 67.454
205.274 66.610
205.529 65.578
205.783 64.492
206.038 63.458
206.293 62.300
206.547 61.157
206.802 60.039
207.057 59.159
207.311 58.251
207.566 57.364
207.820 56.496
208.075 55.586
208.330 54.537
208.584 53.552
208.839 52.779
209.093 52.045
209.348 51.162
209.603 50.319
209.857 49.316
210.112 48.374
210.366 47.477
210.621 46.742
210.876 45.941
211.130 45.235
211.385 44.633
211.639 43.910
211.894 43.009
212.149 42.138
212.403 41.296
212.658 40.392
212.913 39.550
213.167 38.804
213.422 38.200
213.676 37.502
213.931 36.750
214.186 35.984
214.440 35.267
214.695 34.640
214.949 34.094
215.204 33.544
215.459 32.952
215.713 32.295
215.968 31.629
216.222 30.974
216.477 30.331
216.732 29.880
216.986 29.328
217.241 28.672
217.495 28.051
217.750 27.480
218.005 26.989
218.259 26.516
218.514 25.963
218.769 25.378
219.023 24.896
219.278 24.478
219.532 23.923
219.787 23.428
220.042 22.965
220.296 22.528
220.551 22.063
220.805 21.722
221.060 21.370
221.315 20.991
221.569 20.573
221.824 20.198
222.078 19.904
222.333 19.546
222.588 19.181
222.842 18.761
223.097 18.352
223.351 17.962
223.606 17.519
223.861 17.041
224.115 16.646
224.370 16.258
224.625 15.818
224.879 15.437
225.134 15.009
225.388 14.647
225.643 14.323
225.898 14.006
226.152 13.686
226.407 13.376
226.661 13.015
226.916 12.674
227.171 12.325
227.425 11.996
227.680 11.723
227.934 11.492
228.189 11.226
228.444 11.005
228.698 10.743
228.953 10.467
229.208 10.236
229.462 9.990
229.717 9.762
229.971 9.545
230.226 9.361
230.481 9.143
230.735 8.937
230.990 8.780
231.244 8.612
231.499 8.429
231.754 8.246
232.008 8.089
232.263 7.948
232.517 7.803
232.772 7.687
233.027 7.527
233.281 7.351
233.536 7.194
233.790 7.020
234.045 6.877
234.300 6.746
234.554 6.618
234.809 6.486
235.064 6.385
235.318 6.296
235.573 6.203
235.827 6.104
236.082 6.008
236.337 5.938
236.591 5.853
236.846 5.768
237.100 5.687
237.355 5.627
237.610 5.574
237.864 5.500
238.119 5.442
238.373 5.378
238.628 5.319
238.883 5.278
239.137 5.226
239.392 5.172
239.646 5.130
239.901 5.095
240.156 5.059
240.410 5.032
240.665 4.994
240.920 4.952
241.174 4.919
241.429 4.888
241.683 4.849
241.938 4.809
242.193 4.782
242.447 4.753
242.702 4.728
242.956 4.704
243.211 4.684
243.466 4.664
243.720 4.657
243.975 4.646
244.229 4.631
244.484 4.604
244.739 4.585
244.993 4.586
245.248 4.575
245.503 4.565
245.757 4.554
246.012 4.544
246.266 4.536
246.521 4.530
246.776 4.530
247.030 4.520
247.285 4.508
247.539 4.500
247.794 4.492
248.049 4.483
248.303 4.476
248.558 4.485
248.812 4.481
249.067 4.456
249.322 4.448
249.576 4.446
249.831 4.449
250.085 4.444
250.340 4.444
250.595 4.452
250.849 4.465
251.104 4.467
251.359 4.466
251.613 4.464
251.868 4.459
252.122 4.451
252.377 4.448
252.632 4.454
252.886 4.451
253.141 4.436
253.395 4.431
253.650 4.432
253.905 4.431
254.161 4.430
254.416 4.430
254.672 4.441
254.927 4.454
255.183 4.448
255.438 4.438
255.694 4.440
255.949 4.447
256.205 4.449
256.460 4.452
256.715 4.449
256.971 4.454
257.226 4.461
257.482 4.465
257.737 4.468
257.993 4.468
258.248 4.471
258.504 4.475
258.759 4.467
259.014 4.466
259.270 4.467
259.525 4.460
259.781 4.464
260.036 4.487
260.292 4.504
260.547 4.503
260.803 4.508
261.058 4.520
261.314 4.525
261.569 4.526
261.824 4.530
262.080 4.535
262.335 4.539
262.591 4.553
262.846 4.568
263.102 4.572
263.357 4.573
263.613 4.579
263.868 4.586
264.123 4.587
264.379 4.586
264.634 4.591
264.890 4.589
265.145 4.596
265.401 4.598
265.656 4.600
265.912 4.598
266.167 4.584
266.423 4.576
266.678 4.579
266.933 4.580
267.189 4.580
267.444 4.579
267.700 4.579
267.955 4.575
268.211 4.570
268.466 4.574
268.722 4.579
268.977 4.586
269.232 4.595
269.488 4.596
269.743 4.593
269.999 4.594
270.254 4.596
270.510 4.596
270.765 4.602
271.021 4.607
271.276 4.610
271.532 4.610
271.787 4.610
272.042 4.607
272.298 4.603
272.553 4.594
272.809 4.591
273.064 4.599
273.320 4.610
273.575 4.617
273.831 4.616
274.086 4.616
274.342 4.615
274.597 4.606
274.852 4.605
275.108 4.616
275.363 4.618
275.619 4.605
275.874 4.595
276.130 4.590
276.385 4.591
276.641 4.588
276.896 4.583
277.151 4.583
277.407 4.578
277.662 4.566
277.918 4.556
278.173 4.545
278.429 4.530
278.684 4.526
278.940 4.530
279.195 4.526
279.451 4.523
279.706 4.513
279.961 4.510
280.217 4.512
280.472 4.514
280.728 4.513
280.983 4.509
281.239 4.506
281.494 4.507
281.750 4.516
282.005 4.521
282.260 4.524
282.516 4.519
282.771 4.512
283.027 4.512
283.282 4.515
283.538 4.510
283.793 4.508
284.049 4.501
284.304 4.493
284.560 4.487
284.815 4.477
285.070 4.470
285.326 4.471
285.581 4.473
285.837 4.462
286.092 4.453
286.348 4.450
286.603 4.453
286.859 4.452
287.114 4.453
287.369 4.457
287.625 4.466
287.880 4.469
288.136 4.476
288.391 4.479
288.647 4.475
288.902 4.461
289.158 4.455
289.413 4.459
289.669 4.459
289.924 4.464
290.179 4.474
290.435 4.477
290.690 4.469
290.946 4.463
291.201 4.461
291.457 4.459
291.712 4.458
291.968 4.457
292.223 4.451
292.479 4.449
292.734 4.442
292.989 4.442
293.245 4.448
293.500 4.451
293.756 4.452
294.011 4.457
294.267 4.456
294.522 4.445
294.778 4.445
295.033 4.445
295.288 4.444
295.544 4.439
295.799 4.431
296.055 4.426
296.310 4.424
296.566 4.425
296.821 4.431
297.077 4.434
297.332 4.425
297.588 4.412
297.843 4.400
298.098 4.390
298.354 4.385
298.609 4.382
298.865 4.379
299.120 4.378
299.376 4.372
299.631 4.366
299.887 4.366
300.142 4.369
300.397 4.367
300.653 4.361
300.908 4.353
301.164 4.348
301.419 4.347
301.675 4.342
301.930 4.332
302.186 4.325
302.441 4.320
302.697 4.313
302.952 4.304
303.207 4.297
303.463 4.295
303.718 4.286
303.974 4.275
304.229 4.277
304.485 4.279
304.740 4.276
304.996 4.269
305.251 4.267
305.506 4.258
305.762 4.246
306.017 4.237
306.273 4.236
306.528 4.236
306.784 4.237
307.039 4.241
307.295 4.236
307.550 4.229
307.806 4.234
308.061 4.236
308.316 4.235
308.572 4.231
308.827 4.226
309.083 4.224
309.338 4.217
309.594 4.203
309.849 4.202
310.105 4.205
310.360 4.203
310.615 4.202
310.871 4.202
311.126 4.201
311.382 4.211
311.637 4.217
311.893 4.211
312.148 4.202
312.404 4.188
312.659 4.178
312.915 4.178
313.170 4.181
313.429 4.185
313.688 4.197
313.947 4.205
314.206 4.205
314.465 4.208
314.724 4.209
314.983 4.214
315.242 4.216
315.501 4.215
315.760 4.219
316.019 4.230
316.278 4.241
316.536 4.246
316.795 4.248
317.054 4.257
317.313 4.267
317.572 4.274
317.831 4.284
318.090 4.289
318.349 4.291
318.608 4.295
318.867 4.295
319.126 4.293
319.385 4.302
319.644 4.315
319.903 4.319
320.162 4.321
320.421 4.327
320.680 4.332
320.939 4.336
321.198 4.338
321.457 4.346
321.716 4.351
321.975 4.350
322.234 4.352
322.493 4.360
322.752 4.364
323.010 4.371
323.269 4.376
323.528 4.373
323.787 4.375
324.046 4.381
324.305 4.393
324.564 4.405
324.823 4.407
325.082 4.416
325.341 4.431
325.600 4.448
325.859 4.462
326.118 4.476
326.377 4.484
326.636 4.491
326.895 4.503
327.154 4.504
327.413 4.507
327.672 4.517
327.931 4.530
328.190 4.540
328.449 4.552
328.708 4.564
328.967 4.573
329.226 4.585
329.485 4.589
329.743 4.590
330.002 4.596
330.261 4.600
330.520 4.607
330.779 4.610
331.038 4.623
331.297 4.642
331.556 4.649
331.815 4.651
332.074 4.652
332.333 4.662
332.592 4.680
332.851 4.692
333.110 4.700
333.369 4.704
333.628 4.707
333.887 4.711
334.146 4.718
334.405 4.730
334.664 4.744
334.923 4.768
335.182 4.789
335.441 4.793
335.700 4.794
335.959 4.808
336.217 4.828
336.476 4.849
336.735 4.867
336.994 4.892
337.253 4.925
337.512 4.957
337.771 4.978
338.030 4.996
338.289 5.013
338.548 5.037
338.807 5.066
339.066 5.094
339.325 5.105
339.584 5.126
339.843 5.153
340.102 5.170
340.361 5.186
340.620 5.209
340.879 5.229
341.138 5.240
341.397 5.242
341.656 5.255
341.915 5.277
342.174 5.288
342.433 5.313
342.691 5.344
342.950 5.372
343.209 5.398
343.468 5.427
343.727 5.450
343.986 5.483
344.245 5.513
344.504 5.542
344.763 5.574
345.022 5.601
345.281 5.632
345.540 5.665
345.799 5.693
346.058 5.722
346.317 5.750
346.576 5.787
346.835 5.826
347.094 5.866
347.353 5.917
347.612 5.954
347.871 5.999
348.130 6.045
348.389 6.075
348.648 6.106
348.907 6.149
349.166 6.209
349.424 6.266
349.683 6.321
349.942 6.384
350.201 6.440
350.460 6.494
350.719 6.540
350.978 6.576
351.237 6.636
351.496 6.703
351.755 6.748
352.014 6.791
352.273 6.839
352.532 6.886
352.791 6.934
353.050 6.989
353.309 7.046
353.568 7.093
353.827 7.141
354.086 7.194
354.345 7.233
354.604 7.279
354.863 7.320
355.122 7.383
355.381 7.437
355.640 7.481
355.898 7.531
356.157 7.582
356.416 7.636
356.675 7.698
356.934 7.754
357.193 7.827
357.452 7.897
357.711 7.940
357.970 8.002
358.229 8.063
358.488 8.102
358.747 8.139
359.006 8.179
359.265 8.232
359.524 8.299
359.783 8.355
360.042 8.398
360.301 8.438
360.560 8.488
360.819 8.538
361.078 8.573
361.337 8.609
361.596 8.656
361.855 8.705
362.114 8.752
362.372 8.790
362.631 8.820
362.890 8.846
363.149 8.855
363.408 8.884
363.667 8.905
363.926 8.922
364.185 8.948
364.444 8.967
364.703 8.981
364.962 8.984
365.221 8.997
365.480 9.015
365.745 9.010
366.009 9.012
366.274 9.026
366.539 9.027
366.804 9.026
367.068 9.023
367.333 9.016
367.598 9.017
367.863 9.009
368.127 8.998
368.392 8.993
368.657 8.990
368.921 8.964
369.186 8.931
369.451 8.917
369.716 8.903
369.980 8.876
370.245 8.866
370.510 8.850
370.775 8.836
371.039 8.822
371.304 8.800
371.569 8.769
371.834 8.748
372.098 8.726
372.363 8.702
372.628 8.675
372.892 8.660
373.157 8.620
373.422 8.572
373.687 8.544
373.951 8.508
374.216 8.463
374.481 8.429
374.746 8.405
375.010 8.384
375.275 8.350
375.540 8.303
375.804 8.261
376.069 8.225
376.334 8.197
376.599 8.158
376.863 8.115
377.128 8.088
377.393 8.063
377.658 8.033
377.922 7.995
378.187 7.961
378.452 7.926
378.716 7.887
378.981 7.848
379.246 7.816
379.511 7.789
379.775 7.768
380.040 7.739
380.305 7.698
380.570 7.667
380.834 7.644
381.099 7.621
381.364 7.587
381.629 7.548
381.893 7.519
382.158 7.489
382.423 7.447
382.687 7.415
382.952 7.390
383.217 7.354
383.482 7.317
383.746 7.284
384.011 7.259
384.276 7.238
384.541 7.201
384.805 7.152
385.070 7.114
385.335 7.089
385.599 7.069
385.864 7.048
386.129 7.032
386.394 7.009
386.658 6.979
386.923 6.948
387.188 6.908
387.453 6.874
387.717 6.857
387.982 6.831
388.247 6.803
388.511 6.773
388.776 6.739
389.041 6.701
389.306 6.674
389.570 6.646
389.835 6.611
390.100 6.582
390.365 6.569
390.629 6.556
390.894 6.537
391.159 6.513
391.424 6.488
391.688 6.453
391.953 6.419
392.218 6.401
392.482 6.382
392.747 6.361
393.012 6.344
393.277 6.326
393.541 6.315
393.806 6.298
394.071 6.285
394.336 6.266
394.600 6.248
394.865 6.231
395.130 6.212
395.394 6.198
395.659 6.181
395.924 6.159
396.189 6.140
396.453 6.125
396.718 6.111
396.983 6.083
397.248 6.062
397.512 6.043
397.777 6.023
398.042 5.998
398.306 5.974
398.571 5.957
398.836 5.942
399.101 5.921
399.365 5.908
399.630 5.911
399.895 5.906
400.160 5.883
400.424 5.856
400.689 5.850
400.954 5.856
401.219 5.855
401.483 5.846
401.748 5.829
402.013 5.817
402.277 5.802
402.542 5.785
402.807 5.780
403.072 5.784
403.336 5.779
403.601 5.773
403.866 5.768
404.131 5.758
404.395 5.752
404.660 5.758
404.929 5.750
405.198 5.745
405.466 5.743
405.735 5.746
406.004 5.761
406.273 5.765
406.542 5.749
406.810 5.727
407.079 5.709
407.348 5.697
407.617 5.692
407.886 5.694
408.154 5.693
408.423 5.687
408.692 5.683
408.961 5.673
409.229 5.661
409.498 5.664
409.767 5.655
410.036 5.640
410.305 5.629
410.573 5.626
410.842 5.616
411.111 5.609
411.380 5.607
411.649 5.596
411.917 5.578
412.186 5.565
412.455 5.550
412.724 5.544
412.993 5.536
413.261 5.529
413.530 5.518
413.799 5.513
414.068 5.515
414.337 5.523
414.605 5.526
414.874 5.523
415.143 5.513
415.412 5.512
415.681 5.503
415.949 5.482
416.218 5.475
416.487 5.475
416.756 5.474
417.024 5.474
417.293 5.462
417.562 5.452
417.831 5.446
418.100 5.450
418.368 5.451
418.637 5.443
418.906 5.442
419.175 5.439
419.444 5.430
419.712 5.431
419.981 5.431
420.250 5.429
420.519 5.430
420.788 5.417
421.056 5.393
421.325 5.383
421.594 5.371
421.863 5.351
422.132 5.335
422.400 5.311
422.669 5.295
422.938 5.291
423.207 5.290
423.476 5.284
423.744 5.281
424.013 5.275
424.282 5.268
424.551 5.264
424.819 5.254
425.088 5.239
425.357 5.232
425.626 5.230
425.895 5.220
426.163 5.207
426.432 5.207
426.701 5.203
426.970 5.185
427.239 5.172
427.507 5.162
427.776 5.151
428.045 5.147
428.314 5.144
428.583 5.145
428.851 5.148
429.120 5.142
429.389 5.134
429.658 5.133
429.927 5.135
430.195 5.124
430.464 5.110
430.733 5.106
431.002 5.102
431.271 5.095
431.539 5.088
431.808 5.081
432.077 5.080
432.346 5.082
432.614 5.078
432.883 5.073
433.152 5.078
433.421 5.077
433.690 5.068
433.958 5.064
434.227 5.059
434.496 5.044
434.765 5.031
435.034 5.030
435.302 5.021
435.571 5.005
435.840 4.987
436.116 4.971
436.393 4.967
436.669 4.962
436.945 4.955
437.221 4.955
437.498 4.959
437.774 4.965
438.050 4.970
438.326 4.971
438.603 4.973
438.879 4.979
439.155 4.978
439.431 4.974
439.708 4.971
439.984 4.967
440.260 4.961
440.537 4.954
440.813 4.949
441.089 4.947
441.365 4.944
441.642 4.939
441.918 4.935
442.194 4.932
442.470 4.915
442.747 4.903
443.023 4.891
443.299 4.883
443.575 4.884
443.852 4.883
444.128 4.880
444.404 4.882
444.680 4.878
444.957 4.874
445.233 4.867
445.509 4.863
445.786 4.861
446.062 4.851
446.338 4.840
446.614 4.828
446.891 4.823
447.167 4.819
447.443 4.814
447.719 4.803
447.996 4.795
448.272 4.792
448.548 4.789
448.824 4.779
449.101 4.769
449.377 4.766
449.653 4.767
449.930 4.762
450.206 4.752
450.482 4.755
450.758 4.752
451.035 4.748
451.311 4.744
451.587 4.738
451.863 4.735
452.140 4.737
452.416 4.732
452.692 4.741
452.968 4.743
453.245 4.737
453.521 4.734
453.797 4.732
454.074 4.726
454.350 4.718
454.626 4.714
454.902 4.715
455.179 4.717
455.455 4.715
455.731 4.705
456.007 4.696
456.284 4.691
456.560 4.686
456.836 4.686
457.112 4.685
457.389 4.685
457.665 4.688
457.941 4.681
458.218 4.673
458.494 4.671
458.770 4.663
459.046 4.656
459.323 4.660
459.599 4.662
459.875 4.665
460.151 4.669
460.428 4.673
460.704 4.679
460.980 4.680
461.256 4.681
461.533 4.682
461.809 4.683
462.085 4.679
462.361 4.673
462.638 4.672
462.914 4.680
463.190 4.680
463.467 4.681
463.743 4.679
464.019 4.670
464.295 4.661
464.572 4.664
464.848 4.669
465.124 4.673
465.400 4.672
465.677 4.671
465.953 4.673
466.229 4.677
466.505 4.679
466.782 4.673
467.058 4.671
467.334 4.674
467.611 4.674
467.887 4.681
468.163 4.683
468.439 4.682
468.716 4.679
468.992 4.674
469.268 4.675
469.544 4.671
469.821 4.667
470.097 4.661
470.373 4.653
470.649 4.645
470.926 4.644
471.202 4.643
471.478 4.641
471.755 4.636
472.031 4.638
472.307 4.635
472.583 4.634
472.860 4.646
473.136 4.657
473.412 4.663
473.688 4.663
473.965 4.662
474.241 4.656
474.517 4.654
474.793 4.658
475.070 4.662
475.346 4.660
475.622 4.664
475.899 4.665
476.175 4.663
476.451 4.664
476.727 4.659
477.004 4.650
477.280 4.635
477.556 4.624
477.832 4.621
478.109 4.613
478.385 4.605
478.661 4.600
478.937 4.595
479.214 4.592
479.490 4.590
479.766 4.589
480.043 4.594
480.319 4.594
480.595 4.592
480.871 4.596
481.148 4.600
481.424 4.594
481.700 4.588
481.976 4.588
482.253 4.588
482.529 4.590
482.805 4.587
483.081 4.585
483.358 4.580
483.634 4.580
483.910 4.577
484.186 4.577
484.463 4.574
484.739 4.566
485.015 4.565
485.292 4.569
485.568 4.569
485.844 4.570
486.120 4.572
486.397 4.569
486.673 4.569
486.949 4.574
487.225 4.578
487.502 4.580
487.778 4.584
488.054 4.590
488.330 4.591
488.607 4.586
488.883 4.578
489.159 4.579
489.436 4.583
489.712 4.575
489.988 4.569
490.264 4.569
490.541 4.571
490.817 4.569
491.093 4.570
491.369 4.575
491.646 4.578
491.922 4.583
492.198 4.589
492.474 4.591
492.751 4.596
493.027 4.604
493.303 4.607
493.580 4.606
493.856 4.614
494.132 4.627
494.408 4.631
494.685 4.634
494.961 4.634
495.237 4.642
495.513 4.651
495.790 4.657
496.066 4.671
496.342 4.682
496.618 4.688
496.895 4.693
497.171 4.692
497.447 4.693
497.724 4.695
498.000 4.694
498.276 4.699
498.552 4.708
498.829 4.710
499.105 4.707
499.381 4.707
499.657 4.713
499.934 4.711
500.210 4.720
500.486 4.733
500.762 4.745
501.039 4.743
501.315 4.742
501.591 4.754
501.867 4.768
502.144 4.778
502.420 4.786
502.696 4.793
502.973 4.801
503.249 4.805
503.525 4.807
503.801 4.809
504.078 4.811
504.354 4.811
504.630 4.814
504.906 4.823
505.183 4.833
505.459 4.846
505.735 4.855
506.011 4.860
506.288 4.868
506.564 4.876
506.840 4.880
507.117 4.888
507.393 4.900
507.669 4.911
507.945 4.923
508.222 4.930
508.498 4.931
508.774 4.933
509.050 4.932
509.327 4.941
509.603 4.950
509.879 4.952
510.155 4.950
510.432 4.963
510.708 4.969
510.984 4.972
511.261 4.986
511.537 4.993
511.813 5.001
512.089 5.007
512.366 5.011
512.642 5.017
512.918 5.019
513.194 5.018
513.471 5.017
513.747 5.021
514.023 5.034
514.299 5.047
514.576 5.055
514.852 5.062
515.128 5.076
515.405 5.083
515.681 5.087
515.957 5.099
516.233 5.106
516.510 5.107
516.786 5.112
517.062 5.111
517.338 5.110
517.615 5.107
517.891 5.113
518.167 5.126
518.443 5.124
518.720 5.116
518.996 5.112
519.272 5.111
519.548 5.108
519.825 5.106
520.101 5.117
520.377 5.134
520.654 5.142
520.930 5.145
521.206 5.158
521.482 5.165
521.759 5.165
522.035 5.162
522.311 5.162
522.587 5.165
522.864 5.172
523.140 5.171
523.416 5.167
523.692 5.166
523.969 5.161
524.245 5.155
524.521 5.156
524.798 5.154
525.074 5.145
525.350 5.143
525.626 5.148
525.903 5.148
526.179 5.138
526.455 5.132
526.731 5.136
527.008 5.148
527.284 5.150
527.560 5.150
527.836 5.148
528.113 5.147
528.389 5.151
528.665 5.151
528.942 5.148
529.218 5.156
529.494 5.182
529.770 5.185
530.047 5.183
530.323 5.184
530.599 5.184
530.875 5.185
531.152 5.182
531.428 5.178
531.704 5.176
531.980 5.165
532.257 5.162
532.533 5.163
532.809 5.163
533.086 5.167
533.362 5.171
533.638 5.175
533.914 5.175
534.191 5.171
534.467 5.170
534.743 5.171
535.019 5.169
535.296 5.173
535.572 5.181
535.848 5.187
536.124 5.188
536.401 5.190
536.677 5.189
536.953 5.185
537.230 5.179
537.506 5.181
537.782 5.191
538.058 5.193
538.335 5.194
538.611 5.195
538.887 5.195
539.163 5.195
539.440 5.199
539.716 5.198
539.992 5.202
540.268 5.215
540.545 5.221
540.821 5.223
541.097 5.224
541.373 5.225
541.650 5.233
541.926 5.237
542.202 5.241
542.479 5.246
542.755 5.255
543.031 5.263
543.307 5.268
543.584 5.271
543.860 5.269
544.136 5.269
544.412 5.272
544.689 5.282
544.965 5.284
545.241 5.284
545.517 5.290
545.794 5.298
546.070 5.295
546.356 5.278
546.642 5.277
546.928 5.284
547.214 5.287
547.500 5.290
547.786 5.298
548.072 5.310
548.358 5.327
548.644 5.342
548.930 5.356
549.216 5.368
549.502 5.377
549.788 5.385
550.074 5.397
550.360 5.407
550.646 5.414
550.932 5.424
551.218 5.438
551.504 5.455
551.790 5.469
552.076 5.480
552.362 5.491
552.648 5.496
552.934 5.505
553.220 5.524
553.506 5.543
553.793 5.566
554.079 5.589
554.365 5.608
554.651 5.622
554.937 5.634
555.223 5.654
555.509 5.679
555.795 5.695
556.081 5.714
556.367 5.732
556.653 5.755
556.939 5.778
557.225 5.801
557.511 5.817
557.797 5.837
558.083 5.863
558.369 5.893
558.655 5.919
558.941 5.945
559.227 5.976
559.513 6.006
559.799 6.035
560.085 6.064
560.371 6.096
560.657 6.124
560.943 6.152
561.229 6.191
561.515 6.230
561.801 6.264
562.087 6.291
562.373 6.325
562.659 6.365
562.945 6.405
563.231 6.449
563.517 6.483
563.803 6.518
564.089 6.564
564.375 6.613
564.661 6.670
564.947 6.724
565.233 6.770
565.519 6.818
565.805 6.868
566.091 6.920
566.377 6.975
566.663 7.034
566.949 7.092
567.235 7.155
567.521 7.218
567.807 7.285
568.093 7.360
568.379 7.434
568.665 7.510
568.951 7.590
569.237 7.665
569.524 7.742
569.810 7.825
570.096 7.917
570.382 8.013
570.668 8.106
570.954 8.196
571.240 8.288
571.526 8.381
571.812 8.483
572.098 8.592
572.384 8.708
572.670 8.819
572.956 8.927
573.242 9.044
573.528 9.169
573.814 9.297
574.100 9.423
574.386 9.552
574.672 9.687
574.958 9.831
575.244 9.982
575.530 10.135
575.816 10.290
576.102 10.449
576.388 10.609
576.674 10.777
576.960 10.947
577.248 11.123
577.536 11.308
577.824 11.493
578.113 11.687
578.401 11.886
578.689 12.082
578.977 12.289
579.265 12.496
579.553 12.703
579.841 12.918
580.130 13.140
580.418 13.367
580.706 13.595
580.994 13.842
581.282 14.096
581.570 14.353
581.858 14.608
582.147 14.862
582.435 15.120
582.723 15.384
583.011 15.659
583.299 15.936
583.587 16.222
583.875 16.514
584.164 16.803
584.452 17.107
584.740 17.417
585.028 17.729
585.316 18.036
585.604 18.350
585.892 18.674
586.181 18.992
586.469 19.316
586.757 19.654
587.045 19.994
587.333 20.334
587.621 20.673
587.909 21.016
588.198 21.358
588.486 21.712
588.774 22.074
589.062 22.438
589.350 22.801
589.638 23.172
589.927 23.548
590.215 23.922
590.503 24.308
590.791 24.706
591.079 25.105
591.367 25.504
591.655 25.904
591.944 26.308
592.232 26.708
592.520 27.113
592.808 27.526
593.096 27.943
593.384 28.356
593.672 28.774
593.961 29.190
594.249 29.609
594.537 30.035
594.825 30.455
595.113 30.874
595.401 31.296
595.689 31.721
595.978 32.148
596.266 32.572
596.554 32.992
596.842 33.424
597.130 33.870
597.418 34.314
597.706 34.750
597.995 35.181
598.283 35.620
598.571 36.053
598.859 36.477
599.147 36.904
599.435 37.339
599.723 37.776
600.012 38.210
600.300 38.649
600.588 39.087
600.876 39.531
601.164 39.968
601.452 40.400
601.740 40.833
602.029 41.266
602.317 41.700
602.605 42.126
602.893 42.552
603.181 42.977
603.469 43.408
603.757 43.835
604.046 44.250
604.334 44.664
604.622 45.082
604.910 45.500
605.198 45.918
605.486 46.339
605.774 46.751
606.063 47.166
606.351 47.589
606.639 48.006
606.927 48.415
607.215 48.821
607.503 49.228
607.791 49.642
608.080 50.045
608.368 50.447
608.656 50.862
608.944 51.276
609.232 51.680
609.520 52.073
609.808 52.470
610.097 52.870
610.385 53.268
610.673 53.666
610.961 54.059
611.249 54.438
611.537 54.819
611.825 55.192
612.114 55.553
612.402 55.929
612.690 56.306
612.978 56.676
613.266 57.035
613.554 57.396
613.843 57.762
614.131 58.124
614.419 58.478
614.707 58.822
614.995 59.166
615.283 59.517
615.571 59.885
615.860 60.243
616.148 60.579
616.436 60.926
616.724 61.263
617.012 61.591
617.300 61.912
617.588 62.232
617.877 62.550
618.165 62.853
618.453 63.153
618.741 63.459
619.029 63.759
619.317 64.050
619.605 64.336
619.894 64.620
620.182 64.914
620.470 65.203
620.758 65.482
621.046 65.748
621.334 66.026
621.622 66.303
621.911 66.580
622.199 66.857
622.487 67.116
622.775 67.366
623.063 67.623
623.351 67.874
623.639 68.123
623.928 68.360
624.216 68.598
624.504 68.830
624.792 69.052
625.080 69.282
625.368 69.497
625.656 69.711
625.945 69.916
626.233 70.098
626.521 70.275
626.809 70.469
627.097 70.667
627.385 70.858
627.673 71.023
627.962 71.185
628.250 71.335
628.538 71.488
628.826 71.649
629.114 71.823
629.402 71.992
629.690 72.168
629.979 72.325
630.267 72.474
630.555 72.635
630.843 72.787
631.131 72.919
631.419 73.057
631.707 73.194
631.996 73.329
632.284 73.457
632.572 73.577
632.860 73.686
633.148 73.771
633.436 73.861
633.724 73.969
634.013 74.075
634.301 74.189
634.589 74.296
634.877 74.397
635.165 74.500
635.453 74.600
635.741 74.695
636.030 74.784
636.318 74.871
636.606 74.955
636.894 75.045
637.182 75.135
637.470 75.209
637.759 75.276
638.047 75.342
638.335 75.414
638.623 75.500
638.911 75.571
639.199 75.639
639.487 75.702
639.776 75.751
640.064 75.822
640.352 75.890
640.640 75.944
640.928 76.011
641.216 76.061
641.504 76.106
641.793 76.152
642.081 76.209
642.369 76.265
642.657 76.298
642.945 76.338
643.233 76.377
643.521 76.404
643.810 76.443
644.098 76.482
644.386 76.513
644.674 76.547
644.962 76.573
645.250 76.595
645.538 76.601
645.827 76.607
646.115 76.603
646.403 76.590
646.691 76.558
646.979 76.534
647.267 76.501
647.555 76.465
647.844 76.441
648.132 76.405
648.420 76.379
648.708 76.362
648.996 76.339
649.284 76.321
649.572 76.306
649.861 76.303
650.149 76.305
650.437 76.307
650.725 76.309
651.013 76.307
651.301 76.300
651.589 76.287
651.878 76.274
652.166 76.273
652.454 76.285
652.742 76.292
653.030 76.285
653.318 76.286
653.606 76.292
653.895 76.293
654.183 76.297
654.471 76.305
654.759 76.302
655.047 76.299
655.335 76.302
655.623 76.308
655.912 76.302
656.200 76.294
656.488 76.287
656.776 76.288
657.064 76.286
657.352 76.289
657.640 76.284
657.929 76.280
658.217 76.276
658.505 76.282
658.793 76.282
659.081 76.278
659.369 76.261
659.657 76.243
659.946 76.229
660.234 76.229
660.522 76.246
660.810 76.257
661.098 76.272
661.386 76.282
661.675 76.300
661.963 76.306
662.251 76.304
662.539 76.314
662.827 76.339
663.115 76.371
663.403 76.398
663.692 76.425
663.980 76.470
664.268 76.531
664.556 76.585
664.844 76.645
665.132 76.706
665.420 76.748
665.709 76.796
665.997 76.833
666.285 76.879
666.573 76.924
666.861 76.956
667.149 76.994
667.437 77.008
667.726 77.024
668.014 77.045
668.302 77.057
668.590 77.068
668.878 77.082
669.166 77.092
669.454 77.087
669.743 77.083
670.031 77.077
670.319 77.077
670.607 77.088
670.895 77.101
671.183 77.105
671.471 77.104
671.760 77.099
672.048 77.093
672.336 77.101
672.624 77.112
672.912 77.128
673.200 77.142
673.488 77.151
673.777 77.152
674.065 77.150
674.353 77.138
674.641 77.132
674.929 77.137
675.217 77.138
675.505 77.132
675.794 77.129
676.082 77.115
676.370 77.113
676.658 77.118
676.946 77.139
677.234 77.157
677.522 77.164
677.811 77.162
678.099 77.150
678.387 77.156
678.675 77.168
678.963 77.151
679.251 77.121
679.539 77.113
679.828 77.128
680.116 77.137
680.404 77.135
680.692 77.125
680.980 77.122
681.268 77.124
681.556 77.108
681.845 77.079
682.133 77.053
682.421 77.038
682.709 77.023
682.997 77.007
683.285 76.995
683.573 76.997
683.862 76.987
684.150 76.974
684.438 76.974
684.726 76.968
685.014 76.985
685.302 76.985
685.591 76.982
685.879 76.988
686.167 76.996
686.455 77.004
686.743 77.015
687.031 77.020
687.319 77.014
687.608 77.010
687.896 77.009
688.184 76.996
688.472 76.980
688.760 76.980
689.048 76.975
689.336 76.964
689.625 76.957
689.913 76.945
690.201 76.936
690.489 76.913
690.777 76.895
691.065 76.890
691.353 76.873
691.642 76.862
691.930 76.853
692.218 76.838
692.506 76.832
692.794 76.832
693.082 76.826
693.370 76.821
693.659 76.826
693.947 76.817
694.235 76.804
694.523 76.787
694.811 76.781
695.099 76.791
695.387 76.782
695.676 76.755
695.964 76.723
696.252 76.718
696.540 76.745
696.836 76.777
697.133 76.781
697.429 76.749
697.725 76.711
698.021 76.697
698.318 76.701
698.614 76.706
698.910 76.720
699.207 76.733
699.503 76.734
699.799 76.732
700.095 76.721
700.392 76.719
700.688 76.712
700.984 76.709
701.281 76.712
701.577 76.712
701.873 76.719
702.169 76.711
702.466 76.705
702.762 76.686
703.058 76.665
703.355 76.647
703.651 76.633
703.947 76.612
704.243 76.603
704.540 76.592
704.836 76.589
705.132 76.603
705.428 76.594
705.725 76.567
706.021 76.555
706.317 76.547
706.614 76.524
706.910 76.516
707.206 76.528
707.502 76.528
707.799 76.538
708.095 76.549
708.391 76.545
708.688 76.545
708.984 76.528
709.280 76.518
709.576 76.519
709.873 76.539
710.169 76.551
710.465 76.548
710.762 76.526
711.058 76.521
711.354 76.520
711.650 76.521
711.947 76.537
712.243 76.545
712.539 76.552
712.836 76.559
713.132 76.534
713.428 76.519
713.724 76.538
714.021 76.536
714.317 76.513
714.613 76.460
714.910 76.412
715.206 76.394
715.502 76.383
715.798 76.371
716.095 76.361
716.391 76.358
716.687 76.353
716.984 76.344
717.280 76.339
717.576 76.334
717.872 76.330
718.169 76.321
718.465 76.316
718.761 76.308
719.058 76.291
719.354 76.268
719.650 76.253
719.946 76.216
720.243 76.192
720.539 76.184
720.835 76.161
721.131 76.143
721.428 76.135
721.724 76.139
722.020 76.149
722.317 76.142
722.613 76.114
722.909 76.091
723.205 76.071
723.502 76.051
723.798 76.063
724.094 76.076
724.391 76.073
724.687 76.076
724.983 76.077
725.279 76.065
725.576 76.059
725.872 76.033
726.168 76.007
726.465 75.981
726.761 75.965
727.057 75.977
727.353 75.997
727.650 75.998
727.946 75.979
728.242 75.960
728.539 75.945
728.835 75.951
729.131 75.949
729.427 75.936
729.724 75.899
730.020 75.874
730.316 75.864
730.613 75.828
730.909 75.793
731.205 75.792
731.501 75.798
731.798 75.787
732.094 75.777
732.390 75.761
732.687 75.759
732.983 75.758
733.279 75.759
733.575 75.764
733.872 75.771
734.168 75.770
734.464 75.766
734.761 75.744
735.057 75.719
735.353 75.709
735.649 75.710
735.946 75.712
736.242 75.727
736.538 75.723
736.835 75.742
737.131 75.756
737.427 75.780
737.723 75.799
738.020 75.806
738.316 75.818
738.612 75.812
738.909 75.813
739.205 75.833
739.501 75.842
739.797 75.844
740.094 75.853
740.390 75.849
740.686 75.876
740.982 75.897
741.279 75.892
741.575 75.905
741.871 75.897
742.168 75.878
742.464 75.870
742.760 75.878
743.056 75.888
743.353 75.894
743.649 75.893
743.945 75.900
744.242 75.905
744.538 75.903
744.834 75.888
745.130 75.871
745.427 75.859
745.723 75.858
746.019 75.839
746.316 75.833
746.612 75.825
746.908 75.807
747.204 75.793
747.501 75.783
747.797 75.775
748.093 75.753
748.390 75.740
748.686 75.753
748.982 75.748
749.278 75.728
749.575 75.695
749.871 75.663
750.167 75.653
750.464 75.628
750.760 75.613
751.056 75.601
751.352 75.566
751.649 75.550
751.945 75.551
752.241 75.561
752.538 75.558
752.834 75.564
753.130 75.553
753.426 75.546
753.723 75.546
754.019 75.526
754.315 75.494
754.611 75.484
754.908 75.459
755.204 75.452
755.500 75.423
755.797 75.392
756.093 75.388
756.389 75.374
756.685 75.359
756.982 75.366
757.278 75.359
757.574 75.334
757.871 75.299
758.167 75.261
758.463 75.251
758.759 75.245
759.056 75.227
759.352 75.218
759.648 75.190
759.945 75.179
760.241 75.177
760.537 75.180
760.833 75.169
761.130 75.152
761.426 75.141
761.722 75.131
762.019 75.114
762.315 75.102
762.611 75.114
762.907 75.133
763.204 75.138
763.500 75.109
763.804 75.077
764.108 75.095
764.412 75.103
764.716 75.110
765.020 75.117
765.324 75.135
765.628 75.140
765.932 75.149
766.236 75.140
766.540 75.119
766.844 75.100
767.148 75.095
767.452 75.080
767.756 75.073
768.060 75.063
768.364 75.052
768.668 75.063
768.972 75.045
769.276 75.047
769.580 75.053
769.884 75.052
770.188 75.063
770.492 75.043
770.796 75.021
771.100 75.000
771.404 74.988
771.708 74.961
772.012 74.935
772.316 74.935
772.620 74.927
772.924 74.910
773.228 74.883
773.532 74.840
773.836 74.828
774.140 74.829
774.444 74.816
774.748 74.804
775.052 74.810
775.356 74.815
775.659 74.783
775.963 74.779
776.267 74.782
776.571 74.775
776.875 74.769
777.179 74.747
777.483 74.724
777.787 74.722
778.091 74.727
778.395 74.729
778.699 74.734
779.003 74.702
779.307 74.650
779.611 74.612
779.915 74.586
780.219 74.576
780.523 74.570
780.827 74.554
781.131 74.558
781.435 74.560
781.739 74.561
782.043 74.579
782.347 74.585
782.651 74.558
782.955 74.527
783.259 74.511
783.563 74.491
783.867 74.452
784.171 74.429
784.475 74.415
784.779 74.418
785.083 74.427
785.387 74.397
785.691 74.375
785.995 74.380
786.299 74.384
786.603 74.403
786.907 74.410
787.211 74.404
787.515 74.442
787.819 74.433
788.123 74.417
788.427 74.393
788.731 74.359
789.035 74.355
789.339 74.342
789.643 74.330
789.947 74.329
790.251 74.334
790.555 74.363
790.859 74.368
791.163 74.375
791.467 74.395
791.771 74.419
792.075 74.431
792.379 74.439
792.683 74.441
792.987 74.466
793.291 74.454
793.595 74.419
793.899 74.410
794.203 74.424
794.507 74.438
794.811 74.444
795.115 74.435
795.419 74.403
795.723 74.371
796.027 74.372
796.331 74.379
796.635 74.400
796.939 74.383
797.243 74.341
797.547 74.350
797.851 74.363
798.155 74.374
798.459 74.372
798.763 74.361
799.067 74.346
799.371 74.340
799.674 74.329
799.978 74.330
800.282 74.323
800.586 74.297
800.890 74.275
801.194 74.270
801.498 74.290
801.802 74.298
802.106 74.319
802.410 74.352
802.714 74.382
803.018 74.383
803.322 74.357
803.626 74.318
803.930 74.341
804.234 74.358
804.538 74.360
804.842 74.368
805.146 74.327
805.450 74.305
805.754 74.313
806.058 74.283
806.362 74.292
806.666 74.305
806.970 74.328
807.274 74.333
807.578 74.322
807.882 74.300
808.186 74.295
808.490 74.301
808.794 74.308
809.098 74.291
809.402 74.295
809.706 74.299
810.010 74.260
810.314 74.254
810.618 74.259
810.922 74.230
811.226 74.212
811.530 74.188
811.834 74.195
812.137 74.210
812.441 74.213
812.744 74.218
813.048 74.200
813.351 74.202
813.655 74.202
813.958 74.208
814.262 74.255
814.565 74.237
814.869 74.198
815.172 74.162
815.476 74.131
815.779 74.138
816.083 74.160
816.386 74.159
816.690 74.130
816.993 74.094
817.297 74.063
817.600 74.067
817.904 74.044
818.208 74.011
818.511 73.966
818.815 73.927
819.118 73.922
819.422 73.926
819.725 73.925
820.029 73.902
820.332 73.881
820.636 73.873
820.939 73.852
821.243 73.811
821.546 73.806
821.850 73.841
822.153 73.901
822.457 73.920
822.760 73.915
823.064 73.901
823.367 73.883
823.671 73.901
823.974 73.912
824.278 73.893
824.582 73.895
824.885 73.873
825.189 73.876
825.492 73.869
825.796 73.858
826.099 73.840
826.403 73.848
826.706 73.859
827.010 73.847
827.313 73.808
827.617 73.767
827.920 73.739
828.224 73.707
828.527 73.693
828.831 73.650
829.134 73.627
829.438 73.646
829.741 73.641
830.045 73.616
830.348 73.554
830.652 73.522
830.956 73.538
831.259 73.532
831.563 73.526
831.866 73.505
832.170 73.490
832.473 73.482
832.777 73.452
833.080 73.454
833.384 73.479
833.687 73.471
833.991 73.475
834.294 73.465
834.598 73.423
834.901 73.393
835.205 73.377
835.508 73.363
835.812 73.382
836.115 73.399
836.419 73.420
836.722 73.411
837.026 73.423
837.330 73.416
837.633 73.412
837.937 73.374
838.240 73.351
838.544 73.356
838.847 73.349
839.151 73.339
839.454 73.324
839.758 73.304
840.061 73.287
840.365 73.254
840.668 73.238
840.972 73.248
841.275 73.241
841.579 73.236
841.882 73.224
842.186 73.181
842.489 73.147
842.793 73.131
843.097 73.146
843.400 73.150
843.704 73.102
844.007 73.084
844.311 73.114
844.614 73.126
844.918 73.136
845.221 73.134
845.525 73.126
845.828 73.103
846.132 73.078
846.435 73.064
846.739 73.057
847.042 73.073
847.346 73.129
847.649 73.147
847.953 73.113
848.256 73.086
848.560 73.098
848.863 73.148
849.167 73.122
849.471 73.046
849.774 73.031
850.078 73.025
850.381 73.004
850.685 73.004
850.988 73.022
851.292 73.026
851.595 73.003
851.899 72.950
852.202 72.949
852.506 72.949
852.809 72.940
853.113 72.926
853.416 72.917
853.720 72.915
854.023 72.932
854.327 72.900
854.630 72.844
854.934 72.805
855.237 72.770
855.541 72.711
855.845 72.689
856.148 72.680
856.452 72.709
856.755 72.676
857.059 72.639
857.362 72.630
857.666 72.586
857.969 72.541
858.273 72.511
858.576 72.488
858.880 72.453
859.183 72.371
859.487 72.309
859.790 72.286
860.094 72.272
860.397 72.257
860.701 72.287
861.004 72.292
861.308 72.271
861.611 72.221
861.915 72.188
862.219 72.173
862.522 72.146
862.826 72.063
863.129 72.037
863.433 72.011
863.736 71.972
864.040 71.960
864.343 71.978
864.647 71.990
864.950 71.982
865.254 71.967
865.557 71.928
865.861 71.863
866.164 71.845
866.468 71.828
866.771 71.804
867.075 71.782
867.378 71.718
867.682 71.711
867.985 71.704
868.289 71.674
868.593 71.662
868.896 71.672
869.200 71.670
869.503 71.641
869.807 71.590
870.110 71.578
870.414 71.594
870.717 71.561
871.021 71.516
871.324 71.487
871.628 71.502
871.931 71.535
872.235 71.516
872.538 71.464
872.842 71.445
873.145 71.414
873.449 71.399
873.752 71.432
874.056 71.442
874.359 71.436
874.663 71.447
874.967 71.449
875.270 71.486
875.574 71.488
875.877 71.448
876.181 71.430
876.484 71.421
876.788 71.417
877.091 71.412
877.395 71.404
877.698 71.390
878.002 71.342
878.305 71.303
878.609 71.284
878.912 71.281
879.216 71.248
879.519 71.225
879.823 71.208
880.126 71.203
880.430 71.216
880.733 71.227
881.037 71.193
881.341 71.186
881.644 71.152
881.948 71.120
882.251 71.148
882.555 71.149
882.858 71.134
883.162 71.121
883.465 71.113
883.769 71.112
884.072 71.103
884.376 71.100
884.679 71.063
884.983 71.013
885.286 70.998
885.590 70.983
885.893 71.009
886.197 71.014
886.500 71.008
886.804 70.992
887.107 70.954
887.411 70.905
887.715 70.888
888.018 70.860
888.322 70.881
888.625 70.903
888.929 70.860
889.232 70.850
889.536 70.854
889.839 70.828
890.143 70.776
890.446 70.726
890.750 70.738
891.053 70.741
891.357 70.695
891.660 70.679
891.964 70.635
892.267 70.560
892.571 70.547
892.874 70.546
893.178 70.490
893.482 70.438
893.785 70.391
894.089 70.376
894.392 70.385
894.696 70.357
894.999 70.344
895.303 70.335
895.606 70.278
895.910 70.252
896.213 70.239
896.517 70.231
896.820 70.232
897.124 70.211
897.427 70.215
897.731 70.237
898.034 70.261
898.338 70.241
898.641 70.188
898.945 70.148
899.248 70.121
899.552 70.124
899.856 70.103
900.159 70.101
900.463 70.124
900.766 70.058
901.070 70.031
901.373 70.023
901.677 69.999
901.980 69.957
902.284 69.930
902.587 69.903
902.891 69.873
903.194 69.847
903.498 69.868
903.801 69.874
904.105 69.847
904.408 69.831
904.712 69.817
905.015 69.772
905.319 69.730
905.622 69.717
905.926 69.705
906.230 69.672
906.533 69.632
906.837 69.552
907.140 69.507
907.444 69.520
907.747 69.510
908.051 69.499
908.354 69.518
908.658 69.526
908.961 69.501
909.265 69.424
909.568 69.398
909.872 69.415
910.175 69.378
910.479 69.351
910.782 69.358
911.086 69.328
911.389 69.313
911.693 69.300
911.996 69.269
912.300 69.287
912.613 69.274
912.926 69.189
913.238 69.191
913.551 69.155
913.864 69.094
914.176 69.096
914.489 69.100
914.802 69.080
915.115 69.043
915.427 68.992
915.740 68.979
916.053 68.929
916.366 68.815
916.678 68.735
916.991 68.697
917.304 68.697
917.617 68.690
917.929 68.728
918.242 68.708
918.555 68.690
918.868 68.685
919.180 68.642
919.493 68.643
919.806 68.589
920.119 68.519
920.431 68.448
920.744 68.373
921.057 68.309
921.370 68.312
921.682 68.282
921.995 68.244
922.308 68.207
922.621 68.180
922.933 68.178
923.246 68.132
923.559 68.064
923.872 68.052
924.184 68.074
924.497 68.017
924.810 67.979
925.123 67.967
925.435 68.003
925.748 67.978
926.061 67.913
926.374 67.837
926.686 67.815
926.999 67.829
927.312 67.827
927.625 67.813
927.937 67.775
928.250 67.777
928.563 67.752
928.876 67.739
929.188 67.795
929.501 67.817
929.814 67.815
930.127 67.763
930.439 67.701
930.752 67.688
931.065 67.667
931.378 67.578
931.690 67.478
932.003 67.448
932.316 67.389
932.629 67.289
932.941 67.258
933.254 67.239
933.567 67.143
933.880 67.067
934.192 67.063
934.505 67.027
934.818 66.974
935.131 66.961
935.443 66.983
935.756 66.966
936.069 66.952
936.382 66.925
936.694 66.922
937.007 66.869
937.320 66.790
937.633 66.744
937.945 66.705
938.258 66.586
938.571 66.456
938.884 66.413
939.196 66.402
939.509 66.409
939.822 66.373
940.135 66.308
940.447 66.208
940.760 66.126
941.073 66.072
941.386 66.004
941.698 65.959
942.011 65.893
942.324 65.832
942.637 65.781
942.949 65.730
943.262 65.658
943.575 65.622
943.888 65.574
944.200 65.487
944.513 65.377
944.826 65.360
945.139 65.334
945.451 65.244
945.764 65.107
946.077 65.017
946.390 64.911
946.702 64.827
947.015 64.789
947.328 64.748
947.641 64.738
947.953 64.701
948.266 64.584
948.579 64.468
948.892 64.321
949.204 64.246
949.517 64.172
949.830 64.093
950.143 64.042
950.455 64.055
950.768 64.052
951.081 64.011
951.394 63.980
951.706 64.058
952.019 64.037
952.332 64.003
952.645 63.979
952.957 63.962
953.270 63.999
953.583 64.022
953.896 63.985
954.208 63.901
954.521 63.874
954.834 63.858
955.147 63.791
955.459 63.691
955.772 63.602
956.085 63.540
956.398 63.524
956.710 63.494
957.023 63.405
957.336 63.429
957.649 63.435
957.961 63.465
958.274 63.463
958.587 63.411
958.900 63.412
959.212 63.374
959.525 63.232
959.838 63.186
960.151 63.194
960.463 63.164
960.776 63.078
961.089 63.000
961.402 62.940
961.714 62.901
962.027 62.820
962.340 62.749
962.653 62.700
962.965 62.684
963.278 62.647
963.591 62.571
963.904 62.507
964.216 62.479
964.529 62.497
964.842 62.458
965.154 62.398
965.467 62.377
965.780 62.346
966.094 62.258
966.409 62.197
966.723 62.102
967.037 62.006
967.352 61.947
967.666 61.962
967.980 62.063
968.295 62.071
968.609 62.033
968.923 61.938
969.238 61.835
969.552 61.719
969.866 61.760
970.181 61.775
970.495 61.709
970.809 61.565
971.124 61.519
971.438 61.415
971.752 61.444
972.067 61.465
972.381 61.305
972.695 61.191
973.010 61.177
973.324 61.174
973.638 61.070
973.953 61.011
974.267 61.025
974.581 61.043
974.896 60.964
975.210 60.888
975.524 60.809
975.839 60.771
976.153 60.847
976.467 60.917
976.781 60.964
977.096 60.870
977.410 60.774
977.724 60.784
978.039 60.745
978.353 60.753
978.667 60.927
978.982 61.023
979.296 61.044
979.610 61.060
979.925 61.009
980.239 60.956
980.553 60.872
980.868 60.818
981.182 60.826
981.496 60.896
981.811 60.880
982.125 60.805
982.439 60.770
982.754 60.809
983.068 60.807
983.382 60.826
983.697 60.838
984.011 60.876
984.325 60.863
984.640 60.817
984.954 60.771
985.268 60.756
985.583 60.742
985.897 60.791
986.211 60.860
986.526 60.859
986.840 60.870
987.154 60.911
987.469 60.910
987.783 60.884
988.097 60.913
988.412 60.932
988.726 60.892
989.040 60.710
989.355 60.621
989.669 60.638
989.983 60.669
990.298 60.631
990.612 60.734
990.926 60.740
991.241 60.769
991.555 60.861
991.869 60.872
992.184 60.820
992.498 60.795
992.812 60.792
993.127 60.761
993.441 60.699
993.755 60.637
994.070 60.643
994.384 60.712
994.698 60.771
995.013 60.818
995.327 60.728
995.641 60.578
995.956 60.504
996.270 60.405
996.584 60.362
996.899 60.397
997.213 60.507
997.527 60.462
997.841 60.314
998.156 60.182
998.470 59.985
998.784 59.900
999.099 59.966
999.413 59.952
999.727 60.023
