200.182 83.590
200.437 83.038
200.691 82.572
200.946 81.915
201.201 81.009
201.455 80.255
201.710 79.532
201.964 78.741
202.219 78.005
202.474 77.332
202.728 76.635
202.983 75.947
203.237 75.241
203.492 74.320
203.747 73.217
204.001 72.238
204.256 71.298
204.510 70.253
204.765 69.356
205.020 68.560
205.274 67.771
205.529 66.970
205.783 66.042
206.038 65.027
206.293 63.910
206.547 62.775
206.802 61.697
207.057 60.887
207.311 60.003
207.566 59.151
207.820 58.291
208.075 57.377
208.330 56.440
208.584 55.631
208.839 54.937
209.093 54.127
209.348 53.157
209.603 52.427
209.857 51.445
210.112 50.525
210.366 49.631
210.621 48.703
210.876 47.888
211.130 47.211
211.385 46.589
211.639 45.805
211.894 44.853
212.149 44.018
212.403 43.310
212.658 42.593
212.913 41.901
213.167 41.252
213.422 40.614
213.676 39.901
213.931 39.205
214.186 38.486
214.440 37.766
214.695 37.109
214.949 36.678
215.204 36.089
215.459 35.459
215.713 34.864
215.968 34.201
216.222 33.442
216.477 32.773
216.732 32.303
216.986 31.831
217.241 31.273
217.495 30.688
217.750 30.137
218.005 29.685
218.259 29.227
218.514 28.701
218.769 28.109
219.023 27.588
219.278 27.104
219.532 26.601
219.787 26.110
220.042 25.695
220.296 25.301
220.551 24.860
220.805 24.491
221.060 24.082
221.315 23.697
221.569 23.264
221.824 22.861
222.078 22.581
222.333 22.299
222.588 21.962
222.842 21.591
223.097 21.251
223.351 20.882
223.606 20.411
223.861 19.959
224.115 19.589
224.370 19.232
224.625 18.866
224.879 18.516
225.134 18.095
225.388 17.726
225.643 17.375
225.898 17.038
226.152 16.702
226.407 16.375
226.661 15.997
226.916 15.664
227.171 15.310
227.425 14.985
227.680 14.672
227.934 14.405
228.189 14.109
228.444 13.829
228.698 13.548
228.953 13.247
229.208 12.967
229.462 12.689
229.717 12.482
229.971 12.262
230.226 12.071
230.481 11.837
230.735 11.627
230.990 11.433
231.244 11.229
231.499 11.047
231.754 10.893
232.008 10.742
232.263 10.611
232.517 10.458
232.772 10.334
233.027 10.183
233.281 10.002
233.536 9.844
233.790 9.690
234.045 9.562
234.300 9.447
234.554 9.334
234.809 9.206
235.064 9.098
235.318 9.014
235.573 8.919
235.827 8.804
236.082 8.692
236.337 8.600
236.591 8.509
236.846 8.419
237.100 8.330
237.355 8.273
237.610 8.214
237.864 8.123
238.119 8.060
238.373 7.993
238.628 7.923
238.883 7.879
239.137 7.830
239.392 7.778
239.646 7.741
239.901 7.708
240.156 7.670
240.410 7.650
240.665 7.622
240.920 7.581
241.174 7.553
241.429 7.533
241.683 7.508
241.938 7.468
242.193 7.439
242.447 7.423
242.702 7.410
242.956 7.395
243.211 7.368
243.466 7.338
243.720 7.328
243.975 7.320
244.229 7.310
244.484 7.294
244.739 7.280
244.993 7.279
245.248 7.275
245.503 7.269
245.757 7.261
246.012 7.250
246.266 7.238
246.521 7.234
246.776 7.241
247.030 7.238
247.285 7.230
247.539 7.224
247.794 7.218
248.049 7.208
248.303 7.195
248.558 7.198
248.812 7.195
249.067 7.173
249.322 7.164
249.576 7.163
249.831 7.159
250.085 7.149
250.340 7.148
250.595 7.155
250.849 7.160
251.104 7.157
251.359 7.158
251.613 7.166
251.868 7.174
252.122 7.169
252.377 7.168
252.632 7.179
252.886 7.172
253.141 7.157
253.395 7.158
253.650 7.160
253.905 7.160
254.161 7.158
254.416 7.152
254.672 7.158
254.927 7.169
255.183 7.168
255.438 7.165
255.694 7.170
255.949 7.176
256.205 7.176
256.460 7.176
256.715 7.173
256.971 7.180
257.226 7.185
257.482 7.190
257.737 7.192
257.993 7.189
258.248 7.187
258.504 7.182
258.759 7.178
259.014 7.182
259.270 7.178
259.525 7.167
259.781 7.169
260.036 7.185
260.292 7.192
260.547 7.190
260.803 7.193
261.058 7.199
261.314 7.204
261.569 7.210
261.824 7.216
262.080 7.219
262.335 7.220
262.591 7.232
262.846 7.236
263.102 7.236
263.357 7.238
263.613 7.242
263.868 7.248
264.123 7.255
264.379 7.256
264.634 7.259
264.890 7.252
265.145 7.256
265.401 7.258
265.656 7.257
265.912 7.250
266.167 7.243
266.423 7.234
266.678 7.234
266.933 7.234
267.189 7.228
267.444 7.221
267.700 7.220
267.955 7.212
268.211 7.197
268.466 7.201
268.722 7.208
268.977 7.216
269.232 7.223
269.488 7.220
269.743 7.217
269.999 7.221
270.254 7.222
270.510 7.216
270.765 7.215
271.021 7.214
271.276 7.210
271.532 7.207
271.787 7.206
272.042 7.202
272.298 7.197
272.553 7.183
272.809 7.171
273.064 7.171
273.320 7.176
273.575 7.182
273.831 7.177
274.086 7.174
274.342 7.171
274.597 7.167
274.852 7.167
275.108 7.174
275.363 7.175
275.619 7.158
275.874 7.146
276.130 7.141
276.385 7.136
276.641 7.136
276.896 7.132
277.151 7.130
277.407 7.124
277.662 7.110
277.918 7.095
278.173 7.081
278.429 7.073
278.684 7.070
278.940 7.065
279.195 7.057
279.451 7.050
279.706 7.029
279.961 7.018
280.217 7.012
280.472 7.012
280.728 7.008
280.983 7.006
281.239 7.003
281.494 7.003
281.750 7.005
282.005 7.005
282.260 7.008
282.516 6.996
282.771 6.983
283.027 6.974
283.282 6.969
283.538 6.962
283.793 6.957
284.049 6.944
284.304 6.931
284.560 6.916
284.815 6.897
285.070 6.883
285.326 6.879
285.581 6.873
285.837 6.855
286.092 6.843
286.348 6.836
286.603 6.833
286.859 6.829
287.114 6.824
287.369 6.816
287.625 6.813
287.880 6.810
288.136 6.815
288.391 6.818
288.647 6.812
288.902 6.798
289.158 6.788
289.413 6.788
289.669 6.790
289.924 6.795
290.179 6.797
290.435 6.793
290.690 6.783
290.946 6.772
291.201 6.771
291.457 6.771
291.712 6.767
291.968 6.767
292.223 6.758
292.479 6.751
292.734 6.737
292.989 6.732
293.245 6.737
293.500 6.745
293.756 6.742
294.011 6.743
294.267 6.740
294.522 6.730
294.778 6.730
295.033 6.735
295.288 6.741
295.544 6.738
295.799 6.733
296.055 6.728
296.310 6.729
296.566 6.734
296.821 6.740
297.077 6.740
297.332 6.732
297.588 6.721
297.843 6.710
298.098 6.707
298.354 6.711
298.609 6.709
298.865 6.708
299.120 6.715
299.376 6.715
299.631 6.712
299.887 6.715
300.142 6.718
300.397 6.720
300.653 6.727
300.908 6.730
301.164 6.732
301.419 6.742
301.675 6.745
301.930 6.742
302.186 6.738
302.441 6.736
302.697 6.730
302.952 6.728
303.207 6.730
303.463 6.735
303.718 6.732
303.974 6.730
304.229 6.736
304.485 6.741
304.740 6.744
304.996 6.746
305.251 6.752
305.506 6.752
305.762 6.752
306.017 6.753
306.273 6.762
306.528 6.770
306.784 6.776
307.039 6.786
307.295 6.785
307.550 6.781
307.806 6.790
308.061 6.800
308.316 6.807
308.572 6.811
308.827 6.811
309.083 6.816
309.338 6.822
309.594 6.824
309.849 6.834
310.105 6.846
310.360 6.855
310.615 6.858
310.871 6.859
311.126 6.862
311.382 6.879
311.637 6.895
311.893 6.899
312.148 6.898
312.404 6.894
312.659 6.899
312.915 6.903
313.170 6.911
313.429 6.924
313.688 6.940
313.947 6.953
314.206 6.961
314.465 6.968
314.724 6.968
314.983 6.975
315.242 6.987
315.501 6.994
315.760 7.009
316.019 7.029
316.278 7.040
316.536 7.046
316.795 7.051
317.054 7.059
317.313 7.070
317.572 7.086
317.831 7.110
318.090 7.130
318.349 7.140
318.608 7.155
318.867 7.164
319.126 7.169
319.385 7.184
319.644 7.203
319.903 7.218
320.162 7.232
320.421 7.246
320.680 7.256
320.939 7.265
321.198 7.271
321.457 7.278
321.716 7.290
321.975 7.295
322.234 7.305
322.493 7.318
322.752 7.327
323.010 7.342
323.269 7.354
323.528 7.361
323.787 7.371
324.046 7.387
324.305 7.405
324.564 7.423
324.823 7.432
325.082 7.445
325.341 7.464
325.600 7.480
325.859 7.498
326.118 7.520
326.377 7.534
326.636 7.546
326.895 7.566
327.154 7.577
327.413 7.588
327.672 7.598
327.931 7.615
328.190 7.636
328.449 7.653
328.708 7.674
328.967 7.696
329.226 7.718
329.485 7.736
329.743 7.750
330.002 7.765
330.261 7.783
330.520 7.804
330.779 7.820
331.038 7.837
331.297 7.861
331.556 7.877
331.815 7.891
332.074 7.898
332.333 7.916
332.592 7.942
332.851 7.963
333.110 7.981
333.369 7.992
333.628 7.999
333.887 8.004
334.146 8.026
334.405 8.045
334.664 8.065
334.923 8.100
335.182 8.127
335.441 8.138
335.700 8.152
335.959 8.173
336.217 8.196
336.476 8.223
336.735 8.240
336.994 8.263
337.253 8.301
337.512 8.333
337.771 8.358
338.030 8.377
338.289 8.400
338.548 8.424
338.807 8.450
339.066 8.487
339.325 8.508
339.584 8.525
339.843 8.547
340.102 8.565
340.361 8.584
340.620 8.611
340.879 8.632
341.138 8.645
341.397 8.654
341.656 8.670
341.915 8.688
342.174 8.705
342.433 8.737
342.691 8.766
342.950 8.788
343.209 8.812
343.468 8.843
343.727 8.866
343.986 8.892
344.245 8.915
344.504 8.935
344.763 8.956
345.022 8.975
345.281 8.992
345.540 9.009
345.799 9.025
346.058 9.042
346.317 9.061
346.576 9.078
346.835 9.102
347.094 9.129
347.353 9.158
347.612 9.178
347.871 9.207
348.130 9.229
348.389 9.242
348.648 9.254
348.907 9.272
349.166 9.303
349.424 9.325
349.683 9.351
349.942 9.380
350.201 9.401
350.460 9.415
350.719 9.415
350.978 9.417
351.237 9.442
351.496 9.467
351.755 9.480
352.014 9.498
352.273 9.511
352.532 9.523
352.791 9.537
353.050 9.557
353.309 9.574
353.568 9.581
353.827 9.593
354.086 9.602
354.345 9.608
354.604 9.618
354.863 9.615
355.122 9.635
355.381 9.659
355.640 9.671
355.898 9.684
356.157 9.703
356.416 9.717
356.675 9.730
356.934 9.741
357.193 9.768
357.452 9.797
357.711 9.805
357.970 9.823
358.229 9.842
358.488 9.853
358.747 9.857
359.006 9.859
359.265 9.881
359.524 9.916
359.783 9.939
360.042 9.953
360.301 9.969
360.560 9.988
360.819 10.001
361.078 10.013
361.337 10.032
361.596 10.060
361.855 10.086
362.114 10.108
362.372 10.137
362.631 10.158
362.890 10.172
363.149 10.175
363.408 10.186
363.667 10.198
363.926 10.215
364.185 10.236
364.444 10.252
364.703 10.266
364.962 10.269
365.221 10.287
365.480 10.308
365.745 10.310
366.009 10.325
366.274 10.357
366.539 10.380
366.804 10.398
367.068 10.408
367.333 10.415
367.598 10.431
367.863 10.436
368.127 10.446
368.392 10.470
368.657 10.492
368.921 10.491
369.186 10.503
369.451 10.530
369.716 10.555
369.980 10.575
370.245 10.596
370.510 10.618
370.775 10.642
371.039 10.661
371.304 10.671
371.569 10.680
371.834 10.702
372.098 10.716
372.363 10.735
372.628 10.762
372.892 10.790
373.157 10.793
373.422 10.796
373.687 10.816
373.951 10.835
374.216 10.850
374.481 10.867
374.746 10.896
375.010 10.923
375.275 10.933
375.540 10.931
375.804 10.932
376.069 10.944
376.334 10.964
376.599 10.977
376.863 10.989
377.128 11.008
377.393 11.021
377.658 11.034
377.922 11.049
378.187 11.077
378.452 11.096
378.716 11.111
378.981 11.121
379.246 11.136
379.511 11.157
379.775 11.183
380.040 11.205
380.305 11.216
380.570 11.237
380.834 11.262
381.099 11.291
381.364 11.316
381.629 11.333
381.893 11.357
382.158 11.384
382.423 11.393
382.687 11.407
382.952 11.429
383.217 11.450
383.482 11.471
383.746 11.486
384.011 11.506
384.276 11.534
384.541 11.547
384.805 11.550
385.070 11.567
385.335 11.585
385.599 11.606
385.864 11.622
386.129 11.646
386.394 11.671
386.658 11.692
386.923 11.711
387.188 11.718
387.453 11.732
387.717 11.757
387.982 11.771
388.247 11.792
388.511 11.807
388.776 11.815
389.041 11.834
389.306 11.856
389.570 11.867
389.835 11.878
390.100 11.896
390.365 11.919
390.629 11.938
390.894 11.951
391.159 11.969
391.424 11.986
391.688 11.995
391.953 12.014
392.218 12.038
392.482 12.059
392.747 12.077
393.012 12.097
393.277 12.120
393.541 12.148
393.806 12.164
394.071 12.179
394.336 12.185
394.600 12.195
394.865 12.210
395.130 12.228
395.394 12.252
395.659 12.275
395.924 12.289
396.189 12.310
396.453 12.329
396.718 12.351
396.983 12.365
397.248 12.389
397.512 12.407
397.777 12.419
398.042 12.424
398.306 12.426
398.571 12.438
398.836 12.455
399.101 12.471
399.365 12.486
399.630 12.509
399.895 12.533
400.160 12.554
400.424 12.567
400.689 12.594
400.954 12.628
401.219 12.655
401.483 12.674
401.748 12.693
402.013 12.716
402.277 12.733
402.542 12.752
402.807 12.766
403.072 12.787
403.336 12.810
403.601 12.832
403.866 12.854
404.131 12.883
404.395 12.917
404.660 12.947
404.929 12.962
405.198 12.973
405.466 12.995
405.735 13.024
406.004 13.056
406.273 13.086
406.542 13.103
406.810 13.118
407.079 13.134
407.348 13.154
407.617 13.175
407.886 13.201
408.154 13.227
408.423 13.253
408.692 13.278
408.961 13.300
409.229 13.322
409.498 13.354
409.767 13.381
410.036 13.406
410.305 13.429
410.573 13.460
410.842 13.485
411.111 13.510
411.380 13.533
411.649 13.546
411.917 13.557
412.186 13.576
412.455 13.595
412.724 13.615
412.993 13.629
413.261 13.647
413.530 13.659
413.799 13.675
414.068 13.702
414.337 13.737
414.605 13.772
414.874 13.804
415.143 13.833
415.412 13.858
415.681 13.880
415.949 13.897
416.218 13.926
416.487 13.954
416.756 13.981
417.024 14.009
417.293 14.027
417.562 14.043
417.831 14.063
418.100 14.084
418.368 14.110
418.637 14.131
418.906 14.150
419.175 14.185
419.444 14.213
419.712 14.251
419.981 14.281
420.250 14.312
420.519 14.334
420.788 14.338
421.056 14.351
421.325 14.383
421.594 14.412
421.863 14.433
422.132 14.451
422.400 14.463
422.669 14.475
422.938 14.493
423.207 14.521
423.476 14.548
423.744 14.571
424.013 14.600
424.282 14.627
424.551 14.651
424.819 14.665
425.088 14.674
425.357 14.697
425.626 14.723
425.895 14.745
426.163 14.768
426.432 14.798
426.701 14.826
426.970 14.844
427.239 14.862
427.507 14.880
427.776 14.907
428.045 14.943
428.314 14.978
428.583 15.011
428.851 15.038
429.120 15.068
429.389 15.109
429.658 15.147
429.927 15.183
430.195 15.214
430.464 15.241
430.733 15.272
431.002 15.302
431.271 15.332
431.539 15.359
431.808 15.389
432.077 15.429
432.346 15.471
432.614 15.503
432.883 15.533
433.152 15.576
433.421 15.612
433.690 15.642
433.958 15.678
434.227 15.711
434.496 15.742
434.765 15.773
435.034 15.812
435.302 15.841
435.571 15.861
435.840 15.883
436.116 15.909
436.393 15.948
436.669 15.992
436.945 16.033
437.221 16.077
437.498 16.123
437.774 16.167
438.050 16.214
438.326 16.260
438.603 16.306
438.879 16.350
439.155 16.393
439.431 16.430
439.708 16.467
439.984 16.506
440.260 16.549
440.537 16.590
440.813 16.631
441.089 16.674
441.365 16.725
441.642 16.771
441.918 16.820
442.194 16.866
442.470 16.897
442.747 16.931
443.023 16.968
443.299 17.003
443.575 17.050
443.852 17.097
444.128 17.147
444.404 17.197
444.680 17.240
444.957 17.287
445.233 17.333
445.509 17.381
445.786 17.425
446.062 17.462
446.338 17.502
446.614 17.538
446.891 17.582
447.167 17.630
447.443 17.683
447.719 17.723
447.996 17.768
448.272 17.819
448.548 17.868
448.824 17.905
449.101 17.943
449.377 17.991
449.653 18.039
449.930 18.077
450.206 18.121
450.482 18.184
450.758 18.236
451.035 18.287
451.311 18.339
451.587 18.385
451.863 18.435
452.140 18.492
452.416 18.548
452.692 18.609
452.968 18.661
453.245 18.711
453.521 18.760
453.797 18.813
454.074 18.861
454.350 18.905
454.626 18.960
454.902 19.021
455.179 19.079
455.455 19.134
455.731 19.192
456.007 19.251
456.284 19.310
456.560 19.367
456.836 19.423
457.112 19.476
457.389 19.530
457.665 19.588
457.941 19.639
458.218 19.687
458.494 19.750
458.770 19.804
459.046 19.864
459.323 19.936
459.599 20.001
459.875 20.072
460.151 20.142
460.428 20.207
460.704 20.274
460.980 20.336
461.256 20.406
461.533 20.481
461.809 20.548
462.085 20.607
462.361 20.667
462.638 20.730
462.914 20.800
463.190 20.868
463.467 20.942
463.743 21.002
464.019 21.064
464.295 21.127
464.572 21.200
464.848 21.275
465.124 21.350
465.400 21.423
465.677 21.500
465.953 21.578
466.229 21.655
466.505 21.733
466.782 21.805
467.058 21.878
467.334 21.952
467.611 22.028
467.887 22.113
468.163 22.196
468.439 22.272
468.716 22.350
468.992 22.429
469.268 22.506
469.544 22.580
469.821 22.659
470.097 22.728
470.373 22.798
470.649 22.875
470.926 22.956
471.202 23.043
471.478 23.114
471.755 23.181
472.031 23.264
472.307 23.352
472.583 23.429
472.860 23.508
473.136 23.596
473.412 23.686
473.688 23.776
473.965 23.863
474.241 23.944
474.517 24.029
474.793 24.117
475.070 24.205
475.346 24.285
475.622 24.374
475.899 24.464
476.175 24.545
476.451 24.625
476.727 24.700
477.004 24.774
477.280 24.848
477.556 24.932
477.832 25.020
478.109 25.097
478.385 25.170
478.661 25.243
478.937 25.328
479.214 25.422
479.490 25.517
479.766 25.613
480.043 25.707
480.319 25.795
480.595 25.889
480.871 25.986
481.148 26.078
481.424 26.162
481.700 26.252
481.976 26.349
482.253 26.439
482.529 26.533
482.805 26.623
483.081 26.713
483.358 26.805
483.634 26.902
483.910 26.993
484.186 27.089
484.463 27.185
484.739 27.268
485.015 27.360
485.292 27.469
485.568 27.569
485.844 27.668
486.120 27.773
486.397 27.875
486.673 27.971
486.949 28.076
487.225 28.180
487.502 28.276
487.778 28.377
488.054 28.486
488.330 28.605
488.607 28.704
488.883 28.796
489.159 28.892
489.436 29.001
489.712 29.109
489.988 29.213
490.264 29.316
490.541 29.419
490.817 29.522
491.093 29.634
491.369 29.754
491.646 29.872
491.922 29.985
492.198 30.096
492.474 30.203
492.751 30.309
493.027 30.422
493.303 30.535
493.580 30.643
493.856 30.766
494.132 30.895
494.408 31.012
494.685 31.122
494.961 31.229
495.237 31.345
495.513 31.469
495.790 31.593
496.066 31.713
496.342 31.829
496.618 31.948
496.895 32.065
497.171 32.186
497.447 32.306
497.724 32.422
498.000 32.537
498.276 32.667
498.552 32.791
498.829 32.903
499.105 33.026
499.381 33.142
499.657 33.261
499.934 33.379
500.210 33.496
500.486 33.619
500.762 33.748
501.039 33.861
501.315 33.977
501.591 34.107
501.867 34.231
502.144 34.338
502.420 34.451
502.696 34.564
502.973 34.679
503.249 34.797
503.525 34.922
503.801 35.038
504.078 35.154
504.354 35.277
504.630 35.403
504.906 35.515
505.183 35.628
505.459 35.758
505.735 35.884
506.011 36.005
506.288 36.126
506.564 36.249
506.840 36.370
507.117 36.497
507.393 36.623
507.669 36.751
507.945 36.877
508.222 36.996
508.498 37.114
508.774 37.230
509.050 37.349
509.327 37.480
509.603 37.608
509.879 37.737
510.155 37.866
510.432 38.005
510.708 38.128
510.984 38.251
511.261 38.380
511.537 38.513
511.813 38.654
512.089 38.784
512.366 38.910
512.642 39.039
512.918 39.169
513.194 39.293
513.471 39.408
513.747 39.533
514.023 39.663
514.299 39.795
514.576 39.929
514.852 40.066
515.128 40.195
515.405 40.317
515.681 40.443
515.957 40.573
516.233 40.711
516.510 40.848
516.786 40.985
517.062 41.118
517.338 41.242
517.615 41.374
517.891 41.505
518.167 41.643
518.443 41.773
518.720 41.905
518.996 42.039
519.272 42.173
519.548 42.308
519.825 42.442
520.101 42.577
520.377 42.715
520.654 42.858
520.930 42.989
521.206 43.116
521.482 43.243
521.759 43.375
522.035 43.503
522.311 43.627
522.587 43.756
522.864 43.889
523.140 44.017
523.416 44.143
523.692 44.272
523.969 44.399
524.245 44.520
524.521 44.642
524.798 44.765
525.074 44.887
525.350 45.012
525.626 45.155
525.903 45.298
526.179 45.427
526.455 45.551
526.731 45.674
527.008 45.801
527.284 45.930
527.560 46.061
527.836 46.180
528.113 46.303
528.389 46.428
528.665 46.541
528.942 46.656
529.218 46.782
529.494 46.917
529.770 47.037
530.047 47.159
530.323 47.286
530.599 47.403
530.875 47.522
531.152 47.641
531.428 47.768
531.704 47.888
531.980 48.005
532.257 48.131
532.533 48.255
532.809 48.374
533.086 48.497
533.362 48.614
533.638 48.729
533.914 48.853
534.191 48.982
534.467 49.093
534.743 49.206
535.019 49.317
535.296 49.434
535.572 49.557
535.848 49.681
536.124 49.795
536.401 49.916
536.677 50.033
536.953 50.152
537.230 50.268
537.506 50.382
537.782 50.505
538.058 50.629
538.335 50.741
538.611 50.852
538.887 50.960
539.163 51.086
539.440 51.210
539.716 51.321
539.992 51.437
540.268 51.555
540.545 51.669
540.821 51.782
541.097 51.895
541.373 52.009
541.650 52.123
541.926 52.235
542.202 52.342
542.479 52.444
542.755 52.551
543.031 52.663
543.307 52.781
543.584 52.896
543.860 53.014
544.136 53.120
544.412 53.217
544.689 53.323
544.965 53.426
545.241 53.528
545.517 53.639
545.794 53.758
546.070 53.861
546.356 53.949
546.642 54.043
546.928 54.147
547.214 54.259
547.500 54.377
547.786 54.487
548.072 54.596
548.358 54.694
548.644 54.789
548.930 54.882
549.216 54.977
549.502 55.074
549.788 55.173
550.074 55.264
550.360 55.361
550.646 55.458
550.932 55.549
551.218 55.639
551.504 55.736
551.790 55.847
552.076 55.949
552.362 56.044
552.648 56.129
552.934 56.218
553.220 56.307
553.506 56.388
553.793 56.472
554.079 56.565
554.365 56.653
554.651 56.747
554.937 56.836
555.223 56.922
555.509 57.024
555.795 57.125
556.081 57.221
556.367 57.299
556.653 57.379
556.939 57.466
557.225 57.550
557.511 57.628
557.797 57.707
558.083 57.787
558.369 57.877
558.655 57.970
558.941 58.054
559.227 58.130
559.513 58.218
559.799 58.307
560.085 58.382
560.371 58.448
560.657 58.520
560.943 58.590
561.229 58.656
561.515 58.730
561.801 58.808
562.087 58.884
562.373 58.964
562.659 59.045
562.945 59.123
563.231 59.188
563.517 59.259
563.803 59.336
564.089 59.420
564.375 59.498
564.661 59.561
564.947 59.621
565.233 59.688
565.519 59.754
565.805 59.823
566.091 59.895
566.377 59.968
566.663 60.040
566.949 60.107
567.235 60.171
567.521 60.239
567.807 60.307
568.093 60.380
568.379 60.446
568.665 60.512
568.951 60.584
569.237 60.650
569.524 60.713
569.810 60.778
570.096 60.851
570.382 60.921
570.668 60.994
570.954 61.060
571.240 61.121
571.526 61.173
571.812 61.230
572.098 61.292
572.384 61.360
572.670 61.420
572.956 61.466
573.242 61.530
573.528 61.595
573.814 61.660
574.100 61.723
574.386 61.786
574.672 61.849
574.958 61.918
575.244 61.982
575.530 62.047
575.816 62.110
576.102 62.172
576.388 62.241
576.674 62.309
576.960 62.368
577.248 62.419
577.536 62.483
577.824 62.558
578.113 62.615
578.401 62.670
578.689 62.734
578.977 62.803
579.265 62.870
579.553 62.929
579.841 62.984
580.130 63.033
580.418 63.091
580.706 63.155
580.994 63.224
581.282 63.287
581.570 63.340
581.858 63.393
582.147 63.454
582.435 63.505
582.723 63.556
583.011 63.619
583.299 63.675
583.587 63.729
583.875 63.786
584.164 63.838
584.452 63.881
584.740 63.930
585.028 63.985
585.316 64.030
585.604 64.073
585.892 64.128
586.181 64.172
586.469 64.208
586.757 64.244
587.045 64.294
587.333 64.346
587.621 64.393
587.909 64.439
588.198 64.482
588.486 64.531
588.774 64.581
589.062 64.635
589.350 64.688
589.638 64.730
589.927 64.777
590.215 64.825
590.503 64.879
590.791 64.920
591.079 64.960
591.367 65.005
591.655 65.049
591.944 65.091
592.232 65.123
592.520 65.154
592.808 65.193
593.096 65.227
593.384 65.263
593.672 65.304
593.961 65.338
594.249 65.377
594.537 65.412
594.825 65.447
595.113 65.484
595.401 65.517
595.689 65.554
595.978 65.601
596.266 65.638
596.554 65.657
596.842 65.683
597.130 65.732
597.418 65.772
597.706 65.815
597.995 65.844
598.283 65.871
598.571 65.890
598.859 65.904
599.147 65.929
599.435 65.961
599.723 66.001
600.012 66.045
600.300 66.078
600.588 66.105
600.876 66.131
601.164 66.161
601.452 66.194
601.740 66.231
602.029 66.289
602.317 66.339
602.605 66.373
602.893 66.399
603.181 66.428
603.469 66.462
603.757 66.493
604.046 66.506
604.334 66.523
604.622 66.548
604.910 66.577
605.198 66.598
605.486 66.617
605.774 66.629
606.063 66.661
606.351 66.702
606.639 66.723
606.927 66.734
607.215 66.748
607.503 66.762
607.791 66.790
608.080 66.817
608.368 66.836
608.656 66.865
608.944 66.890
609.232 66.912
609.520 66.946
609.808 66.981
610.097 67.013
610.385 67.038
610.673 67.075
610.961 67.106
611.249 67.130
611.537 67.153
611.825 67.165
612.114 67.180
612.402 67.218
612.690 67.255
612.978 67.277
613.266 67.301
613.554 67.325
613.843 67.346
614.131 67.376
614.419 67.403
614.707 67.407
614.995 67.424
615.283 67.438
615.571 67.468
615.860 67.511
616.148 67.546
616.436 67.587
616.724 67.622
617.012 67.650
617.300 67.663
617.588 67.682
617.877 67.712
618.165 67.722
618.453 67.746
618.741 67.771
619.029 67.779
619.317 67.781
619.605 67.782
619.894 67.784
620.182 67.791
620.470 67.803
620.758 67.814
621.046 67.815
621.334 67.831
621.622 67.869
621.911 67.894
622.199 67.898
622.487 67.903
622.775 67.904
623.063 67.924
623.351 67.949
623.639 67.962
623.928 67.976
624.216 68.005
624.504 68.028
624.792 68.051
625.080 68.069
625.368 68.070
625.656 68.075
625.945 68.088
626.233 68.104
626.521 68.124
626.809 68.137
627.097 68.134
627.385 68.146
627.673 68.152
627.962 68.166
628.250 68.167
628.538 68.175
628.826 68.183
629.114 68.191
629.402 68.210
629.690 68.239
629.979 68.242
630.267 68.245
630.555 68.260
630.843 68.278
631.131 68.289
631.419 68.301
631.707 68.315
631.996 68.332
632.284 68.344
632.572 68.349
632.860 68.362
633.148 68.355
633.436 68.339
633.724 68.337
634.013 68.345
634.301 68.349
634.589 68.351
634.877 68.361
635.165 68.366
635.453 68.363
635.741 68.370
636.030 68.378
636.318 68.383
636.606 68.405
636.894 68.430
637.182 68.441
637.470 68.446
637.759 68.466
638.047 68.491
638.335 68.512
638.623 68.540
638.911 68.559
639.199 68.573
639.487 68.590
639.776 68.609
640.064 68.625
640.352 68.651
640.640 68.659
640.928 68.677
641.216 68.687
641.504 68.691
641.793 68.700
642.081 68.719
642.369 68.725
642.657 68.730
642.945 68.750
643.233 68.755
643.521 68.767
643.810 68.768
644.098 68.774
644.386 68.776
644.674 68.782
644.962 68.781
645.250 68.777
645.538 68.753
645.827 68.730
646.115 68.696
646.403 68.657
646.691 68.631
646.979 68.605
647.267 68.575
647.555 68.551
647.844 68.523
648.132 68.495
648.420 68.458
648.708 68.424
648.996 68.403
649.284 68.389
649.572 68.378
649.861 68.385
650.149 68.394
650.437 68.393
650.725 68.391
651.013 68.387
651.301 68.380
651.589 68.366
651.878 68.359
652.166 68.365
652.454 68.370
652.742 68.369
653.030 68.368
653.318 68.367
653.606 68.366
653.895 68.363
654.183 68.360
654.471 68.360
654.759 68.351
655.047 68.339
655.335 68.331
655.623 68.326
655.912 68.325
656.200 68.317
656.488 68.308
656.776 68.300
657.064 68.289
657.352 68.297
657.640 68.303
657.929 68.300
658.217 68.306
658.505 68.308
658.793 68.316
659.081 68.305
659.369 68.283
659.657 68.269
659.946 68.265
660.234 68.258
660.522 68.259
660.810 68.277
661.098 68.275
661.386 68.267
661.675 68.270
661.963 68.271
662.251 68.268
662.539 68.275
662.827 68.291
663.115 68.321
663.403 68.353
663.692 68.380
663.980 68.422
664.268 68.467
664.556 68.500
664.844 68.521
665.132 68.540
665.420 68.549
665.709 68.575
665.997 68.613
666.285 68.643
666.573 68.661
666.861 68.675
667.149 68.695
667.437 68.690
667.726 68.690
668.014 68.704
668.302 68.718
668.590 68.734
668.878 68.749
669.166 68.758
669.454 68.755
669.743 68.744
670.031 68.733
670.319 68.730
670.607 68.738
670.895 68.755
671.183 68.754
671.471 68.756
671.760 68.762
672.048 68.756
672.336 68.767
672.624 68.782
672.912 68.782
673.200 68.793
673.488 68.791
673.777 68.789
674.065 68.795
674.353 68.786
674.641 68.785
674.929 68.773
675.217 68.764
675.505 68.769
675.794 68.763
676.082 68.763
676.370 68.745
676.658 68.749
676.946 68.770
677.234 68.787
677.522 68.804
677.811 68.818
678.099 68.814
678.387 68.804
678.675 68.811
678.963 68.821
679.251 68.807
679.539 68.801
679.828 68.813
680.116 68.814
680.404 68.814
680.692 68.814
680.980 68.810
681.268 68.819
681.556 68.802
681.845 68.768
682.133 68.747
682.421 68.749
682.709 68.747
682.997 68.751
683.285 68.746
683.573 68.738
683.862 68.729
684.150 68.725
684.438 68.733
684.726 68.731
685.014 68.743
685.302 68.746
685.591 68.748
685.879 68.735
686.167 68.726
686.455 68.722
686.743 68.723
687.031 68.720
687.319 68.706
687.608 68.696
687.896 68.706
688.184 68.710
688.472 68.710
688.760 68.722
689.048 68.723
689.336 68.695
689.625 68.682
689.913 68.674
690.201 68.674
690.489 68.671
690.777 68.654
691.065 68.647
691.353 68.640
691.642 68.629
691.930 68.631
692.218 68.632
692.506 68.627
692.794 68.622
693.082 68.613
693.370 68.608
693.659 68.601
693.947 68.605
694.235 68.599
694.523 68.594
694.811 68.580
695.099 68.572
695.387 68.588
695.676 68.586
695.964 68.577
696.252 68.572
696.540 68.580
696.836 68.598
697.133 68.599
697.429 68.587
697.725 68.573
698.021 68.566
698.318 68.565
698.614 68.575
698.910 68.591
699.207 68.601
699.503 68.606
699.799 68.617
700.095 68.615
700.392 68.615
700.688 68.613
700.984 68.610
701.281 68.614
701.577 68.633
701.873 68.638
702.169 68.640
702.466 68.644
702.762 68.626
703.058 68.600
703.355 68.570
703.651 68.575
703.947 68.570
704.243 68.568
704.540 68.563
704.836 68.563
705.132 68.570
705.428 68.566
705.725 68.548
706.021 68.525
706.317 68.492
706.614 68.455
706.910 68.443
707.206 68.454
707.502 68.473
707.799 68.477
708.095 68.477
708.391 68.480
708.688 68.479
708.984 68.479
709.280 68.475
709.576 68.472
709.873 68.470
710.169 68.469
710.465 68.456
710.762 68.442
711.058 68.434
711.354 68.424
711.650 68.428
711.947 68.450
712.243 68.454
712.539 68.443
712.836 68.448
713.132 68.434
713.428 68.397
713.724 68.394
714.021 68.384
714.317 68.360
714.613 68.324
714.910 68.288
715.206 68.275
715.502 68.263
715.798 68.244
716.095 68.218
716.391 68.193
716.687 68.178
716.984 68.155
717.280 68.144
717.576 68.137
717.872 68.134
718.169 68.127
718.465 68.125
718.761 68.118
719.058 68.105
719.354 68.099
719.650 68.091
719.946 68.081
720.243 68.060
720.539 68.034
720.835 68.026
721.131 68.031
721.428 68.051
721.724 68.060
722.020 68.059
722.317 68.052
722.613 68.034
722.909 68.034
723.205 68.041
723.502 68.043
723.798 68.055
724.094 68.064
724.391 68.078
724.687 68.097
724.983 68.109
725.279 68.105
725.576 68.082
725.872 68.067
726.168 68.039
726.465 67.999
726.761 67.979
727.057 67.968
727.353 67.978
727.650 67.984
727.946 67.983
728.242 67.981
728.539 67.992
728.835 68.006
729.131 67.997
729.427 67.989
729.724 67.967
730.020 67.933
730.316 67.927
730.613 67.911
730.909 67.884
731.205 67.872
731.501 67.861
731.798 67.851
732.094 67.849
732.390 67.833
732.687 67.822
732.983 67.822
733.279 67.834
733.575 67.838
733.872 67.837
734.168 67.850
734.464 67.862
734.761 67.833
735.057 67.822
735.353 67.837
735.649 67.838
735.946 67.826
736.242 67.826
736.538 67.802
736.835 67.796
737.131 67.791
737.427 67.769
737.723 67.743
738.020 67.733
738.316 67.732
738.612 67.721
738.909 67.707
739.205 67.702
739.501 67.681
739.797 67.664
740.094 67.670
740.390 67.668
740.686 67.678
740.982 67.676
741.279 67.660
741.575 67.659
741.871 67.644
742.168 67.637
742.464 67.632
742.760 67.625
743.056 67.620
743.353 67.613
743.649 67.618
743.945 67.633
744.242 67.639
744.538 67.650
744.834 67.632
745.130 67.603
745.427 67.577
745.723 67.573
746.019 67.555
746.316 67.527
746.612 67.510
746.908 67.492
747.204 67.474
747.501 67.471
747.797 67.457
748.093 67.442
748.390 67.432
748.686 67.448
748.982 67.454
749.278 67.453
749.575 67.444
749.871 67.429
750.167 67.417
750.464 67.412
750.760 67.413
751.056 67.398
751.352 67.358
751.649 67.328
751.945 67.332
752.241 67.339
752.538 67.335
752.834 67.347
753.130 67.325
753.426 67.294
753.723 67.300
754.019 67.296
754.315 67.272
754.611 67.268
754.908 67.271
755.204 67.274
755.500 67.272
755.797 67.271
756.093 67.255
756.389 67.239
756.685 67.250
756.982 67.287
757.278 67.291
757.574 67.285
757.871 67.275
758.167 67.243
758.463 67.232
758.759 67.223
759.056 67.211
759.352 67.217
759.648 67.198
759.945 67.176
760.241 67.156
760.537 67.142
760.833 67.139
761.130 67.115
761.426 67.115
761.722 67.113
762.019 67.080
762.315 67.080
762.611 67.085
762.907 67.089
763.204 67.106
763.500 67.116
763.804 67.111
764.108 67.123
764.412 67.136
764.716 67.149
765.020 67.146
765.324 67.164
765.628 67.173
765.932 67.180
766.236 67.180
766.540 67.179
766.844 67.162
767.148 67.135
767.452 67.123
767.756 67.137
768.060 67.161
768.364 67.148
768.668 67.171
768.972 67.173
769.276 67.156
769.580 67.166
769.884 67.172
770.188 67.177
770.492 67.156
770.796 67.129
771.100 67.118
771.404 67.137
771.708 67.136
772.012 67.123
772.316 67.128
772.620 67.131
772.924 67.141
773.228 67.116
773.532 67.089
773.836 67.106
774.140 67.116
774.444 67.117
774.748 67.127
775.052 67.113
775.356 67.084
775.659 67.083
775.963 67.085
776.267 67.071
776.571 67.092
776.875 67.106
777.179 67.124
777.483 67.126
777.787 67.119
778.091 67.116
778.395 67.119
778.699 67.135
779.003 67.123
779.307 67.099
779.611 67.088
779.915 67.069
780.219 67.069
780.523 67.064
780.827 67.056
781.131 67.050
781.435 67.056
781.739 67.054
782.043 67.061
782.347 67.050
782.651 67.023
782.955 67.014
783.259 67.010
783.563 66.988
783.867 66.971
784.171 66.963
784.475 66.954
784.779 66.952
785.083 66.941
785.387 66.912
785.691 66.915
785.995 66.914
786.299 66.890
786.603 66.858
786.907 66.859
787.211 66.841
787.515 66.837
787.819 66.855
788.123 66.850
788.427 66.837
788.731 66.811
789.035 66.813
789.339 66.827
789.643 66.831
789.947 66.814
790.251 66.805
790.555 66.823
790.859 66.816
791.163 66.825
791.467 66.834
791.771 66.851
792.075 66.861
792.379 66.849
792.683 66.837
792.987 66.855
793.291 66.853
793.595 66.863
793.899 66.885
794.203 66.870
794.507 66.876
794.811 66.864
795.115 66.831
795.419 66.794
795.723 66.753
796.027 66.733
796.331 66.744
796.635 66.777
796.939 66.785
797.243 66.777
797.547 66.784
797.851 66.787
798.155 66.804
798.459 66.806
798.763 66.791
799.067 66.799
799.371 66.797
799.674 66.796
799.978 66.827
800.282 66.857
800.586 66.818
800.890 66.787
801.194 66.797
801.498 66.807
801.802 66.807
802.106 66.867
802.410 66.903
802.714 66.906
803.018 66.909
803.322 66.892
803.626 66.867
803.930 66.862
804.234 66.852
804.538 66.827
804.842 66.820
805.146 66.804
805.450 66.808
805.754 66.818
806.058 66.801
806.362 66.815
806.666 66.828
806.970 66.848
807.274 66.859
807.578 66.863
807.882 66.854
808.186 66.845
808.490 66.852
808.794 66.867
809.098 66.844
809.402 66.851
809.706 66.850
810.010 66.820
810.314 66.818
810.618 66.821
810.922 66.805
811.226 66.808
811.530 66.792
811.834 66.780
812.137 66.759
812.441 66.755
812.744 66.770
813.048 66.746
813.351 66.761
813.655 66.755
813.958 66.742
814.262 66.756
814.565 66.746
814.869 66.729
815.172 66.696
815.476 66.668
815.779 66.642
816.083 66.646
816.386 66.652
816.690 66.645
816.993 66.641
817.297 66.638
817.600 66.662
817.904 66.652
818.208 66.640
818.511 66.591
818.815 66.517
819.118 66.517
819.422 66.543
819.725 66.548
820.029 66.537
820.332 66.533
820.636 66.498
820.939 66.488
821.243 66.474
821.546 66.467
821.850 66.495
822.153 66.564
822.457 66.621
822.760 66.650
823.064 66.681
823.367 66.698
823.671 66.716
823.974 66.738
824.278 66.737
824.582 66.764
824.885 66.761
825.189 66.754
825.492 66.755
825.796 66.755
826.099 66.726
826.403 66.710
826.706 66.719
827.010 66.721
827.313 66.698
827.617 66.680
827.920 66.674
828.224 66.649
828.527 66.650
828.831 66.640
829.134 66.635
829.438 66.651
829.741 66.652
830.045 66.636
830.348 66.605
830.652 66.593
830.956 66.597
831.259 66.595
831.563 66.599
831.866 66.616
832.170 66.638
832.473 66.667
832.777 66.688
833.080 66.691
833.384 66.677
833.687 66.679
833.991 66.704
834.294 66.712
834.598 66.686
834.901 66.664
835.205 66.632
835.508 66.621
835.812 66.632
836.115 66.630
836.419 66.635
836.722 66.610
837.026 66.602
837.330 66.609
837.633 66.604
837.937 66.564
838.240 66.526
838.544 66.521
838.847 66.500
839.151 66.464
839.454 66.425
839.758 66.405
840.061 66.389
840.365 66.365
840.668 66.318
840.972 66.301
841.275 66.268
841.579 66.263
841.882 66.273
842.186 66.242
842.489 66.217
842.793 66.234
843.097 66.217
843.400 66.193
843.704 66.199
844.007 66.209
844.311 66.195
844.614 66.188
844.918 66.199
845.221 66.208
845.525 66.198
845.828 66.170
846.132 66.156
846.435 66.152
846.739 66.162
847.042 66.152
847.346 66.138
847.649 66.125
847.953 66.093
848.256 66.059
848.560 66.067
848.863 66.095
849.167 66.070
849.471 66.034
849.774 66.012
850.078 66.008
850.381 65.992
850.685 66.021
850.988 66.042
851.292 65.996
851.595 65.988
851.899 65.996
852.202 65.964
852.506 65.942
852.809 65.914
853.113 65.914
853.416 65.916
853.720 65.900
854.023 65.921
854.327 65.899
854.630 65.873
854.934 65.863
855.237 65.862
855.541 65.858
855.845 65.878
856.148 65.887
856.452 65.886
856.755 65.872
857.059 65.847
857.362 65.835
857.666 65.861
857.969 65.863
858.273 65.826
858.576 65.818
858.880 65.829
859.183 65.812
859.487 65.769
859.790 65.749
860.094 65.721
860.397 65.680
860.701 65.697
861.004 65.679
861.308 65.623
861.611 65.588
861.915 65.588
862.219 65.595
862.522 65.580
862.826 65.578
863.129 65.590
863.433 65.563
863.736 65.515
864.040 65.501
864.343 65.537
864.647 65.560
864.950 65.546
865.254 65.536
865.557 65.497
865.861 65.493
866.164 65.497
866.468 65.490
866.771 65.484
867.075 65.465
867.378 65.416
867.682 65.408
867.985 65.376
868.289 65.352
868.593 65.328
868.896 65.314
869.200 65.251
869.503 65.209
869.807 65.232
870.110 65.257
870.414 65.246
870.717 65.242
871.021 65.231
871.324 65.244
871.628 65.250
871.931 65.247
872.235 65.262
872.538 65.227
872.842 65.212
873.145 65.169
873.449 65.141
873.752 65.159
874.056 65.162
874.359 65.142
874.663 65.143
874.967 65.175
875.270 65.228
875.574 65.240
875.877 65.236
876.181 65.208
876.484 65.191
876.788 65.210
877.091 65.192
877.395 65.159
877.698 65.132
878.002 65.124
878.305 65.122
878.609 65.107
878.912 65.096
879.216 65.094
879.519 65.055
879.823 65.014
880.126 65.026
880.430 65.017
880.733 64.966
881.037 64.930
881.341 64.906
881.644 64.874
881.948 64.879
882.251 64.910
882.555 64.889
882.858 64.845
883.162 64.831
883.465 64.817
883.769 64.802
884.072 64.845
884.376 64.861
884.679 64.868
884.983 64.846
885.286 64.832
885.590 64.829
885.893 64.847
886.197 64.868
886.500 64.901
886.804 64.896
887.107 64.880
887.411 64.897
887.715 64.939
888.018 64.935
888.322 64.887
888.625 64.849
888.929 64.822
889.232 64.825
889.536 64.795
889.839 64.772
890.143 64.733
890.446 64.710
890.750 64.675
891.053 64.651
891.357 64.634
891.660 64.635
891.964 64.633
892.267 64.609
892.571 64.588
892.874 64.585
893.178 64.583
893.482 64.560
893.785 64.488
894.089 64.458
894.392 64.454
894.696 64.435
894.999 64.433
895.303 64.422
895.606 64.412
895.910 64.402
896.213 64.444
896.517 64.449
896.820 64.437
897.124 64.434
897.427 64.442
897.731 64.444
898.034 64.494
898.338 64.510
898.641 64.463
898.945 64.444
899.248 64.464
899.552 64.506
899.856 64.513
900.159 64.505
900.463 64.504
900.766 64.465
901.070 64.460
901.373 64.464
901.677 64.454
901.980 64.411
902.284 64.398
902.587 64.384
902.891 64.360
903.194 64.311
903.498 64.328
903.801 64.343
904.105 64.342
904.408 64.333
904.712 64.328
905.015 64.289
905.319 64.264
905.622 64.270
905.926 64.208
906.230 64.148
906.533 64.122
906.837 64.100
907.140 64.063
907.444 64.026
907.747 64.006
908.051 64.025
908.354 64.018
908.658 64.037
908.961 64.024
909.265 64.018
909.568 64.045
909.872 64.063
910.175 64.062
910.479 63.997
910.782 63.959
911.086 63.941
911.389 63.921
911.693 63.900
911.996 63.871
912.300 63.899
912.613 63.934
912.926 63.922
913.238 63.923
913.551 63.899
913.864 63.881
914.176 63.901
914.489 63.916
914.802 63.880
915.115 63.886
915.427 63.886
915.740 63.916
916.053 63.903
916.366 63.818
916.678 63.750
916.991 63.755
917.304 63.805
917.617 63.814
917.929 63.792
918.242 63.760
918.555 63.778
918.868 63.767
919.180 63.713
919.493 63.678
919.806 63.654
920.119 63.631
920.431 63.598
920.744 63.608
921.057 63.619
921.370 63.635
921.682 63.613
921.995 63.583
922.308 63.544
922.621 63.565
922.933 63.607
923.246 63.559
923.559 63.488
923.872 63.462
924.184 63.482
924.497 63.493
924.810 63.504
925.123 63.548
925.435 63.581
925.748 63.607
926.061 63.647
926.374 63.662
926.686 63.652
926.999 63.651
927.312 63.671
927.625 63.685
927.937 63.691
928.250 63.750
928.563 63.761
928.876 63.760
929.188 63.775
929.501 63.881
929.814 63.930
930.127 63.952
930.439 64.007
930.752 64.028
931.065 64.078
931.378 64.128
931.690 64.104
932.003 64.129
932.316 64.177
932.629 64.172
932.941 64.129
933.254 64.101
933.567 64.090
933.880 64.091
934.192 64.133
934.505 64.192
934.818 64.187
935.131 64.196
935.443 64.313
935.756 64.360
936.069 64.426
936.382 64.477
936.694 64.508
937.007 64.536
937.320 64.515
937.633 64.458
937.945 64.442
938.258 64.421
938.571 64.381
938.884 64.415
939.196 64.449
939.509 64.452
939.822 64.416
940.135 64.368
940.447 64.296
940.760 64.312
941.073 64.329
941.386 64.315
941.698 64.235
942.011 64.163
942.324 64.156
942.637 64.149
942.949 64.164
943.262 64.196
943.575 64.240
943.888 64.260
944.200 64.209
944.513 64.197
944.826 64.186
945.139 64.119
945.451 64.034
945.764 64.010
946.077 64.008
946.390 64.024
946.702 64.041
947.015 64.010
947.328 63.914
947.641 63.828
947.953 63.791
948.266 63.748
948.579 63.689
948.892 63.654
949.204 63.642
949.517 63.586
949.830 63.551
950.143 63.486
950.455 63.442
950.768 63.440
951.081 63.387
951.394 63.343
951.706 63.357
952.019 63.356
952.332 63.378
952.645 63.379
952.957 63.327
953.270 63.263
953.583 63.170
953.896 63.103
954.208 63.046
954.521 62.992
954.834 62.994
955.147 62.923
955.459 62.884
955.772 62.848
956.085 62.766
956.398 62.695
956.710 62.708
957.023 62.743
957.336 62.798
957.649 62.857
957.961 62.909
958.274 62.967
958.587 62.929
958.900 62.910
959.212 62.855
959.525 62.753
959.838 62.681
960.151 62.670
960.463 62.637
960.776 62.656
961.089 62.649
961.402 62.669
961.714 62.726
962.027 62.654
962.340 62.576
962.653 62.533
962.965 62.499
963.278 62.470
963.591 62.389
963.904 62.366
964.216 62.369
964.529 62.440
964.842 62.492
965.154 62.512
965.467 62.481
965.780 62.372
966.094 62.355
966.409 62.421
966.723 62.480
967.037 62.482
967.352 62.468
967.666 62.467
967.980 62.528
968.295 62.534
968.609 62.502
968.923 62.462
969.238 62.450
969.552 62.379
969.866 62.403
970.181 62.488
970.495 62.518
970.809 62.465
971.124 62.419
971.438 62.324
971.752 62.340
972.067 62.418
972.381 62.461
972.695 62.515
973.010 62.552
973.324 62.608
973.638 62.618
973.953 62.655
974.267 62.730
974.581 62.729
974.896 62.699
975.210 62.721
975.524 62.764
975.839 62.803
976.153 62.895
976.467 62.969
976.781 62.977
977.096 62.896
977.410 62.827
977.724 62.926
978.039 62.996
978.353 63.071
978.667 63.313
978.982 63.470
979.296 63.521
979.610 63.632
979.925 63.668
980.239 63.673
980.553 63.627
980.868 63.582
981.182 63.581
981.496 63.647
981.811 63.635
982.125 63.608
982.439 63.683
982.754 63.823
983.068 63.929
983.382 64.039
983.697 64.065
984.011 64.077
984.325 64.051
984.640 63.999
984.954 64.073
985.268 64.080
985.583 64.046
985.897 64.085
986.211 64.166
986.526 64.200
986.840 64.231
987.154 64.271
987.469 64.258
987.783 64.278
988.097 64.348
988.412 64.366
988.726 64.426
989.040 64.396
989.355 64.308
989.669 64.288
989.983 64.346
990.298 64.442
990.612 64.544
990.926 64.539
991.241 64.500
991.555 64.468
991.869 64.428
992.184 64.430
992.498 64.432
992.812 64.384
993.127 64.337
993.441 64.244
993.755 64.235
994.070 64.286
994.384 64.319
994.698 64.331
995.013 64.333
995.327 64.280
995.641 64.180
995.956 64.137
996.270 64.124
996.584 64.103
996.899 64.131
997.213 64.227
997.527 64.238
997.841 64.116
998.156 64.018
998.470 63.951
998.784 63.892
999.099 63.969
999.413 63.967
999.727 63.994
