200.182 86.496
200.437 85.966
200.691 85.547
200.946 85.042
201.201 84.467
201.455 83.987
201.710 83.418
201.964 82.732
202.219 82.260
202.474 81.670
202.728 80.933
202.983 80.197
203.237 79.378
203.492 78.558
203.747 77.732
204.001 76.982
204.256 76.089
204.510 75.098
204.765 74.267
205.020 73.644
205.274 72.771
205.529 71.874
205.783 71.003
206.038 70.107
206.293 69.222
206.547 68.315
206.802 67.503
207.057 66.805
207.311 65.976
207.566 64.944
207.820 64.006
208.075 63.117
208.330 62.178
208.584 61.126
208.839 60.277
209.093 59.497
209.348 58.620
209.603 57.799
209.857 56.870
210.112 55.817
210.366 54.753
210.621 53.726
210.876 52.750
211.130 51.839
211.385 50.867
211.639 50.176
211.894 49.477
212.149 48.815
212.403 48.047
212.658 47.250
212.913 46.412
213.167 45.607
213.422 44.980
213.676 44.395
213.931 43.715
214.186 42.866
214.440 42.043
214.695 41.188
214.949 40.465
215.204 39.826
215.459 39.156
215.713 38.550
215.968 37.893
216.222 37.131
216.477 36.385
216.732 35.715
216.986 34.956
217.241 34.207
217.495 33.581
217.750 32.960
218.005 32.339
218.259 31.745
218.514 31.097
218.769 30.454
219.023 29.868
219.278 29.316
219.532 28.695
219.787 28.136
220.042 27.646
220.296 27.090
220.551 26.489
220.805 26.010
221.060 25.579
221.315 25.138
221.569 24.583
221.824 24.060
222.078 23.616
222.333 23.130
222.588 22.670
222.842 22.210
223.097 21.769
223.351 21.305
223.606 20.805
223.861 20.298
224.115 19.815
224.370 19.287
224.625 18.732
224.879 18.232
225.134 17.716
225.388 17.299
225.643 16.910
225.898 16.514
226.152 16.111
226.407 15.687
226.661 15.174
226.916 14.725
227.171 14.298
227.425 13.906
227.680 13.541
227.934 13.211
228.189 12.852
228.444 12.541
228.698 12.238
228.953 11.907
229.208 11.607
229.462 11.269
229.717 10.960
229.971 10.656
230.226 10.414
230.481 10.152
230.735 9.879
230.990 9.642
231.244 9.413
231.499 9.188
231.754 8.959
232.008 8.749
232.263 8.572
232.517 8.366
232.772 8.189
233.027 7.992
233.281 7.779
233.536 7.586
233.790 7.368
234.045 7.169
234.300 7.009
234.554 6.872
234.809 6.711
235.064 6.573
235.318 6.470
235.573 6.357
235.827 6.239
236.082 6.118
236.337 6.004
236.591 5.886
236.846 5.769
237.100 5.668
237.355 5.595
237.610 5.522
237.864 5.428
238.119 5.359
238.373 5.274
238.628 5.182
238.883 5.116
239.137 5.049
239.392 4.985
239.646 4.928
239.901 4.876
240.156 4.828
240.410 4.798
240.665 4.747
240.920 4.692
241.174 4.656
241.429 4.622
241.683 4.581
241.938 4.543
242.193 4.516
242.447 4.484
242.702 4.458
242.956 4.428
243.211 4.403
243.466 4.378
243.720 4.367
243.975 4.358
244.229 4.339
244.484 4.302
244.739 4.283
244.993 4.276
245.248 4.258
245.503 4.250
245.757 4.246
246.012 4.239
246.266 4.232
246.521 4.227
246.776 4.229
247.030 4.220
247.285 4.208
247.539 4.201
247.794 4.193
248.049 4.187
248.303 4.179
248.558 4.181
248.812 4.175
249.067 4.145
249.322 4.137
249.576 4.138
249.831 4.135
250.085 4.128
250.340 4.130
250.595 4.133
250.849 4.135
251.104 4.133
251.359 4.134
251.613 4.135
251.868 4.135
252.122 4.127
252.377 4.129
252.632 4.136
252.886 4.130
253.141 4.114
253.395 4.110
253.650 4.112
253.905 4.116
254.161 4.116
254.416 4.112
254.672 4.123
254.927 4.136
255.183 4.131
255.438 4.126
255.694 4.130
255.949 4.132
256.205 4.131
256.460 4.136
256.715 4.138
256.971 4.147
257.226 4.154
257.482 4.158
257.737 4.160
257.993 4.162
258.248 4.166
258.504 4.170
258.759 4.165
259.014 4.165
259.270 4.162
259.525 4.153
259.781 4.159
260.036 4.185
260.292 4.197
260.547 4.198
260.803 4.208
261.058 4.220
261.314 4.227
261.569 4.231
261.824 4.233
262.080 4.238
262.335 4.245
262.591 4.261
262.846 4.271
263.102 4.267
263.357 4.261
263.613 4.265
263.868 4.266
264.123 4.265
264.379 4.263
264.634 4.272
264.890 4.276
265.145 4.287
265.401 4.292
265.656 4.291
265.912 4.286
266.167 4.277
266.423 4.273
266.678 4.281
266.933 4.285
267.189 4.283
267.444 4.276
267.700 4.276
267.955 4.273
268.211 4.268
268.466 4.271
268.722 4.277
268.977 4.283
269.232 4.285
269.488 4.283
269.743 4.282
269.999 4.282
270.254 4.285
270.510 4.282
270.765 4.284
271.021 4.285
271.276 4.285
271.532 4.287
271.787 4.294
272.042 4.291
272.298 4.283
272.553 4.272
272.809 4.271
273.064 4.274
273.320 4.283
273.575 4.291
273.831 4.289
274.086 4.286
274.342 4.283
274.597 4.275
274.852 4.277
275.108 4.285
275.363 4.281
275.619 4.264
275.874 4.248
276.130 4.243
276.385 4.241
276.641 4.235
276.896 4.225
277.151 4.218
277.407 4.213
277.662 4.197
277.918 4.173
278.173 4.158
278.429 4.147
278.684 4.149
278.940 4.156
279.195 4.153
279.451 4.155
279.706 4.147
279.961 4.146
280.217 4.144
280.472 4.141
280.728 4.135
280.983 4.133
281.239 4.128
281.494 4.126
281.750 4.134
282.005 4.136
282.260 4.130
282.516 4.119
282.771 4.108
283.027 4.104
283.282 4.104
283.538 4.095
283.793 4.084
284.049 4.076
284.304 4.064
284.560 4.051
284.815 4.039
285.070 4.029
285.326 4.029
285.581 4.031
285.837 4.014
286.092 4.004
286.348 4.001
286.603 3.999
286.859 3.994
287.114 3.993
287.369 3.985
287.625 3.982
287.880 3.979
288.136 3.984
288.391 3.983
288.647 3.978
288.902 3.966
289.158 3.953
289.413 3.952
289.669 3.952
289.924 3.956
290.179 3.962
290.435 3.960
290.690 3.950
290.946 3.943
291.201 3.944
291.457 3.943
291.712 3.936
291.968 3.931
292.223 3.921
292.479 3.915
292.734 3.907
292.989 3.901
293.245 3.909
293.500 3.921
293.756 3.923
294.011 3.926
294.267 3.921
294.522 3.912
294.778 3.911
295.033 3.911
295.288 3.911
295.544 3.901
295.799 3.887
296.055 3.879
296.310 3.879
296.566 3.878
296.821 3.890
297.077 3.892
297.332 3.881
297.588 3.866
297.843 3.856
298.098 3.855
298.354 3.856
298.609 3.854
298.865 3.850
299.120 3.851
299.376 3.850
299.631 3.841
299.887 3.842
300.142 3.847
300.397 3.846
300.653 3.846
300.908 3.841
301.164 3.835
301.419 3.838
301.675 3.837
301.930 3.829
302.186 3.828
302.441 3.825
302.697 3.812
302.952 3.805
303.207 3.803
303.463 3.803
303.718 3.797
303.974 3.792
304.229 3.797
304.485 3.794
304.740 3.789
304.996 3.783
305.251 3.777
305.506 3.770
305.762 3.763
306.017 3.760
306.273 3.764
306.528 3.767
306.784 3.769
307.039 3.775
307.295 3.772
307.550 3.764
307.806 3.772
308.061 3.774
308.316 3.771
308.572 3.772
308.827 3.767
309.083 3.762
309.338 3.754
309.594 3.743
309.849 3.744
310.105 3.740
310.360 3.734
310.615 3.729
310.871 3.725
311.126 3.727
311.382 3.734
311.637 3.737
311.893 3.730
312.148 3.723
312.404 3.708
312.659 3.698
312.915 3.696
313.170 3.695
313.429 3.694
313.688 3.694
313.947 3.694
314.206 3.696
314.465 3.698
314.724 3.696
314.983 3.693
315.242 3.688
315.501 3.683
315.760 3.685
316.019 3.693
316.278 3.697
316.536 3.693
316.795 3.691
317.054 3.692
317.313 3.691
317.572 3.699
317.831 3.708
318.090 3.712
318.349 3.715
318.608 3.717
318.867 3.711
319.126 3.708
319.385 3.710
319.644 3.715
319.903 3.714
320.162 3.720
320.421 3.724
320.680 3.723
320.939 3.724
321.198 3.720
321.457 3.721
321.716 3.720
321.975 3.718
322.234 3.717
322.493 3.717
322.752 3.714
323.010 3.715
323.269 3.712
323.528 3.706
323.787 3.708
324.046 3.716
324.305 3.720
324.564 3.723
324.823 3.721
325.082 3.720
325.341 3.726
325.600 3.734
325.859 3.740
326.118 3.756
326.377 3.769
326.636 3.771
326.895 3.774
327.154 3.774
327.413 3.775
327.672 3.771
327.931 3.773
328.190 3.778
328.449 3.788
328.708 3.793
328.967 3.798
329.226 3.807
329.485 3.808
329.743 3.805
330.002 3.799
330.261 3.795
330.520 3.795
330.779 3.795
331.038 3.807
331.297 3.821
331.556 3.824
331.815 3.822
332.074 3.816
332.333 3.822
332.592 3.835
332.851 3.839
333.110 3.842
333.369 3.834
333.628 3.823
333.887 3.817
334.146 3.814
334.405 3.814
334.664 3.823
334.923 3.844
335.182 3.859
335.441 3.855
335.700 3.848
335.959 3.853
336.217 3.866
336.476 3.878
336.735 3.885
336.994 3.899
337.253 3.922
337.512 3.940
337.771 3.942
338.030 3.942
338.289 3.945
338.548 3.956
338.807 3.971
339.066 3.988
339.325 3.988
339.584 3.994
339.843 4.003
340.102 4.009
340.361 4.013
340.620 4.023
340.879 4.035
341.138 4.037
341.397 4.029
341.656 4.031
341.915 4.036
342.174 4.026
342.433 4.033
342.691 4.051
342.950 4.064
343.209 4.074
343.468 4.092
343.727 4.104
343.986 4.120
344.245 4.129
344.504 4.139
344.763 4.156
345.022 4.168
345.281 4.179
345.540 4.194
345.799 4.204
346.058 4.213
346.317 4.223
346.576 4.233
346.835 4.242
347.094 4.257
347.353 4.276
347.612 4.287
347.871 4.307
348.130 4.319
348.389 4.319
348.648 4.321
348.907 4.330
349.166 4.351
349.424 4.366
349.683 4.378
349.942 4.401
350.201 4.420
350.460 4.432
350.719 4.426
350.978 4.422
351.237 4.444
351.496 4.466
351.755 4.468
352.014 4.470
352.273 4.478
352.532 4.478
352.791 4.483
353.050 4.494
353.309 4.506
353.568 4.515
353.827 4.525
354.086 4.534
354.345 4.530
354.604 4.527
354.863 4.519
355.122 4.535
355.381 4.547
355.640 4.550
355.898 4.554
356.157 4.564
356.416 4.581
356.675 4.603
356.934 4.618
357.193 4.650
357.452 4.677
357.711 4.677
357.970 4.693
358.229 4.717
358.488 4.726
358.747 4.728
359.006 4.734
359.265 4.755
359.524 4.784
359.783 4.800
360.042 4.809
360.301 4.816
360.560 4.829
360.819 4.841
361.078 4.843
361.337 4.852
361.596 4.879
361.855 4.899
362.114 4.917
362.372 4.940
362.631 4.954
362.890 4.957
363.149 4.953
363.408 4.961
363.667 4.971
363.926 4.983
364.185 4.999
364.444 5.011
364.703 5.024
364.962 5.023
365.221 5.036
365.480 5.054
365.745 5.051
366.009 5.059
366.274 5.081
366.539 5.095
366.804 5.101
367.068 5.101
367.333 5.105
367.598 5.115
367.863 5.119
368.127 5.119
368.392 5.133
368.657 5.146
368.921 5.137
369.186 5.133
369.451 5.142
369.716 5.150
369.980 5.154
370.245 5.170
370.510 5.188
370.775 5.203
371.039 5.212
371.304 5.216
371.569 5.215
371.834 5.221
372.098 5.227
372.363 5.234
372.628 5.234
372.892 5.241
373.157 5.227
373.422 5.212
373.687 5.216
373.951 5.220
374.216 5.215
374.481 5.217
374.746 5.224
375.010 5.227
375.275 5.221
375.540 5.204
375.804 5.191
376.069 5.184
376.334 5.189
376.599 5.187
376.863 5.182
377.128 5.186
377.393 5.187
377.658 5.180
377.922 5.175
378.187 5.176
378.452 5.176
378.716 5.176
378.981 5.177
379.246 5.177
379.511 5.180
379.775 5.182
380.040 5.175
380.305 5.164
380.570 5.166
380.834 5.175
381.099 5.190
381.364 5.194
381.629 5.190
381.893 5.199
382.158 5.203
382.423 5.189
382.687 5.181
382.952 5.181
383.217 5.176
383.482 5.171
383.746 5.165
384.011 5.167
384.276 5.179
384.541 5.173
384.805 5.156
385.070 5.149
385.335 5.147
385.599 5.153
385.864 5.160
386.129 5.170
386.394 5.171
386.658 5.164
386.923 5.165
387.188 5.155
387.453 5.142
387.717 5.144
387.982 5.139
388.247 5.141
388.511 5.128
388.776 5.115
389.041 5.112
389.306 5.116
389.570 5.114
389.835 5.106
390.100 5.105
390.365 5.112
390.629 5.109
390.894 5.104
391.159 5.102
391.424 5.099
391.688 5.088
391.953 5.083
392.218 5.093
392.482 5.098
392.747 5.096
393.012 5.091
393.277 5.098
393.541 5.109
393.806 5.112
394.071 5.116
394.336 5.113
394.600 5.110
394.865 5.104
395.130 5.098
395.394 5.100
395.659 5.102
395.924 5.102
396.189 5.103
396.453 5.107
396.718 5.110
396.983 5.101
397.248 5.097
397.512 5.096
397.777 5.096
398.042 5.080
398.306 5.067
398.571 5.066
398.836 5.065
399.101 5.063
399.365 5.064
399.630 5.078
399.895 5.090
400.160 5.086
400.424 5.070
400.689 5.071
400.954 5.083
401.219 5.093
401.483 5.091
401.748 5.084
402.013 5.080
402.277 5.072
402.542 5.064
402.807 5.065
403.072 5.070
403.336 5.075
403.601 5.083
403.866 5.085
404.131 5.091
404.395 5.096
404.660 5.110
404.929 5.115
405.198 5.115
405.466 5.111
405.735 5.113
406.004 5.127
406.273 5.133
406.542 5.119
406.810 5.105
407.079 5.103
407.348 5.113
407.617 5.110
407.886 5.114
408.154 5.119
408.423 5.118
408.692 5.122
408.961 5.124
409.229 5.125
409.498 5.136
409.767 5.137
410.036 5.129
410.305 5.123
410.573 5.128
410.842 5.129
411.111 5.131
411.380 5.137
411.649 5.135
411.917 5.123
412.186 5.119
412.455 5.120
412.724 5.119
412.993 5.116
413.261 5.115
413.530 5.109
413.799 5.109
414.068 5.115
414.337 5.129
414.605 5.141
414.874 5.144
415.143 5.148
415.412 5.151
415.681 5.150
415.949 5.139
416.218 5.136
416.487 5.142
416.756 5.150
417.024 5.157
417.293 5.151
417.562 5.142
417.831 5.147
418.100 5.158
418.368 5.166
418.637 5.171
418.906 5.175
419.175 5.179
419.444 5.180
419.712 5.189
419.981 5.196
420.250 5.206
420.519 5.207
420.788 5.190
421.056 5.173
421.325 5.167
421.594 5.162
421.863 5.156
422.132 5.155
422.400 5.147
422.669 5.140
422.938 5.142
423.207 5.147
423.476 5.145
423.744 5.138
424.013 5.144
424.282 5.150
424.551 5.153
424.819 5.146
425.088 5.131
425.357 5.131
425.626 5.136
425.895 5.133
426.163 5.131
426.432 5.138
426.701 5.141
426.970 5.130
427.239 5.122
427.507 5.116
427.776 5.113
428.045 5.120
428.314 5.130
428.583 5.138
428.851 5.142
429.120 5.143
429.389 5.143
429.658 5.144
429.927 5.147
430.195 5.145
430.464 5.142
430.733 5.147
431.002 5.151
431.271 5.153
431.539 5.151
431.808 5.149
432.077 5.159
432.346 5.170
432.614 5.178
432.883 5.182
433.152 5.196
433.421 5.211
433.690 5.219
433.958 5.230
434.227 5.235
434.496 5.231
434.765 5.229
435.034 5.234
435.302 5.239
435.571 5.238
435.840 5.234
436.116 5.233
436.393 5.242
436.669 5.255
436.945 5.269
437.221 5.294
437.498 5.316
437.774 5.337
438.050 5.359
438.326 5.381
438.603 5.401
438.879 5.423
439.155 5.441
439.431 5.462
439.708 5.480
439.984 5.500
440.260 5.522
440.537 5.539
440.813 5.555
441.089 5.576
441.365 5.601
441.642 5.620
441.918 5.637
442.194 5.658
442.470 5.664
442.747 5.669
443.023 5.682
443.299 5.705
443.575 5.737
443.852 5.762
444.128 5.790
444.404 5.821
444.680 5.840
444.957 5.856
445.233 5.877
445.509 5.904
445.786 5.935
446.062 5.958
446.338 5.983
446.614 6.006
446.891 6.031
447.167 6.057
447.443 6.086
447.719 6.108
447.996 6.127
448.272 6.157
448.548 6.195
448.824 6.222
449.101 6.252
449.377 6.284
449.653 6.323
449.930 6.355
450.206 6.382
450.482 6.424
450.758 6.465
451.035 6.503
451.311 6.547
451.587 6.584
451.863 6.627
452.140 6.678
452.416 6.728
452.692 6.783
452.968 6.829
453.245 6.871
453.521 6.914
453.797 6.964
454.074 7.009
454.350 7.056
454.626 7.109
454.902 7.167
455.179 7.226
455.455 7.278
455.731 7.326
456.007 7.374
456.284 7.422
456.560 7.477
456.836 7.536
457.112 7.594
457.389 7.655
457.665 7.724
457.941 7.783
458.218 7.840
458.494 7.906
458.770 7.974
459.046 8.042
459.323 8.117
459.599 8.195
459.875 8.274
460.151 8.351
460.428 8.429
460.704 8.512
460.980 8.587
461.256 8.662
461.533 8.749
461.809 8.839
462.085 8.923
462.361 9.004
462.638 9.093
462.914 9.196
463.190 9.288
463.467 9.385
463.743 9.482
464.019 9.578
464.295 9.675
464.572 9.784
464.848 9.899
465.124 10.011
465.400 10.119
465.677 10.231
465.953 10.344
466.229 10.466
466.505 10.581
466.782 10.690
467.058 10.810
467.334 10.934
467.611 11.053
467.887 11.179
468.163 11.306
468.439 11.437
468.716 11.568
468.992 11.702
469.268 11.845
469.544 11.988
469.821 12.128
470.097 12.265
470.373 12.404
470.649 12.541
470.926 12.685
471.202 12.833
471.478 12.985
471.755 13.134
472.031 13.290
472.307 13.454
472.583 13.620
472.860 13.800
473.136 13.984
473.412 14.164
473.688 14.337
473.965 14.507
474.241 14.677
474.517 14.850
474.793 15.030
475.070 15.216
475.346 15.397
475.622 15.580
475.899 15.768
476.175 15.960
476.451 16.155
476.727 16.345
477.004 16.532
477.280 16.716
477.556 16.906
477.832 17.112
478.109 17.323
478.385 17.521
478.661 17.720
478.937 17.924
479.214 18.132
479.490 18.337
479.766 18.542
480.043 18.759
480.319 18.975
480.595 19.189
480.871 19.404
481.148 19.622
481.424 19.837
481.700 20.055
481.976 20.285
482.253 20.510
482.529 20.737
482.805 20.962
483.081 21.183
483.358 21.410
483.634 21.647
483.910 21.875
484.186 22.106
484.463 22.344
484.739 22.577
485.015 22.809
485.292 23.045
485.568 23.280
485.844 23.518
486.120 23.748
486.397 23.970
486.673 24.206
486.949 24.454
487.225 24.702
487.502 24.953
487.778 25.205
488.054 25.449
488.330 25.689
488.607 25.930
488.883 26.174
489.159 26.417
489.436 26.661
489.712 26.887
489.988 27.116
490.264 27.357
490.541 27.596
490.817 27.835
491.093 28.083
491.369 28.333
491.646 28.577
491.922 28.813
492.198 29.057
492.474 29.300
492.751 29.542
493.027 29.781
493.303 30.024
493.580 30.264
493.856 30.514
494.132 30.771
494.408 31.006
494.685 31.236
494.961 31.462
495.237 31.697
495.513 31.935
495.790 32.175
496.066 32.426
496.342 32.669
496.618 32.905
496.895 33.139
497.171 33.368
497.447 33.601
497.724 33.836
498.000 34.065
498.276 34.298
498.552 34.535
498.829 34.757
499.105 34.975
499.381 35.195
499.657 35.420
499.934 35.633
500.210 35.852
500.486 36.075
500.762 36.301
501.039 36.512
501.315 36.723
501.591 36.942
501.867 37.166
502.144 37.388
502.420 37.608
502.696 37.816
502.973 38.025
503.249 38.241
503.525 38.454
503.801 38.654
504.078 38.848
504.354 39.043
504.630 39.242
504.906 39.441
505.183 39.632
505.459 39.823
505.735 40.008
506.011 40.189
506.288 40.375
506.564 40.580
506.840 40.773
507.117 40.962
507.393 41.157
507.669 41.349
507.945 41.528
508.222 41.700
508.498 41.883
508.774 42.071
509.050 42.252
509.327 42.421
509.603 42.590
509.879 42.760
510.155 42.920
510.432 43.097
510.708 43.265
510.984 43.420
511.261 43.595
511.537 43.770
511.813 43.933
512.089 44.103
512.366 44.268
512.642 44.421
512.918 44.561
513.194 44.707
513.471 44.862
513.747 45.017
514.023 45.174
514.299 45.331
514.576 45.482
514.852 45.627
515.128 45.772
515.405 45.909
515.681 46.046
515.957 46.191
516.233 46.333
516.510 46.474
516.786 46.622
517.062 46.757
517.338 46.889
517.615 47.017
517.891 47.150
518.167 47.279
518.443 47.408
518.720 47.534
518.996 47.651
519.272 47.770
519.548 47.894
519.825 48.023
520.101 48.154
520.377 48.273
520.654 48.393
520.930 48.509
521.206 48.618
521.482 48.735
521.759 48.849
522.035 48.956
522.311 49.077
522.587 49.194
522.864 49.308
523.140 49.414
523.416 49.517
523.692 49.623
523.969 49.725
524.245 49.819
524.521 49.915
524.798 50.014
525.074 50.117
525.350 50.213
525.626 50.312
525.903 50.416
526.179 50.519
526.455 50.617
526.731 50.727
527.008 50.853
527.284 50.954
527.560 51.053
527.836 51.156
528.113 51.253
528.389 51.352
528.665 51.445
528.942 51.531
529.218 51.632
529.494 51.745
529.770 51.841
530.047 51.927
530.323 52.005
530.599 52.097
530.875 52.189
531.152 52.275
531.428 52.364
531.704 52.460
531.980 52.556
532.257 52.656
532.533 52.753
532.809 52.837
533.086 52.922
533.362 53.009
533.638 53.099
533.914 53.197
534.191 53.287
534.467 53.378
534.743 53.470
535.019 53.560
535.296 53.643
535.572 53.724
535.848 53.813
536.124 53.896
536.401 53.990
536.677 54.083
536.953 54.173
537.230 54.272
537.506 54.366
537.782 54.466
538.058 54.580
538.335 54.671
538.611 54.759
538.887 54.854
539.163 54.940
539.440 55.036
539.716 55.124
539.992 55.219
540.268 55.314
540.545 55.406
540.821 55.499
541.097 55.601
541.373 55.707
541.650 55.819
541.926 55.918
542.202 56.012
542.479 56.103
542.755 56.191
543.031 56.281
543.307 56.375
543.584 56.457
543.860 56.530
544.136 56.617
544.412 56.698
544.689 56.781
544.965 56.876
545.241 56.965
545.517 57.064
545.794 57.155
546.070 57.238
546.356 57.314
546.642 57.407
546.928 57.511
547.214 57.612
547.500 57.699
547.786 57.782
548.072 57.869
548.358 57.956
548.644 58.049
548.930 58.131
549.216 58.208
549.502 58.294
549.788 58.389
550.074 58.490
550.360 58.580
550.646 58.666
550.932 58.743
551.218 58.820
551.504 58.898
551.790 58.986
552.076 59.074
552.362 59.169
552.648 59.252
552.934 59.329
553.220 59.415
553.506 59.495
553.793 59.568
554.079 59.637
554.365 59.707
554.651 59.787
554.937 59.867
555.223 59.941
555.509 60.037
555.795 60.133
556.081 60.208
556.367 60.272
556.653 60.339
556.939 60.418
557.225 60.490
557.511 60.556
557.797 60.616
558.083 60.680
558.369 60.745
558.655 60.796
558.941 60.843
559.227 60.900
559.513 60.962
559.799 61.030
560.085 61.105
560.371 61.177
560.657 61.244
560.943 61.306
561.229 61.370
561.515 61.430
561.801 61.489
562.087 61.544
562.373 61.598
562.659 61.651
562.945 61.699
563.231 61.751
563.517 61.804
563.803 61.857
564.089 61.907
564.375 61.951
564.661 62.001
564.947 62.050
565.233 62.098
565.519 62.153
565.805 62.211
566.091 62.258
566.377 62.303
566.663 62.352
566.949 62.405
567.235 62.462
567.521 62.507
567.807 62.553
568.093 62.598
568.379 62.649
568.665 62.696
568.951 62.748
569.237 62.788
569.524 62.827
569.810 62.854
570.096 62.898
570.382 62.951
570.668 62.995
570.954 63.037
571.240 63.083
571.526 63.130
571.812 63.179
572.098 63.215
572.384 63.247
572.670 63.270
572.956 63.278
573.242 63.308
573.528 63.356
573.814 63.394
574.100 63.434
574.386 63.468
574.672 63.504
574.958 63.545
575.244 63.592
575.530 63.640
575.816 63.694
576.102 63.745
576.388 63.790
576.674 63.835
576.960 63.890
577.248 63.924
577.536 63.954
577.824 63.992
578.113 64.030
578.401 64.083
578.689 64.121
578.977 64.155
579.265 64.201
579.553 64.248
579.841 64.289
580.130 64.340
580.418 64.376
580.706 64.412
580.994 64.447
581.282 64.494
581.570 64.536
581.858 64.579
582.147 64.622
582.435 64.664
582.723 64.705
583.011 64.738
583.299 64.774
583.587 64.811
583.875 64.850
584.164 64.891
584.452 64.915
584.740 64.942
585.028 64.969
585.316 64.997
585.604 65.034
585.892 65.080
586.181 65.116
586.469 65.148
586.757 65.189
587.045 65.231
587.333 65.267
587.621 65.291
587.909 65.318
588.198 65.349
588.486 65.378
588.774 65.400
589.062 65.427
589.350 65.449
589.638 65.473
589.927 65.491
590.215 65.527
590.503 65.562
590.791 65.579
591.079 65.606
591.367 65.640
591.655 65.668
591.944 65.702
592.232 65.730
592.520 65.750
592.808 65.772
593.096 65.783
593.384 65.786
593.672 65.798
593.961 65.821
594.249 65.842
594.537 65.848
594.825 65.870
595.113 65.887
595.401 65.908
595.689 65.936
595.978 65.946
596.266 65.964
596.554 65.982
596.842 66.007
597.130 66.028
597.418 66.051
597.706 66.068
597.995 66.095
598.283 66.120
598.571 66.134
598.859 66.139
599.147 66.155
599.435 66.173
599.723 66.183
600.012 66.193
600.300 66.195
600.588 66.200
600.876 66.214
601.164 66.231
601.452 66.248
601.740 66.255
602.029 66.271
602.317 66.285
602.605 66.307
602.893 66.330
603.181 66.345
603.469 66.346
603.757 66.369
604.046 66.382
604.334 66.389
604.622 66.397
604.910 66.415
605.198 66.441
605.486 66.463
605.774 66.477
606.063 66.495
606.351 66.512
606.639 66.520
606.927 66.537
607.215 66.568
607.503 66.609
607.791 66.633
608.080 66.651
608.368 66.681
608.656 66.690
608.944 66.697
609.232 66.717
609.520 66.735
609.808 66.764
610.097 66.794
610.385 66.828
610.673 66.861
610.961 66.886
611.249 66.905
611.537 66.918
611.825 66.933
612.114 66.951
612.402 66.970
612.690 66.998
612.978 67.025
613.266 67.036
613.554 67.054
613.843 67.070
614.131 67.076
614.419 67.075
614.707 67.088
614.995 67.084
615.283 67.087
615.571 67.101
615.860 67.129
616.148 67.160
616.436 67.202
616.724 67.223
617.012 67.229
617.300 67.241
617.588 67.259
617.877 67.293
618.165 67.321
618.453 67.340
618.741 67.356
619.029 67.369
619.317 67.391
619.605 67.408
619.894 67.418
620.182 67.428
620.470 67.439
620.758 67.455
621.046 67.481
621.334 67.493
621.622 67.508
621.911 67.522
622.199 67.539
622.487 67.554
622.775 67.567
623.063 67.572
623.351 67.581
623.639 67.579
623.928 67.592
624.216 67.609
624.504 67.628
624.792 67.638
625.080 67.641
625.368 67.649
625.656 67.666
625.945 67.671
626.233 67.690
626.521 67.722
626.809 67.738
627.097 67.745
627.385 67.756
627.673 67.770
627.962 67.773
628.250 67.771
628.538 67.772
628.826 67.775
629.114 67.782
629.402 67.797
629.690 67.818
629.979 67.830
630.267 67.846
630.555 67.842
630.843 67.843
631.131 67.853
631.419 67.864
631.707 67.882
631.996 67.902
632.284 67.909
632.572 67.928
632.860 67.945
633.148 67.955
633.436 67.950
633.724 67.953
634.013 67.945
634.301 67.955
634.589 67.980
634.877 67.989
635.165 68.002
635.453 68.012
635.741 68.027
636.030 68.033
636.318 68.037
636.606 68.042
636.894 68.060
637.182 68.076
637.470 68.090
637.759 68.100
638.047 68.107
638.335 68.107
638.623 68.102
638.911 68.111
639.199 68.123
639.487 68.140
639.776 68.157
640.064 68.176
640.352 68.194
640.640 68.206
640.928 68.214
641.216 68.232
641.504 68.247
641.793 68.260
642.081 68.254
642.369 68.253
642.657 68.259
642.945 68.262
643.233 68.256
643.521 68.261
643.810 68.258
644.098 68.244
644.386 68.241
644.674 68.250
644.962 68.239
645.250 68.222
645.538 68.212
645.827 68.212
646.115 68.219
646.403 68.233
646.691 68.242
646.979 68.240
647.267 68.241
647.555 68.242
647.844 68.232
648.132 68.239
648.420 68.241
648.708 68.241
648.996 68.245
649.284 68.254
649.572 68.260
649.861 68.266
650.149 68.269
650.437 68.262
650.725 68.255
651.013 68.263
651.301 68.281
651.589 68.303
651.878 68.305
652.166 68.304
652.454 68.315
652.742 68.323
653.030 68.328
653.318 68.335
653.606 68.348
653.895 68.350
654.183 68.365
654.471 68.361
654.759 68.363
655.047 68.375
655.335 68.387
655.623 68.396
655.912 68.408
656.200 68.425
656.488 68.432
656.776 68.446
657.064 68.443
657.352 68.424
657.640 68.417
657.929 68.415
658.217 68.421
658.505 68.426
658.793 68.431
659.081 68.423
659.369 68.416
659.657 68.427
659.946 68.432
660.234 68.435
660.522 68.444
660.810 68.469
661.098 68.483
661.386 68.496
661.675 68.505
661.963 68.515
662.251 68.521
662.539 68.534
662.827 68.543
663.115 68.558
663.403 68.584
663.692 68.610
663.980 68.633
664.268 68.656
664.556 68.669
664.844 68.678
665.132 68.691
665.420 68.706
665.709 68.713
665.997 68.727
666.285 68.741
666.573 68.750
666.861 68.752
667.149 68.753
667.437 68.771
667.726 68.797
668.014 68.822
668.302 68.844
668.590 68.867
668.878 68.868
669.166 68.862
669.454 68.871
669.743 68.882
670.031 68.905
670.319 68.918
670.607 68.928
670.895 68.934
671.183 68.927
671.471 68.938
671.760 68.936
672.048 68.951
672.336 68.970
672.624 68.986
672.912 68.995
673.200 69.000
673.488 69.011
673.777 69.013
674.065 69.020
674.353 69.013
674.641 69.033
674.929 69.065
675.217 69.079
675.505 69.091
675.794 69.094
676.082 69.100
676.370 69.116
676.658 69.144
676.946 69.180
677.234 69.201
677.522 69.210
677.811 69.228
678.099 69.249
678.387 69.248
678.675 69.251
678.963 69.267
679.251 69.299
679.539 69.312
679.828 69.316
680.116 69.342
680.404 69.387
680.692 69.429
680.980 69.451
681.268 69.457
681.556 69.466
681.845 69.478
682.133 69.487
682.421 69.501
682.709 69.515
682.997 69.535
683.285 69.548
683.573 69.571
683.862 69.593
684.150 69.609
684.438 69.638
684.726 69.665
685.014 69.673
685.302 69.669
685.591 69.676
685.879 69.707
686.167 69.710
686.455 69.728
686.743 69.748
687.031 69.761
687.319 69.781
687.608 69.794
687.896 69.806
688.184 69.827
688.472 69.853
688.760 69.877
689.048 69.891
689.336 69.912
689.625 69.924
689.913 69.936
690.201 69.946
690.489 69.962
690.777 69.991
691.065 70.012
691.353 70.031
691.642 70.067
691.930 70.088
692.218 70.093
692.506 70.095
692.794 70.102
693.082 70.103
693.370 70.127
693.659 70.143
693.947 70.151
694.235 70.172
694.523 70.189
694.811 70.204
695.099 70.227
695.387 70.235
695.676 70.237
695.964 70.258
696.252 70.269
696.540 70.280
696.836 70.294
697.133 70.306
697.429 70.322
697.725 70.317
698.021 70.309
698.318 70.304
698.614 70.308
698.910 70.330
699.207 70.354
699.503 70.387
699.799 70.415
700.095 70.437
700.392 70.455
700.688 70.462
700.984 70.477
701.281 70.493
701.577 70.514
701.873 70.531
702.169 70.540
702.466 70.557
702.762 70.579
703.058 70.598
703.355 70.616
703.651 70.614
703.947 70.636
704.243 70.663
704.540 70.687
704.836 70.705
705.132 70.719
705.428 70.725
705.725 70.728
706.021 70.733
706.317 70.734
706.614 70.764
706.910 70.798
707.206 70.823
707.502 70.851
707.799 70.874
708.095 70.894
708.391 70.911
708.688 70.923
708.984 70.945
709.280 70.956
709.576 70.935
709.873 70.946
710.169 70.976
710.465 71.006
710.762 71.027
711.058 71.061
711.354 71.083
711.650 71.116
711.947 71.135
712.243 71.147
712.539 71.161
712.836 71.161
713.132 71.170
713.428 71.200
713.724 71.227
714.021 71.257
714.317 71.285
714.613 71.321
714.910 71.337
715.206 71.360
715.502 71.387
715.798 71.409
716.095 71.421
716.391 71.443
716.687 71.457
716.984 71.475
717.280 71.498
717.576 71.512
717.872 71.517
718.169 71.518
718.465 71.524
718.761 71.536
719.058 71.564
719.354 71.585
719.650 71.585
719.946 71.593
720.243 71.615
720.539 71.625
720.835 71.635
721.131 71.665
721.428 71.691
721.724 71.711
722.020 71.714
722.317 71.714
722.613 71.723
722.909 71.742
723.205 71.744
723.502 71.753
723.798 71.789
724.094 71.817
724.391 71.838
724.687 71.840
724.983 71.835
725.279 71.843
725.576 71.854
725.872 71.862
726.168 71.878
726.465 71.891
726.761 71.906
727.057 71.907
727.353 71.919
727.650 71.964
727.946 71.979
728.242 71.981
728.539 72.000
728.835 72.032
729.131 72.051
729.427 72.056
729.724 72.058
730.020 72.082
730.316 72.085
730.613 72.086
730.909 72.103
731.205 72.118
731.501 72.129
731.798 72.144
732.094 72.142
732.390 72.147
732.687 72.138
732.983 72.132
733.279 72.144
733.575 72.164
733.872 72.178
734.168 72.206
734.464 72.217
734.761 72.232
735.057 72.230
735.353 72.222
735.649 72.231
735.946 72.267
736.242 72.293
736.538 72.297
736.835 72.309
737.131 72.311
737.427 72.319
737.723 72.351
738.020 72.368
738.316 72.365
738.612 72.363
738.909 72.376
739.205 72.394
739.501 72.408
739.797 72.436
740.094 72.454
740.390 72.447
740.686 72.461
740.982 72.485
741.279 72.532
741.575 72.558
741.871 72.563
742.168 72.575
742.464 72.601
742.760 72.633
743.056 72.663
743.353 72.684
743.649 72.701
743.945 72.715
744.242 72.714
744.538 72.712
744.834 72.698
745.130 72.713
745.427 72.726
745.723 72.709
746.019 72.727
746.316 72.730
746.612 72.726
746.908 72.718
747.204 72.718
747.501 72.734
747.797 72.741
748.093 72.723
748.390 72.719
748.686 72.734
748.982 72.744
749.278 72.748
749.575 72.753
749.871 72.741
750.167 72.749
750.464 72.774
750.760 72.791
751.056 72.799
751.352 72.798
751.649 72.806
751.945 72.815
752.241 72.799
752.538 72.808
752.834 72.800
753.130 72.842
753.426 72.889
753.723 72.889
754.019 72.893
754.315 72.903
754.611 72.904
754.908 72.911
755.204 72.925
755.500 72.931
755.797 72.921
756.093 72.921
756.389 72.940
756.685 72.947
756.982 72.954
757.278 72.964
757.574 72.960
757.871 72.948
758.167 72.936
758.463 72.952
758.759 72.957
759.056 72.940
759.352 72.922
759.648 72.925
759.945 72.920
760.241 72.915
760.537 72.908
760.833 72.909
761.130 72.885
761.426 72.864
761.722 72.860
762.019 72.862
762.315 72.872
762.611 72.887
762.907 72.914
763.204 72.910
763.500 72.908
763.804 72.931
764.108 72.959
764.412 72.985
764.716 72.999
765.020 73.020
765.324 73.040
765.628 73.047
765.932 73.071
766.236 73.089
766.540 73.106
766.844 73.118
767.148 73.135
767.452 73.166
767.756 73.177
768.060 73.183
768.364 73.200
768.668 73.219
768.972 73.222
769.276 73.212
769.580 73.203
769.884 73.188
770.188 73.200
770.492 73.224
770.796 73.226
771.100 73.251
771.404 73.229
771.708 73.188
772.012 73.189
772.316 73.185
772.620 73.183
772.924 73.181
773.228 73.169
773.532 73.154
773.836 73.146
774.140 73.152
774.444 73.178
774.748 73.184
775.052 73.189
775.356 73.182
775.659 73.169
775.963 73.180
776.267 73.184
776.571 73.205
776.875 73.216
777.179 73.237
777.483 73.268
777.787 73.298
778.091 73.312
778.395 73.324
778.699 73.344
779.003 73.362
779.307 73.362
779.611 73.371
779.915 73.373
780.219 73.373
780.523 73.367
780.827 73.367
781.131 73.371
781.435 73.373
781.739 73.399
782.043 73.413
782.347 73.388
782.651 73.356
782.955 73.349
783.259 73.362
783.563 73.370
783.867 73.375
784.171 73.394
784.475 73.379
784.779 73.369
785.083 73.352
785.387 73.326
785.691 73.316
785.995 73.308
786.299 73.306
786.603 73.317
786.907 73.290
787.211 73.262
787.515 73.276
787.819 73.316
788.123 73.344
788.427 73.365
788.731 73.373
789.035 73.379
789.339 73.371
789.643 73.365
789.947 73.362
790.251 73.372
790.555 73.356
790.859 73.326
791.163 73.317
791.467 73.345
791.771 73.366
792.075 73.383
792.379 73.387
792.683 73.379
792.987 73.376
793.291 73.372
793.595 73.395
793.899 73.434
794.203 73.449
794.507 73.463
794.811 73.494
795.115 73.524
795.419 73.539
795.723 73.501
796.027 73.478
796.331 73.461
796.635 73.452
796.939 73.453
797.243 73.445
797.547 73.413
797.851 73.393
798.155 73.399
798.459 73.408
798.763 73.397
799.067 73.390
799.371 73.399
799.674 73.409
799.978 73.406
800.282 73.403
800.586 73.411
800.890 73.431
801.194 73.445
801.498 73.444
801.802 73.425
802.106 73.404
802.410 73.385
802.714 73.365
803.018 73.342
803.322 73.332
803.626 73.353
803.930 73.389
804.234 73.406
804.538 73.409
804.842 73.435
805.146 73.452
805.450 73.471
805.754 73.468
806.058 73.474
806.362 73.489
806.666 73.465
806.970 73.433
807.274 73.407
807.578 73.392
807.882 73.408
808.186 73.406
808.490 73.386
808.794 73.379
809.098 73.363
809.402 73.359
809.706 73.368
810.010 73.362
810.314 73.361
810.618 73.387
810.922 73.413
811.226 73.421
811.530 73.429
811.834 73.444
812.137 73.431
812.441 73.404
812.744 73.396
813.048 73.404
813.351 73.386
813.655 73.339
813.958 73.302
814.262 73.319
814.565 73.317
814.869 73.307
815.172 73.314
815.476 73.320
815.779 73.326
816.083 73.357
816.386 73.371
816.690 73.361
816.993 73.356
817.297 73.370
817.600 73.387
817.904 73.364
818.208 73.356
818.511 73.367
818.815 73.328
819.118 73.321
819.422 73.329
819.725 73.331
820.029 73.338
820.332 73.351
820.636 73.350
820.939 73.343
821.243 73.331
821.546 73.362
821.850 73.403
822.153 73.423
822.457 73.401
822.760 73.376
823.064 73.382
823.367 73.337
823.671 73.309
823.974 73.316
824.278 73.341
824.582 73.337
824.885 73.309
825.189 73.336
825.492 73.354
825.796 73.371
826.099 73.389
826.403 73.382
826.706 73.387
827.010 73.407
827.313 73.406
827.617 73.430
827.920 73.452
828.224 73.445
828.527 73.439
828.831 73.451
829.134 73.436
829.438 73.396
829.741 73.388
830.045 73.371
830.348 73.369
830.652 73.371
830.956 73.363
831.259 73.344
831.563 73.304
831.866 73.283
832.170 73.305
832.473 73.347
832.777 73.368
833.080 73.376
833.384 73.385
833.687 73.374
833.991 73.362
834.294 73.358
834.598 73.328
834.901 73.316
835.205 73.332
835.508 73.361
835.812 73.391
836.115 73.424
836.419 73.422
836.722 73.372
837.026 73.341
837.330 73.373
837.633 73.378
837.937 73.374
838.240 73.375
838.544 73.375
838.847 73.361
839.151 73.347
839.454 73.333
839.758 73.319
840.061 73.311
840.365 73.292
840.668 73.258
840.972 73.291
841.275 73.322
841.579 73.310
841.882 73.318
842.186 73.301
842.489 73.237
842.793 73.184
843.097 73.153
843.400 73.129
843.704 73.122
844.007 73.124
844.311 73.138
844.614 73.118
844.918 73.070
845.221 73.045
845.525 73.048
845.828 73.033
846.132 73.020
846.435 73.042
846.739 73.054
847.042 73.030
847.346 73.009
847.649 72.989
847.953 73.033
848.256 73.062
848.560 73.057
848.863 73.022
849.167 72.991
849.471 72.970
849.774 72.964
850.078 72.967
850.381 72.980
850.685 72.998
850.988 72.994
851.292 72.959
851.595 72.928
851.899 72.888
852.202 72.870
852.506 72.873
852.809 72.839
853.113 72.800
853.416 72.755
853.720 72.732
854.023 72.701
854.327 72.633
854.630 72.556
854.934 72.556
855.237 72.582
855.541 72.590
855.845 72.578
856.148 72.564
856.452 72.561
856.755 72.557
857.059 72.578
857.362 72.578
857.666 72.581
857.969 72.573
858.273 72.579
858.576 72.572
858.880 72.569
859.183 72.601
859.487 72.586
859.790 72.576
860.094 72.549
860.397 72.556
860.701 72.600
861.004 72.640
861.308 72.644
861.611 72.660
861.915 72.690
862.219 72.659
862.522 72.620
862.826 72.552
863.129 72.508
863.433 72.524
863.736 72.510
864.040 72.508
864.343 72.518
864.647 72.489
864.950 72.482
865.254 72.504
865.557 72.531
865.861 72.530
866.164 72.522
866.468 72.515
866.771 72.495
867.075 72.486
867.378 72.496
867.682 72.513
867.985 72.560
868.289 72.581
868.593 72.558
868.896 72.499
869.200 72.450
869.503 72.434
869.807 72.453
870.110 72.457
870.414 72.466
870.717 72.472
871.021 72.433
871.324 72.437
871.628 72.464
871.931 72.494
872.235 72.476
872.538 72.447
872.842 72.468
873.145 72.512
873.449 72.525
873.752 72.547
874.056 72.582
874.359 72.596
874.663 72.592
874.967 72.571
875.270 72.526
875.574 72.476
875.877 72.466
876.181 72.464
876.484 72.476
876.788 72.497
877.091 72.512
877.395 72.526
877.698 72.480
878.002 72.440
878.305 72.391
878.609 72.385
878.912 72.360
879.216 72.308
879.519 72.300
879.823 72.317
880.126 72.287
880.430 72.267
880.733 72.295
881.037 72.322
881.341 72.333
881.644 72.348
881.948 72.355
882.251 72.363
882.555 72.326
882.858 72.292
883.162 72.318
883.465 72.284
883.769 72.234
884.072 72.218
884.376 72.214
884.679 72.230
884.983 72.176
885.286 72.150
885.590 72.122
885.893 72.081
886.197 72.046
886.500 71.994
886.804 71.953
887.107 71.950
887.411 71.983
887.715 71.996
888.018 71.959
888.322 71.914
888.625 71.894
888.929 71.865
889.232 71.827
889.536 71.818
889.839 71.785
890.143 71.759
890.446 71.743
890.750 71.746
891.053 71.734
891.357 71.706
891.660 71.693
891.964 71.666
892.267 71.624
892.571 71.583
892.874 71.546
893.178 71.516
893.482 71.493
893.785 71.496
894.089 71.481
894.392 71.469
894.696 71.452
894.999 71.408
895.303 71.343
895.606 71.324
895.910 71.294
896.213 71.251
896.517 71.208
896.820 71.227
897.124 71.236
897.427 71.232
897.731 71.249
898.034 71.240
898.338 71.223
898.641 71.207
898.945 71.206
899.248 71.197
899.552 71.219
899.856 71.248
900.159 71.252
900.463 71.225
900.766 71.188
901.070 71.165
901.373 71.176
901.677 71.169
901.980 71.146
902.284 71.103
902.587 71.065
902.891 70.993
903.194 70.911
903.498 70.916
903.801 70.918
904.105 70.920
904.408 70.905
904.712 70.883
905.015 70.837
905.319 70.834
905.622 70.836
905.926 70.777
906.230 70.732
906.533 70.707
906.837 70.664
907.140 70.648
907.444 70.662
907.747 70.622
908.051 70.589
908.354 70.565
908.658 70.569
908.961 70.553
909.265 70.530
909.568 70.547
909.872 70.540
910.175 70.501
910.479 70.472
910.782 70.440
911.086 70.407
911.389 70.388
911.693 70.421
911.996 70.408
912.300 70.381
912.613 70.347
912.926 70.323
913.238 70.317
913.551 70.351
913.864 70.376
914.176 70.331
914.489 70.264
914.802 70.274
915.115 70.299
915.427 70.258
915.740 70.250
916.053 70.222
916.366 70.185
916.678 70.173
916.991 70.171
917.304 70.180
917.617 70.143
917.929 70.115
918.242 70.075
918.555 70.047
918.868 70.038
919.180 70.069
919.493 70.104
919.806 70.105
920.119 70.058
920.431 70.026
920.744 70.008
921.057 69.988
921.370 69.996
921.682 70.048
921.995 70.091
922.308 70.051
922.621 69.995
922.933 69.995
923.246 70.002
923.559 69.995
923.872 70.033
924.184 70.038
924.497 70.003
924.810 70.019
925.123 70.040
925.435 70.012
925.748 69.994
926.061 69.975
926.374 69.916
926.686 69.931
926.999 69.937
927.312 69.946
927.625 69.907
927.937 69.844
928.250 69.796
928.563 69.737
928.876 69.692
929.188 69.681
929.501 69.720
929.814 69.757
930.127 69.694
930.439 69.629
930.752 69.536
931.065 69.450
931.378 69.382
931.690 69.317
932.003 69.229
932.316 69.152
932.629 69.070
932.941 69.050
933.254 69.039
933.567 68.989
933.880 68.909
934.192 68.860
934.505 68.812
934.818 68.740
935.131 68.728
935.443 68.684
935.756 68.647
936.069 68.610
936.382 68.532
936.694 68.520
937.007 68.505
937.320 68.421
937.633 68.319
937.945 68.201
938.258 68.046
938.571 67.931
938.884 67.862
939.196 67.828
939.509 67.790
939.822 67.749
940.135 67.773
940.447 67.789
940.760 67.690
941.073 67.609
941.386 67.584
941.698 67.628
942.011 67.641
942.324 67.626
942.637 67.567
942.949 67.449
943.262 67.331
943.575 67.273
943.888 67.239
944.200 67.178
944.513 67.134
944.826 67.147
945.139 67.136
945.451 67.091
945.764 67.030
946.077 66.925
946.390 66.822
946.702 66.831
947.015 66.816
947.328 66.825
947.641 66.877
947.953 66.867
948.266 66.808
948.579 66.683
948.892 66.587
949.204 66.613
949.517 66.634
949.830 66.625
950.143 66.632
950.455 66.636
950.768 66.657
951.081 66.653
951.394 66.657
951.706 66.686
952.019 66.680
952.332 66.671
952.645 66.725
952.957 66.739
953.270 66.735
953.583 66.767
953.896 66.809
954.208 66.783
954.521 66.783
954.834 66.799
955.147 66.786
955.459 66.782
955.772 66.693
956.085 66.663
956.398 66.692
956.710 66.783
957.023 66.841
957.336 66.832
957.649 66.804
957.961 66.824
958.274 66.832
958.587 66.753
958.900 66.658
959.212 66.591
959.525 66.502
959.838 66.554
960.151 66.626
960.463 66.616
960.776 66.536
961.089 66.465
961.402 66.436
961.714 66.421
962.027 66.436
962.340 66.476
962.653 66.463
962.965 66.438
963.278 66.452
963.591 66.506
963.904 66.475
964.216 66.379
964.529 66.367
964.842 66.339
965.154 66.380
965.467 66.431
965.780 66.397
966.094 66.445
966.409 66.471
966.723 66.426
967.037 66.482
967.352 66.510
967.666 66.520
967.980 66.479
968.295 66.418
968.609 66.367
968.923 66.410
969.238 66.487
969.552 66.506
969.866 66.526
970.181 66.510
970.495 66.449
970.809 66.443
971.124 66.425
971.438 66.374
971.752 66.371
972.067 66.366
972.381 66.315
972.695 66.255
973.010 66.246
973.324 66.292
973.638 66.332
973.953 66.316
974.267 66.313
974.581 66.377
974.896 66.509
975.210 66.457
975.524 66.431
975.839 66.422
976.153 66.478
976.467 66.559
976.781 66.577
977.096 66.541
977.410 66.527
977.724 66.688
978.039 66.854
978.353 66.841
978.667 66.924
978.982 66.960
979.296 66.882
979.610 66.872
979.925 66.828
980.239 66.816
980.553 66.777
980.868 66.795
981.182 66.871
981.496 66.865
981.811 66.793
982.125 66.814
982.439 66.805
982.754 66.794
983.068 66.820
983.382 66.885
983.697 66.960
984.011 67.082
984.325 67.131
984.640 67.182
984.954 67.200
985.268 67.120
985.583 67.062
985.897 67.086
986.211 67.037
986.526 66.970
986.840 67.026
987.154 67.202
987.469 67.343
987.783 67.448
988.097 67.515
988.412 67.510
988.726 67.467
989.040 67.432
989.355 67.541
989.669 67.660
989.983 67.674
990.298 67.673
990.612 67.706
990.926 67.680
991.241 67.775
991.555 67.913
991.869 67.966
992.184 67.942
992.498 67.943
992.812 68.020
993.127 68.076
993.441 68.050
993.755 68.017
994.070 67.945
994.384 68.106
994.698 68.246
995.013 68.287
995.327 68.301
995.641 68.345
995.956 68.376
996.270 68.447
996.584 68.536
996.899 68.424
997.213 68.374
997.527 68.407
997.841 68.349
998.156 68.398
998.470 68.431
998.784 68.372
999.099 68.505
999.413 68.555
999.727 68.630
