290.982 106.011
291.167 104.078
291.352 104.350
291.537 103.244
291.722 102.251
291.907 103.069
292.091 102.709
292.276 100.484
292.461 101.329
292.646 98.580
292.831 94.752
293.016 91.619
293.201 91.156
293.386 87.979
293.571 84.729
293.756 82.980
293.940 84.770
294.125 86.586
294.310 86.862
294.495 85.738
294.680 88.641
294.865 92.533
295.050 91.639
295.235 88.450
295.420 86.101
295.605 84.681
295.789 82.562
295.974 80.397
296.159 80.307
296.344 81.214
296.529 82.027
296.714 81.912
296.899 82.100
297.084 82.459
297.269 82.197
297.454 81.674
297.638 80.682
297.823 81.326
298.008 81.957
298.193 82.738
298.378 82.959
298.563 83.383
298.748 82.973
298.933 83.843
299.118 85.357
299.303 85.680
299.487 84.532
299.672 84.895
299.857 84.773
300.042 82.454
300.227 79.292
300.412 76.284
300.597 74.586
300.782 73.356
300.967 72.217
301.152 70.855
301.336 72.368
301.521 74.172
301.706 73.581
301.891 74.293
302.076 76.725
302.261 77.325
302.446 79.694
302.631 80.285
302.816 81.393
303.001 82.533
303.185 83.992
303.370 82.251
303.555 78.560
303.740 75.091
303.925 73.197
304.110 70.447
304.295 68.429
304.480 65.962
304.665 66.105
304.850 68.629
305.034 69.983
305.219 71.081
305.404 71.331
305.589 71.165
305.774 70.332
305.959 69.460
306.144 68.767
306.329 68.891
306.514 66.959
306.699 65.437
306.883 64.177
307.068 63.424
307.253 62.911
307.438 62.742
307.623 61.397
307.808 61.224
307.993 61.956
308.178 61.621
308.363 60.813
308.548 59.695
308.732 58.569
308.917 60.010
309.102 61.650
309.287 62.925
309.472 64.129
309.657 64.334
309.842 64.843
310.027 65.987
310.212 63.830
310.397 60.043
310.581 57.456
310.766 56.790
310.951 56.935
311.136 56.874
311.321 55.634
311.506 55.058
311.691 55.932
311.876 56.327
312.061 56.657
312.245 56.084
312.430 54.283
312.615 56.004
312.800 58.612
312.985 60.234
313.170 60.697
313.347 59.557
313.523 59.563
313.700 60.743
313.877 57.612
314.054 54.617
314.230 52.463
314.407 51.681
314.584 51.865
314.761 51.073
314.937 50.678
315.114 51.825
315.291 51.943
315.467 52.762
315.644 52.975
315.821 52.242
315.998 50.932
316.174 48.836
316.351 46.957
316.528 46.594
316.704 45.945
316.881 45.155
317.058 44.930
317.235 46.521
317.411 49.001
317.588 51.448
317.765 52.414
317.942 52.749
318.118 52.326
318.295 52.198
318.472 52.654
318.648 51.078
318.825 48.352
319.002 46.988
319.179 45.657
319.355 44.724
319.532 44.444
319.709 43.760
319.885 44.283
320.062 44.560
320.239 45.321
320.416 46.434
320.592 46.865
320.769 47.545
320.946 47.560
321.123 46.731
321.299 47.013
321.476 46.396
321.653 44.824
321.829 44.386
322.006 43.760
322.183 43.030
322.360 42.667
322.536 42.303
322.713 41.747
322.890 41.876
323.066 42.725
323.243 42.852
323.420 42.749
323.597 43.491
323.773 45.729
323.950 46.235
324.127 45.018
324.304 44.878
324.480 45.357
324.657 45.843
324.834 44.641
325.010 41.989
325.187 41.178
325.364 41.803
325.541 40.852
325.717 39.857
325.894 38.143
326.071 37.881
326.248 37.435
326.424 36.649
326.601 36.827
326.778 37.465
326.954 37.267
327.131 37.570
327.308 37.402
327.485 37.174
327.661 37.373
327.838 37.035
328.015 35.734
328.191 35.187
328.368 35.455
328.545 35.441
328.722 35.283
328.898 34.223
329.075 33.685
329.252 34.819
329.429 34.986
329.605 34.206
329.782 33.340
329.959 33.716
330.135 35.062
330.312 35.215
330.489 33.872
330.666 33.907
330.842 34.439
331.019 34.965
331.196 34.549
331.372 33.764
331.549 33.533
331.726 33.304
331.903 32.087
332.079 31.591
332.256 32.078
332.433 32.626
332.610 32.544
332.786 31.815
332.963 31.182
333.140 31.938
333.316 32.129
333.493 31.452
333.670 31.841
333.847 31.926
334.023 32.496
334.200 34.229
334.377 33.630
334.553 32.309
334.730 31.231
334.907 30.030
335.084 30.034
335.260 29.701
335.437 28.928
335.614 29.307
335.791 30.508
335.967 32.358
336.144 32.517
336.321 32.132
336.497 32.283
336.674 31.581
336.851 30.824
337.028 30.083
337.204 28.935
337.381 28.164
337.558 27.973
337.734 28.345
337.911 29.506
338.088 29.555
338.265 29.361
338.441 29.486
338.618 30.858
338.795 31.533
338.972 30.082
339.148 28.578
339.325 28.930
339.502 29.515
339.678 29.534
339.855 27.988
340.032 27.320
340.209 28.287
340.385 28.327
340.562 28.017
340.739 27.503
340.916 26.204
341.092 25.704
341.269 25.226
341.446 25.156
341.622 25.795
341.799 25.569
341.976 25.272
342.153 26.241
342.329 27.148
342.506 27.864
342.683 27.795
342.859 27.135
343.036 26.336
343.213 25.992
343.390 25.813
343.566 25.381
343.743 24.549
343.920 24.209
344.097 23.965
344.273 24.066
344.450 24.205
344.627 23.972
344.803 23.547
344.980 23.799
345.157 24.466
345.334 24.716
345.510 24.984
345.687 25.055
345.864 24.979
346.040 24.836
346.217 24.939
346.394 24.325
346.571 23.975
346.747 23.857
346.924 23.617
347.101 22.953
347.278 23.150
347.454 23.418
347.631 23.379
347.808 23.826
347.984 23.458
348.161 22.901
348.338 23.662
348.515 24.156
348.691 23.411
348.868 22.617
349.045 21.777
349.221 22.018
349.398 22.276
349.575 21.852
349.752 21.282
349.928 21.469
350.105 22.175
350.282 22.472
350.459 22.514
350.635 22.557
350.812 22.850
350.989 22.878
351.165 22.226
351.342 22.223
351.519 22.843
351.696 22.870
351.872 22.856
352.049 22.607
352.226 22.592
352.402 23.066
352.579 22.805
352.756 22.203
352.933 22.328
353.109 22.805
353.286 22.869
353.463 22.305
353.640 21.734
353.816 21.426
353.993 21.130
354.170 20.433
354.346 19.936
354.523 19.590
354.700 20.129
354.877 20.998
355.053 21.210
355.230 21.396
355.407 21.542
355.584 21.660
355.760 22.025
355.937 22.175
356.114 21.962
356.290 21.842
356.467 21.714
356.644 21.999
356.821 22.207
356.997 21.884
357.174 21.292
357.351 21.267
357.527 21.558
357.704 21.666
357.881 21.899
358.058 21.890
358.234 22.519
358.411 23.441
358.588 23.509
358.765 23.382
358.941 23.052
359.118 22.726
359.295 22.740
359.471 22.229
359.648 21.535
359.825 21.100
360.002 21.110
360.178 21.639
360.355 21.823
360.532 22.065
360.708 22.361
360.885 22.370
361.062 22.478
361.239 22.249
361.415 21.452
361.592 21.002
361.769 20.624
361.946 20.314
362.122 20.398
362.299 20.684
362.476 20.964
362.652 21.121
362.829 21.352
363.006 21.455
363.183 21.859
363.359 21.642
363.536 21.591
363.713 21.464
363.889 21.450
364.066 21.460
364.243 21.419
364.420 20.805
364.596 20.633
364.773 20.208
364.950 19.956
365.127 20.110
365.303 20.195
365.480 20.372
365.661 20.720
365.841 21.333
366.022 21.593
366.202 21.707
366.383 21.739
366.563 21.721
366.744 21.195
366.924 20.993
367.105 20.786
367.286 20.688
367.466 20.714
367.647 20.562
367.827 20.262
368.008 20.794
368.188 20.964
368.369 20.989
368.549 21.096
368.730 21.018
368.911 21.508
369.091 21.511
369.272 21.134
369.452 21.178
369.633 20.952
369.813 20.915
369.994 20.917
370.174 20.629
370.355 21.246
370.535 21.338
370.716 20.889
370.897 20.976
371.077 21.089
371.258 21.094
371.438 21.044
371.619 20.984
371.799 21.540
371.980 22.116
372.160 22.023
372.341 21.652
372.522 21.653
372.702 21.813
372.883 21.574
373.063 21.224
373.244 20.998
373.424 21.084
373.605 21.548
373.785 21.797
373.966 21.940
374.147 21.893
374.327 21.651
374.508 21.763
374.688 22.155
374.869 22.250
375.049 22.158
375.230 22.255
375.410 22.879
375.591 23.625
375.772 23.727
375.952 23.316
376.133 22.991
376.313 23.175
376.494 23.068
376.674 22.634
376.855 21.916
377.035 21.813
377.216 22.214
377.397 22.285
377.577 22.315
377.758 22.566
377.938 22.651
378.119 22.807
378.299 22.911
378.480 22.749
378.660 22.772
378.841 22.586
379.021 22.501
379.202 22.656
379.383 22.489
379.563 22.257
379.744 22.187
379.924 22.212
380.105 22.182
380.285 22.030
380.466 21.966
380.646 22.165
380.827 22.165
381.008 22.096
381.188 22.059
381.369 22.299
381.549 22.503
381.730 22.635
381.910 22.624
382.091 22.612
382.271 22.837
382.452 22.845
382.633 22.654
382.813 22.526
382.994 22.284
383.174 22.633
383.355 23.166
383.535 23.219
383.716 23.465
383.896 23.759
384.077 23.922
384.258 23.958
384.438 23.805
384.619 23.588
384.799 23.609
384.980 23.612
385.160 23.499
385.341 23.524
385.521 23.558
385.702 23.472
385.882 23.393
386.063 23.309
386.244 23.446
386.424 23.516
386.605 23.390
386.785 23.434
386.966 23.497
387.146 23.572
387.327 23.695
387.507 23.594
387.688 23.581
387.869 23.720
388.049 23.825
388.230 24.012
388.410 24.313
388.591 24.373
388.771 24.376
388.952 24.286
389.132 24.344
389.313 24.477
389.494 24.349
389.674 24.125
389.855 24.173
390.035 24.312
390.216 24.465
390.396 24.548
390.577 24.549
390.757 24.905
390.938 25.121
391.119 25.043
391.299 25.024
391.480 25.093
391.660 25.101
391.841 25.151
392.021 25.094
392.202 25.123
392.382 25.377
392.563 25.408
392.743 25.457
392.924 25.448
393.105 25.384
393.285 25.349
393.466 25.408
393.646 25.551
393.827 25.723
394.007 25.879
394.188 25.956
394.368 25.905
394.549 26.039
394.730 26.145
394.910 26.049
395.091 26.067
395.271 26.131
395.452 26.192
395.632 26.697
395.813 26.955
395.993 26.788
396.174 26.819
396.355 26.863
396.535 26.846
396.716 26.911
396.896 26.734
397.077 26.625
397.257 26.969
397.438 27.109
397.618 27.198
397.799 27.214
397.980 27.156
398.160 27.180
398.341 27.212
398.521 27.113
398.702 27.117
398.882 27.153
399.063 27.301
399.243 27.422
399.424 27.488
399.605 27.616
399.785 27.609
399.966 27.708
400.146 27.810
400.327 27.803
400.507 27.914
400.688 28.033
400.868 28.099
401.049 28.108
401.229 28.077
401.410 28.110
401.591 28.153
401.771 28.227
401.952 28.291
402.132 28.365
402.313 28.636
402.493 28.732
402.674 28.806
402.854 29.074
403.035 29.263
403.216 29.342
403.396 29.376
403.577 29.230
403.757 29.361
403.938 29.540
404.118 29.459
404.299 29.337
404.479 29.260
404.660 29.096
404.841 29.151
405.023 29.126
405.204 29.078
405.385 29.176
405.566 29.183
405.748 29.349
405.929 29.602
406.110 29.733
406.292 29.870
406.473 30.088
406.654 30.274
406.835 30.560
407.017 30.654
407.198 30.610
407.379 30.599
407.560 30.605
407.742 30.460
407.923 30.286
408.104 30.123
408.286 30.016
408.467 29.956
408.648 30.039
408.829 30.155
409.011 30.418
409.192 30.760
409.373 30.944
409.555 31.069
409.736 31.244
409.917 31.385
410.098 31.446
410.280 31.422
410.461 31.378
410.642 31.444
410.823 31.521
411.005 31.553
411.186 31.562
411.367 31.570
411.549 31.624
411.730 31.705
411.911 31.797
412.092 31.849
412.274 31.956
412.455 32.090
412.636 32.238
412.818 32.182
412.999 32.108
413.180 32.120
413.361 32.139
413.543 32.246
413.724 32.310
413.905 32.336
414.087 32.447
414.268 32.503
414.449 32.601
414.630 32.740
414.812 32.765
414.993 32.841
415.174 32.989
415.355 33.096
415.537 33.114
415.718 33.116
415.899 33.152
416.081 33.276
416.262 33.304
416.443 33.146
416.624 33.071
416.806 33.152
416.987 33.225
417.168 33.294
417.350 33.189
417.531 33.163
417.712 33.264
417.893 33.343
418.075 33.470
418.256 33.529
418.437 33.609
418.618 33.680
418.800 33.646
418.981 33.624
419.162 33.692
419.344 33.747
419.525 33.774
419.706 33.810
419.887 34.005
420.069 34.286
420.250 34.416
420.431 34.445
420.613 34.458
420.794 34.517
420.975 34.566
421.156 34.523
421.338 34.418
421.519 34.505
421.700 34.587
421.882 34.593
422.063 34.649
422.244 34.638
422.425 34.649
422.607 34.769
422.788 34.840
422.969 34.883
423.150 34.962
423.332 34.988
423.513 35.179
423.694 35.487
423.876 35.625
424.057 35.573
424.238 35.593
424.419 35.654
424.601 35.750
424.782 35.794
424.963 35.835
425.145 35.872
425.326 36.066
425.507 36.196
425.688 36.260
425.870 36.262
426.051 36.248
426.232 36.077
426.413 36.017
426.595 35.995
426.776 36.050
426.957 36.065
427.139 36.082
427.320 36.138
427.501 36.317
427.682 36.397
427.864 36.370
428.045 36.263
428.226 36.263
428.408 36.360
428.589 36.328
428.770 36.243
428.951 36.268
429.133 36.416
429.314 36.564
429.495 36.711
429.677 36.790
429.858 36.888
430.039 36.959
430.220 37.069
430.402 37.078
430.583 37.126
430.764 37.127
430.945 37.203
431.127 37.258
431.308 37.332
431.489 37.319
431.671 37.440
431.852 37.580
432.033 37.628
432.214 37.595
432.396 37.643
432.577 37.688
432.758 37.830
432.940 37.860
433.121 37.848
433.302 37.978
433.483 38.115
433.665 38.160
433.846 38.272
434.027 38.392
434.208 38.539
434.390 38.641
434.571 38.656
434.752 38.691
434.934 38.735
435.115 38.766
435.296 38.789
435.477 38.833
435.659 38.900
435.840 38.965
436.030 39.048
436.220 39.221
436.410 39.349
436.600 39.339
436.790 39.327
436.980 39.348
437.170 39.412
437.360 39.467
437.550 39.431
437.741 39.338
437.931 39.387
438.121 39.448
438.311 39.465
438.501 39.516
438.691 39.500
438.881 39.519
439.071 39.628
439.261 39.682
439.451 39.733
439.641 39.801
439.831 39.803
440.021 39.906
440.211 39.972
440.401 39.965
440.591 40.014
440.781 40.074
440.971 40.124
441.161 40.244
441.351 40.315
441.542 40.388
441.732 40.490
441.922 40.565
442.112 40.574
442.302 40.619
442.492 40.640
442.682 40.670
442.872 40.744
443.062 40.779
443.252 40.813
443.442 40.838
443.632 40.926
443.822 41.020
444.012 41.065
444.202 41.068
444.392 41.079
444.582 41.165
444.772 41.306
444.962 41.331
445.153 41.340
445.343 41.357
445.533 41.459
445.723 41.579
445.913 41.588
446.103 41.624
446.293 41.731
446.483 41.837
446.673 41.956
446.863 42.020
447.053 42.157
447.243 42.280
447.433 42.302
447.623 42.339
447.813 42.374
448.003 42.422
448.193 42.454
448.383 42.501
448.573 42.545
448.764 42.651
448.954 42.705
449.144 42.681
449.334 42.692
449.524 42.741
449.714 42.742
449.904 42.811
450.094 42.862
450.284 42.917
450.474 43.042
450.664 43.111
450.854 43.151
451.044 43.166
451.234 43.156
451.424 43.222
451.614 43.312
451.804 43.328
451.994 43.384
452.184 43.487
452.375 43.533
452.565 43.615
452.755 43.680
452.945 43.716
453.135 43.818
453.325 43.924
453.515 44.031
453.705 44.185
453.895 44.354
454.085 44.449
454.275 44.522
454.465 44.591
454.655 44.689
454.845 44.714
455.035 44.673
455.225 44.600
455.415 44.624
455.605 44.615
455.795 44.593
455.985 44.585
456.176 44.657
456.366 44.743
456.556 44.815
456.746 44.849
456.936 44.903
457.126 45.016
457.316 45.045
457.506 45.057
457.696 45.113
457.886 45.174
458.076 45.223
458.266 45.319
458.456 45.355
458.646 45.431
458.836 45.490
459.026 45.547
459.216 45.623
459.406 45.694
459.596 45.765
459.787 45.824
459.977 45.871
460.167 45.904
460.357 45.949
460.547 46.003
460.737 45.990
460.927 45.998
461.117 46.056
461.307 46.108
461.497 46.178
461.687 46.296
461.877 46.390
462.067 46.472
462.257 46.514
462.447 46.593
462.637 46.713
462.827 46.768
463.017 46.744
463.207 46.690
463.397 46.770
463.588 46.937
463.778 46.965
463.968 46.962
464.158 47.050
464.348 47.151
464.538 47.255
464.728 47.297
464.918 47.286
465.108 47.333
465.298 47.340
465.488 47.324
465.678 47.345
465.868 47.390
466.058 47.423
466.248 47.439
466.438 47.499
466.628 47.579
466.818 47.664
467.008 47.745
467.199 47.753
467.389 47.790
467.579 47.838
467.769 47.845
467.959 47.806
468.149 47.817
468.339 47.829
468.529 47.835
468.719 47.837
468.909 47.862
469.099 47.943
469.289 48.010
469.479 48.006
469.669 48.010
469.859 48.113
470.049 48.146
470.239 48.128
470.429 48.124
470.619 48.209
470.810 48.307
471.000 48.350
471.190 48.358
471.380 48.426
471.570 48.518
471.760 48.570
471.950 48.582
472.140 48.596
472.330 48.635
472.520 48.662
472.710 48.718
472.900 48.729
473.090 48.705
473.280 48.718
473.470 48.721
473.660 48.715
473.850 48.720
474.040 48.718
474.230 48.756
474.421 48.803
474.611 48.794
474.801 48.835
474.991 48.870
475.181 48.881
475.371 48.867
475.561 48.848
475.751 48.860
475.941 48.909
476.131 48.859
476.321 48.829
476.511 48.846
476.701 48.865
476.891 48.864
477.081 48.842
477.271 48.807
477.461 48.858
477.651 48.894
477.841 48.829
478.031 48.790
478.222 48.767
478.412 48.784
478.602 48.821
478.792 48.818
478.982 48.802
479.172 48.880
479.362 48.888
479.552 48.858
479.742 48.835
479.932 48.805
480.122 48.748
480.312 48.719
480.502 48.646
480.692 48.601
480.882 48.607
481.072 48.560
481.262 48.503
481.452 48.507
481.642 48.490
481.833 48.495
482.023 48.459
482.213 48.460
482.403 48.448
482.593 48.402
482.783 48.356
482.973 48.336
483.163 48.328
483.353 48.355
483.543 48.340
483.733 48.313
483.923 48.308
484.113 48.281
484.303 48.225
484.493 48.146
484.683 48.079
484.873 47.999
485.063 47.995
485.253 47.996
485.443 47.933
485.634 47.850
485.824 47.784
486.014 47.709
486.204 47.646
486.394 47.544
486.584 47.429
486.774 47.392
486.964 47.399
487.154 47.351
487.344 47.308
487.534 47.250
487.724 47.175
487.914 47.100
488.104 46.981
488.294 46.867
488.484 46.789
488.674 46.707
488.864 46.617
489.054 46.542
489.245 46.473
489.435 46.442
489.625 46.379
489.815 46.331
490.005 46.282
490.195 46.236
490.385 46.226
490.575 46.147
490.765 46.057
490.955 45.991
491.145 45.917
491.335 45.833
491.525 45.750
491.715 45.616
491.905 45.534
492.095 45.445
492.285 45.334
492.475 45.199
492.665 45.050
492.856 44.949
493.046 44.881
493.236 44.825
493.426 44.681
493.616 44.549
493.806 44.516
493.996 44.478
494.186 44.349
494.376 44.176
494.566 44.016
494.756 43.964
494.946 43.890
495.136 43.758
495.326 43.651
495.516 43.573
495.706 43.502
495.896 43.493
496.086 43.442
496.276 43.366
496.467 43.275
496.657 43.187
496.847 43.113
497.037 43.082
497.227 42.925
497.417 42.768
497.607 42.672
497.797 42.587
497.987 42.475
498.177 42.340
498.367 42.194
498.557 42.071
498.747 41.957
498.937 41.842
499.127 41.709
499.317 41.578
499.507 41.472
499.697 41.319
499.887 41.194
500.077 41.108
500.268 41.006
500.458 40.894
500.648 40.768
500.838 40.631
501.028 40.520
501.218 40.392
501.408 40.255
501.598 40.140
501.788 39.993
501.978 39.892
502.168 39.771
502.358 39.695
502.548 39.594
502.738 39.438
502.928 39.271
503.118 39.179
503.308 39.062
503.498 38.956
503.688 38.845
503.879 38.767
504.069 38.687
504.259 38.579
504.449 38.442
504.639 38.320
504.829 38.215
505.019 38.048
505.209 37.867
505.399 37.712
505.589 37.580
505.779 37.440
505.969 37.305
506.159 37.158
506.349 37.058
506.539 37.021
506.729 36.938
506.919 36.841
507.109 36.728
507.299 36.630
507.490 36.510
507.680 36.352
507.870 36.162
508.060 36.016
508.250 35.871
508.440 35.729
508.630 35.589
508.820 35.483
509.010 35.386
509.200 35.262
509.390 35.111
509.580 34.965
509.770 34.862
509.960 34.706
510.150 34.561
510.340 34.443
510.530 34.306
510.720 34.210
510.910 34.113
511.100 34.021
511.291 33.969
511.481 33.903
511.671 33.776
511.861 33.682
512.051 33.571
512.241 33.522
512.431 33.509
512.621 33.376
512.811 33.233
513.001 33.106
513.191 32.974
513.381 32.853
513.571 32.651
513.761 32.392
513.951 32.242
514.141 32.076
514.331 31.927
514.521 31.791
514.711 31.669
514.902 31.542
515.092 31.429
515.282 31.333
515.472 31.234
515.662 31.143
515.852 31.023
516.042 30.874
516.232 30.767
516.422 30.623
516.612 30.463
516.802 30.339
516.992 30.196
517.182 30.081
517.372 29.961
517.562 29.824
517.752 29.702
517.942 29.594
518.132 29.465
518.322 29.335
518.513 29.223
518.703 29.137
518.893 29.031
519.083 28.952
519.273 28.854
519.463 28.748
519.653 28.658
519.843 28.521
520.033 28.375
520.223 28.274
520.413 28.152
520.603 28.015
520.793 27.899
520.983 27.770
521.173 27.686
521.363 27.581
521.553 27.431
521.743 27.304
521.933 27.198
522.123 27.063
522.314 26.945
522.504 26.827
522.694 26.731
522.884 26.627
523.074 26.493
523.264 26.366
523.454 26.268
523.644 26.176
523.834 26.070
524.024 25.956
524.214 25.869
524.404 25.794
524.594 25.703
524.784 25.593
524.974 25.465
525.164 25.354
525.354 25.235
525.544 25.108
525.734 24.972
525.925 24.834
526.115 24.717
526.305 24.609
526.495 24.493
526.685 24.424
526.875 24.356
527.065 24.257
527.255 24.169
527.445 24.045
527.635 23.930
527.825 23.804
528.015 23.645
528.205 23.529
528.395 23.450
528.585 23.327
528.775 23.220
528.965 23.124
529.155 23.015
529.345 22.934
529.535 22.818
529.726 22.689
529.916 22.572
530.106 22.497
530.296 22.427
530.486 22.364
530.676 22.279
530.866 22.198
531.056 22.107
531.246 22.044
531.436 21.948
531.626 21.815
531.816 21.684
532.006 21.546
532.196 21.392
532.386 21.260
532.576 21.118
532.766 20.995
532.956 20.898
533.146 20.823
533.337 20.733
533.527 20.652
533.717 20.547
533.907 20.465
534.097 20.361
534.287 20.263
534.477 20.141
534.667 20.039
534.857 19.957
535.047 19.902
535.237 19.822
535.427 19.755
535.617 19.654
535.807 19.563
535.997 19.485
536.187 19.404
536.377 19.296
536.567 19.196
536.757 19.112
536.948 19.032
537.138 18.959
537.328 18.875
537.518 18.750
537.708 18.662
537.898 18.597
538.088 18.514
538.278 18.439
538.468 18.356
538.658 18.259
538.848 18.193
539.038 18.096
539.228 17.992
539.418 17.902
539.608 17.811
539.798 17.744
539.988 17.674
540.178 17.602
540.368 17.533
540.558 17.447
540.749 17.359
540.939 17.287
541.129 17.187
541.319 17.087
541.509 17.024
541.699 16.987
541.889 17.097
542.079 17.359
542.269 17.307
542.459 17.253
542.649 17.194
542.839 17.101
543.029 16.984
543.219 16.737
543.409 16.338
543.599 16.273
543.789 16.173
543.979 16.091
544.169 16.046
544.360 15.997
544.550 15.920
544.740 15.830
544.930 15.741
545.120 15.663
545.310 15.575
545.500 15.462
545.690 15.362
545.880 15.302
546.070 15.230
546.267 15.135
546.463 15.068
546.660 14.991
546.857 14.913
547.054 14.835
547.251 14.748
547.447 14.678
547.644 14.578
547.841 14.484
548.038 14.416
548.234 14.352
548.431 14.296
548.628 14.228
548.825 14.173
549.021 14.145
549.218 14.105
549.415 14.050
549.612 13.965
549.808 13.859
550.005 13.777
550.202 13.692
550.399 13.620
550.595 13.544
550.792 13.479
550.989 13.446
551.186 13.438
551.382 13.378
551.579 13.320
551.776 13.260
551.973 13.194
552.169 13.134
552.366 13.068
552.563 13.002
552.760 12.955
552.956 12.900
553.153 12.853
553.350 12.822
553.547 12.775
553.743 12.726
553.940 12.662
554.137 12.599
554.334 12.541
554.530 12.462
554.727 12.384
554.924 12.326
555.121 12.275
555.317 12.227
555.514 12.176
555.711 12.099
555.908 12.039
556.104 11.979
556.301 11.910
556.498 11.834
556.695 11.754
556.891 11.697
557.088 11.659
557.285 11.598
557.482 11.539
557.678 11.487
557.875 11.444
558.072 11.391
558.269 11.337
558.465 11.307
558.662 11.293
558.859 11.259
559.056 11.200
559.252 11.122
559.449 11.060
559.646 11.005
559.843 10.936
560.039 10.871
560.236 10.812
560.433 10.758
560.630 10.720
560.826 10.680
561.023 10.619
561.220 10.561
561.417 10.492
561.613 10.452
561.810 10.423
562.007 10.402
562.204 10.366
562.400 10.337
562.597 10.296
562.794 10.255
562.991 10.206
563.187 10.161
563.384 10.107
563.581 10.055
563.778 9.998
563.974 9.961
564.171 9.937
564.368 9.898
564.565 9.825
564.761 9.751
564.958 9.704
565.155 9.693
565.352 9.669
565.548 9.616
565.745 9.560
565.942 9.539
566.139 9.534
566.335 9.508
566.532 9.449
566.729 9.391
566.926 9.355
567.122 9.350
567.319 9.327
567.516 9.275
567.713 9.226
567.909 9.186
568.106 9.152
568.303 9.113
568.500 9.060
568.696 9.013
568.893 8.979
569.090 8.963
569.287 8.933
569.483 8.887
569.680 8.850
569.877 8.834
570.074 8.803
570.270 8.769
570.467 8.742
570.664 8.701
570.861 8.663
571.057 8.631
571.254 8.565
571.451 8.526
571.648 8.489
571.844 8.438
572.041 8.438
572.238 8.432
572.435 8.429
572.631 8.430
572.828 8.406
573.025 8.406
573.222 8.402
573.418 8.343
573.615 8.306
573.812 8.257
574.009 8.194
574.205 8.166
574.402 8.127
574.599 8.082
574.796 8.067
574.992 8.030
575.189 7.984
575.386 7.975
575.583 7.953
575.779 7.902
575.976 7.865
576.173 7.826
576.370 7.789
576.567 7.767
576.763 7.751
576.960 7.720
577.158 7.714
577.356 7.709
577.554 7.673
577.752 7.652
577.950 7.616
578.148 7.572
578.346 7.551
578.544 7.516
578.742 7.452
578.940 7.441
579.138 7.426
579.336 7.405
579.534 7.374
579.732 7.342
579.930 7.326
580.128 7.324
580.326 7.307
580.524 7.303
580.722 7.298
580.920 7.282
581.118 7.248
581.316 7.203
581.514 7.180
581.712 7.157
581.909 7.079
582.107 7.017
582.305 6.996
582.503 7.001
582.701 6.998
582.899 6.974
583.097 6.933
583.295 6.920
583.493 6.906
583.691 6.885
583.889 6.858
584.087 6.832
584.285 6.809
584.483 6.790
584.681 6.782
584.879 6.780
585.077 6.758
585.275 6.708
585.473 6.665
585.671 6.630
585.869 6.621
586.067 6.632
586.265 6.624
586.463 6.585
586.661 6.569
586.859 6.564
587.057 6.547
587.255 6.518
587.453 6.478
587.651 6.445
587.849 6.433
588.047 6.407
588.245 6.391
588.443 6.384
588.641 6.358
588.839 6.337
589.037 6.320
589.235 6.328
589.433 6.326
589.631 6.301
589.829 6.282
590.027 6.288
590.225 6.259
590.423 6.222
590.621 6.175
590.819 6.141
591.017 6.120
591.215 6.095
591.413 6.062
591.611 6.026
591.809 6.011
592.006 6.004
592.204 6.006
592.402 6.006
592.600 5.988
592.798 5.972
592.996 5.971
593.194 5.958
593.392 5.934
593.590 5.916
593.788 5.905
593.986 5.891
594.184 5.887
594.382 5.907
594.580 5.913
594.778 5.925
594.976 5.934
595.174 5.905
595.372 5.884
595.570 5.853
595.768 5.802
595.966 5.753
596.164 5.689
596.362 5.620
596.560 5.594
596.758 5.581
596.956 5.575
597.154 5.564
597.352 5.551
597.550 5.562
597.748 5.563
597.946 5.563
598.144 5.586
598.342 5.587
598.540 5.589
598.738 5.586
598.936 5.559
599.134 5.550
599.332 5.534
599.530 5.468
599.728 5.428
599.926 5.413
600.124 5.412
600.322 5.407
600.520 5.390
600.718 5.402
600.916 5.426
601.114 5.408
601.312 5.379
601.510 5.382
601.708 5.386
601.905 5.363
602.103 5.339
602.301 5.338
602.499 5.355
602.697 5.384
602.895 5.370
603.093 5.366
603.291 5.385
603.489 5.382
603.687 5.353
603.885 5.337
604.083 5.289
604.281 5.264
604.479 5.243
604.677 5.212
604.875 5.181
605.073 5.167
605.271 5.175
605.469 5.180
605.667 5.157
605.865 5.133
606.063 5.129
606.261 5.131
606.459 5.153
606.657 5.189
606.855 5.175
607.053 5.175
607.251 5.182
607.449 5.184
607.647 5.164
607.845 5.116
608.043 5.032
608.241 5.024
608.439 5.024
608.637 5.016
608.835 5.002
609.033 5.007
609.231 5.013
609.429 5.025
609.627 5.016
609.825 5.009
610.023 5.006
610.221 5.016
610.419 5.007
610.617 4.986
610.815 4.968
611.013 4.947
611.211 4.923
611.409 4.913
611.607 4.888
611.804 4.876
612.002 4.872
612.200 4.873
612.398 4.900
612.596 4.919
612.794 4.920
612.992 4.913
613.190 4.885
613.388 4.879
613.586 4.872
613.784 4.844
613.982 4.835
614.180 4.827
614.378 4.831
614.576 4.871
614.774 4.889
614.972 4.877
615.170 4.874
615.368 4.841
615.566 4.816
615.764 4.803
615.962 4.761
616.160 4.715
616.358 4.684
616.556 4.662
616.754 4.663
616.952 4.677
617.150 4.673
617.348 4.677
617.546 4.675
617.744 4.682
617.942 4.676
618.140 4.661
618.338 4.627
618.536 4.611
618.734 4.605
618.932 4.617
619.130 4.617
619.328 4.625
619.526 4.629
619.724 4.629
619.922 4.601
620.120 4.575
620.318 4.573
620.516 4.568
620.714 4.566
620.912 4.585
621.110 4.590
621.308 4.620
621.506 4.636
621.704 4.606
621.901 4.591
622.099 4.589
622.297 4.587
622.495 4.570
622.693 4.554
622.891 4.553
623.089 4.567
623.287 4.557
623.485 4.535
623.683 4.512
623.881 4.517
624.079 4.509
624.277 4.485
624.475 4.471
624.673 4.486
624.871 4.495
625.069 4.496
625.267 4.516
625.465 4.533
625.663 4.545
625.861 4.542
626.059 4.529
626.257 4.514
626.455 4.506
626.653 4.500
626.851 4.502
627.049 4.507
627.247 4.496
627.445 4.499
627.643 4.494
627.841 4.482
628.039 4.462
628.237 4.462
628.435 4.452
628.633 4.443
628.831 4.427
629.029 4.412
629.227 4.400
629.425 4.382
629.623 4.342
629.821 4.357
630.019 4.387
630.217 4.396
630.415 4.405
630.613 4.403
630.811 4.408
631.009 4.434
631.207 4.418
631.405 4.389
631.603 4.381
631.801 4.390
631.998 4.400
632.196 4.425
632.394 4.415
632.592 4.410
632.790 4.441
632.988 4.445
633.186 4.443
633.384 4.459
633.582 4.438
633.780 4.415
633.978 4.411
634.176 4.395
634.374 4.380
634.572 4.366
634.770 4.339
634.968 4.309
635.166 4.298
635.364 4.304
635.562 4.318
635.760 4.319
635.958 4.315
636.156 4.312
636.354 4.333
636.552 4.356
636.750 4.343
636.948 4.311
637.146 4.321
637.344 4.335
637.542 4.348
637.740 4.359
637.938 4.346
638.136 4.347
638.334 4.351
638.532 4.538
638.730 4.854
638.928 4.843
639.126 4.839
639.324 4.839
639.522 4.820
639.720 4.820
639.918 4.652
640.116 4.350
640.314 4.346
640.512 4.330
640.710 4.332
640.908 4.333
641.106 4.340
641.304 4.339
641.502 4.335
641.699 4.338
641.897 4.342
642.095 4.346
642.293 4.356
642.491 4.349
642.689 4.327
642.887 4.289
643.085 4.277
643.283 4.271
643.481 4.267
643.679 4.265
643.877 4.250
644.075 4.243
644.273 4.267
644.471 4.280
644.669 4.293
644.867 4.294
645.065 4.291
645.263 4.285
645.461 4.272
645.659 4.242
645.857 4.236
646.055 4.236
646.253 4.251
646.451 4.269
646.649 4.276
646.847 4.279
647.045 4.278
647.243 4.268
647.441 4.264
647.639 4.275
647.837 4.294
648.035 4.337
648.233 4.388
648.431 4.425
648.629 4.452
648.827 4.471
649.025 4.451
649.223 4.416
649.421 4.396
649.619 4.349
649.817 4.325
650.015 4.319
650.213 4.305
650.411 4.325
650.609 4.327
650.807 4.306
651.005 4.297
651.203 4.286
651.401 4.272
651.599 4.269
651.796 4.229
651.994 4.212
652.192 4.227
652.390 4.242
652.588 4.256
652.786 4.271
652.984 4.262
653.182 4.274
653.380 4.297
653.578 4.299
653.776 4.305
653.974 4.296
654.172 4.278
654.370 4.295
654.568 4.289
654.766 4.257
654.964 4.224
655.162 4.203
655.360 4.212
655.558 4.214
655.756 4.197
655.954 4.207
656.152 4.246
656.350 4.268
656.548 4.304
656.746 4.315
656.944 4.299
657.142 4.284
657.340 4.264
657.538 4.239
657.736 4.245
657.934 4.237
658.132 4.233
658.330 4.263
658.528 4.295
658.726 4.298
658.924 4.296
659.122 4.286
659.320 4.261
659.518 4.269
659.716 4.257
659.914 4.208
660.112 4.203
660.310 4.221
660.508 4.223
660.706 4.218
660.904 4.199
661.102 4.198
661.300 4.227
661.498 4.240
661.696 4.233
661.893 4.216
662.091 4.226
662.289 4.235
662.487 4.227
662.685 4.236
662.883 4.253
663.081 4.236
663.279 4.207
663.477 4.210
663.675 4.231
663.873 4.247
664.071 4.235
664.269 4.238
664.467 4.271
664.665 4.312
664.863 4.307
665.061 4.301
665.259 4.311
665.457 4.315
665.655 4.291
665.853 4.292
666.051 4.301
666.249 4.285
666.447 4.268
666.645 4.261
666.843 4.261
667.041 4.275
667.239 4.254
667.437 4.243
667.635 4.262
667.833 4.260
668.031 4.249
668.229 4.230
668.427 4.210
668.625 4.237
668.823 4.285
669.021 4.326
669.219 4.313
669.417 4.305
669.615 4.310
669.813 4.317
670.011 4.273
670.209 4.213
670.407 4.175
670.605 4.195
670.803 4.207
671.001 4.196
671.199 4.204
671.397 4.257
671.595 4.296
671.792 4.285
671.990 4.301
672.188 4.328
672.386 4.321
672.584 4.303
672.782 4.280
672.980 4.265
673.178 4.264
673.376 4.245
673.574 4.220
673.772 4.242
673.970 4.242
674.168 4.195
674.366 4.172
674.564 4.193
674.762 4.202
674.960 4.195
675.158 4.190
675.356 4.201
675.554 4.230
675.752 4.231
675.950 4.220
676.148 4.176
676.346 4.171
676.544 4.195
676.742 4.190
676.940 4.181
677.138 4.181
677.336 4.181
677.534 4.218
677.732 4.228
677.930 4.200
678.128 4.216
678.326 4.247
678.524 4.254
678.722 4.265
678.920 4.252
679.118 4.249
679.316 4.284
679.514 4.296
679.712 4.293
679.910 4.306
680.108 4.284
680.306 4.275
680.504 4.257
680.702 4.211
680.900 4.182
681.098 4.173
681.296 4.161
681.494 4.159
681.691 4.171
681.889 4.205
682.087 4.242
682.285 4.261
682.483 4.241
682.681 4.221
682.879 4.234
683.077 4.261
683.275 4.260
683.473 4.264
683.671 4.252
683.869 4.267
684.067 4.283
684.265 4.300
684.463 4.294
684.661 4.305
684.859 4.341
685.057 4.378
685.255 4.393
685.453 4.394
685.651 4.385
685.849 4.383
686.047 4.389
686.245 4.361
686.443 4.355
686.641 4.363
686.839 4.379
687.037 4.407
687.235 4.433
687.433 4.406
687.631 4.388
687.829 4.393
688.027 4.395
688.225 4.416
688.423 4.405
688.621 4.398
688.819 4.411
689.017 4.411
689.215 4.411
689.413 4.429
689.611 4.414
689.809 4.391
690.007 4.382
690.205 4.382
690.403 4.399
690.601 4.397
690.799 4.393
690.997 4.405
691.195 4.442
691.393 4.452
691.591 4.466
691.788 4.484
691.986 4.497
692.184 4.500
692.382 4.531
692.580 4.542
692.778 4.575
692.976 4.619
693.174 4.606
693.372 4.603
693.570 4.596
693.768 4.588
693.966 4.591
694.164 4.591
694.362 4.583
694.560 4.599
694.758 4.615
694.956 4.634
695.154 4.629
695.352 4.632
695.550 4.620
695.748 4.607
695.946 4.602
696.144 4.581
696.342 4.569
696.540 4.576
696.744 4.575
696.948 4.574
697.152 4.579
697.357 4.625
697.561 4.653
697.765 4.687
697.969 4.700
698.173 4.716
698.377 4.750
698.581 4.776
698.786 4.776
698.990 4.806
699.194 4.813
699.398 4.815
699.602 4.796
699.806 4.772
700.010 4.752
700.215 4.738
700.419 4.701
700.623 4.676
700.827 4.670
701.031 4.683
701.235 4.669
701.440 4.662
701.644 4.674
701.848 4.688
702.052 4.697
702.256 4.730
702.460 4.723
702.664 4.725
702.869 4.719
703.073 4.684
703.277 4.691
703.481 4.726
703.685 4.752
703.889 4.810
704.093 4.877
704.298 4.893
704.502 4.911
704.706 4.907
704.910 4.880
705.114 4.859
705.318 4.829
705.522 4.777
705.727 4.791
705.931 4.792
706.135 4.813
706.339 4.821
706.543 4.782
706.747 4.780
706.951 4.835
707.156 4.870
707.360 4.897
707.564 4.887
707.768 4.905
707.972 4.943
708.176 4.914
708.380 4.877
708.585 4.861
708.789 4.863
708.993 4.878
709.197 4.853
709.401 4.827
709.605 4.857
709.810 4.847
710.014 4.857
710.218 4.870
710.422 4.876
710.626 4.912
710.830 4.944
711.034 4.984
711.239 5.016
711.443 4.976
711.647 4.954
711.851 4.964
712.055 4.948
712.259 4.913
712.463 4.867
712.668 4.858
712.872 4.878
713.076 4.885
713.280 4.878
713.484 4.904
713.688 4.988
713.892 5.038
714.097 5.043
714.301 5.027
714.505 5.015
714.709 5.046
714.913 5.032
715.117 4.979
715.321 4.966
715.526 4.982
715.730 5.021
715.934 5.050
716.138 5.036
716.342 5.043
716.546 5.059
716.750 5.069
716.955 5.051
717.159 5.062
717.363 5.052
717.567 5.053
717.771 5.047
717.975 5.033
718.180 5.011
718.384 5.031
718.588 5.033
718.792 5.025
718.996 5.022
719.200 5.062
719.404 5.115
719.609 5.135
719.813 5.129
720.017 5.129
720.221 5.149
720.425 5.144
720.629 5.114
720.833 5.085
721.038 5.082
721.242 5.083
721.446 5.052
721.650 5.044
721.854 5.048
722.058 5.040
722.262 5.043
722.467 5.069
722.671 5.080
722.875 5.101
723.079 5.105
723.283 5.103
723.487 5.121
723.691 5.135
723.896 5.130
724.100 5.147
724.304 5.153
724.508 5.145
724.712 5.148
724.916 5.143
725.120 5.097
725.325 5.079
725.529 5.086
725.733 5.108
725.937 5.130
726.141 5.148
726.345 5.177
726.550 5.212
726.754 5.194
726.958 5.139
727.162 5.096
727.366 5.089
727.570 5.083
727.774 5.045
727.979 5.057
728.183 5.129
728.387 5.169
728.591 5.187
728.795 5.202
728.999 5.202
729.203 5.236
729.408 5.251
729.612 5.211
729.816 5.202
730.020 5.252
730.224 5.248
730.428 5.235
730.632 5.233
730.837 5.209
731.041 5.181
731.245 5.187
731.449 5.146
731.653 5.126
731.857 5.139
732.061 5.149
732.266 5.137
732.470 5.163
732.674 5.156
732.878 5.129
733.082 5.158
733.286 5.180
733.490 5.169
733.695 5.207
733.899 5.225
734.103 5.234
734.307 5.281
734.511 5.336
734.715 5.347
734.920 5.334
735.124 5.320
735.328 5.323
735.532 5.333
735.736 5.325
735.940 5.293
736.144 5.334
736.349 5.404
736.553 5.433
736.757 5.445
736.961 5.473
737.165 5.501
737.369 5.503
737.573 5.475
737.778 5.432
737.982 5.395
738.186 5.391
738.390 5.363
738.594 5.338
738.798 5.345
739.002 5.314
739.207 5.326
739.411 5.370
739.615 5.371
739.819 5.396
740.023 5.411
740.227 5.402
740.431 5.397
740.636 5.386
740.840 5.390
741.044 5.380
741.248 5.379
741.452 5.389
741.656 5.410
741.860 5.439
742.065 5.449
742.269 5.417
742.473 5.411
742.677 5.434
742.881 5.479
743.085 5.482
743.290 5.492
743.494 5.502
743.698 5.539
743.902 5.587
744.106 5.593
744.310 5.551
744.514 5.561
744.719 5.542
744.923 5.525
745.127 5.537
745.331 5.552
745.535 5.595
745.739 5.686
745.943 5.704
746.148 5.716
746.352 5.724
746.556 5.700
746.760 5.694
746.964 5.681
747.168 5.591
747.372 5.579
747.577 5.645
747.781 5.716
747.985 5.729
748.189 5.723
748.393 5.724
748.597 5.749
748.801 5.751
749.006 5.779
749.210 5.801
749.414 5.837
749.618 5.832
749.822 5.800
750.026 5.796
750.230 5.794
750.435 5.757
750.639 5.726
750.843 5.731
751.047 5.797
751.251 5.838
751.455 5.869
751.660 5.861
751.864 5.794
752.068 5.731
752.272 5.711
752.476 5.667
752.680 5.658
752.884 5.676
753.089 5.721
753.293 5.782
753.497 5.832
753.701 5.845
753.905 5.862
754.109 5.858
754.313 5.855
754.518 5.819
754.722 5.805
754.926 5.822
755.130 5.840
755.334 5.900
755.538 5.933
755.742 5.934
755.947 5.953
756.151 5.974
756.355 5.998
756.559 6.018
756.763 6.012
756.967 6.005
757.171 5.990
757.376 6.018
757.580 6.020
757.784 5.961
757.988 5.926
758.192 5.876
758.396 5.836
758.600 5.833
758.805 5.851
759.009 5.873
759.213 5.927
759.417 6.024
759.621 6.137
759.825 6.256
760.030 6.282
760.234 6.259
760.438 6.299
760.642 6.333
760.846 6.268
761.050 6.183
761.254 6.133
761.459 6.138
761.663 6.142
761.867 6.113
762.071 6.052
762.275 6.011
762.479 5.963
762.683 5.928
762.888 5.928
763.092 5.970
763.296 5.972
763.500 5.984
763.709 6.041
763.918 6.099
764.126 6.110
764.335 6.141
764.544 6.108
764.753 6.124
764.962 6.210
765.171 6.274
765.379 6.279
765.588 6.291
765.797 6.299
766.006 6.333
766.215 6.297
766.424 6.210
766.632 6.143
766.841 6.137
767.050 6.185
767.259 6.197
767.468 6.180
767.677 6.213
767.885 6.287
768.094 6.283
768.303 6.247
768.512 6.211
768.721 6.222
768.929 6.256
769.138 6.233
769.347 6.200
769.556 6.243
769.765 6.251
769.974 6.230
770.182 6.181
770.391 6.166
770.600 6.199
770.809 6.201
771.018 6.161
771.227 6.159
771.435 6.144
771.644 6.121
771.853 6.126
772.062 6.159
772.271 6.162
772.480 6.151
772.688 6.141
772.897 6.170
773.106 6.258
773.315 6.323
773.524 6.374
773.732 6.386
773.941 6.451
774.150 6.537
774.359 6.577
774.568 6.542
774.777 6.483
774.985 6.421
775.194 6.420
775.403 6.411
775.612 6.404
775.821 6.398
776.030 6.400
776.238 6.383
776.447 6.347
776.656 6.370
776.865 6.352
777.074 6.394
777.283 6.456
777.491 6.510
777.700 6.625
777.909 6.725
778.118 6.771
778.327 6.817
778.535 6.813
778.744 6.788
778.953 6.780
779.162 6.744
779.371 6.709
779.580 6.633
779.788 6.616
779.997 6.634
780.206 6.688
780.415 6.731
780.624 6.733
780.833 6.725
781.041 6.779
781.250 6.807
781.459 6.795
781.668 6.762
781.877 6.748
782.086 6.746
782.294 6.735
782.503 6.733
782.712 6.775
782.921 6.820
783.130 6.823
783.338 6.810
783.547 6.865
783.756 6.986
783.965 7.049
784.174 7.074
784.383 7.086
784.591 7.149
784.800 7.208
785.009 7.167
785.218 7.121
785.427 7.120
785.636 7.087
785.844 7.033
786.053 6.970
786.262 6.925
786.471 6.935
786.680 6.983
786.889 7.018
787.097 7.051
787.306 7.106
787.515 7.161
787.724 7.219
787.933 7.299
788.141 7.280
788.350 7.237
788.559 7.217
788.768 7.238
788.977 7.224
789.186 7.212
789.394 7.152
789.603 7.098
789.812 7.045
790.021 7.025
790.230 6.984
790.439 6.963
790.647 6.957
790.856 7.002
791.065 7.067
791.274 7.081
791.483 7.127
791.692 7.176
791.900 7.259
792.109 7.304
792.318 7.250
792.527 7.265
792.736 7.394
792.944 7.448
793.153 7.471
793.362 7.451
793.571 7.455
793.780 7.509
793.989 7.500
794.197 7.489
794.406 7.461
794.615 7.439
794.824 7.458
795.033 7.457
795.242 7.502
795.450 7.525
795.659 7.540
795.868 7.563
796.077 7.586
796.286 7.545
796.495 7.572
796.703 7.578
796.912 7.587
797.121 7.620
797.330 7.626
797.539 7.603
797.747 7.639
797.956 7.575
798.165 7.513
798.374 7.577
798.583 7.641
798.792 7.683
799.000 7.677
799.209 7.724
799.418 7.826
799.627 7.908
799.836 7.917
800.045 7.858
800.253 7.851
800.462 7.992
800.671 7.953
800.880 7.882
801.089 7.827
801.298 7.790
801.506 7.795
801.715 7.816
801.924 7.719
802.133 7.797
802.342 7.886
802.550 7.911
802.759 7.978
802.968 8.029
803.177 8.144
803.386 8.233
803.595 8.231
803.803 8.308
804.012 8.332
804.221 8.254
804.430 8.167
804.639 8.049
804.848 7.986
805.056 7.990
805.265 7.954
805.474 8.026
805.683 8.106
805.892 8.203
806.101 8.299
806.309 8.421
806.518 8.511
806.727 8.451
806.936 8.436
807.145 8.445
807.353 8.462
807.562 8.460
807.771 8.396
807.980 8.319
808.189 8.488
808.398 8.624
808.606 8.598
808.815 8.529
809.024 8.487
809.233 8.497
809.442 8.466
809.651 8.361
809.859 8.310
810.068 8.359
810.277 8.428
810.486 8.519
810.695 8.535
810.904 8.607
811.112 8.678
811.321 8.693
811.530 8.758
811.740 8.749
811.949 8.753
812.159 8.795
812.368 8.822
812.578 8.767
812.787 8.729
812.997 8.687
813.206 8.884
813.416 9.171
813.625 9.283
813.835 9.407
814.044 9.486
814.254 9.454
814.463 9.532
814.673 9.477
814.882 9.177
815.092 9.091
815.301 9.065
815.511 9.050
815.720 9.059
815.930 8.997
816.139 8.920
816.349 8.956
816.558 8.996
816.768 8.870
816.977 8.847
817.187 8.933
817.396 8.962
817.606 8.977
817.815 8.874
818.025 8.886
818.234 9.074
818.444 9.083
818.653 9.011
818.863 9.033
819.072 9.050
819.282 9.114
819.491 9.113
819.701 9.146
819.910 9.272
820.120 9.340
820.329 9.379
820.539 9.472
820.748 9.656
820.958 9.719
821.167 9.682
821.377 9.751
821.586 9.885
821.796 9.906
822.005 9.859
822.215 9.753
822.424 9.830
822.634 9.892
822.843 9.792
823.053 9.750
823.262 9.795
823.472 9.826
823.681 9.928
823.891 9.920
824.100 9.842
824.310 9.873
824.519 9.940
824.729 9.954
824.938 9.904
825.148 9.817
825.357 9.718
825.567 9.717
825.776 9.760
825.986 9.746
826.195 9.805
826.405 9.929
826.614 9.942
826.824 9.992
827.033 10.099
827.243 10.157
827.452 10.205
827.662 10.168
827.871 10.178
828.081 10.282
828.290 10.323
828.500 10.341
828.709 10.399
828.919 10.293
829.128 10.308
829.338 10.330
829.547 10.284
829.757 10.264
829.966 10.261
830.176 10.166
830.385 10.156
830.595 10.068
830.804 10.071
831.014 10.156
831.223 10.134
831.433 10.057
831.642 10.122
831.852 10.225
832.061 10.291
832.271 10.237
832.480 10.091
832.690 10.166
832.899 10.351
833.109 10.320
833.318 10.353
833.528 10.570
833.737 10.715
833.947 10.915
834.156 10.939
834.366 10.898
834.575 11.025
834.785 11.149
834.994 10.963
835.204 10.932
835.413 10.983
835.623 10.982
835.832 10.983
836.042 10.961
836.251 10.839
836.461 10.931
836.670 11.062
836.880 10.978
837.089 10.979
837.299 10.942
837.508 10.988
837.718 11.082
837.927 11.186
838.137 11.166
838.346 11.301
838.556 11.401
838.765 11.419
838.975 11.396
839.184 11.421
839.394 11.411
839.603 11.455
839.813 11.405
840.022 11.355
840.232 11.432
840.441 11.432
840.651 11.428
840.860 11.397
841.070 11.418
841.279 11.477
841.489 11.550
841.698 11.595
841.908 11.653
842.117 11.604
842.327 11.466
842.536 11.276
842.746 11.130
842.955 11.167
843.165 11.125
843.374 11.152
843.584 11.311
843.793 11.529
844.003 11.738
844.212 11.874
844.422 11.941
844.631 12.034
844.841 11.894
845.050 11.679
845.260 11.670
845.469 11.627
845.679 11.711
845.888 11.760
846.098 11.672
846.307 11.806
846.517 12.026
846.726 12.034
846.936 11.996
847.145 11.955
847.355 12.080
847.564 12.323
847.774 12.449
847.983 12.496
848.193 13.077
848.402 13.988
848.612 14.119
848.821 14.042
849.031 13.932
849.240 13.863
849.450 13.824
849.659 13.210
849.869 12.319
850.078 12.113
850.288 11.950
850.497 11.885
850.707 11.993
850.916 12.039
851.126 12.015
851.335 11.978
851.545 11.999
851.754 12.028
851.964 12.036
852.173 12.005
852.383 12.048
852.592 12.146
852.802 12.258
853.011 12.439
853.221 12.579
853.430 12.715
853.640 12.618
853.849 12.508
854.059 12.593
854.268 12.747
854.478 12.670
854.687 12.651
854.897 12.668
855.106 12.701
855.316 12.808
855.525 12.891
855.735 12.779
855.944 12.758
856.154 12.588
856.363 12.432
856.573 12.589
856.782 12.677
856.992 12.690
857.201 12.670
857.411 12.648
857.620 12.846
857.830 12.929
858.039 12.818
858.249 12.683
858.458 12.495
858.668 12.516
858.877 12.681
859.087 12.778
859.296 12.882
859.506 13.038
859.715 13.180
859.925 13.268
860.134 13.262
860.344 13.181
860.553 13.148
860.763 13.054
860.972 12.966
861.182 12.962
861.391 12.911
861.601 12.921
861.810 12.991
862.020 12.814
862.229 12.848
862.439 12.833
862.648 12.670
862.858 12.774
863.067 12.989
863.277 12.984
863.486 13.039
863.696 13.080
863.905 13.249
864.115 13.392
864.324 13.329
864.534 13.298
864.743 13.375
864.953 13.498
865.162 13.514
865.372 13.421
865.581 13.449
865.791 13.448
866.000 13.299
866.210 13.442
866.419 13.558
866.629 13.736
866.838 13.851
867.048 13.836
867.257 13.954
867.467 14.115
867.676 14.179
867.886 14.275
868.095 14.333
868.305 14.273
868.514 14.231
868.724 14.188
868.933 14.199
869.143 13.965
869.352 13.845
869.562 13.602
869.771 13.550
869.981 13.759
870.190 13.955
870.400 13.917
870.609 13.992
870.819 14.012
871.028 14.306
871.238 14.505
871.447 14.629
871.657 14.815
871.866 14.943
872.076 14.984
872.285 14.888
872.495 14.814
872.704 14.674
872.914 14.491
873.123 14.295
873.333 14.326
873.542 14.482
873.752 14.786
873.961 14.827
874.171 14.965
874.380 15.041
874.590 14.884
874.799 14.638
875.009 14.548
875.218 14.549
875.428 14.605
875.637 14.839
875.847 14.675
876.056 14.810
876.266 15.341
876.475 15.462
876.685 15.332
876.894 15.295
877.104 15.212
877.313 15.630
877.523 15.701
877.732 15.405
877.942 15.409
878.151 15.420
878.361 15.325
878.570 15.162
878.780 14.867
878.989 14.779
879.199 14.777
879.408 14.801
879.618 15.101
879.827 15.202
880.037 15.057
880.246 15.134
880.456 15.453
880.665 15.739
880.875 15.737
881.084 15.428
881.294 15.422
881.503 15.837
881.713 15.837
881.922 15.366
882.132 15.031
882.341 14.958
882.551 14.848
882.760 14.731
882.970 14.681
883.179 14.831
883.389 15.012
883.598 15.272
883.808 15.344
884.017 15.509
884.227 15.718
884.436 15.659
884.646 15.468
884.855 15.477
885.065 15.282
885.274 15.155
885.484 15.160
885.693 15.125
885.903 15.354
886.112 15.725
886.322 15.674
886.531 15.679
886.741 15.914
886.950 16.088
887.160 16.173
887.369 15.951
887.579 15.695
887.788 15.615
887.998 15.500
888.207 15.178
888.417 15.089
888.626 15.017
888.836 14.876
889.045 14.787
889.255 14.838
889.464 14.842
889.674 14.949
889.883 15.128
890.093 15.159
890.302 15.039
890.512 15.063
890.721 15.246
890.931 15.511
891.140 15.772
891.350 15.489
891.559 15.347
891.769 15.382
891.978 15.459
892.188 15.708
892.397 15.710
892.607 15.661
892.816 15.842
893.026 15.973
893.235 16.220
893.445 16.001
893.654 15.637
893.864 15.771
894.073 15.750
894.283 15.806
894.492 15.897
894.702 15.939
894.911 16.191
895.121 16.303
895.330 16.137
895.540 16.055
895.749 15.818
895.959 15.817
896.168 16.028
896.378 16.243
896.587 16.614
896.797 16.872
897.006 17.282
897.216 17.381
897.425 17.240
897.635 17.115
897.844 16.676
898.054 16.172
898.263 16.096
898.473 15.780
898.682 15.781
898.892 15.698
899.101 15.407
899.311 15.905
899.520 16.310
899.730 16.000
899.939 15.846
900.149 15.902
900.358 16.082
900.568 16.352
900.777 16.242
900.987 16.209
901.196 16.536
901.406 16.638
901.615 16.569
901.825 16.546
902.034 16.470
902.244 16.445
902.453 16.304
902.663 16.230
902.872 16.397
903.082 16.493
903.291 16.550
903.501 16.788
903.710 16.973
903.920 17.189
904.129 17.128
904.339 17.285
904.548 17.417
904.758 17.429
904.967 17.039
905.177 16.641
905.386 16.541
905.596 16.656
905.805 16.733
906.015 16.861
906.224 17.149
906.434 17.603
906.643 17.891
906.853 17.974
907.062 17.943
907.272 17.502
907.481 17.421
907.691 17.196
907.900 17.013
908.110 17.236
908.319 17.216
908.529 17.278
908.738 17.417
908.948 17.217
909.157 17.185
909.367 17.118
909.576 16.585
909.786 16.297
909.995 16.377
910.205 16.432
910.414 16.565
910.624 16.571
910.833 16.514
911.043 16.823
911.252 17.308
911.462 17.401
911.672 17.729
911.881 18.071
912.091 18.311
912.300 18.507
912.512 18.353
912.724 18.332
912.937 18.279
913.149 18.188
913.361 18.204
913.573 18.430
913.786 18.787
913.998 18.961
914.210 18.829
914.422 18.913
914.634 18.529
914.847 18.375
915.059 18.043
915.271 17.644
915.483 17.689
915.696 17.838
915.908 17.721
916.120 18.075
916.332 18.317
916.544 18.560
916.757 18.800
916.969 19.067
917.181 19.359
917.393 19.567
917.606 19.654
917.818 19.468
918.030 19.449
918.242 19.442
918.454 19.389
918.667 19.219
918.879 19.033
919.091 18.985
919.303 18.998
919.516 18.953
919.728 18.735
919.940 18.541
920.152 18.461
920.364 18.891
920.577 19.034
920.789 19.047
921.001 19.054
921.213 19.058
921.426 19.192
921.638 19.596
921.850 19.664
922.062 19.728
922.274 19.420
922.487 19.323
922.699 19.665
922.911 19.994
923.123 19.815
923.336 19.766
923.548 19.932
923.760 20.660
923.972 21.023
924.184 21.123
924.397 21.005
924.609 20.721
924.821 20.348
925.033 20.262
925.246 20.250
925.458 20.141
925.670 20.207
925.882 20.389
926.094 20.719
926.307 21.047
926.519 20.868
926.731 20.504
926.943 20.516
927.156 20.571
927.368 20.502
927.580 20.383
927.792 20.258
928.004 20.564
928.217 21.085
928.429 21.683
928.641 21.806
928.853 22.217
929.066 22.805
929.278 23.242
929.490 23.362
929.702 23.389
929.914 23.076
930.127 23.065
930.339 22.746
930.551 22.545
930.763 22.553
930.976 22.577
931.188 22.477
931.400 22.495
931.612 22.584
931.824 22.547
932.037 22.461
932.249 22.489
932.461 22.475
932.673 22.848
932.886 23.135
933.098 23.289
933.310 23.734
933.522 23.781
933.734 23.891
933.947 24.381
934.159 24.628
934.371 24.826
934.583 24.811
934.796 24.547
935.008 24.476
935.220 24.215
935.432 23.776
935.644 23.486
935.857 23.094
936.069 23.059
936.281 23.351
936.493 23.586
936.706 23.858
936.918 23.613
937.130 24.012
937.342 24.994
937.554 25.213
937.767 25.300
937.979 25.989
938.191 26.926
938.403 27.897
938.616 27.803
938.828 27.519
939.040 27.438
939.252 27.852
939.464 28.405
939.677 28.528
939.889 28.580
940.101 28.970
940.313 29.119
940.526 29.997
940.738 30.644
940.950 30.326
941.162 30.138
941.374 30.180
941.587 29.822
941.799 30.227
942.011 30.966
942.223 30.836
942.436 30.985
942.648 30.899
942.860 30.939
943.072 31.170
943.284 30.857
943.497 29.452
943.709 29.080
943.921 28.990
944.133 29.396
944.346 29.725
944.558 30.471
944.770 31.178
944.982 32.000
945.194 32.286
945.407 32.298
945.619 31.845
945.831 31.582
946.043 30.838
946.256 30.304
946.468 30.758
946.680 31.266
946.892 31.575
947.104 31.738
947.317 31.828
947.529 32.137
947.741 31.955
947.953 31.051
948.166 31.201
948.378 31.516
948.590 31.264
948.802 31.912
949.014 33.053
949.227 33.668
949.439 34.452
949.651 33.751
949.863 32.998
950.076 34.159
950.288 34.970
950.500 34.306
950.712 34.307
950.924 34.606
951.137 34.781
951.349 35.077
951.561 35.636
951.773 36.395
951.986 36.630
952.198 38.991
952.410 41.740
952.622 41.656
952.834 41.329
953.047 39.401
953.259 37.110
953.471 36.833
953.683 33.571
953.896 29.513
954.108 29.138
954.320 30.191
954.532 31.577
954.744 31.246
954.957 30.349
955.169 31.222
955.381 32.202
955.593 32.444
955.806 32.044
956.018 30.783
956.230 30.533
956.442 30.974
956.654 30.972
956.867 30.238
957.079 30.193
957.291 29.201
957.503 29.625
957.716 31.030
957.928 31.764
958.140 31.688
958.352 32.377
958.564 32.608
958.777 33.757
958.989 34.226
959.201 33.375
959.413 31.975
959.626 31.984
959.838 32.065
960.050 31.556
960.262 30.540
960.474 30.097
960.687 30.409
960.899 31.850
961.111 33.254
961.323 33.965
961.536 34.831
961.748 36.241
961.960 36.750
962.172 37.464
962.384 37.301
962.597 35.470
962.809 33.702
963.021 33.361
963.233 33.426
963.446 33.325
963.658 32.331
963.870 31.435
964.082 31.743
964.294 33.673
964.507 34.589
964.719 33.930
964.931 32.786
965.143 32.761
965.356 33.498
965.568 33.816
965.780 33.239
966.000 32.705
966.221 33.135
966.441 34.180
966.662 34.359
966.882 34.562
967.103 35.379
967.323 35.763
967.543 35.231
967.764 33.972
967.984 34.098
968.205 34.844
968.425 34.260
968.645 32.690
968.866 32.002
969.086 31.513
969.307 31.615
969.527 31.542
969.748 31.135
969.968 31.563
970.188 32.022
970.409 31.963
970.629 32.644
970.850 32.742
971.070 32.901
971.290 34.411
971.511 33.939
971.731 34.271
971.952 34.135
972.172 34.972
972.393 36.680
972.613 36.161
972.833 34.642
973.054 35.734
973.274 36.321
973.495 37.520
973.715 37.427
973.936 36.342
974.156 37.797
974.376 39.092
974.597 38.922
974.817 38.724
975.038 38.285
975.258 38.050
975.478 38.403
975.699 37.337
975.919 36.789
976.140 37.270
976.360 37.396
976.581 38.174
976.801 38.920
977.021 38.857
977.242 39.474
977.462 39.622
977.683 37.977
977.903 37.373
978.123 37.996
978.344 38.090
978.564 39.602
978.785 39.933
979.005 40.141
979.226 41.849
979.446 43.244
979.666 42.329
979.887 42.490
980.107 42.001
980.328 42.500
980.548 44.235
980.769 46.204
980.989 46.497
981.209 46.094
981.430 44.270
981.650 44.138
981.871 44.642
982.091 42.513
982.311 40.107
982.532 38.719
982.752 38.967
982.973 39.585
983.193 38.827
983.414 37.853
983.634 38.206
983.854 38.932
984.075 40.212
984.295 39.844
984.516 41.107
984.736 41.896
984.956 40.662
985.177 40.444
985.397 40.192
985.618 40.208
985.838 40.437
986.059 40.306
986.279 40.342
986.499 40.838
986.720 40.354
986.940 39.800
987.161 39.621
987.381 40.903
987.602 39.453
987.822 37.580
988.042 37.869
988.263 39.152
988.483 39.344
988.704 38.677
988.924 37.097
989.144 36.888
989.365 37.139
989.585 37.530
989.806 38.074
990.026 40.139
990.247 39.876
990.467 39.426
990.687 41.375
990.908 43.297
991.128 45.684
991.349 46.434
991.569 45.897
991.789 47.461
992.010 49.138
992.230 49.468
992.451 50.332
992.671 48.543
992.892 46.226
993.112 45.849
993.332 47.481
993.553 49.049
993.773 48.521
993.994 47.629
994.214 48.727
994.435 49.575
994.655 49.351
994.875 47.120
995.096 46.353
995.316 46.489
995.537 47.757
995.757 48.256
995.977 46.838
996.198 44.133
996.418 43.012
996.639 39.216
996.859 37.347
997.080 35.658
997.300 33.603
997.520 35.007
997.741 37.996
997.961 38.301
998.182 37.794
998.402 38.335
998.622 37.749
998.843 37.158
999.063 39.515
999.284 41.930
999.504 43.386
999.725 47.039
999.945 47.368
1000.165 48.479
1000.386 50.606
1000.606 50.509
1000.827 48.966
1001.047 49.004
1001.268 48.405
1001.488 48.408
1001.708 46.846
1001.929 46.822
1002.149 47.928
1002.370 48.369
1002.590 48.372
1002.810 46.306
1003.031 47.221
1003.251 51.165
1003.472 50.111
1003.692 46.479
1003.913 46.678
1004.133 47.259
1004.353 50.310
1004.574 49.636
1004.794 48.763
1005.015 50.597
1005.235 53.023
1005.455 54.044
1005.676 51.632
1005.896 50.355
1006.117 51.734
1006.337 50.683
1006.558 48.097
1006.778 46.662
1006.998 46.783
1007.219 47.866
1007.439 45.715
1007.660 44.163
1007.880 42.230
1008.101 43.492
1008.321 44.503
1008.541 41.568
1008.762 39.364
1008.982 40.611
1009.203 43.882
1009.423 48.976
1009.643 50.514
1009.864 48.780
1010.084 47.874
1010.305 50.118
1010.525 48.325
1010.746 45.731
1010.966 42.824
1011.186 38.166
1011.407 34.195
1011.627 32.494
1011.848 32.396
1012.068 34.713
1012.288 34.316
1012.509 31.714
1012.729 32.774
1012.950 37.098
