290.982 59.103
291.167 51.674
291.352 50.027
291.537 52.491
291.722 49.462
291.907 54.740
292.091 54.028
292.276 51.094
292.461 49.210
292.646 47.594
292.831 44.569
293.016 46.876
293.201 40.668
293.386 39.213
293.571 41.205
293.756 49.454
293.940 41.081
294.125 32.920
294.310 39.851
294.495 48.836
294.680 45.504
294.865 44.128
295.050 50.867
295.235 46.908
295.420 44.205
295.605 41.338
295.789 36.157
295.974 37.385
296.159 35.660
296.344 38.967
296.529 40.026
296.714 46.415
296.899 41.449
297.084 36.028
297.269 39.273
297.454 39.866
297.638 42.917
297.823 38.528
298.008 43.773
298.193 37.660
298.378 42.554
298.563 46.044
298.748 45.321
298.933 37.750
299.118 37.928
299.303 41.351
299.487 40.670
299.672 53.242
299.857 42.988
300.042 38.298
300.227 43.803
300.412 39.009
300.597 34.727
300.782 34.889
300.967 43.236
301.152 39.461
301.336 36.956
301.521 39.726
301.706 38.366
301.891 45.200
302.076 37.207
302.261 35.928
302.446 36.721
302.631 43.376
302.816 40.669
303.001 41.448
303.185 43.589
303.370 43.395
303.555 40.367
303.740 46.448
303.925 39.449
304.110 24.257
304.295 25.991
304.480 30.698
304.665 30.770
304.850 31.772
305.034 34.810
305.219 38.200
305.404 35.128
305.589 32.182
305.774 38.299
305.959 34.363
306.144 32.832
306.329 29.604
306.514 31.862
306.699 35.491
306.883 37.190
307.068 31.741
307.253 25.233
307.438 26.737
307.623 29.952
307.808 31.314
307.993 32.718
308.178 31.041
308.363 32.382
308.548 30.987
308.732 28.467
308.917 27.862
309.102 28.073
309.287 28.380
309.472 36.813
309.657 37.756
309.842 32.578
310.027 28.222
310.212 27.267
310.397 33.343
310.581 31.389
310.766 25.210
310.951 23.319
311.136 23.633
311.321 25.849
311.506 27.110
311.691 29.388
311.876 31.735
312.061 28.769
312.245 26.762
312.430 27.972
312.615 30.599
312.800 25.424
312.985 23.659
313.170 34.057
313.347 33.180
313.523 31.278
313.700 28.507
313.877 24.654
314.054 25.052
314.230 27.803
314.407 22.633
314.584 23.468
314.761 22.982
314.937 26.544
315.114 29.485
315.291 24.425
315.467 26.843
315.644 26.355
315.821 23.457
315.998 26.847
316.174 24.404
316.351 21.307
316.528 18.080
316.704 21.716
316.881 22.474
317.058 23.359
317.235 25.543
317.411 25.986
317.588 23.911
317.765 22.879
317.942 24.780
318.118 26.769
318.295 26.001
318.472 24.862
318.648 20.119
318.825 23.123
319.002 27.489
319.179 23.361
319.355 20.688
319.532 21.331
319.709 21.115
319.885 19.885
320.062 21.300
320.239 23.851
320.416 24.969
320.592 19.431
320.769 22.600
320.946 24.018
321.123 20.444
321.299 23.600
321.476 24.613
321.653 23.500
321.829 21.102
322.006 21.689
322.183 22.758
322.360 19.898
322.536 19.566
322.713 20.385
322.890 20.726
323.066 21.073
323.243 17.903
323.420 21.171
323.597 24.638
323.773 21.820
323.950 17.699
324.127 22.100
324.304 27.138
324.480 21.871
324.657 18.686
324.834 24.372
325.010 26.279
325.187 22.565
325.364 18.931
325.541 20.443
325.717 19.334
325.894 18.664
326.071 17.929
326.248 19.180
326.424 16.685
326.601 18.733
326.778 18.005
326.954 16.158
327.131 19.282
327.308 19.976
327.485 17.599
327.661 14.795
327.838 16.279
328.015 16.020
328.191 16.946
328.368 19.423
328.545 19.076
328.722 18.367
328.898 17.708
329.075 17.284
329.252 16.014
329.429 12.921
329.605 15.190
329.782 20.403
329.959 18.527
330.135 14.641
330.312 13.750
330.489 19.394
330.666 18.396
330.842 15.187
331.019 14.554
331.196 18.320
331.372 16.840
331.549 15.174
331.726 14.693
331.903 16.084
332.079 16.565
332.256 14.044
332.433 12.876
332.610 15.211
332.786 15.394
332.963 15.720
333.140 12.840
333.316 12.904
333.493 13.635
333.670 17.382
333.847 16.601
334.023 14.958
334.200 19.643
334.377 15.116
334.553 14.927
334.730 20.081
334.907 15.413
335.084 11.976
335.260 11.742
335.437 12.744
335.614 13.381
335.791 12.837
335.967 15.299
336.144 16.733
336.321 14.664
336.497 16.321
336.674 15.054
336.851 13.060
337.028 14.653
337.204 13.709
337.381 11.615
337.558 12.525
337.734 13.804
337.911 13.516
338.088 13.656
338.265 16.243
338.441 17.480
338.618 12.451
338.795 11.402
338.972 14.500
339.148 18.547
339.325 15.311
339.502 9.219
339.678 11.275
339.855 14.755
340.032 14.848
340.209 13.431
340.385 10.064
340.562 11.086
340.739 13.873
340.916 10.846
341.092 11.980
341.269 13.089
341.446 11.285
341.622 10.648
341.799 11.971
341.976 13.953
342.153 13.500
342.329 12.379
342.506 12.278
342.683 13.374
342.859 12.909
343.036 13.915
343.213 12.564
343.390 12.139
343.566 10.594
343.743 11.070
343.920 11.533
344.097 11.173
344.273 9.914
344.450 10.955
344.627 10.375
344.803 9.518
344.980 9.271
345.157 10.810
345.334 9.846
345.510 11.051
345.687 13.571
345.864 12.443
346.040 10.909
346.217 9.925
346.394 10.121
346.571 9.279
346.747 10.797
346.924 11.003
347.101 10.150
347.278 8.452
347.454 8.829
347.631 7.267
347.808 10.251
347.984 13.574
348.161 11.230
348.338 11.693
348.515 9.065
348.691 7.018
348.868 10.584
349.045 11.589
349.221 9.680
349.398 9.142
349.575 8.593
349.752 9.606
349.928 8.012
350.105 9.151
350.282 9.269
350.459 8.627
350.635 9.882
350.812 9.759
350.989 9.567
351.165 7.810
351.342 9.846
351.519 9.190
351.696 7.510
351.872 10.900
352.049 12.444
352.226 9.890
352.402 7.986
352.579 9.137
352.756 9.451
352.933 8.590
353.109 8.902
353.286 8.894
353.463 9.888
353.640 9.527
353.816 8.055
353.993 6.392
354.170 7.300
354.346 8.704
354.523 7.607
354.700 6.382
354.877 7.952
355.053 7.269
355.230 8.839
355.407 9.573
355.584 8.118
355.760 8.560
355.937 6.521
356.114 7.666
356.290 8.998
356.467 9.216
356.644 8.608
356.821 8.113
356.997 8.553
357.174 8.045
357.351 9.215
357.527 7.896
357.704 7.231
357.881 8.430
358.058 7.865
358.234 8.463
358.411 9.340
358.588 8.485
358.765 10.202
358.941 9.865
359.118 8.456
359.295 8.062
359.471 6.735
359.648 6.403
359.825 7.499
360.002 7.623
360.178 7.152
360.355 6.889
360.532 8.834
360.708 9.157
360.885 7.791
361.062 8.276
361.239 8.503
361.415 7.223
361.592 7.164
361.769 7.297
361.946 4.814
362.122 6.066
362.299 7.619
362.476 6.990
362.652 7.020
362.829 7.864
363.006 7.385
363.183 5.543
363.359 6.919
363.536 7.162
363.713 8.367
363.889 6.502
364.066 7.457
364.243 7.040
364.420 5.881
364.596 6.352
364.773 6.648
364.950 5.945
365.127 5.385
365.303 5.525
365.480 5.451
365.661 5.749
365.841 6.800
366.022 7.056
366.202 6.605
366.383 7.455
366.563 6.712
366.744 6.709
366.924 6.298
367.105 5.941
367.286 5.274
367.466 6.324
367.647 6.428
367.827 5.813
368.008 6.135
368.188 4.693
368.369 4.269
368.549 6.382
368.730 6.205
368.911 6.355
369.091 5.778
369.272 5.663
369.452 6.195
369.633 4.141
369.813 4.866
369.994 6.155
370.174 5.405
370.355 5.791
370.535 5.380
370.716 5.260
370.897 6.688
371.077 4.979
371.258 3.990
371.438 5.183
371.619 5.971
371.799 5.313
371.980 4.858
372.160 6.553
372.341 7.657
372.522 6.028
372.702 4.145
372.883 4.114
373.063 4.578
373.244 5.219
373.424 5.838
373.605 5.693
373.785 5.127
373.966 4.828
374.147 5.678
374.327 5.362
374.508 5.651
374.688 4.833
374.869 4.442
375.049 5.137
375.230 5.570
375.410 5.748
375.591 5.122
375.772 5.651
375.952 6.663
376.133 7.341
376.313 5.872
376.494 4.628
376.674 5.000
376.855 5.981
377.035 4.890
377.216 4.119
377.397 3.732
377.577 4.455
377.758 5.282
377.938 4.620
378.119 5.698
378.299 5.544
378.480 4.715
378.660 4.598
378.841 5.179
379.021 4.661
379.202 3.980
379.383 4.506
379.563 4.799
379.744 4.970
379.924 3.591
380.105 3.658
380.285 4.226
380.466 4.126
380.646 3.686
380.827 3.717
381.008 4.626
381.188 3.708
381.369 3.220
381.549 3.803
381.730 3.981
381.910 4.231
382.091 4.610
382.271 5.223
382.452 3.701
382.633 3.072
382.813 4.055
382.994 3.860
383.174 3.923
383.355 4.020
383.535 3.927
383.716 4.702
383.896 4.961
384.077 4.297
384.258 4.437
384.438 4.339
384.619 3.855
384.799 3.370
384.980 3.365
385.160 3.909
385.341 4.038
385.521 3.649
385.702 3.324
385.882 3.949
386.063 3.387
386.244 3.309
386.424 3.402
386.605 3.166
386.785 3.822
386.966 3.851
387.146 3.731
387.327 3.656
387.507 3.056
387.688 3.061
387.869 3.501
388.049 3.361
388.230 3.499
388.410 3.687
388.591 3.727
388.771 3.675
388.952 4.169
389.132 3.491
389.313 3.530
389.494 3.346
389.674 3.588
389.855 3.263
390.035 2.828
390.216 3.291
390.396 2.936
390.577 2.708
390.757 3.099
390.938 3.798
391.119 3.513
391.299 4.002
391.480 3.153
391.660 2.662
391.841 3.199
392.021 3.152
392.202 3.383
392.382 3.460
392.563 3.220
392.743 3.321
392.924 3.468
393.105 3.016
393.285 3.305
393.466 3.281
393.646 3.053
393.827 3.058
394.007 2.930
394.188 3.243
394.368 3.106
394.549 3.075
394.730 3.231
394.910 2.447
395.091 3.290
395.271 3.572
395.452 2.909
395.632 2.515
395.813 2.892
395.993 2.854
396.174 3.981
396.355 3.720
396.535 2.412
396.716 2.834
396.896 2.868
397.077 3.057
397.257 2.929
397.438 2.890
397.618 3.590
397.799 3.858
397.980 3.021
398.160 2.874
398.341 2.522
398.521 2.168
398.702 2.624
398.882 3.129
399.063 3.101
399.243 2.914
399.424 2.785
399.605 2.569
399.785 2.576
399.966 2.956
400.146 3.258
400.327 2.774
400.507 2.879
400.688 2.605
400.868 2.404
401.049 2.530
401.229 2.882
401.410 3.169
401.591 2.450
401.771 2.534
401.952 2.548
402.132 2.529
402.313 2.886
402.493 3.140
402.674 3.224
402.854 2.844
403.035 2.569
403.216 2.745
403.396 2.862
403.577 2.921
403.757 2.857
403.938 3.053
404.118 2.246
404.299 2.718
404.479 3.026
404.660 2.385
404.841 2.269
405.023 2.139
405.204 1.987
405.385 2.133
405.566 2.208
405.748 2.604
405.929 2.704
406.110 2.257
406.292 2.731
406.473 2.806
406.654 2.343
406.835 2.412
407.017 3.110
407.198 3.062
407.379 2.972
407.560 2.769
407.742 2.285
407.923 2.082
408.104 2.311
408.286 2.226
408.467 2.001
408.648 1.742
408.829 1.929
409.011 1.867
409.192 2.247
409.373 2.365
409.555 2.924
409.736 3.148
409.917 2.342
410.098 2.245
410.280 2.254
410.461 2.359
410.642 2.440
410.823 2.605
411.005 2.458
411.186 2.451
411.367 2.563
411.549 2.361
411.730 1.835
411.911 2.231
412.092 2.890
412.274 2.723
412.455 2.534
412.636 2.396
412.818 2.223
412.999 2.359
413.180 2.672
413.361 2.349
413.543 2.256
413.724 2.452
413.905 2.251
414.087 2.459
414.268 2.564
414.449 2.462
414.630 2.513
414.812 2.206
414.993 2.195
415.174 2.167
415.355 2.053
415.537 2.227
415.718 2.575
415.899 2.503
416.081 2.136
416.262 2.331
416.443 2.182
416.624 2.521
416.806 2.293
416.987 1.970
417.168 1.973
417.350 2.098
417.531 2.167
417.712 2.203
417.893 1.964
418.075 1.800
418.256 1.919
418.437 2.112
418.618 2.306
418.800 2.249
418.981 2.424
419.162 1.821
419.344 1.733
419.525 1.835
419.706 2.090
419.887 2.354
420.069 2.179
420.250 2.277
420.431 2.294
420.613 2.116
420.794 1.924
420.975 2.040
421.156 2.222
421.338 2.056
421.519 2.120
421.700 1.999
421.882 1.851
422.063 1.943
422.244 1.958
422.425 1.948
422.607 2.035
422.788 1.944
422.969 1.908
423.150 2.061
423.332 2.053
423.513 1.752
423.694 1.982
423.876 2.051
424.057 2.459
424.238 2.757
424.419 2.328
424.601 1.797
424.782 2.006
424.963 2.081
425.145 2.028
425.326 2.472
425.507 2.865
425.688 2.171
425.870 2.161
426.051 2.041
426.232 2.063
426.413 1.910
426.595 2.114
426.776 1.693
426.957 1.619
427.139 1.876
427.320 2.007
427.501 1.712
427.682 1.558
427.864 2.005
428.045 2.302
428.226 1.869
428.408 1.680
428.589 1.603
428.770 1.842
428.951 1.744
429.133 1.819
429.314 1.878
429.495 1.772
429.677 1.870
429.858 1.789
430.039 1.841
430.220 1.895
430.402 1.767
430.583 1.730
430.764 1.758
430.945 1.648
431.127 1.864
431.308 1.824
431.489 1.964
431.671 1.842
431.852 1.821
432.033 1.649
432.214 1.808
432.396 1.852
432.577 1.691
432.758 1.631
432.940 1.669
433.121 1.798
433.302 1.775
433.483 1.609
433.665 1.681
433.846 1.895
434.027 1.621
434.208 1.677
434.390 2.055
434.571 2.160
434.752 1.987
434.934 1.693
435.115 1.726
435.296 1.851
435.477 1.745
435.659 1.732
435.840 1.823
436.030 1.864
436.220 1.806
436.410 1.954
436.600 2.000
436.790 2.039
436.980 2.050
437.170 1.696
437.360 1.621
437.550 1.704
437.741 1.874
437.931 2.018
438.121 1.802
438.311 1.782
438.501 1.853
438.691 1.946
438.881 1.870
439.071 1.973
439.261 1.721
439.451 1.797
439.641 2.009
439.831 1.716
440.021 1.752
440.211 1.742
440.401 1.578
440.591 1.653
440.781 1.602
440.971 1.595
441.161 1.639
441.351 1.831
441.542 1.932
441.732 2.079
441.922 1.822
442.112 1.581
442.302 1.547
442.492 1.713
442.682 1.853
442.872 1.748
443.062 1.795
443.252 1.876
443.442 1.709
443.632 1.519
443.822 1.480
444.012 1.566
444.202 1.794
444.392 1.902
444.582 1.730
444.772 1.652
444.962 1.520
445.153 1.670
445.343 1.706
445.533 1.624
445.723 1.586
445.913 1.660
446.103 1.730
446.293 1.652
446.483 1.596
446.673 1.578
446.863 1.593
447.053 1.668
447.243 1.696
447.433 1.686
447.623 1.721
447.813 1.683
448.003 1.720
448.193 1.820
448.383 1.708
448.573 1.673
448.764 1.693
448.954 1.847
449.144 1.625
449.334 1.577
449.524 1.552
449.714 1.373
449.904 1.590
450.094 1.599
450.284 1.605
450.474 1.626
450.664 1.584
450.854 1.583
451.044 1.739
451.234 1.641
451.424 1.522
451.614 1.524
451.804 1.535
451.994 1.548
452.184 1.503
452.375 1.338
452.565 1.465
452.755 1.716
452.945 1.506
453.135 1.595
453.325 1.678
453.515 1.568
453.705 1.610
453.895 1.629
454.085 1.696
454.275 1.642
454.465 1.657
454.655 1.604
454.845 1.581
455.035 1.542
455.225 1.810
455.415 1.711
455.605 1.393
455.795 1.446
455.985 1.693
456.176 1.392
456.366 1.381
456.556 1.654
456.746 1.753
456.936 1.450
457.126 1.415
457.316 1.642
457.506 1.507
457.696 1.367
457.886 1.484
458.076 1.593
458.266 1.460
458.456 1.367
458.646 1.411
458.836 1.431
459.026 1.405
459.216 1.419
459.406 1.507
459.596 1.445
459.787 1.472
459.977 1.638
460.167 1.623
460.357 1.474
460.547 1.420
460.737 1.377
460.927 1.440
461.117 1.518
461.307 1.318
461.497 1.455
461.687 1.417
461.877 1.425
462.067 1.273
462.257 1.527
462.447 1.549
462.637 1.365
462.827 1.508
463.017 1.604
463.207 1.689
463.397 1.418
463.588 1.329
463.778 1.342
463.968 1.511
464.158 1.678
464.348 1.544
464.538 1.478
464.728 1.601
464.918 1.466
465.108 1.410
465.298 1.475
465.488 1.477
465.678 1.369
465.868 1.412
466.058 1.532
466.248 1.422
466.438 1.393
466.628 1.441
466.818 1.548
467.008 1.469
467.199 1.332
467.389 1.482
467.579 1.574
467.769 1.463
467.959 1.410
468.149 1.446
468.339 1.332
468.529 1.318
468.719 1.481
468.909 1.395
469.099 1.305
469.289 1.485
469.479 1.593
469.669 1.703
469.859 1.393
470.049 1.244
470.239 1.336
470.429 1.353
470.619 1.275
470.810 1.358
471.000 1.324
471.190 1.287
471.380 1.431
471.570 1.322
471.760 1.265
471.950 1.379
472.140 1.553
472.330 1.371
472.520 1.422
472.710 1.484
472.900 1.453
473.090 1.393
473.280 1.496
473.470 1.435
473.660 1.294
473.850 1.366
474.040 1.429
474.230 1.344
474.421 1.381
474.611 1.432
474.801 1.364
474.991 1.430
475.181 1.406
475.371 1.408
475.561 1.341
475.751 1.343
475.941 1.537
476.131 1.443
476.321 1.359
476.511 1.357
476.701 1.243
476.891 1.265
477.081 1.405
477.271 1.462
477.461 1.414
477.651 1.379
477.841 1.276
478.031 1.271
478.222 1.250
478.412 1.275
478.602 1.324
478.792 1.249
478.982 1.269
479.172 1.357
479.362 1.384
479.552 1.387
479.742 1.418
479.932 1.325
480.122 1.169
480.312 1.291
480.502 1.402
480.692 1.245
480.882 1.317
481.072 1.364
481.262 1.366
481.452 1.414
481.642 1.377
481.833 1.235
482.023 1.273
482.213 1.325
482.403 1.327
482.593 1.375
482.783 1.418
482.973 1.372
483.163 1.416
483.353 1.411
483.543 1.373
483.733 1.456
483.923 1.426
484.113 1.306
484.303 1.229
484.493 1.336
484.683 1.318
484.873 1.317
485.063 1.412
485.253 1.336
485.443 1.259
485.634 1.459
485.824 1.432
486.014 1.311
486.204 1.278
486.394 1.369
486.584 1.286
486.774 1.269
486.964 1.314
487.154 1.294
487.344 1.410
487.534 1.379
487.724 1.270
487.914 1.369
488.104 1.325
488.294 1.340
488.484 1.293
488.674 1.236
488.864 1.302
489.054 1.286
489.245 1.330
489.435 1.319
489.625 1.325
489.815 1.337
490.005 1.322
490.195 1.302
490.385 1.386
490.575 1.429
490.765 1.456
490.955 1.498
491.145 1.328
491.335 1.360
491.525 1.424
491.715 1.494
491.905 1.520
492.095 1.411
492.285 1.343
492.475 1.285
492.665 1.299
492.856 1.374
493.046 1.382
493.236 1.202
493.426 1.245
493.616 1.292
493.806 1.446
493.996 1.312
494.186 1.306
494.376 1.348
494.566 1.241
494.756 1.309
494.946 1.298
495.136 1.350
495.326 1.404
495.516 1.260
495.706 1.284
495.896 1.382
496.086 1.358
496.276 1.328
496.467 1.445
496.657 1.380
496.847 1.256
497.037 1.323
497.227 1.333
497.417 1.394
497.607 1.545
497.797 1.283
497.987 1.311
498.177 1.365
498.367 1.336
498.557 1.303
498.747 1.296
498.937 1.326
499.127 1.250
499.317 1.320
499.507 1.333
499.697 1.347
499.887 1.379
500.077 1.350
500.268 1.287
500.458 1.276
500.648 1.312
500.838 1.454
501.028 1.392
501.218 1.314
501.408 1.247
501.598 1.172
501.788 1.167
501.978 1.307
502.168 1.338
502.358 1.291
502.548 1.296
502.738 1.254
502.928 1.333
503.118 1.221
503.308 1.227
503.498 1.246
503.688 1.288
503.879 1.308
504.069 1.271
504.259 1.357
504.449 1.389
504.639 1.319
504.829 1.303
505.019 1.335
505.209 1.346
505.399 1.261
505.589 1.274
505.779 1.292
505.969 1.276
506.159 1.275
506.349 1.279
506.539 1.268
506.729 1.247
506.919 1.179
507.109 1.269
507.299 1.335
507.490 1.263
507.680 1.237
507.870 1.281
508.060 1.275
508.250 1.225
508.440 1.267
508.630 1.183
508.820 1.214
509.010 1.229
509.200 1.243
509.390 1.238
509.580 1.220
509.770 1.202
509.960 1.165
510.150 1.161
510.340 1.179
510.530 1.182
510.720 1.248
510.910 1.259
511.100 1.174
511.291 1.264
511.481 1.245
511.671 1.210
511.861 1.256
512.051 1.304
512.241 1.200
512.431 1.211
512.621 1.262
512.811 1.544
513.001 1.787
513.191 1.316
513.381 1.370
513.571 1.319
513.761 1.230
513.951 1.251
514.141 1.174
514.331 1.182
514.521 1.227
514.711 1.229
514.902 1.254
515.092 1.238
515.282 1.265
515.472 1.186
515.662 1.237
515.852 1.339
516.042 1.350
516.232 1.306
516.422 1.150
516.612 1.126
516.802 1.167
516.992 1.135
517.182 1.199
517.372 1.236
517.562 1.252
517.752 1.204
517.942 1.143
518.132 1.201
518.322 1.264
518.513 1.314
518.703 1.272
518.893 1.219
519.083 1.254
519.273 1.326
519.463 1.285
519.653 1.324
519.843 1.334
520.033 1.401
520.223 1.420
520.413 1.214
520.603 1.256
520.793 1.257
520.983 1.246
521.173 1.276
521.363 1.287
521.553 1.234
521.743 1.249
521.933 1.223
522.123 1.214
522.314 1.257
522.504 1.292
522.694 1.229
522.884 1.250
523.074 1.356
523.264 1.359
523.454 1.215
523.644 1.150
523.834 1.216
524.024 1.209
524.214 1.257
524.404 1.241
524.594 1.312
524.784 1.307
524.974 1.357
525.164 1.280
525.354 1.227
525.544 1.225
525.734 1.294
525.925 1.256
526.115 1.227
526.305 1.210
526.495 1.261
526.685 1.204
526.875 1.142
527.065 1.236
527.255 1.392
527.445 1.412
527.635 1.307
527.825 1.259
528.015 1.240
528.205 1.224
528.395 1.214
528.585 1.208
528.775 1.239
528.965 1.276
529.155 1.191
529.345 1.234
529.535 1.296
529.726 1.233
529.916 1.268
530.106 1.292
530.296 1.283
530.486 1.208
530.676 1.223
530.866 1.233
531.056 1.293
531.246 1.297
531.436 1.285
531.626 1.270
531.816 1.265
532.006 1.280
532.196 1.249
532.386 1.267
532.576 1.277
532.766 1.201
532.956 1.276
533.146 1.242
533.337 1.178
533.527 1.170
533.717 1.217
533.907 1.192
534.097 1.238
534.287 1.192
534.477 1.165
534.667 1.162
534.857 1.229
535.047 1.237
535.237 1.219
535.427 1.197
535.617 1.226
535.807 1.253
535.997 1.234
536.187 1.270
536.377 1.228
536.567 1.228
536.757 1.280
536.948 1.200
537.138 1.197
537.328 1.270
537.518 1.248
537.708 1.219
537.898 1.238
538.088 1.208
538.278 1.275
538.468 1.291
538.658 1.259
538.848 1.219
539.038 1.247
539.228 1.227
539.418 1.203
539.608 1.172
539.798 1.221
539.988 1.231
540.178 1.224
540.368 1.306
540.558 1.294
540.749 1.241
540.939 1.162
541.129 1.123
541.319 1.214
541.509 1.216
541.699 1.182
541.889 1.220
542.079 1.309
542.269 1.315
542.459 1.775
542.649 2.172
542.839 1.257
543.029 1.295
543.219 1.277
543.409 1.293
543.599 1.230
543.789 1.191
543.979 1.243
544.169 1.314
544.360 1.204
544.550 1.193
544.740 1.308
544.930 1.270
545.120 1.259
545.310 1.243
545.500 1.281
545.690 1.182
545.880 1.201
546.070 1.218
546.267 1.167
546.463 1.248
546.660 1.237
546.857 1.233
547.054 1.214
547.251 1.176
547.447 1.202
547.644 1.210
547.841 1.226
548.038 1.221
548.234 1.144
548.431 1.151
548.628 1.163
548.825 1.227
549.021 1.222
549.218 1.242
549.415 1.234
549.612 1.224
549.808 1.208
550.005 1.167
550.202 1.143
550.399 1.139
550.595 1.154
550.792 1.240
550.989 1.267
551.186 1.184
551.382 1.193
551.579 1.225
551.776 1.219
551.973 1.159
552.169 1.155
552.366 1.212
552.563 1.227
552.760 1.241
552.956 1.221
553.153 1.230
553.350 1.176
553.547 1.209
553.743 1.290
553.940 1.286
554.137 1.282
554.334 1.276
554.530 1.274
554.727 1.232
554.924 1.247
555.121 1.236
555.317 1.151
555.514 1.196
555.711 1.243
555.908 1.277
556.104 1.205
556.301 1.143
556.498 1.201
556.695 1.220
556.891 1.209
557.088 1.192
557.285 1.186
557.482 1.224
557.678 1.193
557.875 1.175
558.072 1.203
558.269 1.215
558.465 1.231
558.662 1.226
558.859 1.227
559.056 1.285
559.252 1.288
559.449 1.234
559.646 1.202
559.843 1.152
560.039 1.146
560.236 1.200
560.433 1.258
560.630 1.283
560.826 1.179
561.023 1.139
561.220 1.154
561.417 1.153
561.613 1.145
561.810 1.188
562.007 1.182
562.204 1.208
562.400 1.179
562.597 1.189
562.794 1.149
562.991 1.177
563.187 1.153
563.384 1.184
563.581 1.227
563.778 1.231
563.974 1.243
564.171 1.182
564.368 1.156
564.565 1.214
564.761 1.199
564.958 1.179
565.155 1.144
565.352 1.139
565.548 1.138
565.745 1.218
565.942 1.284
566.139 1.217
566.335 1.113
566.532 1.221
566.729 1.284
566.926 1.183
567.122 1.187
567.319 1.218
567.516 1.200
567.713 1.223
567.909 1.214
568.106 1.197
568.303 1.176
568.500 1.193
568.696 1.225
568.893 1.216
569.090 1.194
569.287 1.189
569.483 1.189
569.680 1.196
569.877 1.193
570.074 1.194
570.270 1.173
570.467 1.251
570.664 1.208
570.861 1.213
571.057 1.212
571.254 1.110
571.451 1.234
571.648 1.249
571.844 1.174
572.041 1.198
572.238 1.184
572.435 1.223
572.631 1.248
572.828 1.237
573.025 1.299
573.222 1.257
573.418 1.199
573.615 1.258
573.812 1.288
574.009 1.162
574.205 1.226
574.402 1.235
574.599 1.168
574.796 1.198
574.992 1.210
575.189 1.209
575.386 1.201
575.583 1.207
575.779 1.221
575.976 1.217
576.173 1.247
576.370 1.142
576.567 1.191
576.763 1.187
576.960 1.194
577.158 1.225
577.356 1.271
577.554 1.242
577.752 1.256
577.950 1.281
578.148 1.175
578.346 1.251
578.544 1.189
578.742 1.174
578.940 1.227
579.138 1.192
579.336 1.178
579.534 1.214
579.732 1.217
579.930 1.187
580.128 1.187
580.326 1.225
580.524 1.240
580.722 1.182
580.920 1.207
581.118 1.279
581.316 1.233
581.514 1.194
581.712 1.188
581.909 1.156
582.107 1.211
582.305 1.204
582.503 1.108
582.701 1.124
582.899 1.193
583.097 1.308
583.295 1.281
583.493 1.226
583.691 1.183
583.889 1.177
584.087 1.146
584.285 1.208
584.483 1.289
584.681 1.257
584.879 1.226
585.077 1.204
585.275 1.183
585.473 1.197
585.671 1.217
585.869 1.171
586.067 1.116
586.265 1.159
586.463 1.221
586.661 1.300
586.859 1.265
587.057 1.141
587.255 1.201
587.453 1.222
587.651 1.210
587.849 1.188
588.047 1.207
588.245 1.175
588.443 1.144
588.641 1.150
588.839 1.147
589.037 1.171
589.235 1.143
589.433 1.222
589.631 1.236
589.829 1.257
590.027 1.191
590.225 1.232
590.423 1.258
590.621 1.221
590.819 1.184
591.017 1.149
591.215 1.129
591.413 1.152
591.611 1.159
591.809 1.166
592.006 1.174
592.204 1.125
592.402 1.131
592.600 1.116
592.798 1.180
592.996 1.221
593.194 1.211
593.392 1.225
593.590 1.243
593.788 1.210
593.986 1.151
594.184 1.197
594.382 1.218
594.580 1.146
594.778 1.214
594.976 1.254
595.174 1.177
595.372 1.217
595.570 1.282
595.768 1.177
595.966 1.177
596.164 1.146
596.362 1.125
596.560 1.108
596.758 1.102
596.956 1.138
597.154 1.205
597.352 1.225
597.550 1.219
597.748 1.177
597.946 1.145
598.144 1.178
598.342 1.129
598.540 1.171
598.738 1.287
598.936 1.204
599.134 1.214
599.332 1.149
599.530 1.108
599.728 1.159
599.926 1.161
600.124 1.102
600.322 1.120
600.520 1.210
600.718 1.222
600.916 1.162
601.114 1.171
601.312 1.299
601.510 1.303
601.708 1.141
601.905 1.132
602.103 1.250
602.301 1.217
602.499 1.086
602.697 1.225
602.895 1.314
603.093 1.232
603.291 1.278
603.489 1.202
603.687 1.192
603.885 1.155
604.083 1.231
604.281 1.231
604.479 1.197
604.677 1.187
604.875 1.195
605.073 1.192
605.271 1.124
605.469 1.144
605.667 1.171
605.865 1.243
606.063 1.185
606.261 1.146
606.459 1.166
606.657 1.165
606.855 1.216
607.053 1.339
607.251 1.452
607.449 1.167
607.647 1.169
607.845 1.193
608.043 1.180
608.241 1.198
608.439 1.198
608.637 1.195
608.835 1.176
609.033 1.165
609.231 1.146
609.429 1.149
609.627 1.184
609.825 1.224
610.023 1.216
610.221 1.174
610.419 1.187
610.617 1.208
610.815 1.258
611.013 1.217
611.211 1.137
611.409 1.160
611.607 1.174
611.804 1.156
612.002 1.184
612.200 1.186
612.398 1.206
612.596 1.173
612.794 1.165
612.992 1.217
613.190 1.246
613.388 1.215
613.586 1.142
613.784 1.119
613.982 1.222
614.180 1.248
614.378 1.210
614.576 1.230
614.774 1.212
614.972 1.201
615.170 1.262
615.368 1.299
615.566 1.246
615.764 1.154
615.962 1.075
616.160 1.146
616.358 1.208
616.556 1.139
616.754 1.115
616.952 1.121
617.150 1.135
617.348 1.129
617.546 1.182
617.744 1.152
617.942 1.125
618.140 1.141
618.338 1.151
618.536 1.163
618.734 1.178
618.932 1.215
619.130 1.210
619.328 1.198
619.526 1.181
619.724 1.152
619.922 1.192
620.120 1.164
620.318 1.109
620.516 1.089
620.714 1.132
620.912 1.203
621.110 1.196
621.308 1.228
621.506 1.248
621.704 1.166
621.901 1.182
622.099 1.174
622.297 1.092
622.495 1.110
622.693 1.224
622.891 1.284
623.089 1.150
623.287 1.189
623.485 1.179
623.683 1.184
623.881 1.139
624.079 1.159
624.277 1.188
624.475 1.155
624.673 1.137
624.871 1.097
625.069 1.166
625.267 1.233
625.465 1.222
625.663 1.189
625.861 1.223
626.059 1.177
626.257 1.179
626.455 1.202
626.653 1.175
626.851 1.143
627.049 1.190
627.247 1.253
627.445 1.279
627.643 1.243
627.841 1.130
628.039 1.184
628.237 1.204
628.435 1.186
628.633 1.164
628.831 1.269
629.029 1.215
629.227 1.114
629.425 1.087
629.623 1.047
629.821 1.089
630.019 1.161
630.217 1.182
630.415 1.252
630.613 1.237
630.811 1.211
631.009 1.194
631.207 1.169
631.405 1.189
631.603 1.233
631.801 1.225
631.998 1.177
632.196 1.130
632.394 1.188
632.592 1.189
632.790 1.279
632.988 1.229
633.186 1.208
633.384 1.229
633.582 1.202
633.780 1.258
633.978 1.280
634.176 1.228
634.374 1.151
634.572 1.202
634.770 1.211
634.968 1.154
635.166 1.163
635.364 1.161
635.562 1.095
635.760 1.104
635.958 1.245
636.156 1.271
636.354 1.141
636.552 1.129
636.750 1.133
636.948 1.197
637.146 1.214
637.344 1.190
637.542 1.136
637.740 1.162
637.938 1.219
638.136 1.275
638.334 1.255
638.532 1.160
638.730 1.182
638.928 1.167
639.126 1.846
639.324 2.293
639.522 1.193
639.720 1.216
639.918 1.171
640.116 1.133
640.314 1.203
640.512 1.259
640.710 1.241
640.908 1.155
641.106 1.164
641.304 1.148
641.502 1.081
641.699 1.196
641.897 1.238
642.095 1.247
642.293 1.207
642.491 1.195
642.689 1.197
642.887 1.209
643.085 1.182
643.283 1.158
643.481 1.140
643.679 1.144
643.877 1.146
644.075 1.142
644.273 1.145
644.471 1.151
644.669 1.185
644.867 1.201
645.065 1.223
645.263 1.212
645.461 1.156
645.659 1.155
645.857 1.151
646.055 1.130
646.253 1.139
646.451 1.197
646.649 1.231
646.847 1.246
647.045 1.271
647.243 1.218
647.441 1.153
647.639 1.137
647.837 1.122
648.035 1.184
648.233 1.265
648.431 1.283
648.629 1.272
648.827 1.279
649.025 1.231
649.223 1.248
649.421 1.283
649.619 1.215
649.817 1.193
650.015 1.284
650.213 1.167
650.411 1.208
650.609 1.252
650.807 1.251
651.005 1.294
651.203 1.166
651.401 1.159
651.599 1.138
651.796 1.175
651.994 1.194
652.192 1.208
652.390 1.212
652.588 1.142
652.786 1.225
652.984 1.187
653.182 1.185
653.380 1.215
653.578 1.144
653.776 1.151
653.974 1.167
654.172 1.191
654.370 1.200
654.568 1.137
654.766 1.188
654.964 1.271
655.162 1.192
655.360 1.108
655.558 1.106
655.756 1.118
655.954 1.186
656.152 1.159
656.350 1.157
656.548 1.181
656.746 1.264
656.944 1.229
657.142 1.260
657.340 1.238
657.538 1.095
657.736 1.106
657.934 1.120
658.132 1.156
658.330 1.220
658.528 1.240
658.726 1.234
658.924 1.274
659.122 1.283
659.320 1.179
659.518 1.130
659.716 1.206
659.914 1.167
660.112 1.288
660.310 1.234
660.508 1.111
660.706 1.132
660.904 1.207
661.102 1.207
661.300 1.140
661.498 1.187
661.696 1.231
661.893 1.168
662.091 1.147
662.289 1.206
662.487 1.180
662.685 1.177
662.883 1.202
663.081 1.158
663.279 1.218
663.477 1.239
663.675 1.147
663.873 1.103
664.071 1.204
664.269 1.306
664.467 1.263
664.665 1.211
664.863 1.251
665.061 1.241
665.259 1.172
665.457 1.160
665.655 1.277
665.853 1.270
666.051 1.213
666.249 1.212
666.447 1.273
666.645 1.207
666.843 1.113
667.041 1.168
667.239 1.231
667.437 1.220
667.635 1.199
667.833 1.212
668.031 1.208
668.229 1.205
668.427 1.223
668.625 1.215
668.823 1.146
669.021 1.140
669.219 1.254
669.417 1.331
669.615 1.350
669.813 1.206
670.011 1.225
670.209 1.245
670.407 1.172
670.605 1.139
670.803 1.169
671.001 1.200
671.199 1.197
671.397 1.203
671.595 1.117
671.792 1.204
671.990 1.324
672.188 1.275
672.386 1.147
672.584 1.297
672.782 1.304
672.980 1.088
673.178 1.135
673.376 1.254
673.574 1.262
673.772 1.198
673.970 1.258
674.168 1.250
674.366 1.196
674.564 1.132
674.762 1.069
674.960 1.191
675.158 1.259
675.356 1.228
675.554 1.222
675.752 1.180
675.950 1.166
676.148 1.167
676.346 1.191
676.544 1.235
676.742 1.112
676.940 1.204
677.138 1.305
677.336 1.199
677.534 1.137
677.732 1.170
677.930 1.215
678.128 1.232
678.326 1.224
678.524 1.212
678.722 1.246
678.920 1.279
679.118 1.208
679.316 1.237
679.514 1.187
679.712 1.184
679.910 1.228
680.108 1.244
680.306 1.238
680.504 1.220
680.702 1.119
680.900 1.130
681.098 1.148
681.296 1.130
681.494 1.148
681.691 1.227
681.889 1.241
682.087 1.177
682.285 1.210
682.483 1.256
682.681 1.220
682.879 1.207
683.077 1.095
683.275 1.047
683.473 1.128
683.671 1.229
683.869 1.220
684.067 1.216
684.265 1.145
684.463 1.197
684.661 1.195
684.859 1.240
685.057 1.213
685.255 1.259
685.453 1.328
685.651 1.215
685.849 1.191
686.047 1.172
686.245 1.188
686.443 1.194
686.641 1.247
686.839 1.246
687.037 1.219
687.235 1.193
687.433 1.179
687.631 1.282
687.829 1.322
688.027 1.163
688.225 1.162
688.423 1.202
688.621 1.219
688.819 1.220
689.017 1.181
689.215 1.266
689.413 1.208
689.611 1.184
689.809 1.226
690.007 1.258
690.205 1.181
690.403 1.110
690.601 1.173
690.799 1.165
690.997 1.202
691.195 1.174
691.393 1.231
691.591 1.221
691.788 1.253
691.986 1.261
692.184 1.259
692.382 1.243
692.580 1.239
692.778 1.255
692.976 1.310
693.174 1.251
693.372 1.303
693.570 1.313
693.768 1.187
693.966 1.182
694.164 1.167
694.362 1.204
694.560 1.214
694.758 1.331
694.956 1.311
695.154 1.229
695.352 1.239
695.550 1.258
695.748 1.250
695.946 1.242
696.144 1.304
696.342 1.285
696.540 1.207
696.744 1.130
696.948 1.132
697.152 1.224
697.357 1.260
697.561 1.210
697.765 1.215
697.969 1.326
698.173 1.208
698.377 1.275
698.581 1.275
698.786 1.259
698.990 1.308
699.194 1.289
699.398 1.242
699.602 1.299
699.806 1.276
700.010 1.255
700.215 1.167
700.419 1.234
700.623 1.212
700.827 1.212
701.031 1.233
701.235 1.229
701.440 1.234
701.644 1.206
701.848 1.173
702.052 1.196
702.256 1.300
702.460 1.254
702.664 1.200
702.869 1.283
703.073 1.173
703.277 1.130
703.481 1.134
703.685 1.177
703.889 1.220
704.093 1.333
704.298 1.368
704.502 1.324
704.706 1.387
704.910 1.202
705.114 1.151
705.318 1.189
705.522 1.258
705.727 1.312
705.931 1.251
706.135 1.192
706.339 1.250
706.543 1.186
706.747 1.273
706.951 1.177
707.156 1.085
707.360 1.189
707.564 1.349
707.768 1.362
707.972 1.242
708.176 1.185
708.380 1.274
708.585 1.278
708.789 1.128
708.993 1.187
709.197 1.239
709.401 1.208
709.605 1.177
709.810 1.125
710.014 1.158
710.218 1.189
710.422 1.166
710.626 1.236
710.830 1.228
711.034 1.271
711.239 1.261
711.443 1.193
711.647 1.304
711.851 1.252
712.055 1.142
712.259 1.205
712.463 1.241
712.668 1.195
712.872 1.121
713.076 1.172
713.280 1.307
713.484 1.263
713.688 1.246
713.892 1.268
714.097 1.325
714.301 1.383
714.505 1.275
714.709 1.196
714.913 1.148
715.117 1.184
715.321 1.346
715.526 1.264
715.730 1.256
715.934 1.253
716.138 1.241
716.342 1.209
716.546 1.220
716.750 1.307
716.955 1.242
717.159 1.268
717.363 1.337
717.567 1.211
717.771 1.296
717.975 1.228
718.180 1.248
718.384 1.214
718.588 1.249
718.792 1.295
718.996 1.295
719.200 1.310
719.404 1.194
719.609 1.298
719.813 1.348
720.017 1.405
720.221 1.266
720.425 1.279
720.629 1.345
720.833 1.249
721.038 1.240
721.242 1.262
721.446 1.283
721.650 1.297
721.854 1.241
722.058 1.126
722.262 1.187
722.467 1.245
722.671 1.212
722.875 1.284
723.079 1.339
723.283 1.257
723.487 1.211
723.691 1.238
723.896 1.314
724.100 1.378
724.304 1.388
724.508 1.339
724.712 1.333
724.916 1.254
725.120 1.213
725.325 1.254
725.529 1.207
725.733 1.126
725.937 1.275
726.141 1.412
726.345 1.390
726.550 1.317
726.754 1.318
726.958 1.363
727.162 1.284
727.366 1.213
727.570 1.185
727.774 1.238
727.979 1.326
728.183 1.283
728.387 1.251
728.591 1.347
728.795 1.449
728.999 1.321
729.203 1.232
729.408 1.281
729.612 1.266
729.816 1.368
730.020 1.374
730.224 1.288
730.428 1.344
730.632 1.499
730.837 1.265
731.041 1.186
731.245 1.300
731.449 1.262
731.653 1.190
731.857 1.297
732.061 1.298
732.266 1.292
732.470 1.312
732.674 1.360
732.878 1.254
733.082 1.272
733.286 1.268
733.490 1.183
733.695 1.289
733.899 1.380
734.103 1.403
734.307 1.421
734.511 1.351
734.715 1.271
734.920 1.301
735.124 1.468
735.328 1.417
735.532 1.272
735.736 1.333
735.940 1.438
736.144 1.328
736.349 1.278
736.553 1.371
736.757 1.500
736.961 1.506
737.165 1.503
737.369 1.501
737.573 1.462
737.778 1.410
737.982 1.340
738.186 1.358
738.390 1.361
738.594 1.300
738.798 1.326
739.002 1.233
739.207 1.242
739.411 1.364
739.615 1.330
739.819 1.333
740.023 1.310
740.227 1.344
740.431 1.402
740.636 1.330
740.840 1.339
741.044 1.282
741.248 1.324
741.452 1.436
741.656 1.316
741.860 1.358
742.065 1.343
742.269 1.343
742.473 1.336
742.677 1.303
742.881 1.240
743.085 1.301
743.290 1.428
743.494 1.445
743.698 1.359
743.902 1.428
744.106 1.389
744.310 1.385
744.514 1.461
744.719 1.426
744.923 1.355
745.127 1.401
745.331 1.258
745.535 1.288
745.739 1.402
745.943 1.484
746.148 1.583
746.352 1.618
746.556 1.385
746.760 1.256
746.964 1.268
747.168 1.294
747.372 1.444
747.577 1.419
747.781 1.263
747.985 1.396
748.189 1.475
748.393 1.498
748.597 1.271
748.801 1.328
749.006 1.447
749.210 1.307
749.414 1.404
749.618 1.631
749.822 1.534
750.026 1.414
750.230 1.330
750.435 1.337
750.639 1.309
750.843 1.380
751.047 1.479
751.251 1.473
751.455 1.467
751.660 1.610
751.864 1.480
752.068 1.398
752.272 1.327
752.476 1.297
752.680 1.273
752.884 1.355
753.089 1.388
753.293 1.441
753.497 1.469
753.701 1.473
753.905 1.418
754.109 1.329
754.313 1.379
754.518 1.423
754.722 1.412
754.926 1.491
755.130 1.300
755.334 1.302
755.538 1.432
755.742 1.528
755.947 1.635
756.151 1.426
756.355 1.430
756.559 1.409
756.763 1.442
756.967 1.544
757.171 1.517
757.376 1.601
757.580 1.431
757.784 1.245
757.988 1.333
758.192 1.392
758.396 1.356
758.600 1.392
758.805 1.424
759.009 1.317
759.213 1.316
759.417 1.547
759.621 1.504
759.825 1.478
760.030 1.756
760.234 1.901
760.438 1.653
760.642 1.405
760.846 1.462
761.050 1.643
761.254 1.629
761.459 1.399
761.663 1.457
761.867 1.531
762.071 1.374
762.275 1.415
762.479 1.469
762.683 1.278
762.888 1.286
763.092 1.252
763.296 1.378
763.500 1.576
763.709 1.586
763.918 1.504
764.126 1.389
764.335 1.507
764.544 1.572
764.753 1.483
764.962 1.528
765.171 1.519
765.379 1.574
765.588 1.680
765.797 1.764
766.006 1.592
766.215 1.471
766.424 1.572
766.632 1.597
766.841 1.483
767.050 1.420
767.259 1.486
767.468 1.526
767.677 1.637
767.885 1.640
768.094 1.515
768.303 1.524
768.512 1.674
768.721 1.550
768.929 1.447
769.138 1.489
769.347 1.658
769.556 1.656
769.765 1.491
769.974 1.463
770.182 1.586
770.391 1.366
770.600 1.422
770.809 1.542
771.018 1.562
771.227 1.498
771.435 1.452
771.644 1.467
771.853 1.363
772.062 1.344
772.271 1.346
772.480 1.526
772.688 1.626
772.897 1.451
773.106 1.441
773.315 1.377
773.524 1.454
773.732 1.637
773.941 1.712
774.150 1.764
774.359 1.507
774.568 1.629
774.777 1.627
774.985 1.556
775.194 1.429
775.403 1.481
775.612 1.544
775.821 1.551
776.030 1.584
776.238 1.515
776.447 1.471
776.656 1.496
776.865 1.388
777.074 1.415
777.283 1.497
777.491 1.429
777.700 1.638
777.909 1.638
778.118 1.694
778.327 1.864
778.535 1.677
778.744 1.646
778.953 1.631
779.162 1.774
779.371 1.712
779.580 1.626
779.788 1.640
779.997 1.574
780.206 1.313
780.415 1.424
780.624 1.647
780.833 1.736
781.041 1.701
781.250 1.635
781.459 1.492
781.668 1.523
781.877 1.638
782.086 1.687
782.294 1.579
782.503 1.589
782.712 1.661
782.921 1.521
783.130 1.578
783.338 1.717
783.547 1.713
783.756 1.589
783.965 1.580
784.174 1.840
784.383 1.851
784.591 1.652
784.800 1.803
785.009 1.809
785.218 1.743
785.427 1.758
785.636 1.619
785.844 1.661
786.053 1.713
786.262 1.649
786.471 1.581
786.680 1.497
786.889 1.448
787.097 1.511
787.306 1.798
787.515 1.730
787.724 1.682
787.933 1.719
788.141 1.732
788.350 1.729
788.559 1.874
788.768 1.797
788.977 1.660
789.186 1.614
789.394 1.726
789.603 1.632
789.812 1.690
790.021 1.617
790.230 1.493
790.439 1.373
790.647 1.474
790.856 1.539
791.065 1.517
791.274 1.611
791.483 1.752
791.692 1.624
791.900 1.409
792.109 1.701
792.318 1.746
792.527 1.851
792.736 1.770
792.944 1.534
793.153 1.699
793.362 1.772
793.571 1.747
793.780 1.700
793.989 1.614
794.197 1.756
794.406 1.807
794.615 1.690
794.824 1.755
795.033 1.721
795.242 1.712
795.450 1.682
795.659 1.700
795.868 1.859
796.077 1.801
796.286 1.795
796.495 1.608
796.703 1.688
796.912 1.545
797.121 1.720
797.330 1.781
797.539 1.731
797.747 1.836
797.956 1.768
798.165 1.737
798.374 1.778
798.583 1.587
798.792 1.525
799.000 1.696
799.209 1.945
799.418 1.817
799.627 1.556
799.836 1.656
800.045 1.846
800.253 1.862
800.462 1.831
800.671 1.677
800.880 1.694
801.089 2.036
801.298 1.650
801.506 1.699
801.715 1.773
801.924 1.838
802.133 1.910
802.342 1.815
802.550 1.688
802.759 1.868
802.968 1.801
803.177 1.799
803.386 2.039
803.595 2.023
803.803 2.186
804.012 2.051
804.221 1.912
804.430 2.133
804.639 1.759
804.848 1.598
805.056 1.544
805.265 1.705
805.474 1.748
805.683 1.773
805.892 1.883
806.101 1.901
806.309 1.872
806.518 1.860
806.727 1.984
806.936 2.164
807.145 2.184
807.353 1.772
807.562 1.790
807.771 1.943
807.980 2.167
808.189 2.065
808.398 1.711
808.606 1.597
808.815 2.215
809.024 2.372
809.233 1.753
809.442 1.622
809.651 1.887
809.859 1.918
810.068 1.623
810.277 1.819
810.486 2.154
810.695 1.799
810.904 1.849
811.112 2.187
811.321 1.868
811.530 1.878
811.740 2.039
811.949 2.105
812.159 2.198
812.368 1.811
812.578 2.028
812.787 1.829
812.997 1.905
813.206 1.878
813.416 1.979
813.625 2.025
813.835 2.646
814.044 3.105
814.254 2.293
814.463 2.276
814.673 1.976
814.882 1.573
815.092 2.073
815.301 2.374
815.511 2.035
815.720 1.963
815.930 2.149
816.139 1.979
816.349 1.742
816.558 1.952
816.768 1.932
816.977 2.083
817.187 2.158
817.396 1.686
817.606 1.769
817.815 2.084
818.025 1.916
818.234 1.802
818.444 1.574
818.653 1.953
818.863 2.248
819.072 1.821
819.282 1.714
819.491 1.877
819.701 1.977
819.910 1.867
820.120 2.114
820.329 2.437
820.539 2.178
820.748 1.901
820.958 2.248
821.167 2.370
821.377 2.416
821.586 2.165
821.796 2.153
822.005 2.350
822.215 2.267
822.424 2.144
822.634 1.902
822.843 1.873
823.053 2.381
823.262 2.425
823.472 2.075
823.681 2.199
823.891 2.211
824.100 2.119
824.310 2.481
824.519 2.389
824.729 2.027
824.938 2.079
825.148 2.497
825.357 2.474
825.567 1.784
825.776 1.890
825.986 1.920
826.195 1.940
826.405 2.278
826.614 2.373
826.824 2.467
827.033 2.214
827.243 1.970
827.452 2.078
827.662 2.185
827.871 2.356
828.081 2.353
828.290 2.146
828.500 2.277
828.709 2.358
828.919 2.169
829.128 2.422
829.338 2.574
829.547 1.874
829.757 2.149
829.966 2.211
830.176 1.865
830.385 1.996
830.595 2.390
830.804 2.177
831.014 2.031
831.223 1.971
831.433 2.288
831.642 2.375
831.852 1.971
832.061 2.087
832.271 2.376
832.480 2.218
832.690 2.212
832.899 1.996
833.109 1.856
833.318 2.273
833.528 2.727
833.737 2.131
833.947 2.334
834.156 3.030
834.366 2.597
834.575 2.378
834.785 2.053
834.994 2.240
835.204 2.438
835.413 2.633
835.623 2.120
835.832 2.360
836.042 2.564
836.251 2.243
836.461 2.474
836.670 2.434
836.880 2.207
837.089 2.350
837.299 2.766
837.508 2.278
837.718 2.241
837.927 2.435
838.137 2.823
838.346 2.502
838.556 2.716
838.765 2.800
838.975 2.719
839.184 2.427
839.394 2.347
839.603 2.704
839.813 2.737
840.022 2.639
840.232 2.714
840.441 2.375
840.651 2.368
840.860 2.547
841.070 2.340
841.279 2.522
841.489 2.755
841.698 2.943
841.908 2.598
842.117 2.668
842.327 2.802
842.536 2.639
842.746 2.552
842.955 2.023
843.165 2.040
843.374 1.964
843.584 2.579
843.793 2.510
844.003 2.793
844.212 2.947
844.422 2.954
844.631 3.010
844.841 2.717
845.050 2.848
845.260 2.878
845.469 2.245
845.679 2.102
845.888 2.713
846.098 2.808
846.307 2.901
846.517 2.644
846.726 2.326
846.936 2.747
847.145 2.926
847.355 2.858
847.564 2.552
847.774 2.764
847.983 3.565
848.193 3.169
848.402 2.996
848.612 3.027
848.821 4.930
849.031 5.858
849.240 3.298
849.450 3.260
849.659 2.874
849.869 2.727
850.078 2.798
850.288 2.471
850.497 2.246
850.707 2.331
850.916 2.362
851.126 2.359
851.335 2.907
851.545 2.661
851.754 2.259
851.964 2.284
852.173 2.589
852.383 2.636
852.592 2.564
852.802 2.893
853.011 2.832
853.221 2.585
853.430 2.783
853.640 3.106
853.849 3.298
854.059 2.995
854.268 2.501
854.478 2.512
854.687 2.957
854.897 3.330
855.106 2.929
855.316 3.092
855.525 3.353
855.735 2.953
855.944 3.213
856.154 3.061
856.363 2.585
856.573 2.511
856.782 2.476
856.992 2.715
857.201 3.408
857.411 3.397
857.620 3.199
857.830 2.565
858.039 2.186
858.249 2.701
858.458 2.755
858.668 2.682
858.877 2.960
859.087 2.869
859.296 2.789
859.506 2.981
859.715 3.254
859.925 2.882
860.134 3.212
860.344 3.241
860.553 3.040
860.763 2.692
860.972 2.691
861.182 3.259
861.391 3.034
861.601 3.285
861.810 3.333
862.020 2.852
862.229 2.934
862.439 3.111
862.648 2.423
862.858 3.105
863.067 3.020
863.277 2.573
863.486 3.099
863.696 3.487
863.905 2.772
864.115 2.525
864.324 2.886
864.534 3.352
864.743 3.110
864.953 2.767
865.162 3.425
865.372 3.426
865.581 3.334
865.791 2.862
866.000 3.197
866.210 3.266
866.419 2.848
866.629 2.860
866.838 3.944
867.048 3.505
867.257 3.558
867.467 3.599
867.676 2.991
867.886 2.988
868.095 3.374
868.305 4.026
868.514 3.952
868.724 3.905
868.933 3.207
869.143 2.957
869.352 2.786
869.562 3.026
869.771 2.989
869.981 3.443
870.190 2.883
870.400 3.039
870.609 3.977
870.819 4.268
871.028 3.660
871.238 3.321
871.447 3.558
871.657 3.977
871.866 3.928
872.076 4.194
872.285 4.146
872.495 3.599
872.704 3.439
872.914 2.934
873.123 3.919
873.333 3.411
873.542 3.478
873.752 3.218
873.961 3.651
874.171 3.822
874.380 3.967
874.590 3.962
874.799 3.301
875.009 3.439
875.218 2.980
875.428 2.417
875.637 3.383
875.847 4.251
876.056 4.373
876.266 4.976
876.475 2.886
876.685 3.446
876.894 5.037
877.104 4.187
877.313 3.731
877.523 3.782
877.732 4.358
877.942 4.303
878.151 3.944
878.361 3.770
878.570 4.078
878.780 3.514
878.989 3.439
879.199 3.463
879.408 2.927
879.618 3.167
879.827 3.534
880.037 3.920
880.246 4.701
880.456 3.817
880.665 2.846
880.875 3.692
881.084 4.313
881.294 4.156
881.503 3.872
881.713 3.598
881.922 4.042
882.132 4.901
882.341 3.856
882.551 3.007
882.760 3.504
882.970 3.662
883.179 3.103
883.389 2.961
883.598 3.693
883.808 4.330
884.017 3.653
884.227 4.564
884.436 4.073
884.646 3.659
884.855 3.924
885.065 4.072
885.274 3.134
885.484 2.918
885.693 3.333
885.903 3.601
886.112 3.502
886.322 4.000
886.531 4.844
886.741 4.212
886.950 2.748
887.160 3.499
887.369 4.443
887.579 4.221
887.788 4.036
887.998 4.080
888.207 3.768
888.417 2.954
888.626 2.888
888.836 2.705
889.045 3.403
889.255 3.570
889.464 3.574
889.674 3.462
889.883 3.095
890.093 3.050
890.302 3.465
890.512 4.464
890.721 3.707
890.931 2.736
891.140 3.364
891.350 3.533
891.559 3.790
891.769 4.879
891.978 3.712
892.188 3.604
892.397 3.265
892.607 3.653
892.816 4.017
893.026 3.857
893.235 4.354
893.445 3.985
893.654 4.060
893.864 4.269
894.073 2.992
894.283 3.150
894.492 4.418
894.702 4.682
894.911 4.570
895.121 4.022
895.330 3.951
895.540 3.547
895.749 3.381
895.959 4.064
896.168 3.823
896.378 3.444
896.587 4.218
896.797 5.042
897.006 4.566
897.216 4.686
897.425 4.931
897.635 5.487
897.844 4.152
898.054 3.669
898.263 4.077
898.473 3.053
898.682 2.934
898.892 4.086
899.101 4.236
899.311 3.819
899.520 3.261
899.730 3.105
899.939 4.407
900.149 4.396
900.358 3.309
900.568 3.470
900.777 3.768
900.987 4.104
901.196 4.070
901.406 4.098
901.615 4.270
901.825 4.434
902.034 4.096
902.244 3.598
902.453 3.796
902.663 3.916
902.872 3.886
903.082 3.193
903.291 3.644
903.501 3.739
903.710 3.797
903.920 3.819
904.129 4.565
904.339 4.637
904.548 4.280
904.758 4.026
904.967 4.837
905.177 3.608
905.386 3.778
905.596 3.550
905.805 3.376
906.015 3.777
906.224 4.347
906.434 5.088
906.643 4.807
906.853 5.210
907.062 4.898
907.272 4.164
907.481 3.915
907.691 3.820
907.900 3.268
908.110 4.053
908.319 3.943
908.529 3.901
908.738 4.859
908.948 4.549
909.157 4.742
909.367 4.568
909.576 3.971
909.786 3.828
909.995 3.579
910.205 3.098
910.414 3.344
910.624 4.569
910.833 4.150
911.043 3.766
911.252 3.588
911.462 3.147
911.672 4.174
911.881 4.885
912.091 4.105
912.300 5.058
912.512 5.580
912.724 4.613
912.937 4.253
913.149 3.594
913.361 4.970
913.573 4.644
913.786 4.794
913.998 5.027
914.210 6.211
914.422 5.784
914.634 3.847
914.847 3.744
915.059 4.563
915.271 3.345
915.483 4.016
915.696 3.945
915.908 4.066
916.120 3.670
916.332 4.614
916.544 4.580
916.757 4.684
916.969 5.525
917.181 4.873
917.393 4.869
917.606 5.272
917.818 5.414
918.030 4.668
918.242 5.062
918.454 4.705
918.667 4.106
918.879 4.066
919.091 4.330
919.303 5.237
919.516 4.008
919.728 4.236
919.940 4.455
920.152 4.503
920.364 4.095
920.577 4.398
920.789 4.457
921.001 5.414
921.213 4.402
921.426 3.639
921.638 4.051
921.850 3.574
922.062 3.964
922.274 6.207
922.487 6.664
922.699 5.195
922.911 3.150
923.123 3.358
923.336 4.002
923.548 5.330
923.760 5.315
923.972 5.908
924.184 5.842
924.397 5.700
924.609 4.986
924.821 5.184
925.033 4.922
925.246 3.615
925.458 3.255
925.670 4.564
925.882 5.799
926.094 5.159
926.307 5.156
926.519 5.378
926.731 5.598
926.943 5.453
927.156 4.429
927.368 4.180
927.580 4.451
927.792 4.910
928.004 4.920
928.217 4.775
928.429 4.845
928.641 5.453
928.853 5.941
929.066 6.559
929.278 6.117
929.490 6.693
929.702 6.374
929.914 6.095
930.127 6.293
930.339 6.094
930.551 5.319
930.763 5.981
930.976 5.561
931.188 5.492
931.400 5.539
931.612 5.731
931.824 5.741
932.037 5.641
932.249 5.188
932.461 4.983
932.673 5.367
932.886 6.274
933.098 5.596
933.310 6.403
933.522 6.632
933.734 6.777
933.947 6.636
934.159 6.120
934.371 6.579
934.583 7.268
934.796 7.871
935.008 7.147
935.220 5.976
935.432 5.700
935.644 4.769
935.857 4.545
936.069 5.581
936.281 7.449
936.493 4.803
936.706 5.484
936.918 5.611
937.130 4.970
937.342 5.655
937.554 4.851
937.767 8.135
937.979 9.333
938.191 7.079
938.403 8.364
938.616 8.550
938.828 9.045
939.040 8.009
939.252 6.654
939.464 7.432
939.677 7.543
939.889 9.640
940.101 10.397
940.313 9.594
940.526 8.425
940.738 9.910
940.950 7.366
941.162 8.280
941.374 11.840
941.587 9.312
941.799 8.819
942.011 9.288
942.223 7.367
942.436 10.067
942.648 13.249
942.860 10.766
943.072 8.793
943.284 8.697
943.497 7.549
943.709 7.850
943.921 9.250
944.133 6.890
944.346 9.762
944.558 8.950
944.770 9.532
944.982 8.745
945.194 9.810
945.407 10.213
945.619 11.325
945.831 11.186
946.043 10.734
946.256 10.690
946.468 9.593
946.680 7.760
946.892 8.278
947.104 8.941
947.317 10.184
947.529 11.374
947.741 9.114
947.953 8.362
948.166 8.215
948.378 8.046
948.590 7.190
948.802 10.567
949.014 9.985
949.227 6.569
949.439 11.510
949.651 13.522
949.863 9.688
950.076 8.856
950.288 8.456
950.500 9.412
950.712 11.906
950.924 13.869
951.137 10.248
951.349 10.766
951.561 11.877
951.773 9.298
951.986 10.271
952.198 14.577
952.410 16.236
952.622 12.844
952.834 21.439
953.047 23.440
953.259 8.523
953.471 6.889
953.683 6.944
953.896 9.327
954.108 12.138
954.320 7.320
954.532 5.330
954.744 6.088
954.957 11.148
955.169 12.659
955.381 7.344
955.593 5.806
955.806 9.706
956.018 11.184
956.230 7.697
956.442 9.546
956.654 6.461
956.867 5.094
957.079 9.255
957.291 10.722
957.503 8.728
957.716 9.021
957.928 6.563
958.140 7.778
958.352 10.423
958.564 11.182
958.777 9.678
958.989 11.484
959.201 10.186
959.413 11.270
959.626 10.679
959.838 7.576
960.050 7.118
960.262 10.686
960.474 9.475
960.687 6.199
960.899 7.269
961.111 8.547
961.323 10.269
961.536 12.037
961.748 15.632
961.960 12.872
962.172 10.523
962.384 10.934
962.597 9.025
962.809 10.355
963.021 9.800
963.233 4.985
963.446 4.461
963.658 9.314
963.870 12.995
964.082 8.821
964.294 6.203
964.507 7.262
964.719 7.335
964.931 11.456
965.143 13.110
965.356 11.560
965.568 5.829
965.780 6.378
966.000 9.804
966.221 11.400
966.441 11.330
966.662 9.815
966.882 11.484
967.103 8.914
967.323 7.593
967.543 10.548
967.764 12.134
967.984 11.110
968.205 9.081
968.425 7.562
968.645 11.531
968.866 11.963
969.086 7.827
969.307 7.308
969.527 9.660
969.748 7.061
969.968 6.601
970.188 10.616
970.409 9.116
970.629 9.938
970.850 9.223
971.070 9.415
971.290 9.259
971.511 6.971
971.731 11.910
971.952 17.354
972.172 9.734
972.393 11.070
972.613 10.163
972.833 12.107
973.054 12.179
973.274 6.954
973.495 10.764
973.715 13.363
973.936 11.864
974.156 12.852
974.376 11.110
974.597 9.021
974.817 12.293
975.038 14.879
975.258 13.266
975.478 13.222
975.699 11.702
975.919 9.405
976.140 9.508
976.360 11.055
976.581 12.346
976.801 13.277
977.021 13.399
977.242 16.094
977.462 15.791
977.683 11.949
977.903 10.741
978.123 10.929
978.344 7.388
978.564 11.618
978.785 18.220
979.005 13.191
979.226 15.898
979.446 13.271
979.666 13.655
979.887 13.272
980.107 14.865
980.328 15.039
980.548 15.154
980.769 12.858
980.989 12.127
981.209 14.116
981.430 13.592
981.650 17.170
981.871 12.004
982.091 4.618
982.311 13.706
982.532 17.606
982.752 11.224
982.973 11.100
983.193 9.508
983.414 13.583
983.634 7.313
983.854 8.869
984.075 13.908
984.295 13.775
984.516 14.248
984.736 14.983
984.956 11.185
985.177 14.841
985.397 13.435
985.618 9.314
985.838 14.100
986.059 12.769
986.279 12.376
986.499 9.987
986.720 13.504
986.940 16.265
987.161 15.505
987.381 12.470
987.602 13.314
987.822 13.603
988.042 15.276
988.263 8.663
988.483 8.854
988.704 13.760
988.924 15.626
989.144 10.860
989.365 8.692
989.585 7.236
989.806 7.014
990.026 7.991
990.247 12.338
990.467 17.053
990.687 19.334
990.908 12.781
991.128 13.653
991.349 15.466
991.569 12.097
991.789 18.231
992.010 19.474
992.230 20.543
992.451 21.474
992.671 18.340
992.892 20.327
993.112 22.126
993.332 13.387
993.553 9.363
993.773 15.055
993.994 23.986
994.214 21.371
994.435 14.326
994.655 11.718
994.875 20.615
995.096 13.566
995.316 10.804
995.537 14.317
995.757 20.271
995.977 12.705
996.198 16.054
996.418 17.595
996.639 6.982
996.859 3.807
997.080 11.476
997.300 6.200
997.520 3.567
997.741 9.805
997.961 12.658
998.182 15.053
998.402 20.466
998.622 12.309
998.843 1.960
999.063 9.767
999.284 8.868
999.504 8.684
999.725 21.632
999.945 26.924
1000.165 16.824
1000.386 18.482
1000.606 9.884
1000.827 13.714
1001.047 22.181
1001.268 26.331
1001.488 19.981
1001.708 22.723
1001.929 22.098
1002.149 14.707
1002.370 12.446
1002.590 20.857
1002.810 28.222
1003.031 22.109
1003.251 21.598
1003.472 15.605
1003.692 23.179
1003.913 27.351
1004.133 13.438
1004.353 13.490
1004.574 20.712
1004.794 17.197
1005.015 21.441
1005.235 16.272
1005.455 24.752
1005.676 24.791
1005.896 26.807
1006.117 28.551
1006.337 6.491
1006.558 11.595
1006.778 14.754
1006.998 13.587
1007.219 15.994
1007.439 15.991
1007.660 27.060
1007.880 16.212
1008.101 9.576
1008.321 12.097
1008.541 10.005
1008.762 17.934
1008.982 22.288
1009.203 20.013
1009.423 9.632
1009.643 19.218
1009.864 27.912
1010.084 28.651
1010.305 26.420
1010.525 17.368
1010.746 14.290
1010.966 14.606
1011.186 3.660
1011.407 13.779
1011.627 19.008
1011.848 3.780
1012.068 -6.678
1012.288 -1.944
1012.509 9.925
1012.729 13.360
1012.950 6.285
