290.982 88.166
291.167 89.820
291.352 90.639
291.537 91.038
291.722 91.509
291.907 95.189
292.091 94.815
292.276 92.350
292.461 91.591
292.646 91.174
292.831 92.715
293.016 90.397
293.201 86.583
293.386 84.455
293.571 84.686
293.756 83.835
293.940 83.307
294.125 81.558
294.310 82.570
294.495 83.719
294.680 82.519
294.865 79.723
295.050 80.475
295.235 82.539
295.420 83.091
295.605 81.413
295.789 82.610
295.974 84.026
296.159 82.943
296.344 81.964
296.529 80.975
296.714 82.019
296.899 83.198
297.084 83.549
297.269 83.457
297.454 84.698
297.638 86.027
297.823 85.319
298.008 84.302
298.193 85.544
298.378 86.428
298.563 86.048
298.748 86.813
298.933 87.153
299.118 86.061
299.303 85.662
299.487 84.254
299.672 82.276
299.857 80.189
300.042 80.985
300.227 80.742
300.412 79.771
300.597 79.615
300.782 77.617
300.967 77.648
301.152 77.933
301.336 77.987
301.521 78.553
301.706 81.099
301.891 82.473
302.076 82.420
302.261 82.234
302.446 83.213
302.631 83.151
302.816 86.452
303.001 87.155
303.185 85.071
303.370 83.542
303.555 82.980
303.740 81.231
303.925 80.489
304.110 79.400
304.295 80.353
304.480 80.260
304.665 79.957
304.850 77.338
305.034 76.133
305.219 77.724
305.404 78.000
305.589 78.037
305.774 77.872
305.959 79.065
306.144 79.468
306.329 77.087
306.514 75.269
306.699 74.774
306.883 73.974
307.068 73.560
307.253 74.012
307.438 76.524
307.623 77.133
307.808 75.479
307.993 72.983
308.178 71.750
308.363 72.284
308.548 74.368
308.732 76.638
308.917 77.190
309.102 76.821
309.287 76.067
309.472 75.111
309.657 75.694
309.842 75.746
310.027 74.947
310.212 74.863
310.397 74.721
310.581 73.739
310.766 72.251
310.951 71.821
311.136 71.243
311.321 71.300
311.506 70.311
311.691 69.206
311.876 70.047
312.061 71.122
312.245 73.077
312.430 74.758
312.615 74.679
312.800 74.215
312.985 73.005
313.170 72.728
313.347 73.224
313.523 72.192
313.700 71.312
313.877 71.109
314.054 72.026
314.230 71.066
314.407 69.243
314.584 68.512
314.761 67.784
314.937 68.041
315.114 69.129
315.291 69.018
315.467 70.452
315.644 68.790
315.821 67.695
315.998 67.201
316.174 66.707
316.351 66.939
316.528 66.691
316.704 66.266
316.881 65.442
317.058 65.198
317.235 65.755
317.411 65.332
317.588 67.119
317.765 67.649
317.942 67.101
318.118 67.523
318.295 67.044
318.472 65.698
318.648 65.880
318.825 67.056
319.002 66.211
319.179 65.244
319.355 65.628
319.532 66.008
319.709 65.588
319.885 65.890
320.062 65.593
320.239 65.338
320.416 66.987
320.592 67.221
320.769 66.874
320.946 67.254
321.123 66.587
321.299 65.609
321.476 64.606
321.653 65.491
321.829 64.864
322.006 63.597
322.183 63.759
322.360 62.690
322.536 62.411
322.713 62.829
322.890 61.966
323.066 61.116
323.243 61.136
323.420 62.876
323.597 62.497
323.773 61.443
323.950 62.162
324.127 63.030
324.304 63.370
324.480 62.657
324.657 61.802
324.834 61.600
325.010 61.594
325.187 60.853
325.364 59.350
325.541 58.411
325.717 58.907
325.894 57.704
326.071 55.449
326.248 55.111
326.424 56.006
326.601 55.954
326.778 55.782
326.954 55.907
327.131 55.547
327.308 54.046
327.485 54.742
327.661 54.980
327.838 55.056
328.015 55.640
328.191 55.347
328.368 54.420
328.545 52.648
328.722 52.240
328.898 53.444
329.075 54.134
329.252 54.036
329.429 52.874
329.605 53.356
329.782 54.152
329.959 54.081
330.135 53.274
330.312 53.562
330.489 55.107
330.666 55.502
330.842 54.034
331.019 53.418
331.196 54.318
331.372 54.916
331.549 53.569
331.726 52.282
331.903 52.412
332.079 53.541
332.256 52.576
332.433 51.387
332.610 50.931
332.786 51.636
332.963 52.269
333.140 51.782
333.316 52.650
333.493 52.550
333.670 52.228
333.847 52.927
334.023 52.146
334.200 51.796
334.377 51.382
334.553 51.535
334.730 51.155
334.907 50.021
335.084 49.974
335.260 49.125
335.437 49.210
335.614 50.011
335.791 48.885
335.967 48.979
336.144 49.863
336.321 50.640
336.497 50.554
336.674 50.013
336.851 49.900
337.028 48.840
337.204 47.935
337.381 48.789
337.558 49.703
337.734 49.766
337.911 48.726
338.088 48.306
338.265 49.499
338.441 49.812
338.618 48.595
338.795 47.850
338.972 48.505
339.148 49.234
339.325 48.521
339.502 46.635
339.678 46.368
339.855 47.136
340.032 46.464
340.209 44.879
340.385 44.554
340.562 44.811
340.739 45.020
340.916 44.593
341.092 44.757
341.269 45.287
341.446 45.617
341.622 45.236
341.799 44.798
341.976 45.099
342.153 45.601
342.329 45.203
342.506 45.593
342.683 45.827
342.859 45.626
343.036 45.023
343.213 44.158
343.390 43.493
343.566 43.426
343.743 43.327
343.920 42.810
344.097 41.879
344.273 41.570
344.450 41.205
344.627 41.527
344.803 42.641
344.980 42.640
345.157 42.193
345.334 42.294
345.510 42.378
345.687 41.851
345.864 42.097
346.040 42.488
346.217 42.552
346.394 42.420
346.571 41.478
346.747 39.429
346.924 38.753
347.101 39.558
347.278 39.842
347.454 40.036
347.631 39.893
347.808 38.994
347.984 38.998
348.161 39.670
348.338 40.035
348.515 39.890
348.691 40.315
348.868 40.146
349.045 38.723
349.221 38.011
349.398 37.189
349.575 37.383
349.752 38.402
349.928 37.854
350.105 36.766
350.282 36.136
350.459 36.884
350.635 37.185
350.812 36.640
350.989 37.468
351.165 38.391
351.342 38.463
351.519 38.017
351.696 37.307
351.872 37.027
352.049 36.926
352.226 37.158
352.402 36.665
352.579 36.341
352.756 36.841
352.933 36.219
353.109 34.998
353.286 34.327
353.463 34.264
353.640 34.406
353.816 33.949
353.993 33.574
354.170 33.382
354.346 33.465
354.523 33.565
354.700 33.107
354.877 33.321
355.053 33.236
355.230 33.513
355.407 34.098
355.584 34.408
355.760 34.959
355.937 35.519
356.114 35.836
356.290 35.571
356.467 35.503
356.644 35.292
356.821 34.457
356.997 34.835
357.174 34.845
357.351 34.322
357.527 33.965
357.704 33.637
357.881 33.663
358.058 33.850
358.234 33.826
358.411 33.591
358.588 33.692
358.765 33.891
358.941 33.681
359.118 33.515
359.295 33.170
359.471 32.289
359.648 32.076
359.825 32.080
360.002 31.465
360.178 31.411
360.355 31.353
360.532 31.070
360.708 30.928
360.885 30.711
361.062 30.038
361.239 29.752
361.415 30.183
361.592 30.167
361.769 29.549
361.946 29.801
362.122 29.891
362.299 29.143
362.476 29.241
362.652 29.412
362.829 29.828
363.006 30.165
363.183 30.770
363.359 30.783
363.536 30.508
363.713 30.507
363.889 30.140
364.066 29.383
364.243 29.352
364.420 28.965
364.596 28.617
364.773 28.071
364.950 28.549
365.127 28.508
365.303 28.367
365.480 28.850
365.661 28.723
365.841 28.768
366.022 29.028
366.202 29.304
366.383 29.436
366.563 29.584
366.744 29.558
366.924 29.067
367.105 28.727
367.286 28.418
367.466 27.628
367.647 27.755
367.827 27.417
368.008 27.273
368.188 27.045
368.369 26.900
368.549 26.848
368.730 26.257
368.911 25.965
369.091 26.040
369.272 26.040
369.452 26.372
369.633 25.931
369.813 25.590
369.994 25.695
370.174 25.471
370.355 25.057
370.535 24.668
370.716 25.090
370.897 24.996
371.077 24.348
371.258 24.533
371.438 25.199
371.619 25.607
371.799 25.610
371.980 25.027
372.160 25.157
372.341 25.658
372.522 25.707
372.702 25.652
372.883 25.812
373.063 25.928
373.244 25.879
373.424 25.170
373.605 24.942
373.785 24.988
373.966 25.037
374.147 25.053
374.327 25.025
374.508 25.181
374.688 24.935
374.869 24.856
375.049 25.242
375.230 25.533
375.410 25.469
375.591 24.884
375.772 24.771
375.952 25.274
376.133 25.307
376.313 25.012
376.494 24.413
376.674 24.393
376.855 24.497
377.035 24.092
377.216 23.713
377.397 23.764
377.577 24.073
377.758 23.969
377.938 23.470
378.119 23.162
378.299 22.885
378.480 22.982
378.660 23.061
378.841 22.967
379.021 22.592
379.202 21.980
379.383 21.528
379.563 21.317
379.744 21.117
379.924 20.878
380.105 20.946
380.285 20.988
380.466 20.707
380.646 20.269
380.827 19.909
381.008 20.173
381.188 20.468
381.369 20.715
381.549 20.338
381.730 20.088
381.910 20.186
382.091 20.071
382.271 20.127
382.452 20.360
382.633 20.428
382.813 20.761
382.994 20.939
383.174 20.633
383.355 20.313
383.535 20.557
383.716 20.923
383.896 20.676
384.077 20.408
384.258 20.391
384.438 20.400
384.619 20.288
384.799 19.799
384.980 19.482
385.160 19.324
385.341 19.002
385.521 18.706
385.702 18.360
385.882 18.518
386.063 18.720
386.244 18.594
386.424 18.474
386.605 18.381
386.785 18.323
386.966 18.161
387.146 18.105
387.327 18.132
387.507 18.172
387.688 18.302
387.869 18.189
388.049 18.330
388.230 18.295
388.410 18.179
388.591 18.016
388.771 17.984
388.952 17.874
389.132 17.748
389.313 17.764
389.494 17.825
389.674 17.732
389.855 17.490
390.035 17.232
390.216 17.188
390.396 17.338
390.577 17.482
390.757 17.238
390.938 17.187
391.119 17.284
391.299 17.313
391.480 17.220
391.660 17.115
391.841 17.124
392.021 16.897
392.202 16.613
392.382 16.341
392.563 16.234
392.743 16.325
392.924 16.256
393.105 16.108
393.285 16.011
393.466 15.972
393.646 16.047
393.827 16.149
394.007 15.957
394.188 16.183
394.368 16.310
394.549 16.232
394.730 16.100
394.910 16.162
395.091 16.252
395.271 16.505
395.452 16.709
395.632 16.341
395.813 16.065
395.993 16.264
396.174 16.169
396.355 15.992
396.535 16.036
396.716 16.364
396.896 16.624
397.077 16.605
397.257 16.236
397.438 15.789
397.618 15.950
397.799 16.082
397.980 16.111
398.160 16.061
398.341 15.975
398.521 15.890
398.702 15.644
398.882 15.161
399.063 15.027
399.243 15.128
399.424 15.254
399.605 15.353
399.785 15.136
399.966 14.857
400.146 14.748
400.327 14.835
400.507 15.000
400.688 14.868
400.868 14.879
401.049 14.817
401.229 14.500
401.410 14.438
401.591 14.435
401.771 14.703
401.952 14.773
402.132 14.667
402.313 14.557
402.493 14.455
402.674 14.629
402.854 14.711
403.035 14.840
403.216 14.753
403.396 14.736
403.577 14.624
403.757 14.241
403.938 14.049
404.118 14.024
404.299 13.845
404.479 13.582
404.660 13.340
404.841 13.280
405.023 13.154
405.204 13.164
405.385 13.145
405.566 13.181
405.748 13.241
405.929 13.357
406.110 13.658
406.292 13.929
406.473 14.127
406.654 14.230
406.835 14.091
407.017 13.878
407.198 13.951
407.379 13.867
407.560 13.590
407.742 13.475
407.923 13.397
408.104 12.982
408.286 12.695
408.467 12.504
408.648 12.607
408.829 12.980
409.011 13.104
409.192 13.012
409.373 12.891
409.555 12.955
409.736 13.162
409.917 13.294
410.098 13.477
410.280 13.633
410.461 13.728
410.642 13.486
410.823 13.009
411.005 12.995
411.186 13.270
411.367 13.502
411.549 13.616
411.730 13.582
411.911 13.446
412.092 13.361
412.274 13.376
412.455 13.322
412.636 13.308
412.818 13.421
412.999 13.405
413.180 13.255
413.361 13.121
413.543 13.062
413.724 13.055
413.905 13.070
414.087 13.117
414.268 13.003
414.449 12.911
414.630 12.959
414.812 13.085
414.993 13.145
415.174 13.004
415.355 12.906
415.537 12.785
415.718 12.748
415.899 12.680
416.081 12.488
416.262 12.345
416.443 12.340
416.624 12.284
416.806 12.155
416.987 12.019
417.168 11.952
417.350 11.927
417.531 11.975
417.712 11.911
417.893 11.923
418.075 12.094
418.256 12.056
418.437 11.850
418.618 11.648
418.800 11.545
418.981 11.646
419.162 11.760
419.344 11.842
419.525 11.866
419.706 11.842
419.887 11.781
420.069 11.715
420.250 11.875
420.431 12.102
420.613 12.314
420.794 12.334
420.975 12.127
421.156 12.015
421.338 11.921
421.519 11.769
421.700 11.691
421.882 11.699
422.063 11.580
422.244 11.482
422.425 11.424
422.607 11.217
422.788 11.167
422.969 11.265
423.150 11.415
423.332 11.612
423.513 11.708
423.694 11.638
423.876 11.585
424.057 11.658
424.238 11.663
424.419 11.802
424.601 12.189
424.782 12.237
424.963 12.252
425.145 12.104
425.326 11.950
425.507 11.878
425.688 11.987
425.870 11.951
426.051 11.783
426.232 11.674
426.413 11.496
426.595 11.127
426.776 10.987
426.957 10.980
427.139 11.099
427.320 10.999
427.501 10.847
427.682 10.634
427.864 10.649
428.045 10.737
428.226 10.780
428.408 10.766
428.589 10.795
428.770 10.821
428.951 10.659
429.133 10.533
429.314 10.536
429.495 10.590
429.677 10.669
429.858 10.676
430.039 10.587
430.220 10.521
430.402 10.475
430.583 10.522
430.764 10.527
430.945 10.580
431.127 10.530
431.308 10.529
431.489 10.598
431.671 10.597
431.852 10.505
432.033 10.500
432.214 10.519
432.396 10.540
432.577 10.406
432.758 10.350
432.940 10.414
433.121 10.407
433.302 10.343
433.483 10.389
433.665 10.520
433.846 10.669
434.027 10.722
434.208 10.710
434.390 10.721
434.571 10.772
434.752 10.788
434.934 10.722
435.115 10.783
435.296 10.834
435.477 10.768
435.659 10.702
435.840 10.687
436.030 10.763
436.220 10.727
436.410 10.619
436.600 10.581
436.790 10.614
436.980 10.684
437.170 10.636
437.360 10.572
437.550 10.544
437.741 10.562
437.931 10.484
438.121 10.419
438.311 10.415
438.501 10.436
438.691 10.515
438.881 10.475
439.071 10.370
439.261 10.330
439.451 10.288
439.641 10.217
439.831 10.111
440.021 10.079
440.211 10.037
440.401 10.105
440.591 10.176
440.781 10.236
440.971 10.286
441.161 10.247
441.351 10.197
441.542 10.234
441.732 10.269
441.922 10.251
442.112 10.271
442.302 10.301
442.492 10.270
442.682 10.171
442.872 9.956
443.062 9.817
443.252 9.825
443.442 9.950
443.632 9.970
443.822 9.954
444.012 9.903
444.202 9.855
444.392 9.812
444.582 9.748
444.772 9.737
444.962 9.771
445.153 9.866
445.343 9.844
445.533 9.696
445.723 9.640
445.913 9.622
446.103 9.687
446.293 9.720
446.483 9.715
446.673 9.731
446.863 9.761
447.053 9.827
447.243 9.867
447.433 9.944
447.623 10.011
447.813 10.041
448.003 10.119
448.193 10.109
448.383 10.082
448.573 10.071
448.764 9.982
448.954 9.962
449.144 9.934
449.334 9.859
449.524 9.785
449.714 9.747
449.904 9.751
450.094 9.732
450.284 9.722
450.474 9.727
450.664 9.711
450.854 9.766
451.044 9.801
451.234 9.784
451.424 9.689
451.614 9.658
451.804 9.752
451.994 9.747
452.184 9.714
452.375 9.777
452.565 9.782
452.755 9.807
452.945 9.852
453.135 9.843
453.325 9.864
453.515 9.984
453.705 10.058
453.895 10.001
454.085 9.975
454.275 10.024
454.465 9.988
454.655 9.911
454.845 9.871
455.035 9.941
455.225 9.896
455.415 9.814
455.605 9.813
455.795 9.855
455.985 9.805
456.176 9.751
456.366 9.713
456.556 9.702
456.746 9.759
456.936 9.800
457.126 9.769
457.316 9.807
457.506 9.881
457.696 9.830
457.886 9.689
458.076 9.686
458.266 9.769
458.456 9.750
458.646 9.704
458.836 9.730
459.026 9.766
459.216 9.759
459.406 9.738
459.596 9.704
459.787 9.698
459.977 9.744
460.167 9.792
460.357 9.714
460.547 9.718
460.737 9.767
460.927 9.763
461.117 9.629
461.307 9.581
461.497 9.644
461.687 9.664
461.877 9.721
462.067 9.828
462.257 9.901
462.447 9.950
462.637 9.884
462.827 9.828
463.017 9.843
463.207 10.023
463.397 10.044
463.588 9.996
463.778 10.059
463.968 10.015
464.158 9.901
464.348 9.815
464.538 9.849
464.728 9.868
464.918 9.910
465.108 9.930
465.298 9.839
465.488 9.829
465.678 9.845
465.868 9.819
466.058 9.849
466.248 9.855
466.438 9.876
466.628 9.935
466.818 9.977
467.008 9.963
467.199 9.956
467.389 9.938
467.579 9.910
467.769 9.929
467.959 9.897
468.149 9.842
468.339 9.893
468.529 9.943
468.719 9.975
468.909 9.991
469.099 9.995
469.289 9.977
469.479 10.017
469.669 10.027
469.859 10.007
470.049 9.998
470.239 10.014
470.429 10.049
470.619 10.026
470.810 9.929
471.000 9.930
471.190 10.001
471.380 9.991
471.570 10.017
471.760 10.100
471.950 10.152
472.140 10.202
472.330 10.312
472.520 10.329
472.710 10.291
472.900 10.292
473.090 10.304
473.280 10.263
473.470 10.293
473.660 10.305
473.850 10.287
474.040 10.285
474.230 10.273
474.421 10.241
474.611 10.216
474.801 10.258
474.991 10.325
475.181 10.334
475.371 10.332
475.561 10.334
475.751 10.266
475.941 10.206
476.131 10.202
476.321 10.248
476.511 10.237
476.701 10.246
476.891 10.218
477.081 10.188
477.271 10.152
477.461 10.135
477.651 10.131
477.841 10.154
478.031 10.178
478.222 10.145
478.412 10.132
478.602 10.177
478.792 10.237
478.982 10.300
479.172 10.279
479.362 10.323
479.552 10.384
479.742 10.383
479.932 10.445
480.122 10.511
480.312 10.551
480.502 10.581
480.692 10.591
480.882 10.522
481.072 10.525
481.262 10.594
481.452 10.614
481.642 10.626
481.833 10.715
482.023 10.747
482.213 10.781
482.403 10.817
482.593 10.828
482.783 10.851
482.973 10.925
483.163 10.941
483.353 10.909
483.543 10.950
483.733 10.984
483.923 10.948
484.113 10.953
484.303 10.919
484.493 10.881
484.683 10.898
484.873 10.901
485.063 10.889
485.253 10.911
485.443 10.956
485.634 10.922
485.824 10.887
486.014 10.909
486.204 10.922
486.394 10.963
486.584 11.034
486.774 11.013
486.964 10.998
487.154 11.005
487.344 11.017
487.534 11.032
487.724 11.058
487.914 11.100
488.104 11.112
488.294 11.136
488.484 11.165
488.674 11.181
488.864 11.216
489.054 11.253
489.245 11.279
489.435 11.329
489.625 11.402
489.815 11.524
490.005 11.656
490.195 11.679
490.385 11.685
490.575 11.737
490.765 11.808
490.955 11.880
491.145 11.911
491.335 11.931
491.525 11.895
491.715 11.837
491.905 11.787
492.095 11.746
492.285 11.734
492.475 11.735
492.665 11.714
492.856 11.688
493.046 11.655
493.236 11.667
493.426 11.730
493.616 11.755
493.806 11.819
493.996 11.830
494.186 11.809
494.376 11.913
494.566 11.949
494.756 11.956
494.946 12.001
495.136 12.052
495.326 12.067
495.516 12.064
495.706 12.120
495.896 12.125
496.086 12.180
496.276 12.248
496.467 12.237
496.657 12.275
496.847 12.289
497.037 12.287
497.227 12.322
497.417 12.348
497.607 12.338
497.797 12.348
497.987 12.400
498.177 12.363
498.367 12.367
498.557 12.401
498.747 12.429
498.937 12.488
499.127 12.518
499.317 12.503
499.507 12.529
499.697 12.575
499.887 12.638
500.077 12.671
500.268 12.726
500.458 12.727
500.648 12.700
500.838 12.702
501.028 12.729
501.218 12.751
501.408 12.782
501.598 12.814
501.788 12.843
501.978 12.858
502.168 12.841
502.358 12.843
502.548 12.856
502.738 12.926
502.928 12.982
503.118 13.010
503.308 13.068
503.498 13.139
503.688 13.204
503.879 13.253
504.069 13.258
504.259 13.326
504.449 13.387
504.639 13.444
504.829 13.481
505.019 13.499
505.209 13.499
505.399 13.496
505.589 13.518
505.779 13.528
505.969 13.525
506.159 13.568
506.349 13.600
506.539 13.619
506.729 13.624
506.919 13.651
507.109 13.701
507.299 13.728
507.490 13.753
507.680 13.730
507.870 13.711
508.060 13.729
508.250 13.741
508.440 13.760
508.630 13.797
508.820 13.849
509.010 13.838
509.200 13.829
509.390 13.889
509.580 13.917
509.770 13.983
509.960 14.041
510.150 14.078
510.340 14.134
510.530 14.170
510.720 14.218
510.910 14.266
511.100 14.351
511.291 14.377
511.481 14.375
511.671 14.416
511.861 14.534
512.051 14.735
512.241 14.809
512.431 14.852
512.621 14.900
512.811 14.934
513.001 14.982
513.191 15.007
513.381 15.083
513.571 15.173
513.761 15.232
513.951 15.178
514.141 15.047
514.331 15.080
514.521 15.077
514.711 15.096
514.902 15.174
515.092 15.241
515.282 15.331
515.472 15.363
515.662 15.334
515.852 15.335
516.042 15.348
516.232 15.413
516.422 15.455
516.612 15.522
516.802 15.574
516.992 15.564
517.182 15.557
517.372 15.565
517.562 15.655
517.752 15.746
517.942 15.778
518.132 15.861
518.322 15.919
518.513 15.957
518.703 15.995
518.893 16.056
519.083 16.168
519.273 16.263
519.463 16.281
519.653 16.299
519.843 16.328
520.033 16.386
520.223 16.435
520.413 16.453
520.603 16.470
520.793 16.536
520.983 16.561
521.173 16.577
521.363 16.604
521.553 16.676
521.743 16.703
521.933 16.768
522.123 16.874
522.314 16.938
522.504 16.969
522.694 17.004
522.884 17.037
523.074 17.079
523.264 17.108
523.454 17.124
523.644 17.168
523.834 17.225
524.024 17.289
524.214 17.337
524.404 17.377
524.594 17.471
524.784 17.603
524.974 17.656
525.164 17.726
525.354 17.779
525.544 17.853
525.734 17.927
525.925 17.976
526.115 18.031
526.305 18.111
526.495 18.202
526.685 18.247
526.875 18.249
527.065 18.273
527.255 18.297
527.445 18.343
527.635 18.375
527.825 18.415
528.015 18.527
528.205 18.566
528.395 18.524
528.585 18.505
528.775 18.534
528.965 18.607
529.155 18.693
529.345 18.773
529.535 18.807
529.726 18.870
529.916 18.931
530.106 18.949
530.296 19.032
530.486 19.117
530.676 19.199
530.866 19.286
531.056 19.342
531.246 19.384
531.436 19.413
531.626 19.499
531.816 19.540
532.006 19.576
532.196 19.629
532.386 19.657
532.576 19.704
532.766 19.757
532.956 19.770
533.146 19.804
533.337 19.869
533.527 19.944
533.717 19.984
533.907 20.069
534.097 20.168
534.287 20.243
534.477 20.274
534.667 20.327
534.857 20.389
535.047 20.462
535.237 20.525
535.427 20.585
535.617 20.679
535.807 20.764
535.997 20.798
536.187 20.809
536.377 20.836
536.567 20.923
536.757 20.995
536.948 21.059
537.138 21.104
537.328 21.187
537.518 21.253
537.708 21.285
537.898 21.357
538.088 21.441
538.278 21.510
538.468 21.564
538.658 21.620
538.848 21.696
539.038 21.742
539.228 21.824
539.418 21.885
539.608 21.964
539.798 22.003
539.988 22.038
540.178 22.092
540.368 22.135
540.558 22.201
540.749 22.254
540.939 22.294
541.129 22.371
541.319 22.443
541.509 22.648
541.699 22.983
541.889 23.040
542.079 23.100
542.269 23.195
542.459 23.329
542.649 23.399
542.839 23.460
543.029 23.527
543.219 23.604
543.409 23.649
543.599 23.544
543.789 23.331
543.979 23.463
544.169 23.561
544.360 23.616
544.550 23.671
544.740 23.702
544.930 23.751
545.120 23.846
545.310 23.876
545.500 23.976
545.690 24.077
545.880 24.136
546.070 24.145
546.267 24.183
546.463 24.254
546.660 24.291
546.857 24.392
547.054 24.490
547.251 24.528
547.447 24.588
547.644 24.615
547.841 24.688
548.038 24.762
548.234 24.875
548.431 24.989
548.628 25.064
548.825 25.158
549.021 25.249
549.218 25.305
549.415 25.365
549.612 25.448
549.808 25.578
550.005 25.644
550.202 25.699
550.399 25.783
550.595 25.845
550.792 25.908
550.989 25.952
551.186 26.001
551.382 26.126
551.579 26.275
551.776 26.413
551.973 26.476
552.169 26.571
552.366 26.672
552.563 26.753
552.760 26.874
552.956 26.967
553.153 27.060
553.350 27.174
553.547 27.266
553.743 27.333
553.940 27.378
554.137 27.471
554.334 27.511
554.530 27.559
554.727 27.598
554.924 27.626
555.121 27.692
555.317 27.716
555.514 27.758
555.711 27.788
555.908 27.824
556.104 27.907
556.301 27.973
556.498 28.051
556.695 28.159
556.891 28.247
557.088 28.331
557.285 28.401
557.482 28.521
557.678 28.623
557.875 28.720
558.072 28.843
558.269 28.929
558.465 28.998
558.662 29.058
558.859 29.081
559.056 29.126
559.252 29.202
559.449 29.319
559.646 29.468
559.843 29.528
560.039 29.576
560.236 29.603
560.433 29.637
560.630 29.694
560.826 29.812
561.023 29.921
561.220 30.050
561.417 30.139
561.613 30.189
561.810 30.220
562.007 30.332
562.204 30.432
562.400 30.531
562.597 30.642
562.794 30.763
562.991 30.878
563.187 30.996
563.384 31.046
563.581 31.120
563.778 31.201
563.974 31.270
564.171 31.327
564.368 31.401
564.565 31.458
564.761 31.533
564.958 31.620
565.155 31.671
565.352 31.668
565.548 31.748
565.745 31.842
565.942 31.899
566.139 31.998
566.335 32.090
566.532 32.170
566.729 32.286
566.926 32.389
567.122 32.465
567.319 32.538
567.516 32.673
567.713 32.763
567.909 32.830
568.106 32.938
568.303 33.025
568.500 33.103
568.696 33.190
568.893 33.245
569.090 33.320
569.287 33.415
569.483 33.505
569.680 33.599
569.877 33.676
570.074 33.721
570.270 33.737
570.467 33.792
570.664 33.862
570.861 33.970
571.057 34.072
571.254 34.133
571.451 34.194
571.648 34.271
571.844 34.357
572.041 34.456
572.238 34.557
572.435 34.675
572.631 34.759
572.828 34.845
573.025 34.842
573.222 34.891
573.418 34.968
573.615 34.984
573.812 35.033
574.009 35.083
574.205 35.111
574.402 35.164
574.599 35.272
574.796 35.341
574.992 35.417
575.189 35.568
575.386 35.637
575.583 35.714
575.779 35.798
575.976 35.851
576.173 35.941
576.370 36.084
576.567 36.193
576.763 36.281
576.960 36.398
577.158 36.475
577.356 36.556
577.554 36.686
577.752 36.778
577.950 36.898
578.148 37.011
578.346 37.039
578.544 37.043
578.742 37.091
578.940 37.116
579.138 37.130
579.336 37.173
579.534 37.201
579.732 37.222
579.930 37.261
580.128 37.318
580.326 37.379
580.524 37.447
580.722 37.535
580.920 37.614
581.118 37.715
581.316 37.794
581.514 37.842
581.712 37.893
581.909 37.993
582.107 38.088
582.305 38.141
582.503 38.226
582.701 38.335
582.899 38.425
583.097 38.487
583.295 38.545
583.493 38.655
583.691 38.775
583.889 38.874
584.087 38.916
584.285 38.974
584.483 39.029
584.681 39.061
584.879 39.105
585.077 39.158
585.275 39.247
585.473 39.317
585.671 39.357
585.869 39.435
586.067 39.518
586.265 39.601
586.463 39.655
586.661 39.711
586.859 39.829
587.057 39.949
587.255 40.041
587.453 40.116
587.651 40.204
587.849 40.268
588.047 40.338
588.245 40.407
588.443 40.494
588.641 40.575
588.839 40.709
589.037 40.768
589.235 40.807
589.433 40.851
589.631 40.919
589.829 40.969
590.027 41.039
590.225 41.078
590.423 41.149
590.621 41.233
590.819 41.294
591.017 41.331
591.215 41.363
591.413 41.417
591.611 41.457
591.809 41.486
592.006 41.530
592.204 41.613
592.402 41.687
592.600 41.729
592.798 41.749
592.996 41.811
593.194 41.865
593.392 41.957
593.590 42.057
593.788 42.172
593.986 42.287
594.184 42.351
594.382 42.355
594.580 42.416
594.778 42.461
594.976 42.514
595.174 42.567
595.372 42.614
595.570 42.688
595.768 42.716
595.966 42.768
596.164 42.813
596.362 42.893
596.560 42.992
596.758 43.047
596.956 43.142
597.154 43.256
597.352 43.330
597.550 43.401
597.748 43.476
597.946 43.560
598.144 43.671
598.342 43.726
598.540 43.750
598.738 43.824
598.936 43.926
599.134 43.982
599.332 43.989
599.530 44.046
599.728 44.125
599.926 44.157
600.124 44.209
600.322 44.268
600.520 44.341
600.718 44.414
600.916 44.458
601.114 44.530
601.312 44.597
601.510 44.610
601.708 44.657
601.905 44.744
602.103 44.855
602.301 44.953
602.499 44.985
602.697 45.049
602.895 45.112
603.093 45.177
603.291 45.208
603.489 45.261
603.687 45.348
603.885 45.420
604.083 45.476
604.281 45.489
604.479 45.485
604.677 45.522
604.875 45.552
605.073 45.590
605.271 45.597
605.469 45.608
605.667 45.650
605.865 45.739
606.063 45.786
606.261 45.811
606.459 45.841
606.657 45.911
606.855 45.956
607.053 45.998
607.251 46.053
607.449 46.148
607.647 46.240
607.845 46.298
608.043 46.375
608.241 46.430
608.439 46.456
608.637 46.537
608.835 46.616
609.033 46.672
609.231 46.696
609.429 46.780
609.627 46.846
609.825 46.897
610.023 46.950
610.221 46.984
610.419 47.048
610.617 47.130
610.815 47.167
611.013 47.189
611.211 47.236
611.409 47.318
611.607 47.391
611.804 47.472
612.002 47.557
612.200 47.630
612.398 47.714
612.596 47.782
612.794 47.827
612.992 47.896
613.190 47.988
613.388 48.063
613.586 48.146
613.784 48.157
613.982 48.162
614.180 48.200
614.378 48.257
614.576 48.298
614.774 48.328
614.972 48.360
615.170 48.390
615.368 48.426
615.566 48.471
615.764 48.511
615.962 48.558
616.160 48.575
616.358 48.537
616.556 48.557
616.754 48.583
616.952 48.649
617.150 48.762
617.348 48.817
617.546 48.826
617.744 48.855
617.942 48.893
618.140 48.972
618.338 49.085
618.536 49.192
618.734 49.224
618.932 49.282
619.130 49.342
619.328 49.334
619.526 49.376
619.724 49.466
619.922 49.526
620.120 49.570
620.318 49.648
620.516 49.732
620.714 49.788
620.912 49.862
621.110 49.927
621.308 49.959
621.506 50.019
621.704 50.095
621.901 50.160
622.099 50.201
622.297 50.235
622.495 50.301
622.693 50.353
622.891 50.358
623.089 50.401
623.287 50.465
623.485 50.511
623.683 50.560
623.881 50.577
624.079 50.601
624.277 50.684
624.475 50.719
624.673 50.687
624.871 50.675
625.069 50.767
625.267 50.821
625.465 50.834
625.663 50.890
625.861 50.971
626.059 51.046
626.257 51.110
626.455 51.120
626.653 51.177
626.851 51.228
627.049 51.278
627.247 51.309
627.445 51.343
627.643 51.363
627.841 51.412
628.039 51.408
628.237 51.432
628.435 51.451
628.633 51.498
628.831 51.548
629.029 51.630
629.227 51.665
629.425 51.713
629.623 51.742
629.821 51.800
630.019 51.790
630.217 51.807
630.415 51.851
630.613 51.912
630.811 51.968
631.009 52.016
631.207 52.016
631.405 52.033
631.603 52.072
631.801 52.151
631.998 52.191
632.196 52.262
632.394 52.341
632.592 52.345
632.790 52.376
632.988 52.430
633.186 52.478
633.384 52.507
633.582 52.536
633.780 52.571
633.978 52.585
634.176 52.613
634.374 52.619
634.572 52.605
634.770 52.621
634.968 52.641
635.166 52.643
635.364 52.639
635.562 52.659
635.760 52.695
635.958 52.712
636.156 52.737
636.354 52.764
636.552 52.801
636.750 52.814
636.948 52.829
637.146 52.818
637.344 52.842
637.542 52.823
637.740 52.797
637.938 52.763
638.136 52.903
638.334 53.208
638.532 53.164
638.730 53.137
638.928 53.145
639.126 53.139
639.324 53.144
639.522 53.133
639.720 53.222
639.918 53.284
640.116 53.325
640.314 53.202
640.512 52.878
640.710 52.922
640.908 52.968
641.106 52.992
641.304 52.974
641.502 52.941
641.699 52.919
641.897 52.893
642.095 52.885
642.293 52.863
642.491 52.831
642.689 52.854
642.887 52.847
643.085 52.811
643.283 52.831
643.481 52.906
643.679 52.925
643.877 52.933
644.075 52.892
644.273 52.887
644.471 52.929
644.669 52.929
644.867 52.889
645.065 52.893
645.263 52.901
645.461 52.889
645.659 52.880
645.857 52.918
646.055 52.909
646.253 52.887
646.451 52.865
646.649 52.772
646.847 52.702
647.045 52.669
647.243 52.649
647.441 52.660
647.639 52.653
647.837 52.626
648.035 52.577
648.233 52.542
648.431 52.570
648.629 52.567
648.827 52.633
649.025 52.698
649.223 52.659
649.421 52.637
649.619 52.630
649.817 52.596
650.015 52.540
650.213 52.437
650.411 52.381
650.609 52.310
650.807 52.241
651.005 52.169
651.203 52.111
651.401 52.136
651.599 52.068
651.796 51.982
651.994 51.970
652.192 51.954
652.390 51.969
652.588 51.931
652.786 51.893
652.984 51.876
653.182 51.837
653.380 51.800
653.578 51.746
653.776 51.740
653.974 51.730
654.172 51.621
654.370 51.568
654.568 51.523
654.766 51.500
654.964 51.471
655.162 51.428
655.360 51.355
655.558 51.259
655.756 51.209
655.954 51.129
656.152 51.036
656.350 51.022
656.548 50.963
656.746 50.920
656.944 50.841
657.142 50.749
657.340 50.738
657.538 50.757
657.736 50.750
657.934 50.697
658.132 50.686
658.330 50.649
658.528 50.548
658.726 50.496
658.924 50.465
659.122 50.481
659.320 50.512
659.518 50.439
659.716 50.372
659.914 50.373
660.112 50.353
660.310 50.278
660.508 50.235
660.706 50.256
660.904 50.254
661.102 50.183
661.300 50.083
661.498 49.990
661.696 49.928
661.893 49.873
662.091 49.739
662.289 49.669
662.487 49.647
662.685 49.585
662.883 49.463
663.081 49.375
663.279 49.344
663.477 49.333
663.675 49.302
663.873 49.230
664.071 49.169
664.269 49.130
664.467 49.011
664.665 48.915
664.863 48.896
665.061 48.893
665.259 48.796
665.457 48.755
665.655 48.692
665.853 48.569
666.051 48.502
666.249 48.460
666.447 48.411
666.645 48.418
666.843 48.376
667.041 48.291
667.239 48.259
667.437 48.259
667.635 48.156
667.833 48.067
668.031 48.008
668.229 47.969
668.427 47.930
668.625 47.928
668.823 47.832
669.021 47.736
669.219 47.657
669.417 47.539
669.615 47.444
669.813 47.403
670.011 47.385
670.209 47.366
670.407 47.279
670.605 47.111
670.803 46.990
671.001 46.974
671.199 46.989
671.397 46.915
671.595 46.892
671.792 46.899
671.990 46.800
672.188 46.675
672.386 46.624
672.584 46.625
672.782 46.630
672.980 46.603
673.178 46.570
673.376 46.484
673.574 46.407
673.772 46.313
673.970 46.215
674.168 46.204
674.366 46.195
674.564 46.180
674.762 46.108
674.960 46.035
675.158 45.957
675.356 45.884
675.554 45.844
675.752 45.811
675.950 45.779
676.148 45.784
676.346 45.731
676.544 45.629
676.742 45.503
676.940 45.451
677.138 45.418
677.336 45.343
677.534 45.241
677.732 45.157
677.930 45.143
678.128 45.083
678.326 45.005
678.524 44.975
678.722 44.943
678.920 44.911
679.118 44.880
679.316 44.844
679.514 44.818
679.712 44.752
679.910 44.673
680.108 44.611
680.306 44.555
680.504 44.443
680.702 44.342
680.900 44.332
681.098 44.236
681.296 44.116
681.494 44.061
681.691 44.037
681.889 44.068
682.087 44.066
682.285 43.992
682.483 43.947
682.681 43.983
682.879 43.988
683.077 43.936
683.275 43.921
683.473 43.901
683.671 43.814
683.869 43.701
684.067 43.581
684.265 43.509
684.463 43.532
684.661 43.457
684.859 43.320
685.057 43.223
685.255 43.164
685.453 43.154
685.651 43.114
685.849 43.081
686.047 43.077
686.245 43.073
686.443 43.027
686.641 42.928
686.839 42.919
687.037 42.919
687.235 42.864
687.433 42.804
687.631 42.747
687.829 42.732
688.027 42.741
688.225 42.749
688.423 42.710
688.621 42.673
688.819 42.645
689.017 42.641
689.215 42.617
689.413 42.610
689.611 42.599
689.809 42.549
690.007 42.485
690.205 42.441
690.403 42.390
690.601 42.350
690.799 42.323
690.997 42.301
691.195 42.236
691.393 42.170
691.591 42.148
691.788 42.130
691.986 42.135
692.184 42.104
692.382 42.060
692.580 42.030
692.778 42.002
692.976 41.984
693.174 41.910
693.372 41.867
693.570 41.852
693.768 41.867
693.966 41.863
694.164 41.829
694.362 41.808
694.560 41.759
694.758 41.718
694.956 41.702
695.154 41.679
695.352 41.707
695.550 41.711
695.748 41.634
695.946 41.506
696.144 41.422
696.342 41.371
696.540 41.330
696.744 41.337
696.948 41.347
697.152 41.323
697.357 41.284
697.561 41.228
697.765 41.195
697.969 41.267
698.173 41.305
698.377 41.303
698.581 41.295
698.786 41.317
698.990 41.340
699.194 41.280
699.398 41.264
699.602 41.233
699.806 41.238
700.010 41.184
700.215 41.090
700.419 41.060
700.623 41.023
700.827 40.959
701.031 40.890
701.235 40.826
701.440 40.794
701.644 40.725
701.848 40.754
702.052 40.695
702.256 40.634
702.460 40.585
702.664 40.571
702.869 40.584
703.073 40.614
703.277 40.646
703.481 40.618
703.685 40.635
703.889 40.677
704.093 40.631
704.298 40.633
704.502 40.663
704.706 40.672
704.910 40.627
705.114 40.572
705.318 40.561
705.522 40.474
705.727 40.435
705.931 40.330
706.135 40.220
706.339 40.145
706.543 40.163
706.747 40.191
706.951 40.207
707.156 40.202
707.360 40.195
707.564 40.155
707.768 40.103
707.972 40.074
708.176 40.095
708.380 40.111
708.585 40.105
708.789 40.003
708.993 39.949
709.197 39.934
709.401 39.934
709.605 39.948
709.810 39.929
710.014 39.930
710.218 39.925
710.422 39.889
710.626 39.901
710.830 39.966
711.034 40.020
711.239 40.019
711.443 40.013
711.647 40.014
711.851 39.939
712.055 39.870
712.259 39.913
712.463 39.902
712.668 39.897
712.872 39.859
713.076 39.828
713.280 39.873
713.484 39.855
713.688 39.799
713.892 39.753
714.097 39.742
714.301 39.794
714.505 39.796
714.709 39.806
714.913 39.849
715.117 39.896
715.321 39.883
715.526 39.839
715.730 39.865
715.934 39.878
716.138 39.906
716.342 39.940
716.546 39.901
716.750 39.907
716.955 39.927
717.159 39.921
717.363 39.897
717.567 39.875
717.771 39.849
717.975 39.775
718.180 39.777
718.384 39.703
718.588 39.701
718.792 39.751
718.996 39.775
719.200 39.752
719.404 39.742
719.609 39.752
719.813 39.758
720.017 39.777
720.221 39.817
720.425 39.810
720.629 39.875
720.833 39.891
721.038 39.855
721.242 39.796
721.446 39.773
721.650 39.732
721.854 39.710
722.058 39.712
722.262 39.672
722.467 39.643
722.671 39.617
722.875 39.600
723.079 39.657
723.283 39.677
723.487 39.701
723.691 39.740
723.896 39.788
724.100 39.787
724.304 39.786
724.508 39.799
724.712 39.790
724.916 39.836
725.120 39.882
725.325 39.893
725.529 39.927
725.733 39.958
725.937 39.961
726.141 39.906
726.345 39.875
726.550 39.826
726.754 39.799
726.958 39.882
727.162 39.891
727.366 39.836
727.570 39.758
727.774 39.786
727.979 39.802
728.183 39.758
728.387 39.800
728.591 39.844
728.795 39.913
728.999 39.963
729.203 39.928
729.408 39.942
729.612 40.032
729.816 40.034
730.020 39.985
730.224 39.965
730.428 40.002
730.632 40.013
730.837 40.030
731.041 40.031
731.245 40.076
731.449 40.094
731.653 40.085
731.857 40.003
732.061 40.004
732.266 40.009
732.470 39.959
732.674 39.984
732.878 40.025
733.082 40.039
733.286 40.070
733.490 40.026
733.695 39.976
733.899 39.930
734.103 39.966
734.307 40.041
734.511 40.065
734.715 40.116
734.920 40.125
735.124 40.107
735.328 40.111
735.532 40.100
735.736 40.158
735.940 40.296
736.144 40.418
736.349 40.465
736.553 40.432
736.757 40.397
736.961 40.391
737.165 40.383
737.369 40.371
737.573 40.378
737.778 40.437
737.982 40.384
738.186 40.251
738.390 40.202
738.594 40.162
738.798 40.182
739.002 40.222
739.207 40.212
739.411 40.209
739.615 40.194
739.819 40.174
740.023 40.096
740.227 40.133
740.431 40.226
740.636 40.202
740.840 40.246
741.044 40.256
741.248 40.262
741.452 40.283
741.656 40.298
741.860 40.295
742.065 40.338
742.269 40.412
742.473 40.451
742.677 40.478
742.881 40.505
743.085 40.450
743.290 40.436
743.494 40.503
743.698 40.530
743.902 40.552
744.106 40.675
744.310 40.661
744.514 40.629
744.719 40.613
744.923 40.651
745.127 40.768
745.331 40.930
745.535 40.958
745.739 40.885
745.943 40.866
746.148 40.829
746.352 40.786
746.556 40.870
746.760 40.894
746.964 40.952
747.168 40.983
747.372 40.983
747.577 40.875
747.781 40.848
747.985 40.926
748.189 40.998
748.393 41.030
748.597 41.092
748.801 41.150
749.006 41.197
749.210 41.139
749.414 41.051
749.618 40.961
749.822 41.007
750.026 41.108
750.230 41.110
750.435 41.124
750.639 41.264
750.843 41.262
751.047 41.209
751.251 41.195
751.455 41.155
751.660 41.141
751.864 41.189
752.068 41.194
752.272 41.165
752.476 41.137
752.680 41.120
752.884 41.073
753.089 41.071
753.293 41.056
753.497 41.113
753.701 41.271
753.905 41.401
754.109 41.418
754.313 41.410
754.518 41.484
754.722 41.599
754.926 41.721
755.130 41.800
755.334 41.856
755.538 41.906
755.742 41.904
755.947 41.957
756.151 42.061
756.355 42.198
756.559 42.277
756.763 42.268
756.967 42.326
757.171 42.303
757.376 42.231
757.580 42.204
757.784 42.233
757.988 42.240
758.192 42.223
758.396 42.230
758.600 42.221
758.805 42.295
759.009 42.453
759.213 42.565
759.417 42.720
759.621 42.788
759.825 42.897
760.030 43.044
760.234 43.222
760.438 43.261
760.642 43.271
760.846 43.366
761.050 43.363
761.254 43.283
761.459 43.307
761.663 43.283
761.867 43.376
762.071 43.382
762.275 43.332
762.479 43.316
762.683 43.480
762.888 43.537
763.092 43.460
763.296 43.535
763.500 43.631
763.709 43.614
763.918 43.622
764.126 43.680
764.335 43.838
764.544 44.000
764.753 44.119
764.962 44.061
765.171 44.062
765.379 44.232
765.588 44.320
765.797 44.349
766.006 44.392
766.215 44.446
766.424 44.502
766.632 44.558
766.841 44.615
767.050 44.591
767.259 44.665
767.468 44.847
767.677 44.873
767.885 44.909
768.094 45.038
768.303 45.192
768.512 45.354
768.721 45.360
768.929 45.360
769.138 45.393
769.347 45.459
769.556 45.577
769.765 45.650
769.974 45.764
770.182 45.883
770.391 45.899
770.600 45.891
770.809 45.910
771.018 45.991
771.227 46.020
771.435 46.117
771.644 46.318
771.853 46.371
772.062 46.351
772.271 46.367
772.480 46.376
772.688 46.478
772.897 46.608
773.106 46.783
773.315 46.899
773.524 47.034
773.732 47.044
773.941 47.066
774.150 47.138
774.359 47.181
774.568 47.243
774.777 47.349
774.985 47.426
775.194 47.462
775.403 47.402
775.612 47.475
775.821 47.502
776.030 47.542
776.238 47.610
776.447 47.646
776.656 47.763
776.865 47.899
777.074 47.994
777.283 48.154
777.491 48.291
777.700 48.458
777.909 48.553
778.118 48.712
778.327 48.832
778.535 48.896
778.744 49.087
778.953 49.151
779.162 49.101
779.371 49.147
779.580 49.167
779.788 49.248
779.997 49.325
780.206 49.412
780.415 49.395
780.624 49.432
780.833 49.465
781.041 49.500
781.250 49.660
781.459 49.861
781.668 49.963
781.877 49.940
782.086 49.888
782.294 49.952
782.503 50.025
782.712 50.192
782.921 50.355
783.130 50.504
783.338 50.600
783.547 50.614
783.756 50.701
783.965 50.825
784.174 50.996
784.383 51.143
784.591 51.146
784.800 51.248
785.009 51.307
785.218 51.373
785.427 51.437
785.636 51.384
785.844 51.335
786.053 51.317
786.262 51.373
786.471 51.468
786.680 51.508
786.889 51.581
787.097 51.630
787.306 51.672
787.515 51.790
787.724 51.837
787.933 51.941
788.141 52.063
788.350 52.202
788.559 52.254
788.768 52.321
788.977 52.453
789.186 52.543
789.394 52.454
789.603 52.465
789.812 52.480
790.021 52.530
790.230 52.679
790.439 52.881
790.647 52.953
790.856 52.951
791.065 52.996
791.274 53.049
791.483 53.146
791.692 53.392
791.900 53.553
792.109 53.640
792.318 53.722
792.527 53.744
792.736 53.737
792.944 53.838
793.153 54.010
793.362 54.078
793.571 54.087
793.780 54.180
793.989 54.233
794.197 54.310
794.406 54.373
794.615 54.425
794.824 54.583
795.033 54.793
795.242 54.942
795.450 55.020
795.659 55.104
795.868 55.205
796.077 55.279
796.286 55.380
796.495 55.492
796.703 55.680
796.912 55.823
797.121 55.930
797.330 56.021
797.539 55.989
797.747 55.982
797.956 56.068
798.165 56.249
798.374 56.329
798.583 56.316
798.792 56.347
799.000 56.389
799.209 56.544
799.418 56.632
799.627 56.652
799.836 56.754
800.045 57.024
800.253 57.057
800.462 57.006
800.671 57.040
800.880 57.169
801.089 57.251
801.298 57.287
801.506 57.237
801.715 57.222
801.924 57.252
802.133 57.269
802.342 57.260
802.550 57.387
802.759 57.685
802.968 57.882
803.177 57.941
803.386 58.136
803.595 58.196
803.803 58.299
804.012 58.349
804.221 58.426
804.430 58.543
804.639 58.577
804.848 58.720
805.056 58.807
805.265 58.834
805.474 58.913
805.683 58.871
805.892 59.093
806.101 59.275
806.309 59.297
806.518 59.376
806.727 59.542
806.936 59.687
807.145 59.742
807.353 59.707
807.562 59.703
807.771 59.942
807.980 60.217
808.189 60.161
808.398 60.105
808.606 60.217
808.815 60.351
809.024 60.317
809.233 60.290
809.442 60.345
809.651 60.292
809.859 60.413
810.068 60.454
810.277 60.297
810.486 60.324
810.695 60.437
810.904 60.508
811.112 60.523
811.321 60.563
811.530 60.666
811.740 60.687
811.949 60.834
812.159 60.875
812.368 60.869
812.578 60.953
812.787 61.175
812.997 61.583
813.206 61.747
813.416 61.884
813.625 61.999
813.835 62.000
814.044 62.177
814.254 62.345
814.463 62.489
814.673 62.532
814.882 62.680
815.092 62.648
815.301 62.369
815.511 62.352
815.720 62.334
815.930 62.435
816.139 62.589
816.349 62.408
816.558 62.241
816.768 62.377
816.977 62.554
817.187 62.555
817.396 62.525
817.606 62.590
817.815 62.785
818.025 62.778
818.234 62.709
818.444 62.805
818.653 63.024
818.863 63.197
819.072 63.154
819.282 63.224
819.491 63.339
819.701 63.429
819.910 63.529
820.120 63.553
820.329 63.840
820.539 63.989
820.748 63.973
820.958 64.044
821.167 64.118
821.377 64.119
821.586 63.944
821.796 63.843
822.005 64.079
822.215 64.237
822.424 64.261
822.634 64.219
822.843 64.442
823.053 64.502
823.262 64.547
823.472 64.723
823.681 64.762
823.891 64.884
824.100 65.226
824.310 65.291
824.519 65.124
824.729 65.056
824.938 64.928
825.148 64.815
825.357 64.952
825.567 65.042
825.776 65.096
825.986 65.235
826.195 65.297
826.405 65.138
826.614 64.996
826.824 65.142
827.033 65.293
827.243 65.454
827.452 65.551
827.662 65.613
827.871 65.629
828.081 65.577
828.290 65.568
828.500 65.550
828.709 65.630
828.919 65.684
829.128 65.612
829.338 65.559
829.547 65.630
829.757 65.612
829.966 65.428
830.176 65.314
830.385 65.298
830.595 65.471
830.804 65.647
831.014 65.624
831.223 65.684
831.433 65.822
831.642 65.839
831.852 65.664
832.061 65.536
832.271 65.655
832.480 65.911
832.690 65.837
832.899 65.754
833.109 66.013
833.318 66.240
833.528 66.347
833.737 66.301
833.947 66.411
834.156 66.677
834.366 67.000
834.575 67.096
834.785 67.024
834.994 67.202
835.204 67.128
835.413 66.866
835.623 66.772
835.832 66.708
836.042 66.903
836.251 67.186
836.461 67.085
836.670 66.928
836.880 67.057
837.089 67.332
837.299 67.342
837.508 67.440
837.718 67.479
837.927 67.479
838.137 67.596
838.346 67.462
838.556 67.379
838.765 67.523
838.975 67.540
839.184 67.439
839.394 67.196
839.603 67.048
839.813 67.165
840.022 67.202
840.232 67.177
840.441 67.206
840.651 67.463
840.860 67.344
841.070 67.427
841.279 67.719
841.489 67.817
841.698 67.816
841.908 67.799
842.117 67.586
842.327 67.518
842.536 67.639
842.746 67.472
842.955 67.345
843.165 67.500
843.374 67.589
843.584 67.536
843.793 67.532
844.003 67.741
844.212 68.119
844.422 68.272
844.631 68.341
844.841 68.385
845.050 68.565
845.260 68.664
845.469 68.609
845.679 68.448
845.888 68.477
846.098 68.562
846.307 68.464
846.517 68.270
846.726 68.229
846.936 68.418
847.145 68.458
847.355 68.291
847.564 68.128
847.774 68.640
847.983 69.574
848.193 69.541
848.402 69.504
848.612 69.506
848.821 69.538
849.031 69.603
849.240 69.382
849.450 69.201
849.659 69.180
849.869 69.206
850.078 68.649
850.288 67.874
850.497 67.860
850.707 67.814
850.916 67.774
851.126 67.788
851.335 67.907
851.545 67.935
851.754 68.069
851.964 68.248
852.173 68.294
852.383 68.248
852.592 68.192
852.802 68.262
853.011 68.257
853.221 68.311
853.430 68.350
853.640 68.429
853.849 68.715
854.059 68.722
854.268 68.711
854.478 68.865
854.687 69.052
854.897 69.209
855.106 69.450
855.316 69.506
855.525 69.516
855.735 69.618
855.944 69.524
856.154 69.515
856.363 69.665
856.573 69.796
856.782 69.587
856.992 69.306
857.201 69.115
857.411 68.801
857.620 68.930
857.830 68.980
858.039 68.759
858.249 68.730
858.458 68.731
858.668 68.819
858.877 68.735
859.087 68.955
859.296 69.328
859.506 69.454
859.715 69.571
859.925 69.521
860.134 69.543
860.344 69.622
860.553 69.538
860.763 69.368
860.972 69.170
861.182 69.289
861.391 69.274
861.601 69.075
861.810 69.107
862.020 69.018
862.229 68.803
862.439 68.830
862.648 69.074
862.858 69.146
863.067 69.112
863.277 69.190
863.486 69.422
863.696 69.396
863.905 69.269
864.115 69.160
864.324 69.257
864.534 69.447
864.743 69.373
864.953 69.379
865.162 69.547
865.372 69.677
865.581 69.541
865.791 69.471
866.000 69.549
866.210 69.802
866.419 69.904
866.629 69.834
866.838 69.745
867.048 69.808
867.257 69.856
867.467 69.953
867.676 70.164
867.886 70.240
868.095 69.984
868.305 69.852
868.514 69.811
868.724 69.715
868.933 69.744
869.143 69.628
869.352 69.401
869.562 69.280
869.771 69.125
869.981 68.781
870.190 68.763
870.400 68.857
870.609 68.981
870.819 69.113
871.028 69.398
871.238 69.645
871.447 69.903
871.657 70.054
871.866 69.856
872.076 70.003
872.285 70.183
872.495 70.146
872.704 69.998
872.914 69.981
873.123 69.902
873.333 69.678
873.542 69.375
873.752 69.292
873.961 69.513
874.171 69.470
874.380 69.013
874.590 68.845
874.799 68.999
875.009 69.075
875.218 69.192
875.428 68.888
875.637 68.674
875.847 69.083
876.056 69.291
876.266 69.113
876.475 69.334
876.685 69.848
876.894 70.295
877.104 70.203
877.313 70.004
877.523 69.932
877.732 70.229
877.942 70.566
878.151 70.268
878.361 69.945
878.570 70.103
878.780 70.327
878.989 70.394
879.199 70.512
879.408 70.616
879.618 70.649
879.827 70.750
880.037 71.021
880.246 71.012
880.456 70.917
880.665 71.025
880.875 71.060
881.084 71.338
881.294 71.232
881.503 70.542
881.713 70.405
881.922 70.689
882.132 70.516
882.341 70.183
882.551 70.194
882.760 70.452
882.970 70.445
883.179 70.338
883.389 69.767
883.598 69.387
883.808 69.650
884.017 69.934
884.227 69.752
884.436 69.629
884.646 69.663
884.855 69.517
885.065 69.268
885.274 69.429
885.484 69.793
885.693 70.228
885.903 70.277
886.112 70.132
886.322 69.961
886.531 70.164
886.741 70.401
886.950 70.424
887.160 70.389
887.369 70.090
887.579 69.899
887.788 69.549
887.998 69.535
888.207 69.925
888.417 70.062
888.626 70.003
888.836 69.810
889.045 69.432
889.255 69.387
889.464 69.777
889.674 70.330
889.883 70.349
890.093 70.285
890.302 69.908
890.512 69.788
890.721 70.134
890.931 70.182
891.140 70.170
891.350 70.384
891.559 70.535
891.769 70.362
891.978 70.137
892.188 70.449
892.397 70.541
892.607 70.685
892.816 70.929
893.026 70.431
893.235 70.181
893.445 70.492
893.654 70.929
893.864 71.262
894.073 71.191
894.283 71.186
894.492 70.908
894.702 70.885
894.911 70.944
895.121 70.630
895.330 70.618
895.540 70.954
895.749 71.083
895.959 70.826
896.168 70.558
896.378 70.731
896.587 71.245
896.797 71.636
897.006 71.770
897.216 71.963
897.425 71.781
897.635 71.797
897.844 71.807
898.054 71.758
898.263 71.802
898.473 71.459
898.682 70.929
898.892 70.707
899.101 70.701
899.311 70.489
899.520 70.072
899.730 70.239
899.939 70.518
900.149 70.553
900.358 70.353
900.568 70.375
900.777 70.890
900.987 71.284
901.196 71.010
901.406 70.603
901.615 70.713
901.825 71.075
902.034 71.183
902.244 71.266
902.453 71.387
902.663 71.433
902.872 71.182
903.082 70.849
903.291 70.846
903.501 70.837
903.710 70.808
903.920 71.027
904.129 70.803
904.339 70.753
904.548 70.530
904.758 70.169
904.967 70.111
905.177 70.211
905.386 70.472
905.596 70.593
905.805 70.849
906.015 71.176
906.224 70.948
906.434 71.020
906.643 70.849
906.853 70.581
907.062 70.785
907.272 70.791
907.481 70.952
907.691 71.291
907.900 71.150
908.110 71.026
908.319 70.861
908.529 70.739
908.738 70.641
908.948 70.876
909.157 70.883
909.367 70.556
909.576 70.818
909.786 70.765
909.995 70.032
910.205 69.793
910.414 69.469
910.624 69.441
910.833 69.661
911.043 69.659
911.252 69.642
911.462 70.129
911.672 70.362
911.881 69.900
912.091 69.379
912.300 69.655
912.512 69.738
912.724 70.071
912.937 70.497
913.149 70.911
913.361 71.087
913.573 70.736
913.786 70.546
913.998 70.872
914.210 71.045
914.422 71.641
914.634 71.605
914.847 71.790
915.059 71.760
915.271 71.598
915.483 71.030
915.696 70.950
915.908 71.620
916.120 71.833
916.332 71.584
916.544 71.784
916.757 71.850
916.969 71.969
917.181 72.083
917.393 72.084
917.606 71.933
917.818 72.030
918.030 71.891
918.242 71.589
918.454 71.310
918.667 71.570
918.879 71.757
919.091 71.803
919.303 71.557
919.516 71.291
919.728 71.560
919.940 72.001
920.152 72.018
920.364 71.978
920.577 71.629
920.789 71.373
921.001 71.204
921.213 71.443
921.426 71.706
921.638 72.056
921.850 71.983
922.062 71.504
922.274 70.983
922.487 71.239
922.699 71.389
922.911 71.760
923.123 72.270
923.336 72.315
923.548 71.860
923.760 71.515
923.972 71.391
924.184 71.216
924.397 71.016
924.609 71.302
924.821 71.341
925.033 71.344
925.246 71.262
925.458 71.127
925.670 71.195
925.882 71.340
926.094 71.134
926.307 70.862
926.519 71.185
926.731 71.840
926.943 71.853
927.156 71.711
927.368 71.786
927.580 71.914
927.792 72.127
928.004 72.238
928.217 72.170
928.429 72.546
928.641 72.932
928.853 72.964
929.066 72.719
929.278 72.727
929.490 72.400
929.702 72.414
929.914 72.433
930.127 72.356
930.339 72.188
930.551 72.253
930.763 72.212
930.976 72.223
931.188 72.284
931.400 72.268
931.612 72.332
931.824 72.759
932.037 72.876
932.249 73.227
932.461 73.625
932.673 73.622
932.886 73.641
933.098 73.873
933.310 74.626
933.522 74.837
933.734 75.297
933.947 75.050
934.159 74.641
934.371 74.677
934.583 74.081
934.796 73.374
935.008 73.446
935.220 74.043
935.432 73.658
935.644 72.901
935.857 73.308
936.069 72.963
936.281 72.886
936.493 72.512
936.706 72.782
936.918 73.587
937.130 73.482
937.342 73.119
937.554 72.364
937.767 72.795
937.979 72.823
938.191 72.357
938.403 72.425
938.616 72.216
938.828 73.386
939.040 73.967
939.252 73.992
939.464 74.266
939.677 74.637
939.889 74.301
940.101 73.941
940.313 74.771
940.526 74.819
940.738 74.675
940.950 74.829
941.162 73.888
941.374 73.138
941.587 73.594
941.799 73.983
942.011 74.260
942.223 74.861
942.436 74.852
942.648 73.892
942.860 73.763
943.072 73.509
943.284 73.588
943.497 73.533
943.709 73.172
943.921 72.115
944.133 71.922
944.346 71.337
944.558 71.191
944.770 71.373
944.982 71.643
945.194 72.346
945.407 72.981
945.619 72.904
945.831 73.394
946.043 74.009
946.256 74.535
946.468 74.716
946.680 74.592
946.892 74.036
947.104 73.750
947.317 73.199
947.529 72.182
947.741 72.833
947.953 73.706
948.166 73.128
948.378 72.793
948.590 73.389
948.802 73.245
949.014 73.961
949.227 74.208
949.439 74.319
949.651 75.444
949.863 76.950
950.076 76.561
950.288 76.303
950.500 77.277
950.712 76.808
950.924 75.826
951.137 76.881
951.349 77.765
951.561 77.860
951.773 78.598
951.986 79.101
952.198 77.328
952.410 75.856
952.622 74.684
952.834 74.610
953.047 76.097
953.259 75.950
953.471 74.046
953.683 72.054
953.896 73.509
954.108 74.187
954.320 72.384
954.532 72.397
954.744 73.548
954.957 74.974
955.169 74.839
955.381 74.113
955.593 73.695
955.806 73.664
956.018 74.497
956.230 73.988
956.442 72.651
956.654 73.208
956.867 73.372
957.079 72.804
957.291 72.458
957.503 73.377
957.716 73.343
957.928 74.030
958.140 74.770
958.352 75.126
958.564 74.464
958.777 73.741
958.989 73.049
959.201 74.081
959.413 75.098
959.626 74.149
959.838 71.898
960.050 70.984
960.262 70.467
960.474 71.181
960.687 72.617
960.899 73.198
961.111 73.240
961.323 74.234
961.536 73.770
961.748 73.464
961.960 74.750
962.172 75.404
962.384 74.805
962.597 75.304
962.809 76.466
963.021 74.901
963.233 73.210
963.446 73.386
963.658 72.977
963.870 73.870
964.082 74.509
964.294 74.667
964.507 74.869
964.719 76.029
964.931 76.282
965.143 74.625
965.356 74.549
965.568 75.821
965.780 76.535
966.000 75.857
966.221 74.497
966.441 74.778
966.662 75.579
966.882 76.772
967.103 76.340
967.323 75.537
967.543 76.146
967.764 75.849
967.984 74.903
968.205 74.276
968.425 75.830
968.645 76.236
968.866 74.349
969.086 73.090
969.307 72.432
969.527 73.386
969.748 73.577
969.968 72.755
970.188 72.564
970.409 72.631
970.629 72.935
970.850 73.591
971.070 73.533
971.290 74.026
971.511 73.579
971.731 74.552
971.952 75.432
972.172 74.829
972.393 74.627
972.613 75.570
972.833 76.772
973.054 77.479
973.274 76.196
973.495 75.547
973.715 75.901
973.936 77.069
974.156 75.570
974.376 74.220
974.597 75.792
974.817 76.233
975.038 76.072
975.258 75.734
975.478 75.747
975.699 75.698
975.919 76.824
976.140 77.513
976.360 76.832
976.581 77.717
976.801 78.321
977.021 77.768
977.242 76.574
977.462 75.853
977.683 77.020
977.903 76.340
978.123 76.960
978.344 76.440
978.564 75.635
978.785 75.273
979.005 75.452
979.226 75.922
979.446 76.466
979.666 77.592
979.887 77.209
980.107 77.050
980.328 79.576
980.548 79.920
980.769 79.755
980.989 78.094
981.209 78.693
981.430 79.476
981.650 78.795
981.871 78.357
982.091 77.445
982.311 78.687
982.532 76.770
982.752 73.813
982.973 73.262
983.193 73.620
983.414 75.716
983.634 75.999
983.854 74.529
984.075 74.955
984.295 75.340
984.516 76.425
984.736 76.626
984.956 77.038
985.177 77.231
985.397 76.245
985.618 77.082
985.838 77.182
986.059 75.525
986.279 74.433
986.499 72.922
986.720 72.623
986.940 73.868
987.161 72.295
987.381 71.854
987.602 73.804
987.822 76.841
988.042 75.942
988.263 75.448
988.483 76.303
988.704 76.219
988.924 75.303
989.144 75.321
989.365 75.381
989.585 78.242
989.806 78.733
990.026 76.864
990.247 75.005
990.467 74.625
990.687 74.787
990.908 75.750
991.128 77.386
991.349 79.613
991.569 79.966
991.789 78.758
992.010 77.190
992.230 76.971
992.451 76.014
992.671 74.988
992.892 77.708
993.112 79.682
993.332 78.448
993.553 76.966
993.773 77.629
993.994 76.749
994.214 76.739
994.435 75.851
994.655 76.846
994.875 78.026
995.096 80.305
995.316 80.181
995.537 76.933
995.757 74.679
995.977 75.839
996.198 73.449
996.418 72.325
996.639 72.481
996.859 73.418
997.080 73.546
997.300 74.873
997.520 72.743
997.741 68.199
997.961 69.159
998.182 70.922
998.402 69.377
998.622 73.877
998.843 79.834
999.063 79.540
999.284 78.103
999.504 75.654
999.725 74.363
999.945 75.132
1000.165 79.771
1000.386 81.498
1000.606 84.116
1000.827 86.224
1001.047 82.256
1001.268 75.469
1001.488 76.252
1001.708 82.529
1001.929 86.454
1002.149 86.626
1002.370 84.249
1002.590 82.197
1002.810 83.853
1003.031 81.169
1003.251 79.371
1003.472 81.794
1003.692 85.383
1003.913 84.963
1004.133 78.197
1004.353 77.238
1004.574 78.914
1004.794 83.076
1005.015 86.537
1005.235 81.485
1005.455 81.280
1005.676 83.893
1005.896 82.159
1006.117 78.947
1006.337 76.966
1006.558 81.523
1006.778 81.190
1006.998 77.534
1007.219 74.970
1007.439 71.556
1007.660 75.023
1007.880 79.089
1008.101 78.206
1008.321 75.597
1008.541 76.339
1008.762 81.557
1008.982 82.501
1009.203 83.254
1009.423 84.764
1009.643 84.012
1009.864 85.083
1010.084 80.742
1010.305 78.032
1010.525 80.303
1010.746 81.908
1010.966 78.532
1011.186 73.533
1011.407 69.993
1011.627 68.531
1011.848 67.542
1012.068 68.004
1012.288 65.695
1012.509 68.346
1012.729 67.057
1012.950 60.624
