290.982 86.725
291.167 88.180
291.352 89.196
291.537 88.952
291.722 88.735
291.907 92.420
292.091 92.218
292.276 90.340
292.461 88.576
292.646 86.399
292.831 87.212
293.016 84.865
293.201 80.995
293.386 79.376
293.571 81.236
293.756 82.003
293.940 81.233
294.125 78.922
294.310 79.263
294.495 80.943
294.680 81.219
294.865 79.997
295.050 81.043
295.235 82.568
295.420 81.976
295.605 79.016
295.789 79.403
295.974 81.148
296.159 80.719
296.344 80.397
296.529 79.604
296.714 80.462
296.899 80.906
297.084 81.931
297.269 82.439
297.454 83.382
297.638 84.324
297.823 83.241
298.008 81.972
298.193 82.863
298.378 83.306
298.563 82.385
298.748 83.500
298.933 83.179
299.118 81.481
299.303 81.622
299.487 80.942
299.672 79.441
299.857 77.924
300.042 79.114
300.227 78.793
300.412 77.624
300.597 77.873
300.782 75.610
300.967 76.279
301.152 76.873
301.336 76.253
301.521 76.885
301.706 79.444
301.891 81.019
302.076 80.864
302.261 80.665
302.446 81.822
302.631 81.585
302.816 83.731
303.001 83.877
303.185 81.720
303.370 80.899
303.555 80.387
303.740 78.705
303.925 76.723
304.110 75.711
304.295 76.644
304.480 76.525
304.665 76.304
304.850 74.939
305.034 73.011
305.219 73.742
305.404 73.334
305.589 72.878
305.774 72.730
305.959 73.885
306.144 74.205
306.329 71.986
306.514 70.303
306.699 69.628
306.883 68.266
307.068 68.510
307.253 69.180
307.438 71.475
307.623 72.644
307.808 71.430
307.993 69.753
308.178 68.808
308.363 69.520
308.548 71.439
308.732 73.908
308.917 74.663
309.102 74.415
309.287 73.902
309.472 73.397
309.657 73.064
309.842 72.234
310.027 71.451
310.212 70.672
310.397 70.046
310.581 68.455
310.766 66.687
310.951 66.228
311.136 65.738
311.321 65.966
311.506 64.746
311.691 63.342
311.876 63.504
312.061 63.280
312.245 64.961
312.430 66.917
312.615 67.952
312.800 67.002
312.985 65.234
313.170 64.588
313.347 64.588
313.523 63.686
313.700 63.938
313.877 64.812
314.054 66.605
314.230 65.786
314.407 63.504
314.584 62.395
314.761 62.659
314.937 63.252
315.114 65.072
315.291 65.900
315.467 66.440
315.644 64.596
315.821 63.197
315.998 62.001
316.174 61.550
316.351 62.355
316.528 62.009
316.704 61.130
316.881 60.578
317.058 59.546
317.235 58.894
317.411 59.398
317.588 61.280
317.765 61.794
317.942 62.020
318.118 62.731
318.295 61.929
318.472 61.062
318.648 61.779
318.825 62.636
319.002 61.798
319.179 60.628
319.355 60.273
319.532 59.820
319.709 59.546
319.885 60.029
320.062 59.736
320.239 59.737
320.416 60.603
320.592 59.928
320.769 59.768
320.946 60.273
321.123 60.808
321.299 60.051
321.476 59.023
321.653 59.362
321.829 58.537
322.006 57.205
322.183 57.434
322.360 56.800
322.536 56.645
322.713 56.956
322.890 56.981
323.066 56.131
323.243 56.910
323.420 59.320
323.597 59.344
323.773 58.004
323.950 58.405
324.127 59.053
324.304 59.268
324.480 58.954
324.657 58.496
324.834 58.290
325.010 59.046
325.187 58.015
325.364 55.803
325.541 54.643
325.717 55.253
325.894 54.344
326.071 51.926
326.248 51.474
326.424 52.151
326.601 51.695
326.778 50.983
326.954 50.144
327.131 49.567
327.308 48.582
327.485 49.239
327.661 49.907
327.838 50.373
328.015 51.321
328.191 51.133
328.368 50.008
328.545 48.336
328.722 48.259
328.898 49.381
329.075 49.936
329.252 49.791
329.429 48.638
329.605 48.316
329.782 48.552
329.959 48.605
330.135 48.348
330.312 48.747
330.489 49.596
330.666 49.501
330.842 47.975
331.019 47.428
331.196 48.236
331.372 49.283
331.549 48.594
331.726 47.613
331.903 47.464
332.079 47.772
332.256 46.789
332.433 45.949
332.610 45.186
332.786 45.546
332.963 45.746
333.140 45.133
333.316 45.788
333.493 45.840
333.670 45.439
333.847 46.241
334.023 45.888
334.200 45.227
334.377 44.734
334.553 44.597
334.730 44.117
334.907 43.477
335.084 43.780
335.260 43.343
335.437 43.763
335.614 44.632
335.791 43.077
335.967 42.246
336.144 42.884
336.321 43.511
336.497 43.836
336.674 43.610
336.851 43.635
337.028 42.985
337.204 42.072
337.381 42.442
337.558 43.059
337.734 42.972
337.911 42.619
338.088 42.774
338.265 44.674
338.441 45.502
338.618 44.282
338.795 43.829
338.972 44.332
339.148 44.712
339.325 43.880
339.502 41.918
339.678 41.963
339.855 42.787
340.032 42.156
340.209 40.246
340.385 39.261
340.562 39.700
340.739 39.480
340.916 38.758
341.092 38.731
341.269 39.039
341.446 39.396
341.622 39.090
341.799 38.925
341.976 39.416
342.153 40.040
342.329 40.168
342.506 40.523
342.683 40.190
342.859 39.453
343.036 39.119
343.213 38.516
343.390 37.892
343.566 37.795
343.743 37.520
343.920 37.051
344.097 36.202
344.273 35.660
344.450 35.058
344.627 35.887
344.803 37.356
344.980 37.049
345.157 36.276
345.334 36.417
345.510 36.357
345.687 36.070
345.864 36.415
346.040 36.789
346.217 36.962
346.394 36.976
346.571 36.243
346.747 34.373
346.924 33.907
347.101 35.394
347.278 36.014
347.454 36.512
347.631 36.087
347.808 34.826
347.984 34.562
348.161 35.044
348.338 35.383
348.515 35.324
348.691 35.803
348.868 35.430
349.045 33.547
349.221 32.884
349.398 32.129
349.575 32.231
349.752 32.996
349.928 32.318
350.105 31.210
350.282 30.459
350.459 30.665
350.635 30.753
350.812 30.524
350.989 31.382
351.165 32.363
351.342 32.227
351.519 31.789
351.696 31.243
351.872 31.228
352.049 31.129
352.226 31.549
352.402 31.412
352.579 31.233
352.756 31.500
352.933 30.912
353.109 29.205
353.286 28.326
353.463 28.527
353.640 28.670
353.816 28.113
353.993 28.014
354.170 27.830
354.346 27.926
354.523 28.146
354.700 27.902
354.877 27.811
355.053 27.797
355.230 28.458
355.407 28.894
355.584 29.276
355.760 30.091
355.937 30.454
356.114 30.554
356.290 30.203
356.467 30.109
356.644 29.978
356.821 29.630
356.997 30.239
357.174 30.460
357.351 30.033
357.527 29.790
357.704 29.263
357.881 29.275
358.058 29.532
358.234 29.495
358.411 29.352
358.588 29.343
358.765 29.447
358.941 29.126
359.118 28.581
359.295 28.260
359.471 27.368
359.648 27.241
359.825 27.224
360.002 26.674
360.178 26.693
360.355 26.558
360.532 26.472
360.708 26.339
360.885 26.274
361.062 25.813
361.239 25.468
361.415 25.890
361.592 25.746
361.769 25.366
361.946 25.771
362.122 25.766
362.299 25.015
362.476 24.893
362.652 24.892
362.829 25.130
363.006 25.370
363.183 26.075
363.359 25.983
363.536 25.508
363.713 25.424
363.889 25.113
364.066 24.546
364.243 24.375
364.420 23.945
364.596 23.698
364.773 23.127
364.950 23.479
365.127 23.414
365.303 23.311
365.480 23.950
365.661 23.909
365.841 23.628
366.022 23.601
366.202 23.773
366.383 23.675
366.563 23.712
366.744 23.863
366.924 23.437
367.105 23.050
367.286 22.674
367.466 21.890
367.647 21.915
367.827 21.762
368.008 21.896
368.188 21.930
368.369 22.049
368.549 21.969
368.730 21.229
368.911 21.044
369.091 20.962
369.272 20.867
369.452 21.117
369.633 20.516
369.813 20.209
369.994 20.268
370.174 19.982
370.355 19.689
370.535 19.547
370.716 20.106
370.897 20.049
371.077 19.701
371.258 20.280
371.438 21.192
371.619 21.789
371.799 21.824
371.980 21.186
372.160 21.374
372.341 21.806
372.522 21.823
372.702 21.637
372.883 21.629
373.063 21.569
373.244 21.309
373.424 20.636
373.605 20.392
373.785 20.282
373.966 20.302
374.147 20.305
374.327 20.393
374.508 20.567
374.688 20.514
374.869 20.687
375.049 21.156
375.230 21.565
375.410 21.445
375.591 20.916
375.772 20.904
375.952 21.248
376.133 21.160
376.313 20.772
376.494 20.182
376.674 20.008
376.855 19.901
377.035 19.322
377.216 18.655
377.397 18.526
377.577 18.676
377.758 18.629
377.938 18.443
378.119 18.341
378.299 18.207
378.480 18.295
378.660 18.299
378.841 18.139
379.021 17.810
379.202 17.283
379.383 16.810
379.563 16.604
379.744 16.311
379.924 15.968
380.105 16.099
380.285 16.070
380.466 15.663
380.646 15.324
380.827 15.085
381.008 15.413
381.188 15.873
381.369 16.300
381.549 16.052
381.730 15.818
381.910 15.801
382.091 15.455
382.271 15.327
382.452 15.511
382.633 15.614
382.813 15.888
382.994 16.018
383.174 15.696
383.355 15.309
383.535 15.585
383.716 15.958
383.896 15.987
384.077 16.001
384.258 16.143
384.438 16.375
384.619 16.353
384.799 15.917
384.980 15.579
385.160 15.379
385.341 15.111
385.521 14.775
385.702 14.465
385.882 14.458
386.063 14.336
386.244 14.077
386.424 13.896
386.605 13.637
386.785 13.488
386.966 13.380
387.146 13.367
387.327 13.459
387.507 13.471
387.688 13.451
387.869 13.320
388.049 13.534
388.230 13.476
388.410 13.321
388.591 13.333
388.771 13.452
388.952 13.419
389.132 13.268
389.313 13.157
389.494 12.999
389.674 12.898
389.855 12.824
390.035 12.597
390.216 12.655
390.396 12.929
390.577 13.027
390.757 12.775
390.938 12.712
391.119 12.792
391.299 12.749
391.480 12.807
391.660 12.846
391.841 12.811
392.021 12.612
392.202 12.420
392.382 12.079
392.563 11.958
392.743 11.992
392.924 11.864
393.105 11.764
393.285 11.783
393.466 11.789
393.646 11.829
393.827 11.888
394.007 11.704
394.188 11.724
394.368 11.734
394.549 11.597
394.730 11.497
394.910 11.544
395.091 11.639
395.271 12.001
395.452 12.143
395.632 11.796
395.813 11.560
395.993 11.778
396.174 11.809
396.355 11.676
396.535 11.834
396.716 12.162
396.896 12.352
397.077 12.293
397.257 11.856
397.438 11.447
397.618 11.427
397.799 11.469
397.980 11.472
398.160 11.434
398.341 11.437
398.521 11.235
398.702 10.890
398.882 10.518
399.063 10.447
399.243 10.532
399.424 10.624
399.605 10.905
399.785 10.857
399.966 10.600
400.146 10.478
400.327 10.493
400.507 10.613
400.688 10.503
400.868 10.431
401.049 10.333
401.229 10.072
401.410 9.978
401.591 9.945
401.771 10.058
401.952 10.142
402.132 10.039
402.313 9.924
402.493 9.943
402.674 10.204
402.854 10.418
403.035 10.638
403.216 10.554
403.396 10.693
403.577 10.670
403.757 10.387
403.938 10.218
404.118 10.168
404.299 10.024
404.479 9.714
404.660 9.360
404.841 9.214
405.023 8.969
405.204 8.919
405.385 8.853
405.566 8.792
405.748 8.715
405.929 8.740
406.110 9.086
406.292 9.402
406.473 9.664
406.654 9.847
406.835 9.773
407.017 9.618
407.198 9.703
407.379 9.580
407.560 9.356
407.742 9.342
407.923 9.321
408.104 8.943
408.286 8.617
408.467 8.398
408.648 8.529
408.829 8.866
409.011 8.999
409.192 8.901
409.373 8.847
409.555 8.949
409.736 9.107
409.917 9.236
410.098 9.445
410.280 9.579
410.461 9.592
410.642 9.257
410.823 8.679
411.005 8.608
411.186 8.879
411.367 9.112
411.549 9.213
411.730 9.144
411.911 8.932
412.092 8.734
412.274 8.670
412.455 8.645
412.636 8.678
412.818 8.861
412.999 8.839
413.180 8.690
413.361 8.527
413.543 8.340
413.724 8.275
413.905 8.296
414.087 8.304
414.268 8.241
414.449 8.209
414.630 8.209
414.812 8.262
414.993 8.341
415.174 8.226
415.355 8.148
415.537 8.116
415.718 8.234
415.899 8.325
416.081 8.264
416.262 8.144
416.443 8.095
416.624 8.093
416.806 7.979
416.987 7.788
417.168 7.651
417.350 7.550
417.531 7.558
417.712 7.489
417.893 7.413
418.075 7.507
418.256 7.485
418.437 7.329
418.618 7.151
418.800 7.115
418.981 7.258
419.162 7.399
419.344 7.533
419.525 7.598
419.706 7.519
419.887 7.433
420.069 7.337
420.250 7.429
420.431 7.546
420.613 7.717
420.794 7.706
420.975 7.527
421.156 7.484
421.338 7.369
421.519 7.170
421.700 7.097
421.882 7.122
422.063 7.051
422.244 6.979
422.425 6.992
422.607 6.881
422.788 6.844
422.969 6.923
423.150 7.059
423.332 7.275
423.513 7.406
423.694 7.334
423.876 7.283
424.057 7.356
424.238 7.356
424.419 7.460
424.601 7.842
424.782 7.977
424.963 7.976
425.145 7.811
425.326 7.625
425.507 7.574
425.688 7.729
425.870 7.643
426.051 7.499
426.232 7.468
426.413 7.340
426.595 6.925
426.776 6.667
426.957 6.649
427.139 6.778
427.320 6.745
427.501 6.631
427.682 6.379
427.864 6.430
428.045 6.475
428.226 6.448
428.408 6.422
428.589 6.420
428.770 6.459
428.951 6.322
429.133 6.123
429.314 6.058
429.495 6.087
429.677 6.172
429.858 6.133
430.039 6.090
430.220 6.121
430.402 6.074
430.583 6.092
430.764 6.094
430.945 6.147
431.127 6.075
431.308 6.046
431.489 6.083
431.671 6.092
431.852 6.071
432.033 6.088
432.214 6.052
432.396 6.060
432.577 5.948
432.758 5.882
432.940 5.901
433.121 5.938
433.302 5.900
433.483 5.891
433.665 6.017
433.846 6.158
434.027 6.185
434.208 6.185
434.390 6.158
434.571 6.219
434.752 6.289
434.934 6.263
435.115 6.299
435.296 6.351
435.477 6.327
435.659 6.264
435.840 6.206
436.030 6.241
436.220 6.170
436.410 6.124
436.600 6.113
436.790 6.134
436.980 6.199
437.170 6.160
437.360 6.149
437.550 6.131
437.741 6.071
437.931 5.987
438.121 5.905
438.311 5.903
438.501 5.906
438.691 5.952
438.881 5.882
439.071 5.766
439.261 5.718
439.451 5.637
439.641 5.562
439.831 5.461
440.021 5.439
440.211 5.429
440.401 5.488
440.591 5.536
440.781 5.572
440.971 5.617
441.161 5.607
441.351 5.604
441.542 5.613
441.732 5.643
441.922 5.671
442.112 5.679
442.302 5.718
442.492 5.687
442.682 5.540
442.872 5.331
443.062 5.224
443.252 5.201
443.442 5.252
443.632 5.274
443.822 5.235
444.012 5.171
444.202 5.132
444.392 5.085
444.582 5.031
444.772 5.061
444.962 5.152
445.153 5.205
445.343 5.168
445.533 5.043
445.723 4.975
445.913 4.959
446.103 5.033
446.293 5.074
446.483 5.043
446.673 5.071
446.863 5.120
447.053 5.116
447.243 5.135
447.433 5.178
447.623 5.249
447.813 5.252
448.003 5.287
448.193 5.257
448.383 5.216
448.573 5.209
448.764 5.104
448.954 5.061
449.144 5.022
449.334 4.944
449.524 4.897
449.714 4.891
449.904 4.914
450.094 4.919
450.284 4.923
450.474 4.899
450.664 4.876
450.854 4.931
451.044 4.923
451.234 4.874
451.424 4.770
451.614 4.740
451.804 4.767
451.994 4.715
452.184 4.632
452.375 4.630
452.565 4.631
452.755 4.628
452.945 4.647
453.135 4.662
453.325 4.719
453.515 4.883
453.705 4.967
453.895 4.947
454.085 4.999
454.275 5.095
454.465 5.112
454.655 5.078
454.845 5.055
455.035 5.106
455.225 5.049
455.415 4.949
455.605 4.914
455.795 4.893
455.985 4.793
456.176 4.698
456.366 4.626
456.556 4.576
456.746 4.567
456.936 4.582
457.126 4.532
457.316 4.542
457.506 4.571
457.696 4.514
457.886 4.451
458.076 4.440
458.266 4.440
458.456 4.416
458.646 4.374
458.836 4.395
459.026 4.435
459.216 4.436
459.406 4.419
459.596 4.436
459.787 4.424
459.977 4.421
460.167 4.476
460.357 4.452
460.547 4.421
460.737 4.438
460.927 4.432
461.117 4.337
461.307 4.346
461.497 4.435
461.687 4.434
461.877 4.475
462.067 4.549
462.257 4.615
462.447 4.662
462.637 4.651
462.827 4.620
463.017 4.641
463.207 4.769
463.397 4.747
463.588 4.679
463.778 4.720
463.968 4.695
464.158 4.611
464.348 4.535
464.538 4.579
464.728 4.586
464.918 4.610
465.108 4.618
465.298 4.512
465.488 4.460
465.678 4.449
465.868 4.435
466.058 4.439
466.248 4.412
466.438 4.391
466.628 4.390
466.818 4.415
467.008 4.415
467.199 4.387
467.389 4.363
467.579 4.341
467.769 4.356
467.959 4.292
468.149 4.212
468.339 4.243
468.529 4.309
468.719 4.363
468.909 4.339
469.099 4.312
469.289 4.308
469.479 4.333
469.669 4.312
469.859 4.260
470.049 4.262
470.239 4.304
470.429 4.326
470.619 4.246
470.810 4.119
471.000 4.127
471.190 4.180
471.380 4.189
471.570 4.210
471.760 4.279
471.950 4.331
472.140 4.362
472.330 4.427
472.520 4.417
472.710 4.393
472.900 4.384
473.090 4.365
473.280 4.291
473.470 4.248
473.660 4.241
473.850 4.216
474.040 4.216
474.230 4.232
474.421 4.215
474.611 4.208
474.801 4.276
474.991 4.365
475.181 4.405
475.371 4.428
475.561 4.461
475.751 4.391
475.941 4.353
476.131 4.359
476.321 4.354
476.511 4.327
476.701 4.321
476.891 4.271
477.081 4.193
477.271 4.109
477.461 4.068
477.651 4.032
477.841 4.053
478.031 4.056
478.222 4.011
478.412 3.989
478.602 3.975
478.792 3.981
478.982 4.003
479.172 3.974
479.362 3.988
479.552 4.038
479.742 4.024
479.932 4.034
480.122 4.052
480.312 4.067
480.502 4.104
480.692 4.118
480.882 4.052
481.072 4.020
481.262 4.070
481.452 4.117
481.642 4.120
481.833 4.180
482.023 4.188
482.213 4.188
482.403 4.189
482.593 4.163
482.783 4.205
482.973 4.306
483.163 4.344
483.353 4.295
483.543 4.287
483.733 4.279
483.923 4.228
484.113 4.239
484.303 4.232
484.493 4.205
484.683 4.237
484.873 4.216
485.063 4.149
485.253 4.125
485.443 4.198
485.634 4.179
485.824 4.153
486.014 4.171
486.204 4.175
486.394 4.222
486.584 4.273
486.774 4.222
486.964 4.210
487.154 4.233
487.344 4.253
487.534 4.207
487.724 4.207
487.914 4.243
488.104 4.243
488.294 4.247
488.484 4.220
488.674 4.186
488.864 4.179
489.054 4.160
489.245 4.128
489.435 4.136
489.625 4.197
489.815 4.243
490.005 4.305
490.195 4.332
490.385 4.314
490.575 4.325
490.765 4.368
490.955 4.423
491.145 4.448
491.335 4.481
491.525 4.435
491.715 4.360
491.905 4.365
492.095 4.334
492.285 4.269
492.475 4.239
492.665 4.220
492.856 4.197
493.046 4.143
493.236 4.107
493.426 4.112
493.616 4.101
493.806 4.108
493.996 4.057
494.186 4.010
494.376 4.068
494.566 4.075
494.756 4.061
494.946 4.065
495.136 4.083
495.326 4.099
495.516 4.120
495.706 4.182
495.896 4.200
496.086 4.220
496.276 4.226
496.467 4.194
496.657 4.235
496.847 4.243
497.037 4.223
497.227 4.227
497.417 4.234
497.607 4.180
497.797 4.140
497.987 4.150
498.177 4.127
498.367 4.131
498.557 4.146
498.747 4.129
498.937 4.155
499.127 4.162
499.317 4.115
499.507 4.079
499.697 4.094
499.887 4.148
500.077 4.145
500.268 4.144
500.458 4.101
500.648 4.063
500.838 4.029
501.028 3.986
501.218 3.970
501.408 3.990
501.598 4.023
501.788 4.039
501.978 4.031
502.168 4.016
502.358 4.023
502.548 4.049
502.738 4.075
502.928 4.111
503.118 4.128
503.308 4.155
503.498 4.179
503.688 4.160
503.879 4.142
504.069 4.113
504.259 4.123
504.449 4.115
504.639 4.108
504.829 4.107
505.019 4.093
505.209 4.069
505.399 4.043
505.589 4.029
505.779 4.043
505.969 4.020
506.159 4.000
506.349 3.996
506.539 3.999
506.729 4.005
506.919 4.009
507.109 4.010
507.299 4.005
507.490 3.990
507.680 3.967
507.870 3.941
508.060 3.927
508.250 3.917
508.440 3.886
508.630 3.873
508.820 3.871
509.010 3.842
509.200 3.821
509.390 3.842
509.580 3.839
509.770 3.850
509.960 3.856
510.150 3.850
510.340 3.865
510.530 3.879
510.720 3.892
510.910 3.914
511.100 3.974
511.291 3.979
511.481 3.971
511.671 3.986
511.861 4.054
512.051 4.197
512.241 4.234
512.431 4.250
512.621 4.260
512.811 4.251
513.001 4.219
513.191 4.153
513.381 4.137
513.571 4.125
513.761 4.120
513.951 4.048
514.141 3.899
514.331 3.899
514.521 3.839
514.711 3.819
514.902 3.859
515.092 3.902
515.282 3.947
515.472 3.935
515.662 3.900
515.852 3.896
516.042 3.864
516.232 3.846
516.422 3.836
516.612 3.873
516.802 3.866
516.992 3.796
517.182 3.729
517.372 3.693
517.562 3.731
517.752 3.788
517.942 3.781
518.132 3.820
518.322 3.857
518.513 3.855
518.703 3.868
518.893 3.907
519.083 4.004
519.273 4.103
519.463 4.108
519.653 4.112
519.843 4.108
520.033 4.113
520.223 4.108
520.413 4.100
520.603 4.103
520.793 4.096
520.983 4.074
521.173 4.011
521.363 3.952
521.553 3.987
521.743 3.974
521.933 3.962
522.123 3.979
522.314 4.000
522.504 3.973
522.694 3.931
522.884 3.905
523.074 3.887
523.264 3.894
523.454 3.890
523.644 3.873
523.834 3.872
524.024 3.890
524.214 3.883
524.404 3.848
524.594 3.858
524.784 3.905
524.974 3.906
525.164 3.898
525.354 3.875
525.544 3.854
525.734 3.833
525.925 3.818
526.115 3.794
526.305 3.828
526.495 3.882
526.685 3.902
526.875 3.897
527.065 3.908
527.255 3.923
527.445 3.944
527.635 3.954
527.825 3.974
528.015 4.023
528.205 4.017
528.395 3.961
528.585 3.928
528.775 3.915
528.965 3.929
529.155 3.946
529.345 3.968
529.535 3.953
529.726 3.951
529.916 3.949
530.106 3.929
530.296 3.956
530.486 3.982
530.676 3.968
530.866 3.975
531.056 3.972
531.246 3.944
531.436 3.904
531.626 3.914
531.816 3.892
532.006 3.881
532.196 3.867
532.386 3.827
532.576 3.785
532.766 3.786
532.956 3.771
533.146 3.752
533.337 3.757
533.527 3.753
533.717 3.727
533.907 3.756
534.097 3.771
534.287 3.772
534.477 3.780
534.667 3.793
534.857 3.797
535.047 3.813
535.237 3.819
535.427 3.815
535.617 3.818
535.807 3.852
535.997 3.836
536.187 3.801
536.377 3.796
536.567 3.814
536.757 3.826
536.948 3.814
537.138 3.782
537.328 3.787
537.518 3.808
537.708 3.828
537.898 3.806
538.088 3.804
538.278 3.817
538.468 3.824
538.658 3.803
538.848 3.802
539.038 3.804
539.228 3.818
539.418 3.807
539.608 3.796
539.798 3.800
539.988 3.803
540.178 3.790
540.368 3.790
540.558 3.780
540.749 3.766
540.939 3.731
541.129 3.738
541.319 3.770
541.509 3.920
541.699 4.204
541.889 4.213
542.079 4.233
542.269 4.261
542.459 4.286
542.649 4.288
542.839 4.299
543.029 4.330
543.219 4.350
543.409 4.326
543.599 4.171
543.789 3.914
543.979 3.918
544.169 3.914
544.360 3.905
544.550 3.902
544.740 3.883
544.930 3.882
545.120 3.873
545.310 3.824
545.500 3.825
545.690 3.827
545.880 3.796
546.070 3.783
546.267 3.764
546.463 3.756
546.660 3.722
546.857 3.728
547.054 3.744
547.251 3.738
547.447 3.740
547.644 3.719
547.841 3.709
548.038 3.699
548.234 3.694
548.431 3.701
548.628 3.706
548.825 3.726
549.021 3.732
549.218 3.713
549.415 3.692
549.612 3.677
549.808 3.690
550.005 3.716
550.202 3.715
550.399 3.702
550.595 3.725
550.792 3.741
550.989 3.712
551.186 3.714
551.382 3.744
551.579 3.789
551.776 3.836
551.973 3.839
552.169 3.820
552.366 3.829
552.563 3.851
552.760 3.854
552.956 3.851
553.153 3.885
553.350 3.921
553.547 3.942
553.743 3.946
553.940 3.943
554.137 3.944
554.334 3.926
554.530 3.925
554.727 3.928
554.924 3.926
555.121 3.921
555.317 3.891
555.514 3.859
555.711 3.826
555.908 3.807
556.104 3.793
556.301 3.791
556.498 3.812
556.695 3.817
556.891 3.786
557.088 3.750
557.285 3.735
557.482 3.763
557.678 3.771
557.875 3.774
558.072 3.803
558.269 3.835
558.465 3.837
558.662 3.822
558.859 3.796
559.056 3.794
559.252 3.812
559.449 3.831
559.646 3.835
559.843 3.817
560.039 3.799
560.236 3.768
560.433 3.723
560.630 3.696
560.826 3.717
561.023 3.747
561.220 3.790
561.417 3.800
561.613 3.802
561.810 3.785
562.007 3.784
562.204 3.776
562.400 3.787
562.597 3.819
562.794 3.872
562.991 3.898
563.187 3.888
563.384 3.855
563.581 3.854
563.778 3.855
563.974 3.871
564.171 3.872
564.368 3.873
564.565 3.846
564.761 3.846
564.958 3.858
565.155 3.851
565.352 3.851
565.548 3.867
565.745 3.893
565.942 3.899
566.139 3.884
566.335 3.899
566.532 3.937
566.729 3.978
566.926 3.974
567.122 3.941
567.319 3.924
567.516 3.951
567.713 3.975
567.909 3.969
568.106 3.955
568.303 3.970
568.500 3.988
568.696 3.995
568.893 3.989
569.090 3.978
569.287 3.977
569.483 4.008
569.680 3.999
569.877 3.985
570.074 3.992
570.270 3.992
570.467 4.000
570.664 4.001
570.861 3.989
571.057 3.986
571.254 3.976
571.451 3.974
571.648 3.960
571.844 3.962
572.041 4.000
572.238 4.010
572.435 4.019
572.631 4.025
572.828 4.028
573.025 4.006
573.222 4.010
573.418 4.045
573.615 4.045
573.812 4.041
574.009 4.052
574.205 4.017
574.402 3.991
574.599 3.995
574.796 3.999
574.992 4.018
575.189 4.081
575.386 4.085
575.583 4.084
575.779 4.102
575.976 4.097
576.173 4.096
576.370 4.112
576.567 4.133
576.763 4.157
576.960 4.168
577.158 4.147
577.356 4.143
577.554 4.150
577.752 4.141
577.950 4.155
578.148 4.156
578.346 4.146
578.544 4.151
578.742 4.159
578.940 4.147
579.138 4.142
579.336 4.170
579.534 4.178
579.732 4.182
579.930 4.202
580.128 4.220
580.326 4.236
580.524 4.231
580.722 4.215
580.920 4.193
581.118 4.215
581.316 4.234
581.514 4.196
581.712 4.146
581.909 4.151
582.107 4.176
582.305 4.159
582.503 4.156
582.701 4.181
582.899 4.184
583.097 4.176
583.295 4.170
583.493 4.183
583.691 4.220
583.889 4.249
584.087 4.245
584.285 4.216
584.483 4.211
584.681 4.218
584.879 4.228
585.077 4.227
585.275 4.242
585.473 4.254
585.671 4.263
585.869 4.275
586.067 4.275
586.265 4.279
586.463 4.273
586.661 4.284
586.859 4.279
587.057 4.263
587.255 4.279
587.453 4.278
587.651 4.254
587.849 4.220
588.047 4.216
588.245 4.229
588.443 4.253
588.641 4.290
588.839 4.335
589.037 4.351
589.235 4.368
589.433 4.397
589.631 4.452
589.829 4.484
590.027 4.473
590.225 4.447
590.423 4.445
590.621 4.436
590.819 4.425
591.017 4.389
591.215 4.379
591.413 4.386
591.611 4.355
591.809 4.315
592.006 4.315
592.204 4.349
592.402 4.394
592.600 4.400
592.798 4.401
592.996 4.404
593.194 4.416
593.392 4.449
593.590 4.454
593.788 4.482
593.986 4.520
594.184 4.513
594.382 4.520
594.580 4.537
594.778 4.554
594.976 4.570
595.174 4.575
595.372 4.575
595.570 4.559
595.768 4.547
595.966 4.518
596.164 4.498
596.362 4.526
596.560 4.536
596.758 4.499
596.956 4.472
597.154 4.475
597.352 4.459
597.550 4.453
597.748 4.503
597.946 4.542
598.144 4.598
598.342 4.610
598.540 4.584
598.738 4.564
598.936 4.585
599.134 4.601
599.332 4.581
599.530 4.611
599.728 4.634
599.926 4.589
600.124 4.565
600.322 4.580
600.520 4.625
600.718 4.625
600.916 4.633
601.114 4.680
601.312 4.730
601.510 4.737
601.708 4.755
601.905 4.806
602.103 4.844
602.301 4.902
602.499 4.894
602.697 4.869
602.895 4.901
603.093 4.946
603.291 4.933
603.489 4.924
603.687 4.956
603.885 4.968
604.083 4.934
604.281 4.912
604.479 4.880
604.677 4.880
604.875 4.901
605.073 4.922
605.271 4.889
605.469 4.865
605.667 4.861
605.865 4.873
606.063 4.868
606.261 4.867
606.459 4.884
606.657 4.901
606.855 4.916
607.053 4.908
607.251 4.886
607.449 4.909
607.647 4.938
607.845 4.954
608.043 4.970
608.241 4.985
608.439 5.008
608.637 5.022
608.835 5.057
609.033 5.078
609.231 5.086
609.429 5.113
609.627 5.138
609.825 5.151
610.023 5.157
610.221 5.157
610.419 5.170
610.617 5.163
610.815 5.161
611.013 5.140
611.211 5.128
611.409 5.153
611.607 5.171
611.804 5.159
612.002 5.152
612.200 5.170
612.398 5.197
612.596 5.184
612.794 5.198
612.992 5.233
613.190 5.261
613.388 5.279
613.586 5.299
613.784 5.313
613.982 5.339
614.180 5.369
614.378 5.391
614.576 5.382
614.774 5.379
614.972 5.351
615.170 5.320
615.368 5.321
615.566 5.309
615.764 5.263
615.962 5.242
616.160 5.237
616.358 5.226
616.556 5.233
616.754 5.236
616.952 5.254
617.150 5.294
617.348 5.321
617.546 5.307
617.744 5.321
617.942 5.355
618.140 5.372
618.338 5.388
618.536 5.404
618.734 5.393
618.932 5.411
619.130 5.438
619.328 5.448
619.526 5.448
619.724 5.471
619.922 5.500
620.120 5.519
620.318 5.550
620.516 5.588
620.714 5.596
620.912 5.612
621.110 5.620
621.308 5.608
621.506 5.607
621.704 5.644
621.901 5.685
622.099 5.668
622.297 5.678
622.495 5.685
622.693 5.662
622.891 5.658
623.089 5.643
623.287 5.640
623.485 5.670
623.683 5.689
623.881 5.666
624.079 5.640
624.277 5.682
624.475 5.703
624.673 5.712
624.871 5.743
625.069 5.775
625.267 5.801
625.465 5.829
625.663 5.837
625.861 5.851
626.059 5.889
626.257 5.909
626.455 5.893
626.653 5.884
626.851 5.873
627.049 5.877
627.247 5.889
627.445 5.894
627.643 5.900
627.841 5.948
628.039 5.981
628.237 5.979
628.435 5.968
628.633 5.960
628.831 5.965
629.029 5.978
629.227 5.976
629.425 6.013
629.623 6.059
629.821 6.065
630.019 6.031
630.217 6.017
630.415 6.035
630.613 6.079
630.811 6.131
631.009 6.142
631.207 6.136
631.405 6.152
631.603 6.131
631.801 6.137
631.998 6.160
632.196 6.179
632.394 6.216
632.592 6.242
632.790 6.256
632.988 6.276
633.186 6.316
633.384 6.339
633.582 6.344
633.780 6.362
633.978 6.338
634.176 6.335
634.374 6.345
634.572 6.310
634.770 6.273
634.968 6.290
635.166 6.309
635.364 6.295
635.562 6.317
635.760 6.327
635.958 6.324
636.156 6.341
636.354 6.354
636.552 6.368
636.750 6.405
636.948 6.460
637.146 6.492
637.344 6.501
637.542 6.505
637.740 6.512
637.938 6.520
638.136 6.781
638.334 7.260
638.532 7.276
638.730 7.284
638.928 7.297
639.126 7.292
639.324 7.272
639.522 7.279
639.720 7.329
639.918 7.346
640.116 7.356
640.314 7.104
640.512 6.644
640.710 6.677
640.908 6.720
641.106 6.749
641.304 6.763
641.502 6.765
641.699 6.742
641.897 6.722
642.095 6.725
642.293 6.739
642.491 6.766
642.689 6.792
642.887 6.787
643.085 6.776
643.283 6.780
643.481 6.784
643.679 6.796
643.877 6.830
644.075 6.859
644.273 6.892
644.471 6.919
644.669 6.930
644.867 6.935
645.065 6.949
645.263 6.956
645.461 6.986
645.659 7.042
645.857 7.093
646.055 7.136
646.253 7.171
646.451 7.196
646.649 7.180
646.847 7.182
647.045 7.215
647.243 7.258
647.441 7.330
647.639 7.365
647.837 7.393
648.035 7.393
648.233 7.392
648.431 7.412
648.629 7.440
648.827 7.498
649.025 7.569
649.223 7.564
649.421 7.557
649.619 7.536
649.817 7.528
650.015 7.552
650.213 7.547
650.411 7.538
650.609 7.509
650.807 7.499
651.005 7.502
651.203 7.501
651.401 7.542
651.599 7.542
651.796 7.562
651.994 7.572
652.192 7.542
652.390 7.585
652.588 7.611
652.786 7.629
652.984 7.653
653.182 7.683
653.380 7.705
653.578 7.693
653.776 7.707
653.974 7.747
654.172 7.772
654.370 7.772
654.568 7.750
654.766 7.731
654.964 7.759
655.162 7.773
655.360 7.781
655.558 7.795
655.756 7.848
655.954 7.892
656.152 7.901
656.350 7.936
656.548 7.971
656.746 7.977
656.944 7.983
657.142 7.988
657.340 8.022
657.538 8.053
657.736 8.051
657.934 8.047
658.132 8.071
658.330 8.041
658.528 7.989
658.726 8.017
658.924 8.074
659.122 8.165
659.320 8.221
659.518 8.200
659.716 8.186
659.914 8.211
660.112 8.244
660.310 8.231
660.508 8.268
660.706 8.328
660.904 8.347
661.102 8.374
661.300 8.390
661.498 8.399
661.696 8.454
661.893 8.494
662.091 8.489
662.289 8.504
662.487 8.551
662.685 8.566
662.883 8.571
663.081 8.607
663.279 8.656
663.477 8.675
663.675 8.700
663.873 8.763
664.071 8.844
664.269 8.912
664.467 8.933
664.665 8.966
664.863 9.023
665.061 9.077
665.259 9.078
665.457 9.086
665.655 9.098
665.853 9.083
666.051 9.060
666.249 9.062
666.447 9.076
666.645 9.088
666.843 9.086
667.041 9.097
667.239 9.120
667.437 9.180
667.635 9.199
667.833 9.210
668.031 9.245
668.229 9.279
668.427 9.326
668.625 9.393
668.823 9.415
669.021 9.441
669.219 9.455
669.417 9.466
669.615 9.449
669.813 9.449
670.011 9.473
670.209 9.522
670.407 9.540
670.605 9.467
670.803 9.448
671.001 9.533
671.199 9.607
671.397 9.622
671.595 9.680
671.792 9.770
671.990 9.802
672.188 9.802
672.386 9.821
672.584 9.833
672.782 9.890
672.980 9.921
673.178 9.905
673.376 9.878
673.574 9.897
673.772 9.852
673.970 9.821
674.168 9.856
674.366 9.915
674.564 9.957
674.762 9.988
674.960 10.014
675.158 10.019
675.356 10.033
675.554 10.071
675.752 10.077
675.950 10.136
676.148 10.177
676.346 10.166
676.544 10.151
676.742 10.144
676.940 10.177
677.138 10.207
677.336 10.243
677.534 10.282
677.732 10.314
677.930 10.389
678.128 10.426
678.326 10.446
678.524 10.496
678.722 10.555
678.920 10.615
679.118 10.652
679.316 10.689
679.514 10.699
679.712 10.680
679.910 10.661
680.108 10.658
680.306 10.663
680.504 10.666
680.702 10.696
680.900 10.732
681.098 10.737
681.296 10.749
681.494 10.779
681.691 10.827
681.889 10.911
682.087 10.957
682.285 10.972
682.483 10.994
682.681 11.046
682.879 11.087
683.077 11.108
683.275 11.119
683.473 11.140
683.671 11.134
683.869 11.144
684.067 11.158
684.265 11.230
684.463 11.359
684.661 11.438
684.859 11.475
685.057 11.479
685.255 11.480
685.453 11.521
685.651 11.577
685.849 11.628
686.047 11.665
686.245 11.670
686.443 11.659
686.641 11.656
686.839 11.702
687.037 11.711
687.235 11.758
687.433 11.817
687.631 11.855
687.829 11.869
688.027 11.904
688.225 11.988
688.423 12.036
688.621 12.054
688.819 12.040
689.017 12.032
689.215 12.054
689.413 12.049
689.611 12.076
689.809 12.102
690.007 12.146
690.205 12.163
690.403 12.164
690.601 12.200
690.799 12.277
690.997 12.325
691.195 12.352
691.393 12.402
691.591 12.469
691.788 12.514
691.986 12.589
692.184 12.643
692.382 12.735
692.580 12.777
692.778 12.816
692.976 12.836
693.174 12.852
693.372 12.892
693.570 12.923
693.768 12.986
693.966 13.044
694.164 13.058
694.362 13.055
694.560 13.051
694.758 13.061
694.956 13.087
695.154 13.137
695.352 13.202
695.550 13.236
695.748 13.250
695.946 13.224
696.144 13.215
696.342 13.242
696.540 13.280
696.744 13.279
696.948 13.341
697.152 13.360
697.357 13.362
697.561 13.403
697.765 13.459
697.969 13.567
698.173 13.663
698.377 13.724
698.581 13.774
698.786 13.830
698.990 13.895
699.194 13.886
699.398 13.949
699.602 13.978
699.806 13.982
700.010 13.994
700.215 13.947
700.419 13.929
700.623 13.957
700.827 13.960
701.031 13.952
701.235 14.015
701.440 14.056
701.644 14.076
701.848 14.180
702.052 14.208
702.256 14.239
702.460 14.310
702.664 14.360
702.869 14.381
703.073 14.450
703.277 14.559
703.481 14.598
703.685 14.687
703.889 14.718
704.093 14.717
704.298 14.776
704.502 14.816
704.706 14.849
704.910 14.909
705.114 14.949
705.318 14.968
705.522 14.944
705.727 14.964
705.931 14.960
706.135 14.972
706.339 15.007
706.543 15.096
706.747 15.160
706.951 15.179
707.156 15.200
707.360 15.303
707.564 15.361
707.768 15.369
707.972 15.412
708.176 15.482
708.380 15.567
708.585 15.598
708.789 15.549
708.993 15.574
709.197 15.652
709.401 15.703
709.605 15.707
709.810 15.717
710.014 15.785
710.218 15.816
710.422 15.826
710.626 15.898
710.830 15.963
711.034 16.012
711.239 16.048
711.443 16.090
711.647 16.138
711.851 16.163
712.055 16.207
712.259 16.278
712.463 16.294
712.668 16.335
712.872 16.350
713.076 16.403
713.280 16.561
713.484 16.654
713.688 16.703
713.892 16.751
714.097 16.771
714.301 16.866
714.505 16.895
714.709 16.968
714.913 17.035
715.117 17.112
715.321 17.154
715.526 17.131
715.730 17.161
715.934 17.196
716.138 17.230
716.342 17.316
716.546 17.307
716.750 17.377
716.955 17.407
717.159 17.441
717.363 17.435
717.567 17.445
717.771 17.491
717.975 17.532
718.180 17.567
718.384 17.604
718.588 17.645
718.792 17.708
718.996 17.785
719.200 17.862
719.404 17.921
719.609 18.010
719.813 18.064
720.017 18.107
720.221 18.152
720.425 18.240
720.629 18.340
720.833 18.391
721.038 18.434
721.242 18.434
721.446 18.485
721.650 18.537
721.854 18.562
722.058 18.647
722.262 18.716
722.467 18.766
722.671 18.777
722.875 18.761
723.079 18.794
723.283 18.867
723.487 18.925
723.691 18.987
723.896 19.018
724.100 19.075
724.304 19.114
724.508 19.153
724.712 19.173
724.916 19.216
725.120 19.317
725.325 19.420
725.529 19.474
725.733 19.540
725.937 19.593
726.141 19.647
726.345 19.670
726.550 19.701
726.754 19.733
726.958 19.815
727.162 19.872
727.366 19.881
727.570 19.912
727.774 20.023
727.979 20.097
728.183 20.099
728.387 20.105
728.591 20.126
728.795 20.190
728.999 20.259
729.203 20.306
729.408 20.350
729.612 20.483
729.816 20.525
730.020 20.485
730.224 20.489
730.428 20.554
730.632 20.626
730.837 20.737
731.041 20.801
731.245 20.835
731.449 20.856
731.653 20.947
731.857 20.929
732.061 20.988
732.266 21.070
732.470 21.105
732.674 21.160
732.878 21.296
733.082 21.384
733.286 21.430
733.490 21.471
733.695 21.544
733.899 21.603
734.103 21.723
734.307 21.813
734.511 21.880
734.715 21.977
734.920 22.081
735.124 22.099
735.328 22.154
735.532 22.256
735.736 22.406
735.940 22.543
736.144 22.590
736.349 22.645
736.553 22.712
736.757 22.773
736.961 22.832
737.165 22.910
737.369 22.997
737.573 23.046
737.778 23.097
737.982 23.072
738.186 23.029
738.390 23.115
738.594 23.130
738.798 23.125
739.002 23.179
739.207 23.258
739.411 23.301
739.615 23.303
739.819 23.350
740.023 23.372
740.227 23.466
740.431 23.585
740.636 23.595
740.840 23.707
741.044 23.788
741.248 23.832
741.452 23.875
741.656 23.901
741.860 23.974
742.065 24.041
742.269 24.162
742.473 24.267
742.677 24.310
742.881 24.368
743.085 24.380
743.290 24.496
743.494 24.645
743.698 24.743
743.902 24.800
744.106 24.868
744.310 24.872
744.514 24.869
744.719 24.892
744.923 24.982
745.127 25.147
745.331 25.301
745.535 25.284
745.739 25.177
745.943 25.161
746.148 25.217
746.352 25.290
746.556 25.449
746.760 25.474
746.964 25.506
747.168 25.573
747.372 25.613
747.577 25.554
747.781 25.632
747.985 25.806
748.189 25.905
748.393 26.001
748.597 26.132
748.801 26.207
749.006 26.324
749.210 26.371
749.414 26.357
749.618 26.353
749.822 26.477
750.026 26.572
750.230 26.632
750.435 26.690
750.639 26.808
750.843 26.829
751.047 26.839
751.251 26.862
751.455 26.928
751.660 26.997
751.864 27.029
752.068 27.043
752.272 27.094
752.476 27.171
752.680 27.259
752.884 27.254
753.089 27.271
753.293 27.351
753.497 27.486
753.701 27.585
753.905 27.715
754.109 27.804
754.313 27.890
754.518 27.969
754.722 28.055
754.926 28.194
755.130 28.283
755.334 28.425
755.538 28.508
755.742 28.529
755.947 28.610
756.151 28.658
756.355 28.807
756.559 28.898
756.763 28.884
756.967 28.884
757.171 28.827
757.376 28.807
757.580 28.808
757.784 28.855
757.988 28.918
758.192 28.983
758.396 29.100
758.600 29.115
758.805 29.190
759.009 29.406
759.213 29.584
759.417 29.810
759.621 29.926
759.825 29.962
760.030 30.068
760.234 30.223
760.438 30.254
760.642 30.294
760.846 30.396
761.050 30.395
761.254 30.341
761.459 30.311
761.663 30.206
761.867 30.257
762.071 30.324
762.275 30.304
762.479 30.348
762.683 30.494
762.888 30.522
763.092 30.502
763.296 30.643
763.500 30.803
763.709 30.890
763.918 31.080
764.126 31.237
764.335 31.414
764.544 31.634
764.753 31.790
764.962 31.843
765.171 31.911
765.379 32.015
765.588 32.073
765.797 32.080
766.006 32.139
766.215 32.167
766.424 32.166
766.632 32.144
766.841 32.145
767.050 32.136
767.259 32.209
767.468 32.339
767.677 32.431
767.885 32.490
768.094 32.604
768.303 32.767
768.512 32.871
768.721 32.962
768.929 33.084
769.138 33.166
769.347 33.177
769.556 33.185
769.765 33.226
769.974 33.323
770.182 33.425
770.391 33.467
770.600 33.470
770.809 33.478
771.018 33.539
771.227 33.565
771.435 33.609
771.644 33.753
771.853 33.815
772.062 33.831
772.271 33.819
772.480 33.816
772.688 33.940
772.897 34.132
773.106 34.378
773.315 34.467
773.524 34.572
773.732 34.604
773.941 34.615
774.150 34.709
774.359 34.846
774.568 35.031
774.777 35.186
774.985 35.251
775.194 35.209
775.403 35.173
775.612 35.248
775.821 35.316
776.030 35.428
776.238 35.502
776.447 35.553
776.656 35.654
776.865 35.713
777.074 35.764
777.283 35.885
777.491 35.984
777.700 36.053
777.909 36.125
778.118 36.248
778.327 36.318
778.535 36.416
778.744 36.591
778.953 36.654
779.162 36.670
779.371 36.718
779.580 36.744
779.788 36.880
779.997 37.015
780.206 37.132
780.415 37.181
780.624 37.234
780.833 37.285
781.041 37.308
781.250 37.366
781.459 37.491
781.668 37.642
781.877 37.606
782.086 37.517
782.294 37.495
782.503 37.556
782.712 37.605
782.921 37.667
783.130 37.812
783.338 37.921
783.547 37.953
783.756 38.058
783.965 38.152
784.174 38.357
784.383 38.591
784.591 38.689
784.800 38.732
785.009 38.858
785.218 38.992
785.427 39.020
785.636 39.033
785.844 39.039
786.053 38.952
786.262 39.001
786.471 39.064
786.680 39.056
786.889 39.123
787.097 39.193
787.306 39.236
787.515 39.299
787.724 39.355
787.933 39.424
788.141 39.514
788.350 39.654
788.559 39.665
788.768 39.674
788.977 39.738
789.186 39.729
789.394 39.675
789.603 39.673
789.812 39.708
790.021 39.712
790.230 39.753
790.439 39.935
790.647 40.059
790.856 40.038
791.065 40.140
791.274 40.205
791.483 40.314
791.692 40.494
791.900 40.516
792.109 40.562
792.318 40.675
792.527 40.797
792.736 40.839
792.944 40.863
793.153 41.051
793.362 41.101
793.571 41.167
793.780 41.235
793.989 41.319
794.197 41.546
794.406 41.663
794.615 41.737
794.824 41.888
795.033 41.991
795.242 42.173
795.450 42.272
795.659 42.359
795.868 42.402
796.077 42.500
796.286 42.567
796.495 42.531
796.703 42.591
796.912 42.723
797.121 42.750
797.330 42.811
797.539 42.710
797.747 42.622
797.956 42.684
798.165 42.835
798.374 42.947
798.583 42.962
798.792 43.065
799.000 43.178
799.209 43.241
799.418 43.266
799.627 43.336
799.836 43.489
800.045 43.737
800.253 43.737
800.462 43.659
800.671 43.625
800.880 43.746
801.089 43.844
801.298 43.893
801.506 43.844
801.715 43.939
801.924 43.964
802.133 44.060
802.342 44.153
802.550 44.309
802.759 44.579
802.968 44.694
803.177 44.755
803.386 44.841
803.595 44.846
803.803 44.916
804.012 44.911
804.221 44.970
804.430 45.018
804.639 44.978
804.848 45.004
805.056 45.031
805.265 45.147
805.474 45.213
805.683 45.311
805.892 45.484
806.101 45.725
806.309 45.796
806.518 45.867
806.727 45.991
806.936 46.177
807.145 46.249
807.353 46.134
807.562 46.082
807.771 46.252
807.980 46.398
808.189 46.374
808.398 46.271
808.606 46.264
808.815 46.246
809.024 46.070
809.233 45.899
809.442 46.003
809.651 46.164
809.859 46.248
810.068 46.213
810.277 46.066
810.486 46.074
810.695 46.231
810.904 46.471
811.112 46.652
811.321 46.735
811.530 46.913
811.740 46.903
811.949 46.966
812.159 47.068
812.368 47.066
812.578 47.133
812.787 47.383
812.997 47.718
813.206 47.772
813.416 47.762
813.625 47.845
813.835 47.788
814.044 47.890
814.254 48.087
814.463 48.103
814.673 48.179
814.882 48.346
815.092 48.233
815.301 47.891
815.511 47.786
815.720 47.822
815.930 47.954
816.139 48.139
816.349 48.110
816.558 48.044
816.768 48.200
816.977 48.305
817.187 48.299
817.396 48.298
817.606 48.431
817.815 48.665
818.025 48.668
818.234 48.583
818.444 48.608
818.653 48.718
818.863 48.684
819.072 48.665
819.282 48.822
819.491 48.938
819.701 49.025
819.910 49.119
820.120 49.077
820.329 49.250
820.539 49.424
820.748 49.412
820.958 49.576
821.167 49.767
821.377 49.848
821.586 49.693
821.796 49.648
822.005 49.905
822.215 50.070
822.424 50.069
822.634 50.114
822.843 50.233
823.053 50.316
823.262 50.303
823.472 50.322
823.681 50.315
823.891 50.375
824.100 50.563
824.310 50.545
824.519 50.263
824.729 50.279
824.938 50.295
825.148 50.280
825.357 50.448
825.567 50.633
825.776 50.789
825.986 50.770
826.195 50.714
826.405 50.552
826.614 50.563
826.824 50.784
827.033 50.876
827.243 50.914
827.452 50.942
827.662 50.936
827.871 50.740
828.081 50.715
828.290 50.982
828.500 51.108
828.709 51.241
828.919 51.273
829.128 51.333
829.338 51.385
829.547 51.496
829.757 51.666
829.966 51.670
830.176 51.714
830.385 51.676
830.595 51.641
830.804 51.696
831.014 51.627
831.223 51.681
831.433 51.752
831.642 51.782
831.852 51.665
832.061 51.409
832.271 51.352
832.480 51.515
832.690 51.453
832.899 51.434
833.109 51.730
833.318 51.914
833.528 51.932
833.737 51.916
833.947 51.962
834.156 52.075
834.366 52.354
834.575 52.402
834.785 52.334
834.994 52.443
835.204 52.324
835.413 52.091
835.623 52.055
835.832 51.978
836.042 51.978
836.251 52.141
836.461 52.164
836.670 52.084
836.880 52.149
837.089 52.358
837.299 52.518
837.508 52.796
837.718 53.024
837.927 53.222
838.137 53.380
838.346 53.278
838.556 53.056
838.765 53.172
838.975 53.367
839.184 53.418
839.394 53.125
839.603 52.904
839.813 52.792
840.022 52.660
840.232 52.588
840.441 52.576
840.651 52.850
840.860 53.046
841.070 53.006
841.279 52.964
841.489 53.045
841.698 53.250
841.908 53.298
842.117 53.273
842.327 53.174
842.536 53.186
842.746 53.205
842.955 53.235
843.165 53.473
843.374 53.586
843.584 53.589
843.793 53.638
844.003 53.811
844.212 54.040
844.422 54.120
844.631 54.192
844.841 54.200
845.050 54.177
845.260 54.185
845.469 54.008
845.679 53.893
845.888 53.970
846.098 54.151
846.307 54.019
846.517 53.860
846.726 53.878
846.936 54.302
847.145 54.510
847.355 54.562
847.564 54.457
847.774 55.026
847.983 56.088
848.193 55.997
848.402 55.722
848.612 55.561
848.821 55.650
849.031 55.731
849.240 55.422
849.450 55.206
849.659 55.185
849.869 55.186
850.078 54.543
850.288 53.754
850.497 53.955
850.707 54.114
850.916 54.308
851.126 54.441
851.335 54.472
851.545 54.541
851.754 54.690
851.964 54.845
852.173 55.051
852.383 55.142
852.592 55.025
852.802 55.070
853.011 55.166
853.221 55.202
853.430 55.082
853.640 55.083
853.849 55.309
854.059 55.417
854.268 55.425
854.478 55.376
854.687 55.492
854.897 55.582
855.106 55.625
855.316 55.534
855.525 55.404
855.735 55.355
855.944 55.391
856.154 55.507
856.363 55.593
856.573 55.677
856.782 55.628
856.992 55.477
857.201 55.571
857.411 55.438
857.620 55.415
857.830 55.622
858.039 55.712
858.249 55.705
858.458 55.516
858.668 55.405
858.877 55.227
859.087 55.429
859.296 55.713
859.506 55.644
859.715 55.644
859.925 55.585
860.134 55.587
860.344 55.627
860.553 55.713
860.763 55.734
860.972 55.742
861.182 55.968
861.391 55.939
861.601 55.661
861.810 55.669
862.020 55.746
862.229 55.829
862.439 55.968
862.648 56.238
862.858 56.230
863.067 56.079
863.277 56.013
863.486 56.108
863.696 56.151
863.905 56.219
864.115 56.162
864.324 56.165
864.534 56.229
864.743 56.083
864.953 55.951
865.162 56.027
865.372 56.248
865.581 56.302
865.791 56.314
866.000 56.307
866.210 56.658
866.419 56.850
866.629 56.878
866.838 56.831
867.048 56.831
867.257 57.084
867.467 57.248
867.676 57.281
867.886 57.286
868.095 57.068
868.305 56.942
868.514 56.737
868.724 56.583
868.933 56.681
869.143 56.655
869.352 56.622
869.562 56.424
869.771 56.333
869.981 56.205
870.190 56.289
870.400 56.406
870.609 56.568
870.819 56.596
871.028 56.823
871.238 57.073
871.447 57.306
871.657 57.446
871.866 57.275
872.076 57.389
872.285 57.517
872.495 57.543
872.704 57.433
872.914 57.458
873.123 57.545
873.333 57.286
873.542 56.844
873.752 56.636
873.961 56.726
874.171 56.877
874.380 56.522
874.590 56.328
874.799 56.420
875.009 56.668
875.218 56.736
875.428 56.340
875.637 56.473
875.847 57.070
876.056 57.338
876.266 57.261
876.475 57.244
876.685 57.564
876.894 57.849
877.104 57.709
877.313 57.512
877.523 57.503
877.732 57.907
877.942 58.052
878.151 57.667
878.361 57.314
878.570 57.208
878.780 57.224
878.989 57.158
879.199 57.443
879.408 57.585
879.618 57.387
879.827 57.356
880.037 57.566
880.246 57.644
880.456 57.614
880.665 57.770
880.875 58.017
881.084 58.372
881.294 58.477
881.503 57.930
881.713 57.802
881.922 58.255
882.132 58.240
882.341 57.993
882.551 57.962
882.760 58.250
882.970 58.384
883.179 58.603
883.389 58.406
883.598 58.063
883.808 58.204
884.017 58.358
884.227 58.002
884.436 57.902
884.646 58.007
884.855 57.932
885.065 57.641
885.274 57.660
885.484 57.717
885.693 58.069
885.903 58.130
886.112 58.152
886.322 58.203
886.531 58.532
886.741 58.654
886.950 58.601
887.160 58.609
887.369 58.470
887.579 58.419
887.788 57.984
887.998 57.663
888.207 58.012
888.417 58.107
888.626 57.833
888.836 57.281
889.045 56.937
889.255 56.919
889.464 57.176
889.674 57.434
889.883 57.325
890.093 57.417
890.302 57.192
890.512 56.992
890.721 57.267
890.931 57.310
891.140 57.670
891.350 57.885
891.559 57.850
891.769 57.757
891.978 57.635
892.188 57.812
892.397 57.728
892.607 57.958
892.816 58.244
893.026 57.707
893.235 57.472
893.445 57.620
893.654 58.011
893.864 58.401
894.073 58.198
894.283 58.183
894.492 58.026
894.702 57.986
894.911 57.892
895.121 57.699
895.330 57.849
895.540 58.258
895.749 58.542
895.959 58.526
896.168 58.408
896.378 58.508
896.587 59.013
896.797 59.233
897.006 59.319
897.216 59.523
897.425 59.281
897.635 59.108
897.844 59.063
898.054 58.774
898.263 58.475
898.473 57.973
898.682 57.660
898.892 57.481
899.101 57.667
899.311 57.548
899.520 57.322
899.730 57.686
899.939 58.015
900.149 58.018
900.358 57.913
900.568 57.993
900.777 58.494
900.987 58.797
901.196 58.385
901.406 58.119
901.615 58.308
901.825 58.402
902.034 58.183
902.244 58.196
902.453 58.387
902.663 58.461
902.872 58.438
903.082 58.363
903.291 58.360
903.501 58.659
903.710 58.711
903.920 59.101
904.129 59.196
904.339 59.314
904.548 59.115
904.758 58.661
904.967 58.617
905.177 58.733
905.386 58.771
905.596 58.869
905.805 58.999
906.015 59.186
906.224 58.894
906.434 58.579
906.643 58.347
906.853 58.237
907.062 58.646
907.272 58.744
907.481 58.575
907.691 58.741
907.900 58.731
908.110 58.662
908.319 58.483
908.529 58.276
908.738 58.410
908.948 58.658
909.157 58.524
909.367 58.185
909.576 58.491
909.786 58.765
909.995 58.694
910.205 58.589
910.414 58.315
910.624 58.501
910.833 58.657
911.043 58.764
911.252 58.827
911.462 59.555
911.672 59.814
911.881 59.456
912.091 59.137
912.300 59.176
912.512 59.179
912.724 59.368
912.937 59.282
913.149 59.664
913.361 59.831
913.573 59.541
913.786 59.166
913.998 59.190
914.210 58.995
914.422 59.368
914.634 59.071
914.847 58.978
915.059 58.615
915.271 58.627
915.483 58.271
915.696 58.194
915.908 58.713
916.120 58.914
916.332 58.802
916.544 59.227
916.757 59.206
916.969 59.260
917.181 59.596
917.393 60.160
917.606 60.023
917.818 59.905
918.030 59.601
918.242 59.513
918.454 59.179
918.667 59.125
918.879 58.908
919.091 58.830
919.303 58.503
919.516 57.908
919.728 57.848
919.940 58.146
920.152 58.400
920.364 58.732
920.577 58.477
920.789 58.139
921.001 57.852
921.213 58.207
921.426 58.614
921.638 59.095
921.850 59.001
922.062 58.556
922.274 58.518
922.487 58.735
922.699 58.696
922.911 58.915
923.123 59.528
923.336 60.069
923.548 59.699
923.760 59.272
923.972 59.370
924.184 59.638
924.397 59.639
924.609 59.475
924.821 59.496
925.033 59.460
925.246 59.442
925.458 59.531
925.670 59.508
925.882 59.821
926.094 59.883
926.307 59.723
926.519 60.185
926.731 60.776
926.943 60.918
927.156 60.491
927.368 60.333
927.580 60.337
927.792 60.330
928.004 60.484
928.217 60.147
928.429 60.160
928.641 60.310
928.853 60.452
929.066 60.333
929.278 60.252
929.490 60.220
929.702 60.417
929.914 60.183
930.127 60.364
930.339 60.459
930.551 60.785
930.763 60.718
930.976 60.622
931.188 60.268
931.400 59.903
931.612 59.779
931.824 59.880
932.037 60.075
932.249 60.631
932.461 60.448
932.673 60.316
932.886 60.458
933.098 61.065
933.310 62.042
933.522 62.253
933.734 62.915
933.947 63.220
934.159 63.300
934.371 63.145
934.583 62.498
934.796 62.490
935.008 62.703
935.220 63.017
935.432 62.082
935.644 60.928
935.857 61.050
936.069 60.645
936.281 60.294
936.493 59.474
936.706 60.015
936.918 61.380
937.130 61.391
937.342 60.986
937.554 60.549
937.767 61.515
937.979 62.047
938.191 61.957
938.403 62.075
938.616 62.138
938.828 63.092
939.040 63.227
939.252 62.674
939.464 62.653
939.677 63.024
939.889 62.814
940.101 62.360
940.313 62.959
940.526 62.997
940.738 62.554
940.950 62.393
941.162 61.728
941.374 61.136
941.587 61.580
941.799 61.341
942.011 60.592
942.223 60.530
942.436 60.474
942.648 59.530
942.860 59.502
943.072 59.466
943.284 59.420
943.497 59.871
943.709 59.891
943.921 58.813
944.133 59.487
944.346 60.640
944.558 61.191
944.770 61.253
944.982 61.104
945.194 61.178
945.407 61.726
945.619 61.696
945.831 62.028
946.043 62.454
946.256 63.231
946.468 63.366
946.680 62.912
946.892 62.652
947.104 62.657
947.317 62.977
947.529 62.588
947.741 63.321
947.953 64.176
948.166 63.014
948.378 62.560
948.590 63.339
948.802 63.174
949.014 63.264
949.227 62.983
949.439 62.706
949.651 63.095
949.863 64.322
950.076 63.679
950.288 63.434
950.500 64.764
950.712 64.465
950.924 62.979
951.137 63.665
951.349 64.916
951.561 64.984
951.773 65.920
951.986 66.845
952.198 65.545
952.410 64.413
952.622 63.798
952.834 63.936
953.047 65.304
953.259 64.835
953.471 62.904
953.683 61.200
953.896 62.923
954.108 63.344
954.320 61.329
954.532 61.151
954.744 62.803
954.957 63.848
955.169 63.307
955.381 63.158
955.593 63.685
955.806 64.066
956.018 64.227
956.230 63.297
956.442 62.389
956.654 63.007
956.867 62.831
957.079 62.179
957.291 62.608
957.503 63.617
957.716 62.698
957.928 62.845
958.140 63.288
958.352 64.249
958.564 64.427
958.777 63.768
958.989 62.996
959.201 64.117
959.413 65.036
959.626 63.912
959.838 62.477
960.050 62.216
960.262 62.384
960.474 63.277
960.687 64.396
960.899 64.605
961.111 64.800
961.323 65.587
961.536 65.262
961.748 65.247
961.960 66.001
962.172 65.840
962.384 65.222
962.597 65.454
962.809 66.268
963.021 64.425
963.233 63.207
963.446 62.676
963.658 62.012
963.870 62.280
964.082 61.978
964.294 61.635
964.507 61.001
964.719 60.988
964.931 60.377
965.143 58.713
965.356 58.702
965.568 59.110
965.780 60.067
966.000 60.539
966.221 59.557
966.441 59.265
966.662 60.144
966.882 62.245
967.103 63.050
967.323 62.678
967.543 63.242
967.764 63.685
967.984 62.938
968.205 62.088
968.425 62.172
968.645 62.014
968.866 60.919
969.086 59.878
969.307 59.151
969.527 59.732
969.748 60.460
969.968 60.139
970.188 59.105
970.409 58.771
970.629 59.510
970.850 61.006
971.070 61.499
971.290 62.263
971.511 61.898
971.731 63.031
971.952 63.952
972.172 63.141
972.393 62.482
972.613 63.336
972.833 64.494
973.054 65.224
973.274 63.889
973.495 63.878
973.715 64.730
973.936 65.585
974.156 64.470
974.376 63.439
974.597 64.241
974.817 64.236
975.038 63.390
975.258 63.018
975.478 63.220
975.699 63.638
975.919 64.300
976.140 64.376
976.360 64.229
976.581 64.079
976.801 63.928
977.021 63.914
977.242 63.205
977.462 63.688
977.683 66.042
977.903 65.887
978.123 66.624
978.344 66.820
978.564 66.133
978.785 65.115
979.005 65.597
979.226 65.980
979.446 66.373
979.666 67.595
979.887 67.706
980.107 66.079
980.328 65.865
980.548 65.910
980.769 65.320
980.989 63.807
981.209 65.046
981.430 66.248
981.650 65.677
981.871 65.324
982.091 64.782
982.311 64.977
982.532 63.405
982.752 62.402
982.973 61.685
983.193 61.600
983.414 62.688
983.634 62.133
983.854 60.242
984.075 61.188
984.295 62.452
984.516 63.228
984.736 64.214
984.956 65.634
985.177 66.123
985.397 64.153
985.618 64.816
985.838 66.811
986.059 66.769
986.279 66.541
986.499 65.225
986.720 63.884
986.940 64.494
987.161 62.791
987.381 61.026
987.602 60.914
987.822 63.802
988.042 62.784
988.263 60.751
988.483 60.740
988.704 60.533
988.924 59.802
989.144 60.452
989.365 61.321
989.585 63.662
989.806 64.357
990.026 62.965
990.247 61.652
990.467 61.018
990.687 61.815
990.908 63.018
991.128 65.242
991.349 67.181
991.569 67.241
991.789 67.158
992.010 66.620
992.230 66.921
992.451 66.903
992.671 66.725
992.892 70.202
993.112 71.536
993.332 70.494
993.553 68.898
993.773 68.774
993.994 67.433
994.214 65.324
994.435 64.088
994.655 65.399
994.875 66.620
995.096 68.106
995.316 67.572
995.537 64.175
995.757 61.501
995.977 61.410
996.198 58.523
996.418 58.321
996.639 60.303
996.859 59.966
997.080 58.646
997.300 60.103
997.520 58.627
997.741 53.463
997.961 53.681
998.182 54.799
998.402 52.593
998.622 56.563
998.843 61.432
999.063 60.238
999.284 60.312
999.504 58.936
999.725 56.967
999.945 57.810
1000.165 62.652
1000.386 63.698
1000.606 65.486
1000.827 68.592
1001.047 66.613
1001.268 61.318
1001.488 60.455
1001.708 63.572
1001.929 66.677
1002.149 67.767
1002.370 65.352
1002.590 63.420
1002.810 66.162
1003.031 65.046
1003.251 62.089
1003.472 63.273
1003.692 65.851
1003.913 67.626
1004.133 63.568
1004.353 62.129
1004.574 61.926
1004.794 64.643
1005.015 68.198
1005.235 63.699
1005.455 62.563
1005.676 65.519
1005.896 64.817
1006.117 62.779
1006.337 62.266
1006.558 66.918
1006.778 67.910
1006.998 64.379
1007.219 61.165
1007.439 57.003
1007.660 59.245
1007.880 63.202
1008.101 62.372
1008.321 58.393
1008.541 57.006
1008.762 57.789
1008.982 55.671
1009.203 56.569
1009.423 60.193
1009.643 62.108
1009.864 63.812
1010.084 60.733
1010.305 59.608
1010.525 63.956
1010.746 66.039
1010.966 62.131
1011.186 58.323
1011.407 57.093
1011.627 55.413
1011.848 54.297
1012.068 53.761
1012.288 52.009
1012.509 54.744
1012.729 52.185
1012.950 42.908
