290.797 76.273
290.982 78.976
291.167 78.517
291.352 79.053
291.537 85.963
291.722 85.091
291.907 83.601
292.091 82.778
292.276 80.559
292.461 81.910
292.646 79.502
292.831 78.496
293.016 77.752
293.201 78.166
293.386 75.729
293.571 72.819
293.756 70.689
293.940 73.365
294.125 74.270
294.310 73.026
294.495 71.604
294.680 73.824
294.865 78.614
295.050 78.637
295.235 75.897
295.420 74.034
295.605 72.993
295.789 71.932
295.974 70.594
296.159 70.743
296.344 71.365
296.529 71.322
296.714 71.795
296.899 73.294
297.084 74.636
297.269 75.001
297.454 73.941
297.638 73.532
297.823 75.368
298.008 76.659
298.193 77.099
298.378 75.406
298.563 75.105
298.748 74.399
298.933 74.631
299.118 76.591
299.303 75.734
299.487 73.912
299.672 74.386
299.857 74.313
300.042 72.364
300.227 69.899
300.412 67.445
300.597 66.986
300.782 67.334
300.967 68.048
301.152 67.753
301.336 69.909
301.521 71.862
301.706 70.859
301.891 70.745
302.076 72.588
302.261 73.067
302.446 74.609
302.631 73.878
302.816 75.291
303.001 75.884
303.185 79.100
303.370 78.897
303.555 75.563
303.740 72.244
303.925 70.465
304.110 68.215
304.295 66.991
304.480 62.532
304.665 61.799
304.850 64.976
305.034 66.505
305.219 68.484
305.404 68.608
305.589 68.675
305.774 68.934
305.959 68.089
306.144 67.355
306.329 68.629
306.514 67.789
306.699 66.529
306.883 65.898
307.068 66.162
307.253 65.866
307.438 64.681
307.623 62.979
307.808 63.593
307.993 65.600
308.178 65.486
308.363 64.545
308.548 63.607
308.732 63.667
308.917 65.601
309.102 66.585
309.287 66.673
309.472 67.172
309.657 67.436
309.842 69.217
310.027 71.192
310.212 68.384
310.397 64.494
310.581 62.362
310.766 62.304
310.951 62.860
311.136 61.929
311.321 60.011
311.506 59.741
311.691 60.822
311.876 61.696
312.061 62.385
312.245 61.311
312.430 59.385
312.615 60.519
312.800 63.163
312.985 64.613
313.170 64.631
313.347 62.890
313.523 62.511
313.700 64.011
313.877 61.690
314.054 59.748
314.230 57.938
314.407 57.843
314.584 58.864
314.761 58.893
314.937 58.688
315.114 59.735
315.291 59.263
315.467 60.132
315.644 60.307
315.821 59.637
315.998 58.772
316.174 57.597
316.351 56.946
316.528 57.205
316.704 57.027
316.881 56.281
317.058 55.865
317.235 56.629
317.411 57.199
317.588 57.908
317.765 57.936
317.942 57.672
318.118 57.137
318.295 57.422
318.472 58.478
318.648 58.074
318.825 56.432
319.002 56.129
319.179 55.481
319.355 54.375
319.532 53.772
319.709 53.503
319.885 54.370
320.062 53.850
320.239 53.981
320.416 54.768
320.592 55.431
320.769 56.562
320.946 56.461
321.123 55.714
321.299 56.811
321.476 56.572
321.653 55.573
321.829 55.366
322.006 54.512
322.183 54.122
322.360 53.709
322.536 53.322
322.713 52.563
322.890 52.181
323.066 53.784
323.243 53.939
323.420 52.608
323.597 52.995
323.773 55.533
323.950 56.350
324.127 55.307
324.304 54.448
324.480 55.423
324.657 56.938
324.834 55.948
325.010 53.999
325.187 53.625
325.364 54.512
325.541 54.106
325.717 53.338
325.894 52.235
326.071 52.557
326.248 51.487
326.424 50.643
326.601 51.278
326.778 52.169
326.954 51.983
327.131 51.911
327.308 51.419
327.485 51.141
327.661 51.061
327.838 50.667
328.015 49.585
328.191 49.060
328.368 49.437
328.545 49.646
328.722 49.460
328.898 48.500
329.075 47.579
329.252 48.394
329.429 48.438
329.605 47.529
329.782 46.929
329.959 47.678
330.135 49.170
330.312 49.625
330.489 48.261
330.666 48.474
330.842 48.898
331.019 48.816
331.196 47.910
331.372 47.102
331.549 47.008
331.726 46.995
331.903 45.964
332.079 45.888
332.256 46.703
332.433 47.396
332.610 47.110
332.786 45.885
332.963 45.097
333.140 45.845
333.316 46.132
333.493 45.445
333.670 46.043
333.847 46.294
334.023 46.818
334.200 48.832
334.377 48.449
334.553 46.990
334.730 46.079
334.907 44.612
335.084 44.603
335.260 44.325
335.437 43.036
335.614 43.098
335.791 44.058
335.967 45.643
336.144 46.016
336.321 46.028
336.497 46.661
336.674 46.075
336.851 45.258
337.028 44.965
337.204 44.234
337.381 43.432
337.558 42.753
337.734 42.925
337.911 44.334
338.088 44.498
338.265 43.833
338.441 43.914
338.618 45.525
338.795 46.336
338.972 44.519
339.148 42.800
339.325 43.196
339.502 44.185
339.678 44.093
339.855 42.307
340.032 41.618
340.209 42.796
340.385 42.721
340.562 41.896
340.739 41.103
340.916 40.084
341.092 39.901
341.269 39.804
341.446 40.220
341.622 41.144
341.799 41.186
341.976 40.979
342.153 41.454
342.329 41.888
342.506 42.298
342.683 41.535
342.859 40.519
343.036 39.909
343.213 39.389
343.390 39.392
343.566 39.283
343.743 38.232
343.920 38.020
344.097 37.683
344.273 37.435
344.450 37.670
344.627 37.357
344.803 36.637
344.980 36.953
345.157 37.859
345.334 38.546
345.510 38.805
345.687 38.557
345.864 38.454
346.040 38.469
346.217 38.640
346.394 38.074
346.571 37.699
346.747 37.743
346.924 37.559
347.101 36.515
347.278 36.734
347.454 37.321
347.631 37.032
347.808 37.405
347.984 37.163
348.161 36.718
348.338 37.809
348.515 38.317
348.691 37.349
348.868 36.460
349.045 35.212
349.221 35.020
349.398 35.031
349.575 34.423
349.752 33.536
349.928 33.555
350.105 34.395
350.282 34.872
350.459 35.025
350.635 35.065
350.812 35.512
350.989 35.790
351.165 35.052
351.342 35.113
351.519 35.840
351.696 35.825
351.872 35.905
352.049 35.511
352.226 35.352
352.402 35.660
352.579 34.929
352.756 33.830
352.933 33.977
353.109 34.572
353.286 34.577
353.463 33.983
353.640 33.544
353.816 33.452
353.993 33.452
354.170 32.656
354.346 31.966
354.523 31.591
354.700 32.091
354.877 32.763
355.053 32.924
355.230 33.237
355.407 33.319
355.584 33.384
355.760 33.657
355.937 33.656
356.114 33.531
356.290 33.406
356.467 33.126
356.644 33.594
356.821 34.063
356.997 33.879
357.174 33.523
357.351 33.488
357.527 33.500
357.704 33.259
357.881 33.140
358.058 32.689
358.234 33.065
358.411 33.555
358.588 33.417
358.765 33.374
358.941 33.177
359.118 32.786
359.295 32.728
359.471 32.315
359.648 31.750
359.825 31.213
360.002 30.909
360.178 31.452
360.355 31.699
360.532 31.870
360.708 31.902
360.885 31.779
361.062 31.889
361.239 31.796
361.415 30.749
361.592 30.292
361.769 30.094
361.946 29.925
362.122 30.105
362.299 30.650
362.476 30.968
362.652 31.098
362.829 31.269
363.006 31.225
363.183 31.528
363.359 31.116
363.536 30.996
363.713 30.905
363.889 30.884
364.066 30.870
364.243 30.921
364.420 30.282
364.596 30.162
364.773 29.460
364.950 29.009
365.127 29.291
365.303 29.452
365.480 29.487
365.661 29.704
365.841 30.196
366.022 30.542
366.202 30.730
366.383 30.620
366.563 30.203
366.744 29.425
366.924 29.239
367.105 29.015
367.286 28.790
367.466 28.763
367.647 28.506
367.827 28.211
368.008 28.850
368.188 29.083
368.369 29.175
368.549 29.183
368.730 28.920
368.911 29.305
369.091 29.236
369.272 28.764
369.452 28.661
369.633 28.388
369.813 28.525
369.994 28.523
370.174 28.253
370.355 28.996
370.535 29.115
370.716 28.599
370.897 28.428
371.077 28.197
371.258 28.219
371.438 28.100
371.619 27.819
371.799 28.334
371.980 28.888
372.160 28.910
372.341 28.608
372.522 28.471
372.702 28.573
372.883 28.472
373.063 28.053
373.244 27.725
373.424 27.643
373.605 28.055
373.785 28.328
373.966 28.621
374.147 28.500
374.327 28.118
374.508 28.021
374.688 28.220
374.869 28.260
375.049 28.008
375.230 27.803
375.410 28.245
375.591 29.054
375.772 29.236
375.952 28.971
376.133 28.652
376.313 28.873
376.494 28.691
376.674 28.219
376.855 27.427
377.035 27.197
377.216 27.451
377.397 27.313
377.577 27.347
377.758 27.710
377.938 27.817
378.119 27.923
378.299 27.989
378.480 27.739
378.660 27.781
378.841 27.629
379.021 27.513
379.202 27.588
379.383 27.418
379.563 27.300
379.744 27.416
379.924 27.482
380.105 27.240
380.285 26.964
380.466 26.979
380.646 27.169
380.827 27.125
381.008 26.939
381.188 26.787
381.369 26.888
381.549 27.016
381.730 27.148
381.910 27.062
382.091 26.984
382.271 27.278
382.452 27.464
382.633 27.441
382.813 27.315
382.994 26.986
383.174 27.427
383.355 28.088
383.535 28.014
383.716 27.996
383.896 28.102
384.077 28.260
384.258 28.254
384.438 27.920
384.619 27.573
384.799 27.563
384.980 27.606
385.160 27.538
385.341 27.500
385.521 27.405
385.702 27.347
385.882 27.270
386.063 27.170
386.244 27.260
386.424 27.377
386.605 27.339
386.785 27.531
386.966 27.623
387.146 27.656
387.327 27.719
387.507 27.612
387.688 27.565
387.869 27.565
388.049 27.604
388.230 27.745
388.410 28.076
388.591 28.271
388.771 28.455
388.952 28.496
389.132 28.651
389.313 28.687
389.494 28.463
389.674 28.205
389.855 28.109
390.035 27.975
390.216 27.948
390.396 28.023
390.577 28.104
390.757 28.575
390.938 28.687
391.119 28.552
391.299 28.557
391.480 28.674
391.660 28.705
391.841 28.841
392.021 28.792
392.202 28.947
392.382 29.233
392.563 29.395
392.743 29.584
392.924 29.548
393.105 29.448
393.285 29.360
393.466 29.251
393.646 29.352
393.827 29.461
394.007 29.522
394.188 29.706
394.368 29.557
394.549 29.657
394.730 29.860
394.910 29.809
395.091 29.741
395.271 29.752
395.452 29.701
395.632 30.225
395.813 30.454
395.993 30.210
396.174 30.231
396.355 30.389
396.535 30.385
396.716 30.381
396.896 30.169
397.077 30.189
397.257 30.663
397.438 30.750
397.618 30.693
397.799 30.547
397.980 30.460
398.160 30.507
398.341 30.451
398.521 30.260
398.702 30.275
398.882 30.340
399.063 30.491
399.243 30.658
399.424 30.655
399.605 30.751
399.785 30.770
399.966 30.874
400.146 30.861
400.327 30.860
400.507 30.864
400.688 30.953
400.868 30.869
401.049 30.699
401.229 30.598
401.410 30.603
401.591 30.581
401.771 30.633
401.952 30.654
402.132 30.716
402.313 30.873
402.493 30.807
402.674 30.810
402.854 30.923
403.035 31.001
403.216 30.966
403.396 30.981
403.577 30.885
403.757 31.018
403.938 31.183
404.118 31.092
404.299 30.905
404.479 30.691
404.660 30.440
404.841 30.504
405.023 30.437
405.204 30.326
405.385 30.383
405.566 30.325
405.748 30.504
405.929 30.654
406.110 30.568
406.292 30.517
406.473 30.679
406.654 30.791
406.835 31.011
407.017 30.957
407.198 30.685
407.379 30.531
407.560 30.534
407.742 30.310
407.923 30.064
408.104 29.805
408.286 29.675
408.467 29.658
408.648 29.782
408.829 29.751
409.011 29.914
409.192 30.251
409.373 30.321
409.555 30.265
409.736 30.300
409.917 30.296
410.098 30.307
410.280 30.122
410.461 29.778
410.642 29.723
410.823 29.749
411.005 29.642
411.186 29.411
411.367 29.309
411.549 29.348
411.730 29.403
411.911 29.414
412.092 29.391
412.274 29.436
412.455 29.512
412.636 29.551
412.818 29.316
412.999 29.077
413.180 29.004
413.361 28.862
413.543 28.844
413.724 28.909
413.905 28.863
414.087 28.945
414.268 28.956
414.449 28.909
414.630 28.969
414.812 28.878
414.993 28.765
415.174 28.737
415.355 28.682
415.537 28.576
415.718 28.446
415.899 28.286
416.081 28.261
416.262 28.203
416.443 27.988
416.624 27.785
416.806 27.768
416.987 27.734
417.168 27.720
417.350 27.596
417.531 27.437
417.712 27.376
417.893 27.369
418.075 27.357
418.256 27.321
418.437 27.292
418.618 27.183
418.800 27.089
418.981 26.938
419.162 26.822
419.344 26.760
419.525 26.654
419.706 26.633
419.887 26.753
420.069 26.861
420.250 26.889
420.431 26.848
420.613 26.762
420.794 26.661
420.975 26.572
421.156 26.466
421.338 26.326
421.519 26.333
421.700 26.323
421.882 26.223
422.063 26.213
422.244 26.110
422.425 25.962
422.607 25.924
422.788 25.826
422.969 25.667
423.150 25.663
423.332 25.651
423.513 25.726
423.694 25.927
423.876 25.948
424.057 25.799
424.238 25.730
424.419 25.628
424.601 25.534
424.782 25.541
424.963 25.615
425.145 25.560
425.326 25.659
425.507 25.702
425.688 25.714
425.870 25.653
426.051 25.493
426.232 25.035
426.413 24.851
426.595 24.794
426.776 24.794
426.957 24.661
427.139 24.570
427.320 24.530
427.501 24.750
427.682 24.819
427.864 24.684
428.045 24.446
428.226 24.376
428.408 24.367
428.589 24.241
428.770 24.049
428.951 23.946
429.133 23.908
429.314 23.912
429.495 23.935
429.677 23.946
429.858 23.909
430.039 23.811
430.220 23.770
430.402 23.682
430.583 23.714
430.764 23.661
430.945 23.612
431.127 23.582
431.308 23.560
431.489 23.491
431.671 23.570
431.852 23.604
432.033 23.561
432.214 23.441
432.396 23.355
432.577 23.320
432.758 23.366
432.940 23.254
433.121 23.115
433.302 23.150
433.483 23.171
433.665 23.127
433.846 23.136
434.027 23.163
434.208 23.278
434.390 23.330
434.571 23.259
434.752 23.272
434.934 23.270
435.115 23.163
435.296 23.077
435.477 23.001
435.659 22.958
435.840 22.952
436.030 22.944
436.220 22.969
436.410 22.995
436.600 22.860
436.790 22.769
436.980 22.720
437.170 22.722
437.360 22.740
437.550 22.696
437.741 22.648
437.931 22.711
438.121 22.761
438.311 22.766
438.501 22.730
438.691 22.616
438.881 22.610
439.071 22.662
439.261 22.640
439.451 22.593
439.641 22.506
439.831 22.357
440.021 22.290
440.211 22.188
440.401 22.063
440.591 22.022
440.781 22.020
440.971 22.088
441.161 22.234
441.351 22.297
441.542 22.309
441.732 22.276
441.922 22.246
442.112 22.185
442.302 22.126
442.492 22.033
442.682 22.005
442.872 22.020
443.062 22.016
443.252 21.965
443.442 21.948
443.632 21.949
443.822 21.973
444.012 21.937
444.202 21.903
444.392 21.855
444.582 21.860
444.772 21.845
444.962 21.760
445.153 21.655
445.343 21.630
445.533 21.644
445.723 21.689
445.913 21.692
446.103 21.688
446.293 21.723
446.483 21.745
446.673 21.752
446.863 21.748
447.053 21.781
447.243 21.823
447.433 21.839
447.623 21.921
447.813 21.975
448.003 21.965
448.193 21.930
448.383 21.977
448.573 21.985
448.764 21.971
448.954 21.920
449.144 21.820
449.334 21.837
449.524 21.870
449.714 21.817
449.904 21.785
450.094 21.788
450.284 21.780
450.474 21.901
450.664 21.926
450.854 21.922
451.044 21.898
451.234 21.917
451.424 21.931
451.614 21.897
451.804 21.774
451.994 21.710
452.184 21.763
452.375 21.747
452.565 21.739
452.755 21.777
452.945 21.842
453.135 21.956
453.325 21.984
453.515 21.955
453.705 22.022
453.895 22.078
454.085 22.065
454.275 22.042
454.465 22.038
454.655 22.144
454.845 22.185
455.035 22.119
455.225 22.062
455.415 22.123
455.605 22.105
455.795 22.016
455.985 21.954
456.176 21.967
456.366 21.998
456.556 21.977
456.746 21.934
456.936 21.944
457.126 22.008
457.316 21.987
457.506 21.962
457.696 21.990
457.886 22.036
458.076 22.017
458.266 21.994
458.456 21.980
458.646 21.976
458.836 21.960
459.026 21.956
459.216 21.977
459.406 22.026
459.596 22.102
459.787 22.131
459.977 22.141
460.167 22.130
460.357 22.156
460.547 22.191
460.737 22.142
460.927 22.169
461.117 22.212
461.307 22.280
461.497 22.310
461.687 22.402
461.877 22.457
462.067 22.528
462.257 22.580
462.447 22.660
462.637 22.756
462.827 22.820
463.017 22.753
463.207 22.702
463.397 22.739
463.588 22.811
463.778 22.833
463.968 22.787
464.158 22.840
464.348 22.907
464.538 22.943
464.728 22.962
464.918 22.946
465.108 22.906
465.298 22.887
465.488 22.898
465.678 22.925
465.868 22.961
466.058 23.001
466.248 23.028
466.438 23.101
466.628 23.147
466.818 23.161
467.008 23.236
467.199 23.321
467.389 23.340
467.579 23.349
467.769 23.354
467.959 23.420
468.149 23.519
468.339 23.510
468.529 23.459
468.719 23.514
468.909 23.600
469.099 23.733
469.289 23.747
469.479 23.676
469.669 23.742
469.859 23.864
470.049 23.869
470.239 23.831
470.429 23.771
470.619 23.793
470.810 23.925
471.000 23.963
471.190 23.967
471.380 24.022
471.570 24.120
471.760 24.164
471.950 24.218
472.140 24.214
472.330 24.253
472.520 24.314
472.710 24.385
472.900 24.382
473.090 24.389
473.280 24.413
473.470 24.438
473.660 24.422
473.850 24.438
474.040 24.431
474.230 24.465
474.421 24.562
474.611 24.630
474.801 24.675
474.991 24.724
475.181 24.757
475.371 24.836
475.561 24.893
475.751 24.907
475.941 24.939
476.131 24.930
476.321 24.924
476.511 24.944
476.701 24.944
476.891 24.962
477.081 25.006
477.271 25.005
477.461 25.043
477.651 25.106
477.841 25.150
478.031 25.186
478.222 25.198
478.412 25.206
478.602 25.253
478.792 25.325
478.982 25.407
479.172 25.505
479.362 25.579
479.552 25.629
479.742 25.692
479.932 25.783
480.122 25.815
480.312 25.842
480.502 25.863
480.692 25.902
480.882 26.024
481.072 26.104
481.262 26.117
481.452 26.180
481.642 26.270
481.833 26.358
482.023 26.442
482.213 26.515
482.403 26.592
482.593 26.706
482.783 26.822
482.973 26.886
483.163 26.972
483.353 27.048
483.543 27.076
483.733 27.104
483.923 27.174
484.113 27.235
484.303 27.301
484.493 27.329
484.683 27.338
484.873 27.359
485.063 27.493
485.253 27.611
485.443 27.685
485.634 27.772
485.824 27.875
486.014 27.982
486.204 28.107
486.394 28.164
486.584 28.195
486.774 28.294
486.964 28.412
487.154 28.486
487.344 28.596
487.534 28.694
487.724 28.761
487.914 28.858
488.104 28.917
488.294 28.973
488.484 29.057
488.674 29.141
488.864 29.240
489.054 29.345
489.245 29.413
489.435 29.487
489.625 29.556
489.815 29.643
490.005 29.740
490.195 29.819
490.385 29.965
490.575 30.066
490.765 30.166
490.955 30.288
491.145 30.408
491.335 30.493
491.525 30.569
491.715 30.569
491.905 30.612
492.095 30.703
492.285 30.793
492.475 30.836
492.665 30.834
492.856 30.874
493.046 30.965
493.236 31.092
493.426 31.153
493.616 31.189
493.806 31.250
493.996 31.334
494.186 31.432
494.376 31.493
494.566 31.555
494.756 31.675
494.946 31.739
495.136 31.811
495.326 31.937
495.516 32.038
495.706 32.126
495.896 32.233
496.086 32.296
496.276 32.406
496.467 32.499
496.657 32.557
496.847 32.654
497.037 32.821
497.227 32.879
497.417 32.932
497.607 33.011
497.797 33.105
497.987 33.221
498.177 33.266
498.367 33.254
498.557 33.264
498.747 33.340
498.937 33.417
499.127 33.513
499.317 33.631
499.507 33.742
499.697 33.835
499.887 33.996
500.077 34.123
500.268 34.255
500.458 34.312
500.648 34.339
500.838 34.396
501.028 34.462
501.218 34.520
501.408 34.576
501.598 34.639
501.788 34.735
501.978 34.844
502.168 34.940
502.358 35.099
502.548 35.214
502.738 35.309
502.928 35.386
503.118 35.506
503.308 35.610
503.498 35.718
503.688 35.786
503.879 35.880
504.069 35.976
504.259 36.050
504.449 36.106
504.639 36.157
504.829 36.199
505.019 36.246
505.209 36.303
505.399 36.377
505.589 36.448
505.779 36.508
505.969 36.589
506.159 36.681
506.349 36.754
506.539 36.857
506.729 36.935
506.919 36.998
507.109 37.074
507.299 37.149
507.490 37.222
507.680 37.277
507.870 37.322
508.060 37.358
508.250 37.437
508.440 37.496
508.630 37.554
508.820 37.647
509.010 37.743
509.200 37.840
509.390 37.924
509.580 37.988
509.770 38.090
509.960 38.195
510.150 38.273
510.340 38.348
510.530 38.390
510.720 38.515
510.910 38.646
511.100 38.737
511.291 38.824
511.481 38.914
511.671 38.999
511.861 39.109
512.051 39.172
512.241 39.297
512.431 39.519
512.621 39.581
512.811 39.665
513.001 39.772
513.191 39.839
513.381 39.951
513.571 39.971
513.761 39.876
513.951 39.972
514.141 40.045
514.331 40.142
514.521 40.255
514.711 40.329
514.902 40.414
515.092 40.548
515.282 40.659
515.472 40.762
515.662 40.859
515.852 40.922
516.042 40.929
516.232 41.001
516.422 41.052
516.612 41.101
516.802 41.170
516.992 41.206
517.182 41.301
517.372 41.423
517.562 41.508
517.752 41.596
517.942 41.685
518.132 41.778
518.322 41.875
518.513 41.941
518.703 42.059
518.893 42.151
519.083 42.233
519.273 42.320
519.463 42.412
519.653 42.526
519.843 42.599
520.033 42.637
520.223 42.707
520.413 42.776
520.603 42.814
520.793 42.872
520.983 42.905
521.173 42.988
521.363 43.093
521.553 43.158
521.743 43.249
521.933 43.343
522.123 43.408
522.314 43.501
522.504 43.612
522.694 43.688
522.884 43.734
523.074 43.755
523.264 43.817
523.454 43.884
523.644 43.924
523.834 43.934
524.024 44.002
524.214 44.118
524.404 44.208
524.594 44.257
524.784 44.294
524.974 44.357
525.164 44.445
525.354 44.477
525.544 44.509
525.734 44.553
525.925 44.639
526.115 44.703
526.305 44.701
526.495 44.729
526.685 44.832
526.875 44.923
527.065 45.020
527.255 45.053
527.445 45.057
527.635 45.106
527.825 45.145
528.015 45.132
528.205 45.171
528.395 45.214
528.585 45.237
528.775 45.299
528.965 45.388
529.155 45.433
529.345 45.485
529.535 45.509
529.726 45.538
529.916 45.566
530.106 45.618
530.296 45.670
530.486 45.738
530.676 45.782
530.866 45.816
531.056 45.831
531.246 45.874
531.436 45.920
531.626 45.952
531.816 45.957
532.006 45.964
532.196 45.962
532.386 45.982
532.576 46.031
532.766 46.013
532.956 45.997
533.146 46.039
533.337 46.065
533.527 46.098
533.717 46.106
533.907 46.091
534.097 46.118
534.287 46.157
534.477 46.187
534.667 46.239
534.857 46.283
535.047 46.354
535.237 46.429
535.427 46.473
535.617 46.478
535.807 46.453
535.997 46.435
536.187 46.431
536.377 46.396
536.567 46.354
536.757 46.371
536.948 46.402
537.138 46.419
537.328 46.451
537.518 46.446
537.708 46.455
537.898 46.467
538.088 46.447
538.278 46.428
538.468 46.418
538.658 46.397
538.848 46.406
539.038 46.399
539.228 46.410
539.418 46.425
539.608 46.446
539.798 46.500
539.988 46.531
540.178 46.516
540.368 46.506
540.558 46.461
540.749 46.419
540.939 46.360
541.129 46.283
541.319 46.184
541.509 46.114
541.699 46.086
541.889 46.222
542.079 46.510
542.269 46.467
542.459 46.425
542.649 46.418
542.839 46.444
543.029 46.396
543.219 46.225
543.409 45.892
543.599 45.934
543.789 45.942
543.979 45.908
544.169 45.878
544.360 45.861
544.550 45.827
544.740 45.807
544.930 45.738
545.120 45.666
545.310 45.638
545.500 45.588
545.690 45.551
545.880 45.526
546.070 45.472
546.267 45.410
546.463 45.380
546.660 45.330
546.857 45.272
547.054 45.258
547.251 45.204
547.447 45.170
547.644 45.144
547.841 45.102
548.038 45.053
548.234 45.019
548.431 44.950
548.628 44.910
548.825 44.865
549.021 44.820
549.218 44.763
549.415 44.702
549.612 44.623
549.808 44.556
550.005 44.472
550.202 44.404
550.399 44.347
550.595 44.234
550.792 44.164
550.989 44.128
551.186 44.078
551.382 44.012
551.579 43.931
551.776 43.870
551.973 43.852
552.169 43.812
552.366 43.725
552.563 43.654
552.760 43.588
552.956 43.517
553.153 43.447
553.350 43.386
553.547 43.305
553.743 43.267
553.940 43.209
554.137 43.157
554.334 43.084
554.530 42.984
554.727 42.869
554.924 42.781
555.121 42.693
555.317 42.619
555.514 42.520
555.711 42.411
555.908 42.324
556.104 42.269
556.301 42.193
556.498 42.076
556.695 41.956
556.891 41.855
557.088 41.816
557.285 41.740
557.482 41.650
557.678 41.580
557.875 41.530
558.072 41.457
558.269 41.420
558.465 41.351
558.662 41.287
558.859 41.197
559.056 41.108
559.252 41.011
559.449 40.910
559.646 40.788
559.843 40.696
560.039 40.602
560.236 40.519
560.433 40.409
560.630 40.299
560.826 40.210
561.023 40.115
561.220 40.019
561.417 39.913
561.613 39.831
561.810 39.756
562.007 39.686
562.204 39.587
562.400 39.493
562.597 39.383
562.794 39.298
562.991 39.217
563.187 39.165
563.384 39.103
563.581 39.053
563.778 38.960
563.974 38.856
564.171 38.776
564.368 38.684
564.565 38.556
564.761 38.430
564.958 38.325
565.155 38.274
565.352 38.222
565.548 38.113
565.745 37.991
565.942 37.929
566.139 37.881
566.335 37.796
566.532 37.702
566.729 37.623
566.926 37.537
567.122 37.491
567.319 37.404
567.516 37.273
567.713 37.163
567.909 37.066
568.106 36.959
568.303 36.889
568.500 36.795
568.696 36.681
568.893 36.596
569.090 36.520
569.287 36.437
569.483 36.356
569.680 36.270
569.877 36.197
570.074 36.108
570.270 36.029
570.467 35.972
570.664 35.885
570.861 35.804
571.057 35.711
571.254 35.609
571.451 35.532
571.648 35.428
571.844 35.306
572.041 35.225
572.238 35.134
572.435 35.060
572.631 34.996
572.828 34.927
573.025 34.884
573.222 34.863
573.418 34.773
573.615 34.696
573.812 34.622
574.009 34.500
574.205 34.397
574.402 34.309
574.599 34.214
574.796 34.152
574.992 34.081
575.189 34.004
575.386 33.963
575.583 33.914
575.779 33.811
575.976 33.708
576.173 33.621
576.370 33.535
576.567 33.459
576.763 33.402
576.960 33.327
577.158 33.282
577.356 33.226
577.554 33.134
577.752 33.057
577.950 32.956
578.148 32.847
578.346 32.788
578.544 32.701
578.742 32.584
578.940 32.529
579.138 32.460
579.336 32.370
579.534 32.282
579.732 32.188
579.930 32.117
580.128 32.074
580.326 32.000
580.524 31.947
580.722 31.913
580.920 31.836
581.118 31.745
581.316 31.661
581.514 31.604
581.712 31.566
581.909 31.445
582.107 31.333
582.305 31.296
582.503 31.284
582.701 31.245
582.899 31.180
583.097 31.085
583.295 31.040
583.493 30.982
583.691 30.908
583.889 30.808
584.087 30.724
584.285 30.639
584.483 30.583
584.681 30.544
584.879 30.508
585.077 30.458
585.275 30.385
585.473 30.297
585.671 30.240
585.869 30.186
586.067 30.131
586.265 30.078
586.463 30.001
586.661 29.945
586.859 29.909
587.057 29.859
587.255 29.775
587.453 29.700
587.651 29.644
587.849 29.594
588.047 29.526
588.245 29.466
588.443 29.391
588.641 29.339
588.839 29.310
589.037 29.247
589.235 29.209
589.433 29.160
589.631 29.097
589.829 29.055
590.027 29.011
590.225 28.922
590.423 28.852
590.621 28.785
590.819 28.739
591.017 28.707
591.215 28.650
591.413 28.587
591.611 28.515
591.809 28.464
592.006 28.394
592.204 28.349
592.402 28.290
592.600 28.250
592.798 28.206
592.996 28.174
593.194 28.128
593.392 28.083
593.590 28.026
593.788 27.986
593.986 27.931
594.184 27.883
594.382 27.858
594.580 27.817
594.778 27.792
594.976 27.767
595.174 27.707
595.372 27.650
595.570 27.575
595.768 27.503
595.966 27.439
596.164 27.360
596.362 27.277
596.560 27.230
596.758 27.201
596.956 27.163
597.154 27.105
597.352 27.059
597.550 27.027
597.748 26.976
597.946 26.926
598.144 26.911
598.342 26.899
598.540 26.885
598.738 26.853
598.936 26.815
599.134 26.801
599.332 26.780
599.530 26.679
599.728 26.597
599.926 26.547
600.124 26.522
600.322 26.486
600.520 26.427
600.718 26.401
600.916 26.405
601.114 26.361
601.312 26.301
601.510 26.264
601.708 26.223
601.905 26.174
602.103 26.101
602.301 26.069
602.499 26.092
602.697 26.122
602.895 26.079
603.093 26.046
603.291 26.037
603.489 26.018
603.687 25.951
603.885 25.882
604.083 25.786
604.281 25.750
604.479 25.731
604.677 25.669
604.875 25.609
605.073 25.596
605.271 25.600
605.469 25.582
605.667 25.548
605.865 25.503
606.063 25.482
606.261 25.466
606.459 25.451
606.657 25.478
606.855 25.459
607.053 25.421
607.251 25.388
607.449 25.374
607.647 25.340
607.845 25.260
608.043 25.125
608.241 25.081
608.439 25.030
608.637 24.985
608.835 24.952
609.033 24.924
609.231 24.916
609.429 24.909
609.627 24.883
609.825 24.873
610.023 24.852
610.221 24.858
610.419 24.852
610.617 24.810
610.815 24.769
611.013 24.734
611.211 24.708
611.409 24.706
611.607 24.666
611.804 24.634
612.002 24.632
612.200 24.632
612.398 24.644
612.596 24.634
612.794 24.610
612.992 24.578
613.190 24.549
613.388 24.529
613.586 24.509
613.784 24.467
613.982 24.464
614.180 24.442
614.378 24.428
614.576 24.436
614.774 24.445
614.972 24.423
615.170 24.389
615.368 24.334
615.566 24.312
615.764 24.293
615.962 24.246
616.160 24.196
616.358 24.170
616.556 24.170
616.754 24.166
616.952 24.171
617.150 24.162
617.348 24.151
617.546 24.139
617.744 24.119
617.942 24.104
618.140 24.098
618.338 24.068
618.536 24.059
618.734 24.073
618.932 24.086
619.130 24.102
619.328 24.122
619.526 24.142
619.724 24.157
619.922 24.134
620.120 24.109
620.318 24.114
620.516 24.113
620.714 24.111
620.912 24.106
621.110 24.086
621.308 24.102
621.506 24.109
621.704 24.069
621.901 24.062
622.099 24.081
622.297 24.098
622.495 24.077
622.693 24.067
622.891 24.058
623.089 24.080
623.287 24.060
623.485 24.018
623.683 23.977
623.881 23.982
624.079 23.961
624.277 23.951
624.475 23.945
624.673 23.980
624.871 24.008
625.069 24.031
625.267 24.070
625.465 24.110
625.663 24.139
625.861 24.154
626.059 24.138
626.257 24.134
626.455 24.141
626.653 24.141
626.851 24.164
627.049 24.176
627.247 24.162
627.445 24.170
627.643 24.159
627.841 24.156
628.039 24.169
628.237 24.181
628.435 24.174
628.633 24.175
628.831 24.173
629.029 24.165
629.227 24.138
629.425 24.114
629.623 24.094
629.821 24.127
630.019 24.172
630.217 24.209
630.415 24.235
630.613 24.254
630.811 24.262
631.009 24.281
631.207 24.291
631.405 24.292
631.603 24.286
631.801 24.309
631.998 24.339
632.196 24.402
632.394 24.420
632.592 24.404
632.790 24.422
632.988 24.410
633.186 24.391
633.384 24.387
633.582 24.350
633.780 24.316
633.978 24.316
634.176 24.298
634.374 24.305
634.572 24.325
634.770 24.338
634.968 24.315
635.166 24.308
635.364 24.331
635.562 24.363
635.760 24.379
635.958 24.374
636.156 24.369
636.354 24.406
636.552 24.449
636.750 24.436
636.948 24.398
637.146 24.404
637.344 24.433
637.542 24.470
637.740 24.494
637.938 24.476
638.136 24.481
638.334 24.483
638.532 24.710
638.730 25.153
638.928 25.134
639.126 25.108
639.324 25.124
639.522 25.138
639.720 25.170
639.918 25.003
640.116 24.599
640.314 24.614
640.512 24.639
640.710 24.677
640.908 24.684
641.106 24.724
641.304 24.739
641.502 24.753
641.699 24.771
641.897 24.799
642.095 24.807
642.293 24.831
642.491 24.843
642.689 24.851
642.887 24.856
643.085 24.889
643.283 24.902
643.481 24.908
643.679 24.921
643.877 24.910
644.075 24.918
644.273 24.948
644.471 24.957
644.669 24.992
644.867 25.033
645.065 25.064
645.263 25.082
645.461 25.069
645.659 25.052
645.857 25.091
646.055 25.102
646.253 25.120
646.451 25.162
646.649 25.206
646.847 25.249
647.045 25.282
647.243 25.272
647.441 25.284
647.639 25.327
647.837 25.352
648.035 25.385
648.233 25.433
648.431 25.473
648.629 25.528
648.827 25.573
649.025 25.579
649.223 25.583
649.421 25.622
649.619 25.617
649.817 25.627
650.015 25.659
650.213 25.687
650.411 25.733
650.609 25.748
650.807 25.725
651.005 25.730
651.203 25.740
651.401 25.738
651.599 25.754
651.796 25.747
651.994 25.761
652.192 25.803
652.390 25.859
652.588 25.901
652.786 25.912
652.984 25.899
653.182 25.915
653.380 25.941
653.578 25.954
653.776 25.977
653.974 25.986
654.172 26.026
654.370 26.095
654.568 26.131
654.766 26.150
654.964 26.158
655.162 26.155
655.360 26.190
655.558 26.194
655.756 26.179
655.954 26.207
656.152 26.270
656.350 26.337
656.548 26.421
656.746 26.468
656.944 26.488
657.142 26.527
657.340 26.546
657.538 26.559
657.736 26.593
657.934 26.601
658.132 26.639
658.330 26.737
658.528 26.802
658.726 26.830
658.924 26.860
659.122 26.888
659.320 26.922
659.518 26.981
659.716 26.998
659.914 27.017
660.112 27.070
660.310 27.142
660.508 27.214
660.706 27.256
660.904 27.269
661.102 27.311
661.300 27.371
661.498 27.424
661.696 27.468
661.893 27.457
662.091 27.475
662.289 27.509
662.487 27.523
662.685 27.560
662.883 27.620
663.081 27.651
663.279 27.672
663.477 27.727
663.675 27.801
663.873 27.885
664.071 27.928
664.269 27.969
664.467 28.023
664.665 28.101
664.863 28.136
665.061 28.163
665.259 28.195
665.457 28.224
665.655 28.233
665.853 28.269
666.051 28.295
666.249 28.282
666.447 28.271
666.645 28.271
666.843 28.305
667.041 28.355
667.239 28.355
667.437 28.392
667.635 28.469
667.833 28.527
668.031 28.567
668.229 28.578
668.427 28.582
668.625 28.659
668.823 28.748
669.021 28.828
669.219 28.840
669.417 28.874
669.615 28.918
669.813 28.947
670.011 28.909
670.209 28.856
670.407 28.827
670.605 28.842
670.803 28.854
671.001 28.867
671.199 28.933
671.397 29.027
671.595 29.122
671.792 29.157
671.990 29.240
672.188 29.326
672.386 29.336
672.584 29.322
672.782 29.349
672.980 29.360
673.178 29.388
673.376 29.402
673.574 29.413
673.772 29.492
673.970 29.561
674.168 29.560
674.366 29.554
674.564 29.612
674.762 29.671
674.960 29.696
675.158 29.719
675.356 29.723
675.554 29.766
675.752 29.826
675.950 29.874
676.148 29.852
676.346 29.861
676.544 29.919
676.742 29.962
676.940 29.970
677.138 29.996
677.336 30.023
677.534 30.110
677.732 30.201
677.930 30.223
678.128 30.290
678.326 30.369
678.524 30.429
678.722 30.484
678.920 30.488
679.118 30.490
679.316 30.539
679.514 30.579
679.712 30.614
679.910 30.646
680.108 30.623
680.306 30.642
680.504 30.661
680.702 30.654
680.900 30.655
681.098 30.661
681.296 30.672
681.494 30.707
681.691 30.740
681.889 30.796
682.087 30.852
682.285 30.901
682.483 30.907
682.681 30.871
682.879 30.886
683.077 30.953
683.275 30.958
683.473 30.982
683.671 30.964
683.869 31.001
684.067 31.084
684.265 31.126
684.463 31.134
684.661 31.173
684.859 31.232
685.057 31.303
685.255 31.323
685.453 31.308
685.651 31.319
685.849 31.355
686.047 31.370
686.245 31.360
686.443 31.377
686.641 31.436
686.839 31.502
687.037 31.566
687.235 31.600
687.433 31.612
687.631 31.608
687.829 31.621
688.027 31.647
688.225 31.710
688.423 31.763
688.621 31.847
688.819 31.937
689.017 32.025
689.215 32.093
689.413 32.139
689.611 32.177
689.809 32.213
690.007 32.236
690.205 32.267
690.403 32.342
690.601 32.398
690.799 32.461
690.997 32.508
691.195 32.578
691.393 32.627
691.591 32.704
691.788 32.756
691.986 32.836
692.184 32.924
692.382 33.045
692.580 33.134
692.778 33.221
692.976 33.300
693.174 33.343
693.372 33.382
693.570 33.392
693.768 33.405
693.966 33.435
694.164 33.500
694.362 33.549
694.560 33.603
694.758 33.658
694.956 33.739
695.154 33.799
695.352 33.838
695.550 33.884
695.748 33.966
695.946 34.037
696.144 34.078
696.342 34.135
696.540 34.214
696.744 34.287
696.948 34.293
697.152 34.284
697.357 34.358
697.561 34.407
697.765 34.456
697.969 34.474
698.173 34.513
698.377 34.611
698.581 34.667
698.786 34.663
698.990 34.749
699.194 34.813
699.398 34.858
699.602 34.895
699.806 34.900
700.010 34.929
700.215 35.002
700.419 35.055
700.623 35.092
700.827 35.143
701.031 35.206
701.235 35.238
701.440 35.280
701.644 35.315
701.848 35.329
702.052 35.341
702.256 35.407
702.460 35.439
702.664 35.490
702.869 35.553
703.073 35.625
703.277 35.683
703.481 35.781
703.685 35.875
703.889 35.982
704.093 36.080
704.298 36.118
704.502 36.149
704.706 36.211
704.910 36.265
705.114 36.298
705.318 36.348
705.522 36.394
705.727 36.506
705.931 36.565
706.135 36.643
706.339 36.696
706.543 36.660
706.747 36.657
706.951 36.756
707.156 36.852
707.360 36.938
707.564 36.980
707.768 37.096
707.972 37.271
708.176 37.352
708.380 37.383
708.585 37.426
708.789 37.498
708.993 37.561
709.197 37.537
709.401 37.534
709.605 37.613
709.810 37.669
710.014 37.711
710.218 37.775
710.422 37.878
710.626 37.999
710.830 38.086
711.034 38.202
711.239 38.302
711.443 38.330
711.647 38.369
711.851 38.401
712.055 38.464
712.259 38.498
712.463 38.490
712.668 38.524
712.872 38.606
713.076 38.678
713.280 38.725
713.484 38.737
713.688 38.845
713.892 38.931
714.097 38.945
714.301 38.963
714.505 38.950
714.709 39.004
714.913 39.021
715.117 38.983
715.321 38.972
715.526 38.989
715.730 39.025
715.934 39.043
716.138 39.043
716.342 39.082
716.546 39.118
716.750 39.139
716.955 39.123
717.159 39.133
717.363 39.177
717.567 39.191
717.771 39.175
717.975 39.197
718.180 39.199
718.384 39.224
718.588 39.218
718.792 39.194
718.996 39.201
719.200 39.244
719.404 39.320
719.609 39.343
719.813 39.353
720.017 39.377
720.221 39.414
720.425 39.404
720.629 39.412
720.833 39.372
721.038 39.390
721.242 39.435
721.446 39.458
721.650 39.476
721.854 39.490
722.058 39.474
722.262 39.472
722.467 39.530
722.671 39.591
722.875 39.609
723.079 39.626
723.283 39.687
723.487 39.811
723.691 39.900
723.896 39.942
724.100 40.009
724.304 40.102
724.508 40.198
724.712 40.263
724.916 40.282
725.120 40.290
725.325 40.347
725.529 40.451
725.733 40.570
725.937 40.651
726.141 40.746
726.345 40.834
726.550 40.945
726.754 41.008
726.958 41.000
727.162 41.009
727.366 41.103
727.570 41.178
727.774 41.258
727.979 41.358
728.183 41.497
728.387 41.613
728.591 41.713
728.795 41.804
728.999 41.898
729.203 42.036
729.408 42.158
729.612 42.224
729.816 42.319
730.020 42.501
730.224 42.608
730.428 42.683
730.632 42.769
730.837 42.858
731.041 42.936
731.245 43.031
731.449 43.051
731.653 43.123
731.857 43.264
732.061 43.373
732.266 43.454
732.470 43.591
732.674 43.698
732.878 43.766
733.082 43.889
733.286 44.010
733.490 44.130
733.695 44.303
733.899 44.438
734.103 44.532
734.307 44.684
734.511 44.831
734.715 44.971
734.920 45.044
735.124 45.105
735.328 45.180
735.532 45.286
735.736 45.384
735.940 45.476
736.144 45.581
736.349 45.731
736.553 45.829
736.757 45.923
736.961 46.034
737.165 46.130
737.369 46.182
737.573 46.241
737.778 46.314
737.982 46.386
738.186 46.477
738.390 46.561
738.594 46.612
738.798 46.718
739.002 46.774
739.207 46.842
739.411 46.956
739.615 47.042
739.819 47.151
740.023 47.282
740.227 47.403
740.431 47.518
740.636 47.583
740.840 47.684
741.044 47.796
741.248 47.928
741.452 48.071
741.656 48.172
741.860 48.274
742.065 48.380
742.269 48.415
742.473 48.495
742.677 48.568
742.881 48.686
743.085 48.786
743.290 48.910
743.494 49.014
743.698 49.141
743.902 49.263
744.106 49.363
744.310 49.415
744.514 49.522
744.719 49.556
744.923 49.617
745.127 49.703
745.331 49.801
745.535 49.977
745.739 50.157
745.943 50.196
746.148 50.261
746.352 50.350
746.556 50.455
746.760 50.548
746.964 50.598
747.168 50.574
747.372 50.704
747.577 50.891
747.781 51.090
747.985 51.160
748.189 51.197
748.393 51.222
748.597 51.287
748.801 51.320
749.006 51.401
749.210 51.490
749.414 51.619
749.618 51.722
749.822 51.792
750.026 51.895
750.230 51.989
750.435 52.046
750.639 52.083
750.843 52.142
751.047 52.250
751.251 52.373
751.455 52.487
751.660 52.512
751.864 52.523
752.068 52.545
752.272 52.606
752.476 52.686
752.680 52.755
752.884 52.812
753.089 52.931
753.293 53.029
753.497 53.095
753.701 53.162
753.905 53.213
754.109 53.242
754.313 53.307
754.518 53.347
754.722 53.412
754.926 53.501
755.130 53.586
755.334 53.696
755.538 53.795
755.742 53.880
755.947 53.965
756.151 54.018
756.355 54.100
756.559 54.178
756.763 54.225
756.967 54.264
757.171 54.312
757.376 54.445
757.580 54.525
757.784 54.522
757.988 54.557
758.192 54.582
758.396 54.603
758.600 54.660
758.805 54.704
759.009 54.753
759.213 54.820
759.417 54.914
759.621 55.077
759.825 55.250
760.030 55.297
760.234 55.310
760.438 55.450
760.642 55.595
760.846 55.598
761.050 55.560
761.254 55.604
761.459 55.708
761.663 55.825
761.867 55.858
762.071 55.833
762.275 55.881
762.479 55.865
762.683 55.829
762.888 55.878
763.092 55.928
763.296 55.936
763.500 55.956
763.709 56.051
763.918 56.188
764.126 56.268
764.335 56.302
764.544 56.278
764.753 56.366
764.962 56.554
765.171 56.687
765.379 56.674
765.588 56.659
765.797 56.673
766.006 56.762
766.215 56.815
766.424 56.785
766.632 56.697
766.841 56.729
767.050 56.820
767.259 56.890
767.468 56.892
767.677 56.874
767.885 56.964
768.094 57.068
768.303 57.170
768.512 57.242
768.721 57.303
768.929 57.353
769.138 57.397
769.347 57.345
769.556 57.319
769.765 57.277
769.974 57.289
770.182 57.309
770.391 57.364
770.600 57.432
770.809 57.504
771.018 57.591
771.227 57.682
771.435 57.689
771.644 57.655
771.853 57.682
772.062 57.741
772.271 57.769
772.480 57.756
772.688 57.777
772.897 57.825
773.106 57.936
773.315 58.000
773.524 58.054
773.732 58.030
773.941 58.089
774.150 58.180
774.359 58.252
774.568 58.276
774.777 58.330
774.985 58.321
775.194 58.387
775.403 58.405
775.612 58.349
775.821 58.331
776.030 58.336
776.238 58.282
776.447 58.241
776.656 58.312
776.865 58.335
777.074 58.381
777.283 58.445
777.491 58.480
777.700 58.550
777.909 58.610
778.118 58.623
778.327 58.646
778.535 58.759
778.744 58.801
778.953 58.848
779.162 58.851
779.371 58.896
779.580 58.887
779.788 58.941
779.997 58.933
780.206 58.980
780.415 59.024
780.624 59.073
780.833 59.030
781.041 59.071
781.250 59.140
781.459 59.193
781.668 59.178
781.877 59.163
782.086 59.162
782.294 59.200
782.503 59.228
782.712 59.241
782.921 59.209
783.130 59.216
783.338 59.223
783.547 59.296
783.756 59.444
783.965 59.493
784.174 59.463
784.383 59.517
784.591 59.595
784.800 59.725
785.009 59.690
785.218 59.638
785.427 59.664
785.636 59.719
785.844 59.734
786.053 59.672
786.262 59.544
786.471 59.599
786.680 59.709
786.889 59.773
787.097 59.787
787.306 59.796
787.515 59.908
787.724 60.020
787.933 60.052
788.141 59.990
788.350 59.968
788.559 59.984
788.768 60.080
788.977 60.080
789.186 60.111
789.394 60.127
789.603 60.101
789.812 60.009
790.021 59.945
790.230 59.833
790.439 59.762
790.647 59.729
790.856 59.751
791.065 59.804
791.274 59.848
791.483 59.986
791.692 60.088
791.900 60.204
792.109 60.276
792.318 60.245
792.527 60.288
792.736 60.450
792.944 60.480
793.153 60.448
793.362 60.432
793.571 60.440
793.780 60.518
793.989 60.524
794.197 60.523
794.406 60.529
794.615 60.547
794.824 60.568
795.033 60.502
795.242 60.550
795.450 60.637
795.659 60.682
795.868 60.666
796.077 60.675
796.286 60.635
796.495 60.728
796.703 60.742
796.912 60.705
797.121 60.682
797.330 60.700
797.539 60.736
797.747 60.855
797.956 60.766
798.165 60.615
798.374 60.623
798.583 60.724
798.792 60.802
799.000 60.761
799.209 60.714
799.418 60.818
799.627 60.973
799.836 61.045
800.045 60.959
800.253 60.907
800.462 61.087
800.671 61.094
800.880 61.058
801.089 60.948
801.298 60.823
801.506 60.818
801.715 60.837
801.924 60.729
802.133 60.774
802.342 60.800
802.550 60.885
802.759 61.033
802.968 61.130
803.177 61.242
803.386 61.307
803.595 61.263
803.803 61.375
804.012 61.386
804.221 61.292
804.430 61.166
804.639 61.057
804.848 60.991
805.056 61.011
805.265 60.973
805.474 61.034
805.683 61.109
805.892 61.169
806.101 61.215
806.309 61.348
806.518 61.504
806.727 61.420
806.936 61.372
807.145 61.381
807.353 61.501
807.562 61.561
807.771 61.474
807.980 61.345
808.189 61.593
808.398 61.814
808.606 61.775
808.815 61.635
809.024 61.555
809.233 61.520
809.442 61.436
809.651 61.241
809.859 61.112
810.068 61.152
810.277 61.149
810.486 61.210
810.695 61.235
810.904 61.363
811.112 61.404
811.321 61.366
811.530 61.422
811.740 61.399
811.949 61.362
812.159 61.394
812.368 61.364
812.578 61.285
812.787 61.282
812.997 61.228
813.206 61.433
813.416 61.724
813.625 61.744
813.835 61.802
814.044 61.899
814.254 61.853
814.463 61.877
814.673 61.808
814.882 61.539
815.092 61.552
815.301 61.615
815.511 61.602
815.720 61.613
815.930 61.580
816.139 61.613
816.349 61.638
816.558 61.708
816.768 61.600
816.977 61.653
817.187 61.787
817.396 61.851
817.606 61.779
817.815 61.633
818.025 61.634
818.234 61.831
818.444 61.745
818.653 61.544
818.863 61.470
819.072 61.439
819.282 61.490
819.491 61.465
819.701 61.474
819.910 61.656
820.120 61.807
820.329 61.887
820.539 62.025
820.748 62.213
820.958 62.096
821.167 61.886
821.377 61.825
821.586 61.895
821.796 61.977
822.005 61.852
822.215 61.618
822.424 61.763
822.634 61.939
822.843 61.853
823.053 61.680
823.262 61.535
823.472 61.549
823.681 61.734
823.891 61.755
824.100 61.599
824.310 61.556
824.519 61.716
824.729 61.828
824.938 61.732
825.148 61.540
825.357 61.376
825.567 61.317
825.776 61.380
825.986 61.390
826.195 61.378
826.405 61.533
826.614 61.653
826.824 61.720
827.033 61.813
827.243 61.838
827.452 61.724
827.662 61.595
827.871 61.538
828.081 61.632
828.290 61.690
828.500 61.691
828.709 61.745
828.919 61.729
829.128 61.833
829.338 61.903
829.547 61.804
829.757 61.767
829.966 61.867
830.176 61.860
830.385 61.864
830.595 61.719
830.804 61.759
831.014 61.936
831.223 61.875
831.433 61.737
831.642 61.775
831.852 61.883
832.061 61.941
832.271 61.734
832.480 61.426
832.690 61.468
832.899 61.687
833.109 61.601
833.318 61.543
833.528 61.751
833.737 61.983
833.947 62.213
834.156 62.198
834.366 62.044
834.575 62.103
834.785 62.276
834.994 62.074
835.204 61.974
835.413 61.978
835.623 62.011
835.832 61.982
836.042 61.900
836.251 61.721
836.461 61.764
836.670 61.935
836.880 61.840
837.089 61.805
837.299 61.772
837.508 61.828
837.718 61.865
837.927 61.921
838.137 61.923
838.346 62.089
838.556 62.152
838.765 62.170
838.975 62.136
839.184 62.160
839.394 62.178
839.603 62.083
839.813 61.925
840.022 61.849
840.232 61.964
840.441 62.009
840.651 61.984
840.860 61.908
841.070 61.887
841.279 61.914
841.489 62.022
841.698 62.025
841.908 62.025
842.117 61.985
842.327 61.922
842.536 61.734
842.746 61.535
842.955 61.525
843.165 61.463
843.374 61.493
843.584 61.612
843.793 61.745
844.003 61.897
844.212 62.092
844.422 62.086
844.631 62.160
844.841 62.023
845.050 61.766
845.260 61.657
845.469 61.683
845.679 61.709
845.888 61.634
846.098 61.475
846.307 61.570
846.517 61.862
846.726 61.938
846.936 61.825
847.145 61.683
847.355 61.926
847.564 62.072
847.774 61.949
847.983 61.653
848.193 62.004
848.402 62.899
848.612 63.015
848.821 62.747
849.031 62.565
849.240 62.587
849.450 62.717
849.659 62.265
849.869 61.463
850.078 61.409
850.288 61.324
850.497 61.312
850.707 61.532
850.916 61.626
851.126 61.626
851.335 61.566
851.545 61.618
851.754 61.750
851.964 61.774
852.173 61.621
852.383 61.557
852.592 61.535
852.802 61.526
853.011 61.575
853.221 61.673
853.430 61.727
853.640 61.565
853.849 61.541
854.059 61.655
854.268 61.739
854.478 61.673
854.687 61.573
854.897 61.648
855.106 61.756
855.316 61.793
855.525 61.853
855.735 61.820
855.944 61.737
856.154 61.671
856.363 61.514
856.573 61.655
856.782 61.779
856.992 61.754
857.201 61.540
857.411 61.471
857.620 61.638
857.830 61.751
858.039 61.563
858.249 61.397
858.458 61.299
858.668 61.488
858.877 61.685
859.087 61.592
859.296 61.505
859.506 61.615
859.715 61.636
859.925 61.524
860.134 61.352
860.344 61.106
860.553 61.039
860.763 60.919
860.972 60.843
861.182 60.838
861.391 60.844
861.601 60.975
861.810 61.245
862.020 61.127
862.229 61.310
862.439 61.345
862.648 61.262
862.858 61.431
863.067 61.642
863.277 61.577
863.486 61.604
863.696 61.531
863.905 61.617
864.115 61.614
864.324 61.396
864.534 61.163
864.743 61.120
864.953 61.222
865.162 61.169
865.372 61.172
865.581 61.290
865.791 61.420
866.000 61.342
866.210 61.479
866.419 61.483
866.629 61.547
866.838 61.476
867.048 61.345
867.257 61.164
867.467 61.167
867.676 61.251
867.886 61.350
868.095 61.456
868.305 61.313
868.514 61.253
868.724 61.281
868.933 61.377
869.143 61.054
869.352 60.965
869.562 60.659
869.771 60.666
869.981 60.945
870.190 61.204
870.400 61.156
870.609 61.120
870.819 60.949
871.028 61.174
871.238 61.263
871.447 61.186
871.657 61.116
871.866 61.058
872.076 61.056
872.285 61.073
872.495 61.383
872.704 61.423
872.914 61.306
873.123 61.210
873.333 61.395
873.542 61.576
873.752 61.747
873.961 61.466
874.171 61.402
874.380 61.524
874.590 61.417
874.799 61.120
875.009 61.040
875.218 61.249
875.428 61.391
875.637 61.675
875.847 61.255
876.056 61.328
876.266 61.895
876.475 62.031
876.685 61.657
876.894 61.400
877.104 61.294
877.313 61.777
877.523 61.750
877.732 61.294
877.942 61.208
878.151 61.296
878.361 61.348
878.570 61.114
878.780 60.838
878.989 60.845
879.199 60.819
879.408 60.812
879.618 61.044
879.827 61.045
880.037 60.842
880.246 60.903
880.456 61.221
880.665 61.492
880.875 61.540
881.084 61.293
881.294 61.325
881.503 61.920
881.713 62.052
881.922 61.505
882.132 61.320
882.341 61.278
882.551 61.064
882.760 60.903
882.970 60.683
883.179 60.684
883.389 60.857
883.598 60.953
883.808 60.826
884.017 60.828
884.227 60.874
884.436 60.817
884.646 60.474
884.855 60.445
885.065 60.367
885.274 60.327
885.484 60.393
885.693 60.398
885.903 60.511
886.112 60.991
886.322 60.960
886.531 60.750
886.741 60.954
886.950 61.331
887.160 61.582
887.369 61.566
887.579 61.361
887.788 61.274
887.998 61.337
888.207 61.060
888.417 60.914
888.626 60.890
888.836 60.693
889.045 60.519
889.255 60.423
889.464 60.289
889.674 60.473
889.883 60.775
890.093 60.699
890.302 60.482
890.512 60.533
890.721 60.910
890.931 61.202
891.140 61.539
891.350 61.117
891.559 60.885
891.769 60.897
891.978 60.904
892.188 61.063
892.397 61.036
892.607 60.744
892.816 60.694
893.026 60.819
893.235 61.124
893.445 60.949
893.654 60.522
893.864 60.558
894.073 60.749
894.283 60.995
894.492 60.959
894.702 60.734
894.911 60.693
895.121 60.729
895.330 60.685
895.540 60.491
895.749 60.145
895.959 60.168
896.168 60.467
896.378 60.756
896.587 61.113
896.797 61.192
897.006 61.469
897.216 61.622
897.425 61.554
897.635 61.596
897.844 61.395
898.054 60.923
898.263 60.945
898.473 60.725
898.682 60.651
898.892 60.487
899.101 60.041
899.311 60.401
899.520 60.812
899.730 60.486
899.939 60.225
900.149 60.308
900.358 60.541
900.568 60.702
900.777 60.336
900.987 60.173
901.196 60.506
901.406 60.570
901.615 60.349
901.825 60.110
902.034 60.082
902.244 60.415
902.453 60.366
902.663 60.292
902.872 60.390
903.082 60.652
903.291 60.919
903.501 61.173
903.710 61.130
903.920 61.201
904.129 61.003
904.339 61.107
904.548 61.128
904.758 61.134
904.967 60.804
905.177 60.553
905.386 60.611
905.596 60.728
905.805 60.748
906.015 60.741
906.224 60.859
906.434 61.266
906.643 61.528
906.853 61.406
907.062 61.284
907.272 60.826
907.481 60.796
907.691 60.578
907.900 60.285
908.110 60.441
908.319 60.585
908.529 60.714
908.738 60.947
908.948 60.772
909.157 60.792
909.367 60.874
909.576 60.370
909.786 60.243
909.995 60.401
910.205 60.429
910.414 60.457
910.624 60.292
910.833 60.012
911.043 60.235
911.252 60.377
911.462 60.126
911.672 60.242
911.881 60.619
912.091 60.864
912.300 61.056
912.512 60.738
912.724 60.767
912.937 60.863
913.149 60.809
913.361 60.771
913.573 61.275
913.786 61.752
913.998 61.892
914.210 61.570
914.422 61.701
914.634 61.557
914.847 61.463
915.059 60.918
915.271 60.539
915.483 60.667
915.696 60.982
915.908 60.732
916.120 60.734
916.332 60.751
916.544 60.772
916.757 60.758
916.969 61.036
917.181 61.224
917.393 61.288
917.606 61.385
917.818 61.157
918.030 61.009
918.242 60.835
918.454 60.447
918.667 60.233
918.879 60.193
919.091 60.285
919.303 60.475
919.516 60.648
919.728 60.765
919.940 60.780
920.152 60.750
920.364 61.150
920.577 61.199
920.789 61.109
921.001 60.930
921.213 60.618
921.426 60.621
921.638 61.052
921.850 61.216
922.062 61.260
922.274 60.660
922.487 60.236
922.699 60.386
922.911 60.515
923.123 60.087
923.336 59.765
923.548 59.834
923.760 60.652
923.972 61.250
924.184 61.544
924.397 61.433
924.609 61.036
924.821 60.445
925.033 60.107
925.246 60.028
925.458 59.840
925.670 59.540
925.882 59.779
926.094 60.402
926.307 61.130
926.519 61.304
926.731 61.147
926.943 61.201
927.156 61.300
927.368 61.322
927.580 60.968
927.792 60.499
928.004 60.404
928.217 60.507
928.429 60.914
928.641 61.024
928.853 61.148
929.066 61.576
929.278 61.953
929.490 62.155
929.702 62.181
929.914 61.811
930.127 61.894
930.339 61.632
930.551 61.334
930.763 61.212
930.976 61.087
931.188 60.933
931.400 61.087
931.612 61.023
931.824 60.959
932.037 60.882
932.249 60.917
932.461 60.986
932.673 61.371
932.886 61.513
933.098 61.523
933.310 61.672
933.522 61.578
933.734 61.616
933.947 61.820
934.159 61.784
934.371 61.695
934.583 61.732
934.796 61.707
935.008 61.550
935.220 61.019
935.432 60.590
935.644 60.744
935.857 60.284
936.069 59.764
936.281 59.773
936.493 59.891
936.706 59.988
936.918 59.456
937.130 59.404
937.342 60.310
937.554 60.611
937.767 60.547
937.979 60.920
938.191 61.782
938.403 62.674
938.616 62.049
938.828 61.359
939.040 61.316
939.252 61.612
939.464 62.009
939.677 61.622
939.889 61.031
940.101 61.495
940.313 61.642
940.526 61.964
940.738 62.728
940.950 62.637
941.162 62.559
941.374 62.930
941.587 62.266
941.799 62.421
942.011 63.195
942.223 62.330
942.436 62.070
942.648 62.174
942.860 62.176
943.072 62.432
943.284 62.589
943.497 61.271
943.709 61.131
943.921 60.944
944.133 60.707
944.346 60.546
944.558 61.466
944.770 62.154
944.982 63.088
945.194 63.404
945.407 63.658
945.619 64.299
945.831 64.669
946.043 63.309
946.256 62.305
946.468 62.355
946.680 62.467
946.892 62.317
947.104 61.379
947.317 61.097
947.529 61.671
947.741 61.661
947.953 61.020
948.166 61.383
948.378 61.803
948.590 61.478
948.802 62.056
949.014 63.536
949.227 63.765
949.439 64.135
949.651 62.940
949.863 62.072
950.076 63.250
950.288 63.875
950.500 62.945
950.712 63.185
950.924 63.363
951.137 63.403
951.349 63.892
951.561 64.546
951.773 65.071
951.986 64.692
952.198 65.355
952.410 66.392
952.622 66.438
952.834 65.652
953.047 63.944
953.259 62.688
953.471 64.043
953.683 62.808
953.896 60.733
954.108 60.739
954.320 62.648
954.532 64.751
954.744 63.763
954.957 61.799
955.169 62.359
955.381 63.420
955.593 63.663
955.806 63.115
956.018 61.151
956.230 60.714
956.442 61.504
956.654 61.879
956.867 61.566
957.079 61.879
957.291 60.756
957.503 61.141
957.716 62.720
957.928 63.130
958.140 62.308
958.352 62.298
958.564 62.238
958.777 63.291
958.989 63.816
959.201 62.770
959.413 61.446
959.626 62.273
959.838 63.067
960.050 62.644
960.262 61.499
960.474 60.987
960.687 61.837
960.899 63.201
961.111 64.075
961.323 64.030
961.536 63.975
961.748 64.746
961.960 64.791
962.172 65.204
962.384 64.768
962.597 62.093
962.809 60.223
963.021 60.987
963.233 62.621
963.446 63.001
963.658 61.823
963.870 60.721
964.082 60.965
964.294 62.710
964.507 63.471
964.719 62.101
964.931 60.598
965.143 60.258
965.356 61.276
965.568 62.388
965.780 62.137
966.000 61.005
966.221 60.898
966.441 61.719
966.662 62.035
966.882 62.702
967.103 63.794
967.323 64.084
967.543 63.727
967.764 62.405
967.984 63.272
968.205 64.246
968.425 63.074
968.645 61.315
968.866 61.031
969.086 60.907
969.307 61.592
969.527 61.778
969.748 61.566
969.968 62.351
970.188 62.562
970.409 62.309
970.629 62.521
970.850 61.954
971.070 61.336
971.290 62.788
971.511 62.129
971.731 62.435
971.952 61.961
972.172 62.496
972.393 64.234
972.613 63.765
972.833 62.018
973.054 63.053
973.274 63.630
973.495 64.816
973.715 64.420
973.936 62.677
974.156 63.664
974.376 65.020
974.597 64.184
974.817 63.601
975.038 62.921
975.258 62.586
975.478 62.954
975.699 61.816
975.919 61.027
976.140 61.483
976.360 61.662
976.581 62.332
976.801 63.419
977.021 64.343
977.242 65.966
977.462 65.737
977.683 63.945
977.903 63.907
978.123 65.898
978.344 66.232
978.564 67.369
978.785 66.886
979.005 66.793
979.226 68.317
979.446 68.930
979.666 66.802
979.887 66.445
980.107 65.143
980.328 64.339
980.548 65.982
980.769 69.113
980.989 69.785
981.209 69.368
981.430 66.930
981.650 67.071
981.871 68.992
982.091 67.444
982.311 64.790
982.532 62.855
982.752 62.747
982.973 63.626
983.193 62.630
983.414 61.411
983.634 61.453
983.854 61.465
984.075 62.750
984.295 61.896
984.516 63.066
984.736 64.637
984.956 63.824
985.177 64.276
985.397 63.991
985.618 63.282
985.838 63.213
986.059 63.644
986.279 63.868
986.499 64.611
986.720 63.940
986.940 64.061
987.161 64.905
987.381 67.451
987.602 66.509
987.822 64.670
988.042 64.676
988.263 66.270
988.483 65.671
988.704 64.314
988.924 62.401
989.144 61.623
989.365 61.226
989.585 61.747
989.806 61.790
990.026 64.810
990.247 65.654
990.467 65.568
990.687 66.632
990.908 67.576
991.128 67.548
991.349 66.809
991.569 64.976
991.789 65.254
992.010 65.829
992.230 67.116
992.451 68.884
992.671 68.228
992.892 66.004
993.112 64.202
993.332 65.805
993.553 67.186
993.773 65.203
993.994 63.110
994.214 64.459
994.435 65.748
994.655 66.299
994.875 64.150
995.096 63.614
995.316 64.184
995.537 66.868
995.757 67.571
995.977 67.025
996.198 65.722
996.418 65.411
996.639 62.058
996.859 60.496
997.080 58.970
997.300 56.827
997.520 58.084
997.741 61.314
997.961 61.651
998.182 61.849
998.402 63.135
998.622 61.870
998.843 59.697
999.063 62.527
999.284 65.700
999.504 65.623
999.725 67.190
999.945 65.690
1000.165 65.907
1000.386 69.459
1000.606 68.560
1000.827 64.034
1001.047 64.370
1001.268 65.825
1001.488 68.231
1001.708 67.153
1001.929 65.920
1002.149 67.236
1002.370 68.643
1002.590 68.210
1002.810 64.408
1003.031 63.559
1003.251 68.466
1003.472 67.603
1003.692 62.747
1003.913 62.292
1004.133 63.139
1004.353 66.911
1004.574 67.009
1004.794 65.084
1005.015 67.362
1005.235 70.819
1005.455 73.614
1005.676 71.194
1005.896 68.468
1006.117 68.465
1006.337 66.279
1006.558 64.138
1006.778 62.528
1006.998 64.327
1007.219 66.217
1007.439 65.901
1007.660 66.112
1007.880 65.391
1008.101 66.416
1008.321 67.039
1008.541 61.071
1008.762 57.871
1008.982 58.413
1009.203 60.374
1009.423 64.179
1009.643 65.200
1009.864 62.804
1010.084 61.537
1010.305 64.814
1010.525 63.140
1010.746 61.972
1010.966 62.083
1011.186 58.535
1011.407 55.008
1011.627 53.152
1011.848 51.663
1012.068 53.005
1012.288 50.776
1012.509 45.911
1012.729 45.449
1012.950 48.891
