290.797 75.866
290.982 77.430
291.167 78.881
291.352 79.962
291.537 80.513
291.722 80.744
291.907 84.362
292.091 84.264
292.276 82.615
292.461 81.814
292.646 81.373
292.831 82.580
293.016 80.347
293.201 76.680
293.386 75.238
293.571 75.873
293.756 75.612
293.940 74.679
294.125 73.288
294.310 74.229
294.495 75.138
294.680 74.437
294.865 72.248
295.050 72.860
295.235 74.150
295.420 73.443
295.605 71.251
295.789 72.597
295.974 74.450
296.159 74.026
296.344 73.068
296.529 72.584
296.714 72.837
296.899 72.980
297.084 73.450
297.269 74.337
297.454 76.276
297.638 77.990
297.823 76.614
298.008 75.312
298.193 75.751
298.378 76.943
298.563 76.554
298.748 77.647
298.933 77.976
299.118 77.049
299.303 76.839
299.487 74.642
299.672 72.519
299.857 70.699
300.042 71.186
300.227 70.736
300.412 69.178
300.597 68.752
300.782 66.114
300.967 66.525
301.152 66.903
301.336 66.783
301.521 67.936
301.706 70.096
301.891 71.537
302.076 71.387
302.261 71.352
302.446 72.450
302.631 72.441
302.816 75.508
303.001 75.363
303.185 72.874
303.370 71.619
303.555 70.720
303.740 68.595
303.925 67.411
304.110 66.302
304.295 66.707
304.480 66.633
304.665 66.421
304.850 64.754
305.034 63.895
305.219 65.657
305.404 65.994
305.589 66.217
305.774 66.644
305.959 67.342
306.144 67.691
306.329 66.164
306.514 65.043
306.699 64.251
306.883 63.290
307.068 63.327
307.253 63.403
307.438 64.279
307.623 64.118
307.808 62.921
307.993 61.354
308.178 60.750
308.363 60.705
308.548 61.406
308.732 63.245
308.917 63.357
309.102 62.522
309.287 62.266
309.472 62.315
309.657 62.953
309.842 62.310
310.027 61.449
310.212 61.111
310.397 60.864
310.581 59.925
310.766 58.886
310.951 58.721
311.136 59.293
311.321 59.614
311.506 58.869
311.691 58.639
311.876 59.737
312.061 60.846
312.245 62.490
312.430 64.286
312.615 64.877
312.800 64.324
312.985 63.250
313.170 62.099
313.347 61.505
313.523 60.691
313.700 60.135
313.877 59.812
314.054 60.691
314.230 60.493
314.407 58.723
314.584 57.857
314.761 57.494
314.937 57.440
315.114 58.168
315.291 58.298
315.467 58.138
315.644 55.873
315.821 55.110
315.998 53.885
316.174 52.499
316.351 52.851
316.528 52.445
316.704 51.772
316.881 51.453
317.058 51.809
317.235 52.302
317.411 53.156
317.588 55.364
317.765 55.314
317.942 54.591
318.118 54.545
318.295 53.717
318.472 53.277
318.648 53.533
318.825 53.521
319.002 51.736
319.179 50.799
319.355 50.573
319.532 49.998
319.709 49.595
319.885 50.200
320.062 50.550
320.239 50.947
320.416 51.818
320.592 52.070
320.769 52.496
320.946 53.202
321.123 53.336
321.299 52.842
321.476 52.055
321.653 52.575
321.829 52.816
322.006 52.507
322.183 52.209
322.360 51.489
322.536 51.485
322.713 51.868
322.890 51.935
323.066 50.973
323.243 50.951
323.420 52.839
323.597 53.181
323.773 52.167
323.950 52.272
324.127 53.039
324.304 53.452
324.480 52.507
324.657 51.827
324.834 51.535
325.010 51.914
325.187 51.588
325.364 50.216
325.541 49.323
325.717 49.699
325.894 48.600
326.071 46.501
326.248 45.899
326.424 46.645
326.601 46.620
326.778 46.314
326.954 45.786
327.131 45.365
327.308 44.359
327.485 44.457
327.661 44.719
327.838 45.143
328.015 46.035
328.191 45.584
328.368 44.557
328.545 42.874
328.722 42.564
328.898 43.800
329.075 44.256
329.252 43.988
329.429 43.073
329.605 42.828
329.782 42.824
329.959 42.299
330.135 42.232
330.312 43.044
330.489 44.579
330.666 44.837
330.842 43.759
331.019 43.278
331.196 43.686
331.372 44.201
331.549 43.221
331.726 42.495
331.903 42.729
332.079 43.264
332.256 42.131
332.433 40.717
332.610 39.860
332.786 40.136
332.963 40.275
333.140 39.845
333.316 40.856
333.493 41.042
333.670 40.943
333.847 42.068
334.023 41.719
334.200 41.140
334.377 40.927
334.553 41.152
334.730 40.346
334.907 39.323
335.084 39.435
335.260 38.533
335.437 38.398
335.614 38.797
335.791 37.415
335.967 36.612
336.144 37.469
336.321 37.953
336.497 37.744
336.674 37.776
336.851 38.309
337.028 38.054
337.204 37.836
337.381 38.720
337.558 39.513
337.734 39.095
337.911 38.806
338.088 38.532
338.265 39.680
338.441 40.372
338.618 39.693
338.795 39.098
338.972 39.579
339.148 39.876
339.325 39.126
339.502 37.190
339.678 37.256
339.855 37.808
340.032 37.744
340.209 37.144
340.385 36.545
340.562 36.207
340.739 36.006
340.916 34.813
341.092 34.569
341.269 34.937
341.446 35.035
341.622 34.471
341.799 34.081
341.976 33.840
342.153 33.425
342.329 33.259
342.506 33.850
342.683 33.554
342.859 33.556
343.036 33.387
343.213 32.596
343.390 32.644
343.566 33.144
343.743 33.098
343.920 32.885
344.097 32.367
344.273 32.347
344.450 32.046
344.627 32.526
344.803 33.442
344.980 33.157
345.157 32.764
345.334 32.634
345.510 32.311
345.687 32.012
345.864 32.454
346.040 32.930
346.217 32.957
346.394 32.909
346.571 32.297
346.747 30.475
346.924 30.150
347.101 31.161
347.278 31.299
347.454 31.581
347.631 31.336
347.808 30.160
347.984 29.831
348.161 30.167
348.338 30.351
348.515 30.544
348.691 31.169
348.868 30.851
349.045 29.465
349.221 29.079
349.398 28.389
349.575 28.479
349.752 29.223
349.928 28.787
350.105 27.771
350.282 27.096
350.459 27.192
350.635 27.162
350.812 26.853
350.989 27.601
351.165 28.221
351.342 27.934
351.519 27.441
351.696 26.983
351.872 27.052
352.049 27.053
352.226 27.329
352.402 27.057
352.579 27.219
352.756 27.943
352.933 27.479
353.109 26.182
353.286 25.830
353.463 25.901
353.640 25.589
353.816 24.675
353.993 24.374
354.170 24.289
354.346 24.513
354.523 24.604
354.700 24.058
354.877 23.947
355.053 23.918
355.230 23.995
355.407 24.095
355.584 24.558
355.760 25.215
355.937 25.626
356.114 25.791
356.290 25.575
356.467 25.386
356.644 25.072
356.821 24.625
356.997 25.164
357.174 25.324
357.351 25.163
357.527 24.975
357.704 24.801
357.881 24.851
358.058 25.229
358.234 25.233
358.411 24.835
358.588 24.719
358.765 24.797
358.941 24.546
359.118 24.539
359.295 24.586
359.471 24.117
359.648 24.159
359.825 24.057
360.002 23.398
360.178 23.501
360.355 23.722
360.532 23.562
360.708 23.305
360.885 23.284
361.062 22.802
361.239 22.463
361.415 22.454
361.592 21.983
361.769 21.316
361.946 21.148
362.122 20.778
362.299 19.987
362.476 20.067
362.652 20.184
362.829 20.477
363.006 20.554
363.183 20.945
363.359 21.181
363.536 20.954
363.713 21.242
363.889 21.185
364.066 20.652
364.243 20.614
364.420 20.498
364.596 20.298
364.773 19.750
364.950 20.145
365.127 20.011
365.303 19.726
365.480 20.314
365.661 20.344
365.841 20.257
366.022 20.258
366.202 20.441
366.383 20.183
366.563 20.234
366.744 20.423
366.924 20.249
367.105 20.037
367.286 19.752
367.466 19.150
367.647 19.043
367.827 18.980
368.008 19.327
368.188 19.367
368.369 19.499
368.549 19.529
368.730 18.704
368.911 18.192
369.091 18.222
369.272 18.114
369.452 18.093
369.633 17.751
369.813 17.622
369.994 17.765
370.174 17.605
370.355 17.179
370.535 16.601
370.716 17.203
370.897 17.341
371.077 16.873
371.258 17.371
371.438 18.040
371.619 18.080
371.799 17.655
371.980 16.759
372.160 16.433
372.341 16.563
372.522 16.869
372.702 16.707
372.883 16.548
373.063 16.570
373.244 16.357
373.424 15.954
373.605 15.951
373.785 16.169
373.966 16.375
374.147 16.524
374.327 16.799
374.508 16.928
374.688 16.758
374.869 17.010
375.049 17.526
375.230 17.899
375.410 17.738
375.591 17.496
375.772 17.373
375.952 17.662
376.133 17.751
376.313 17.487
376.494 16.994
376.674 17.017
376.855 16.999
377.035 16.446
377.216 15.973
377.397 16.090
377.577 16.075
377.758 15.885
377.938 15.594
378.119 15.353
378.299 15.264
378.480 15.545
378.660 15.642
378.841 15.480
379.021 15.181
379.202 14.564
379.383 14.017
379.563 13.894
379.744 13.737
379.924 13.503
380.105 13.652
380.285 13.453
380.466 12.974
380.646 12.579
380.827 12.261
381.008 12.376
381.188 12.743
381.369 13.138
381.549 12.974
381.730 12.922
381.910 13.058
382.091 12.762
382.271 12.899
382.452 13.159
382.633 13.116
382.813 13.306
382.994 13.522
383.174 13.245
383.355 12.887
383.535 13.052
383.716 13.248
383.896 13.115
384.077 13.087
384.258 13.087
384.438 13.095
384.619 13.100
384.799 12.882
384.980 12.712
385.160 12.578
385.341 12.205
385.521 11.938
385.702 11.788
385.882 11.845
386.063 11.844
386.244 11.735
386.424 11.562
386.605 11.357
386.785 11.270
386.966 11.209
387.146 11.155
387.327 11.190
387.507 11.240
387.688 11.252
387.869 11.154
388.049 11.354
388.230 11.369
388.410 11.425
388.591 11.512
388.771 11.503
388.952 11.333
389.132 11.270
389.313 11.411
389.494 11.313
389.674 11.109
389.855 10.932
390.035 10.691
390.216 10.542
390.396 10.570
390.577 10.585
390.757 10.404
390.938 10.389
391.119 10.434
391.299 10.305
391.480 10.391
391.660 10.534
391.841 10.606
392.021 10.554
392.202 10.469
392.382 10.232
392.563 10.179
392.743 10.223
392.924 10.137
393.105 10.023
393.285 10.044
393.466 9.952
393.646 9.951
393.827 9.943
394.007 9.637
394.188 9.735
394.368 9.830
394.549 9.676
394.730 9.514
394.910 9.521
395.091 9.596
395.271 9.770
395.452 9.854
395.632 9.557
395.813 9.353
395.993 9.512
396.174 9.405
396.355 9.219
396.535 9.294
396.716 9.606
396.896 9.784
397.077 9.716
397.257 9.413
397.438 9.106
397.618 9.110
397.799 9.107
397.980 9.203
398.160 9.193
398.341 9.199
398.521 9.119
398.702 8.888
398.882 8.610
399.063 8.591
399.243 8.811
399.424 8.954
399.605 9.135
399.785 9.141
399.966 8.956
400.146 8.875
400.327 8.894
400.507 9.025
400.688 8.955
400.868 8.939
401.049 8.878
401.229 8.592
401.410 8.599
401.591 8.643
401.771 8.819
401.952 8.949
402.132 8.923
402.313 8.882
402.493 8.879
402.674 9.066
402.854 9.176
403.035 9.360
403.216 9.231
403.396 9.183
403.577 9.110
403.757 8.760
403.938 8.466
404.118 8.310
404.299 8.106
404.479 7.787
404.660 7.527
404.841 7.393
405.023 7.237
405.204 7.256
405.385 7.220
405.566 7.160
405.748 7.199
405.929 7.309
406.110 7.621
406.292 7.844
406.473 8.084
406.654 8.267
406.835 8.204
407.017 8.013
407.198 8.033
407.379 7.931
407.560 7.741
407.742 7.705
407.923 7.649
408.104 7.293
408.286 7.070
408.467 6.863
408.648 6.904
408.829 7.242
409.011 7.364
409.192 7.325
409.373 7.304
409.555 7.395
409.736 7.497
409.917 7.635
410.098 7.859
410.280 8.012
410.461 8.101
410.642 7.811
410.823 7.270
411.005 7.219
411.186 7.505
411.367 7.642
411.549 7.695
411.730 7.694
411.911 7.534
412.092 7.399
412.274 7.361
412.455 7.284
412.636 7.335
412.818 7.543
412.999 7.542
413.180 7.374
413.361 7.326
413.543 7.328
413.724 7.329
413.905 7.317
414.087 7.324
414.268 7.263
414.449 7.255
414.630 7.303
414.812 7.382
414.993 7.462
415.174 7.290
415.355 7.162
415.537 7.009
415.718 6.998
415.899 7.036
416.081 6.942
416.262 6.857
416.443 6.878
416.624 6.832
416.806 6.704
416.987 6.576
417.168 6.596
417.350 6.531
417.531 6.526
417.712 6.485
417.893 6.500
418.075 6.666
418.256 6.631
418.437 6.461
418.618 6.347
418.800 6.289
418.981 6.378
419.162 6.436
419.344 6.541
419.525 6.656
419.706 6.642
419.887 6.565
420.069 6.470
420.250 6.558
420.431 6.655
420.613 6.712
420.794 6.705
420.975 6.514
421.156 6.443
421.338 6.399
421.519 6.308
421.700 6.241
421.882 6.226
422.063 6.143
422.244 6.087
422.425 6.082
422.607 5.997
422.788 5.993
422.969 6.117
423.150 6.290
423.332 6.488
423.513 6.541
423.694 6.436
423.876 6.379
424.057 6.428
424.238 6.414
424.419 6.545
424.601 6.907
424.782 6.929
424.963 6.936
425.145 6.795
425.326 6.615
425.507 6.547
425.688 6.704
425.870 6.683
426.051 6.573
426.232 6.548
426.413 6.399
426.595 5.995
426.776 5.863
426.957 5.881
427.139 6.022
427.320 5.951
427.501 5.820
427.682 5.598
427.864 5.628
428.045 5.694
428.226 5.708
428.408 5.663
428.589 5.675
428.770 5.729
428.951 5.587
429.133 5.404
429.314 5.420
429.495 5.493
429.677 5.601
429.858 5.554
430.039 5.447
430.220 5.408
430.402 5.391
430.583 5.478
430.764 5.488
430.945 5.494
431.127 5.403
431.308 5.355
431.489 5.367
431.671 5.329
431.852 5.328
432.033 5.353
432.214 5.315
432.396 5.289
432.577 5.175
432.758 5.109
432.940 5.173
433.121 5.256
433.302 5.217
433.483 5.253
433.665 5.349
433.846 5.408
434.027 5.432
434.208 5.454
434.390 5.504
434.571 5.568
434.752 5.599
434.934 5.573
435.115 5.611
435.296 5.695
435.477 5.664
435.659 5.624
435.840 5.647
436.030 5.740
436.220 5.689
436.410 5.629
436.600 5.624
436.790 5.652
436.980 5.668
437.170 5.570
437.360 5.497
437.550 5.482
437.741 5.483
437.931 5.413
438.121 5.362
438.311 5.420
438.501 5.452
438.691 5.452
438.881 5.399
439.071 5.304
439.261 5.281
439.451 5.245
439.641 5.199
439.831 5.107
440.021 5.039
440.211 4.950
440.401 4.962
440.591 4.971
440.781 5.022
440.971 5.055
441.161 5.016
441.351 4.978
441.542 5.000
441.732 4.999
441.922 5.037
442.112 5.117
442.302 5.198
442.492 5.168
442.682 5.076
442.872 4.941
443.062 4.913
443.252 4.990
443.442 5.118
443.632 5.145
443.822 5.132
444.012 5.040
444.202 4.964
444.392 4.916
444.582 4.890
444.772 4.896
444.962 4.923
445.153 4.909
445.343 4.816
445.533 4.677
445.723 4.632
445.913 4.597
446.103 4.644
446.293 4.700
446.483 4.721
446.673 4.741
446.863 4.767
447.053 4.771
447.243 4.802
447.433 4.862
447.623 4.935
447.813 4.948
448.003 5.029
448.193 5.030
448.383 4.963
448.573 4.897
448.764 4.780
448.954 4.759
449.144 4.748
449.334 4.707
449.524 4.673
449.714 4.644
449.904 4.636
450.094 4.607
450.284 4.611
450.474 4.645
450.664 4.658
450.854 4.736
451.044 4.775
451.234 4.774
451.424 4.677
451.614 4.633
451.804 4.673
451.994 4.636
452.184 4.606
452.375 4.644
452.565 4.636
452.755 4.655
452.945 4.677
453.135 4.658
453.325 4.661
453.515 4.795
453.705 4.870
453.895 4.855
454.085 4.918
454.275 4.985
454.465 4.979
454.655 4.965
454.845 4.936
455.035 4.974
455.225 4.930
455.415 4.861
455.605 4.817
455.795 4.820
455.985 4.753
456.176 4.679
456.366 4.633
456.556 4.602
456.746 4.580
456.936 4.560
457.126 4.502
457.316 4.491
457.506 4.516
457.696 4.487
457.886 4.410
458.076 4.386
458.266 4.363
458.456 4.313
458.646 4.269
458.836 4.278
459.026 4.342
459.216 4.349
459.406 4.341
459.596 4.353
459.787 4.361
459.977 4.396
460.167 4.453
460.357 4.426
460.547 4.412
460.737 4.425
460.927 4.444
461.117 4.368
461.307 4.383
461.497 4.477
461.687 4.482
461.877 4.490
462.067 4.518
462.257 4.567
462.447 4.642
462.637 4.621
462.827 4.612
463.017 4.651
463.207 4.761
463.397 4.750
463.588 4.706
463.778 4.753
463.968 4.759
464.158 4.742
464.348 4.701
464.538 4.718
464.728 4.738
464.918 4.749
465.108 4.754
465.298 4.704
465.488 4.668
465.678 4.654
465.868 4.647
466.058 4.657
466.248 4.612
466.438 4.591
466.628 4.634
466.818 4.693
467.008 4.743
467.199 4.723
467.389 4.693
467.579 4.712
467.769 4.753
467.959 4.716
468.149 4.654
468.339 4.695
468.529 4.776
468.719 4.837
468.909 4.824
469.099 4.788
469.289 4.783
469.479 4.802
469.669 4.773
469.859 4.714
470.049 4.699
470.239 4.749
470.429 4.788
470.619 4.707
470.810 4.576
471.000 4.604
471.190 4.674
471.380 4.689
471.570 4.707
471.760 4.768
471.950 4.840
472.140 4.912
472.330 4.993
472.520 5.001
472.710 5.019
472.900 5.045
473.090 5.031
473.280 4.995
473.470 4.996
473.660 5.003
473.850 5.014
474.040 5.044
474.230 5.053
474.421 5.013
474.611 4.997
474.801 5.034
474.991 5.104
475.181 5.137
475.371 5.164
475.561 5.200
475.751 5.168
475.941 5.137
476.131 5.130
476.321 5.161
476.511 5.181
476.701 5.200
476.891 5.160
477.081 5.114
477.271 5.076
477.461 5.044
477.651 5.022
477.841 5.088
478.031 5.130
478.222 5.141
478.412 5.135
478.602 5.145
478.792 5.228
478.982 5.343
479.172 5.356
479.362 5.386
479.552 5.450
479.742 5.466
479.932 5.490
480.122 5.529
480.312 5.548
480.502 5.607
480.692 5.637
480.882 5.565
481.072 5.512
481.262 5.566
481.452 5.629
481.642 5.667
481.833 5.754
482.023 5.786
482.213 5.799
482.403 5.836
482.593 5.836
482.783 5.881
482.973 5.982
483.163 6.057
483.353 6.051
483.543 6.058
483.733 6.059
483.923 6.028
484.113 6.073
484.303 6.100
484.493 6.072
484.683 6.100
484.873 6.128
485.063 6.115
485.253 6.119
485.443 6.179
485.634 6.179
485.824 6.180
486.014 6.211
486.204 6.202
486.394 6.265
486.584 6.349
486.774 6.357
486.964 6.379
487.154 6.402
487.344 6.424
487.534 6.422
487.724 6.466
487.914 6.516
488.104 6.538
488.294 6.569
488.484 6.564
488.674 6.573
488.864 6.593
489.054 6.581
489.245 6.581
489.435 6.622
489.625 6.672
489.815 6.728
490.005 6.826
490.195 6.852
490.385 6.877
490.575 6.923
490.765 7.005
490.955 7.099
491.145 7.165
491.335 7.236
491.525 7.258
491.715 7.272
491.905 7.286
492.095 7.258
492.285 7.262
492.475 7.284
492.665 7.306
492.856 7.304
493.046 7.256
493.236 7.283
493.426 7.337
493.616 7.345
493.806 7.368
493.996 7.378
494.186 7.416
494.376 7.526
494.566 7.552
494.756 7.543
494.946 7.550
495.136 7.609
495.326 7.623
495.516 7.638
495.706 7.693
495.896 7.746
496.086 7.811
496.276 7.815
496.467 7.818
496.657 7.944
496.847 8.003
497.037 8.039
497.227 8.089
497.417 8.137
497.607 8.140
497.797 8.165
497.987 8.225
498.177 8.221
498.367 8.294
498.557 8.342
498.747 8.299
498.937 8.342
499.127 8.356
499.317 8.337
499.507 8.353
499.697 8.378
499.887 8.437
500.077 8.444
500.268 8.480
500.458 8.456
500.648 8.414
500.838 8.421
501.028 8.440
501.218 8.499
501.408 8.529
501.598 8.547
501.788 8.604
501.978 8.640
502.168 8.637
502.358 8.657
502.548 8.741
502.738 8.799
502.928 8.826
503.118 8.858
503.308 8.891
503.498 8.948
503.688 8.965
503.879 8.981
504.069 8.986
504.259 9.046
504.449 9.067
504.639 9.030
504.829 9.046
505.019 9.071
505.209 9.072
505.399 9.057
505.589 9.047
505.779 9.057
505.969 9.038
506.159 9.030
506.349 9.006
506.539 9.001
506.729 9.014
506.919 9.033
507.109 9.043
507.299 9.029
507.490 9.017
507.680 8.984
507.870 8.971
508.060 8.959
508.250 8.933
508.440 8.933
508.630 8.942
508.820 8.933
509.010 8.902
509.200 8.894
509.390 8.917
509.580 8.897
509.770 8.907
509.960 8.916
510.150 8.917
510.340 8.936
510.530 8.943
510.720 8.941
510.910 8.953
511.100 8.995
511.291 8.978
511.481 8.950
511.671 8.962
511.861 9.029
512.051 9.160
512.241 9.175
512.431 9.164
512.621 9.118
512.811 9.070
513.001 9.042
513.191 8.979
513.381 8.948
513.571 8.917
513.761 8.879
513.951 8.785
514.141 8.610
514.331 8.577
514.521 8.511
514.711 8.501
514.902 8.552
515.092 8.585
515.282 8.603
515.472 8.592
515.662 8.543
515.852 8.515
516.042 8.472
516.232 8.448
516.422 8.425
516.612 8.434
516.802 8.408
516.992 8.328
517.182 8.253
517.372 8.191
517.562 8.167
517.752 8.172
517.942 8.156
518.132 8.152
518.322 8.149
518.513 8.126
518.703 8.095
518.893 8.096
519.083 8.134
519.273 8.156
519.463 8.120
519.653 8.088
519.843 8.061
520.033 8.045
520.223 8.027
520.413 7.983
520.603 7.942
520.793 7.907
520.983 7.849
521.173 7.756
521.363 7.673
521.553 7.661
521.743 7.633
521.933 7.608
522.123 7.594
522.314 7.591
522.504 7.548
522.694 7.470
522.884 7.425
523.074 7.396
523.264 7.376
523.454 7.329
523.644 7.287
523.834 7.256
524.024 7.241
524.214 7.183
524.404 7.104
524.594 7.104
524.784 7.160
524.974 7.141
525.164 7.092
525.354 7.039
525.544 7.019
525.734 7.004
525.925 6.954
526.115 6.892
526.305 6.898
526.495 6.921
526.685 6.873
526.875 6.784
527.065 6.737
527.255 6.712
527.445 6.696
527.635 6.650
527.825 6.612
528.015 6.619
528.205 6.570
528.395 6.497
528.585 6.439
528.775 6.414
528.965 6.393
529.155 6.377
529.345 6.374
529.535 6.338
529.726 6.306
529.916 6.267
530.106 6.241
530.296 6.262
530.486 6.245
530.676 6.196
530.866 6.172
531.056 6.170
531.246 6.143
531.436 6.098
531.626 6.100
531.816 6.089
532.006 6.067
532.196 5.999
532.386 5.915
532.576 5.860
532.766 5.843
532.956 5.806
533.146 5.772
533.337 5.741
533.527 5.702
533.717 5.646
533.907 5.619
534.097 5.580
534.287 5.562
534.477 5.556
534.667 5.544
534.857 5.517
535.047 5.501
535.237 5.461
535.427 5.423
535.617 5.394
535.807 5.377
535.997 5.346
536.187 5.312
536.377 5.292
536.567 5.282
536.757 5.266
536.948 5.229
537.138 5.171
537.328 5.167
537.518 5.168
537.708 5.151
537.898 5.111
538.088 5.087
538.278 5.065
538.468 5.014
538.658 4.965
538.848 4.932
539.038 4.911
539.228 4.909
539.418 4.880
539.608 4.855
539.798 4.825
539.988 4.802
540.178 4.757
540.368 4.742
540.558 4.740
540.749 4.719
540.939 4.692
541.129 4.682
541.319 4.666
541.509 4.831
541.699 5.197
541.889 5.198
542.079 5.187
542.269 5.186
542.459 5.180
542.649 5.157
542.839 5.151
543.029 5.138
543.219 5.116
543.409 5.090
543.599 4.855
543.789 4.463
543.979 4.432
544.169 4.426
544.360 4.413
544.550 4.390
544.740 4.359
544.930 4.344
545.120 4.333
545.310 4.289
545.500 4.276
545.690 4.266
545.880 4.219
546.070 4.197
546.267 4.163
546.463 4.135
546.660 4.105
546.857 4.104
547.054 4.084
547.251 4.043
547.447 4.006
547.644 3.947
547.841 3.918
548.038 3.884
548.234 3.852
548.431 3.840
548.628 3.842
548.825 3.835
549.021 3.818
549.218 3.777
549.415 3.741
549.612 3.732
549.808 3.743
550.005 3.749
550.202 3.739
550.399 3.726
550.595 3.719
550.792 3.700
550.989 3.653
551.186 3.616
551.382 3.628
551.579 3.654
551.776 3.660
551.973 3.620
552.169 3.582
552.366 3.566
552.563 3.569
552.760 3.570
552.956 3.565
553.153 3.583
553.350 3.607
553.547 3.611
553.743 3.590
553.940 3.570
554.137 3.575
554.334 3.551
554.530 3.551
554.727 3.538
554.924 3.501
555.121 3.454
555.317 3.399
555.514 3.361
555.711 3.319
555.908 3.300
556.104 3.296
556.301 3.290
556.498 3.297
556.695 3.267
556.891 3.225
557.088 3.186
557.285 3.174
557.482 3.189
557.678 3.178
557.875 3.178
558.072 3.189
558.269 3.178
558.465 3.157
558.662 3.119
558.859 3.089
559.056 3.079
559.252 3.092
559.449 3.097
559.646 3.100
559.843 3.079
560.039 3.033
560.236 2.994
560.433 2.950
560.630 2.921
560.826 2.924
561.023 2.932
561.220 2.954
561.417 2.951
561.613 2.927
561.810 2.886
562.007 2.886
562.204 2.893
562.400 2.902
562.597 2.936
562.794 2.963
562.991 2.972
563.187 2.975
563.384 2.946
563.581 2.938
563.778 2.940
563.974 2.948
564.171 2.925
564.368 2.900
564.565 2.871
564.761 2.849
564.958 2.848
565.155 2.850
565.352 2.824
565.548 2.822
565.745 2.827
565.942 2.808
566.139 2.794
566.335 2.812
566.532 2.833
566.729 2.850
566.926 2.851
567.122 2.829
567.319 2.798
567.516 2.816
567.713 2.837
567.909 2.835
568.106 2.847
568.303 2.863
568.500 2.867
568.696 2.871
568.893 2.864
569.090 2.859
569.287 2.859
569.483 2.893
569.680 2.899
569.877 2.878
570.074 2.859
570.270 2.829
570.467 2.826
570.664 2.823
570.861 2.798
571.057 2.790
571.254 2.767
571.451 2.759
571.648 2.745
571.844 2.738
572.041 2.768
572.238 2.790
572.435 2.820
572.631 2.825
572.828 2.825
573.025 2.815
573.222 2.813
573.418 2.832
573.615 2.813
573.812 2.795
574.009 2.794
574.205 2.770
574.402 2.734
574.599 2.725
574.796 2.716
574.992 2.696
575.189 2.725
575.386 2.721
575.583 2.715
575.779 2.738
575.976 2.731
576.173 2.733
576.370 2.739
576.567 2.744
576.763 2.744
576.960 2.748
577.158 2.742
577.356 2.725
577.554 2.722
577.752 2.712
577.950 2.707
578.148 2.707
578.346 2.682
578.544 2.658
578.742 2.655
578.940 2.630
579.138 2.597
579.336 2.603
579.534 2.618
579.732 2.620
579.930 2.626
580.128 2.638
580.326 2.636
580.524 2.637
580.722 2.623
580.920 2.601
581.118 2.632
581.316 2.660
581.514 2.633
581.712 2.600
581.909 2.595
582.107 2.600
582.305 2.591
582.503 2.596
582.701 2.591
582.899 2.585
583.097 2.580
583.295 2.563
583.493 2.577
583.691 2.607
583.889 2.634
584.087 2.636
584.285 2.616
584.483 2.598
584.681 2.590
584.879 2.582
585.077 2.578
585.275 2.584
585.473 2.578
585.671 2.573
585.869 2.578
586.067 2.566
586.265 2.556
586.463 2.544
586.661 2.537
586.859 2.536
587.057 2.548
587.255 2.556
587.453 2.543
587.651 2.529
587.849 2.501
588.047 2.487
588.245 2.475
588.443 2.479
588.641 2.508
588.839 2.537
589.037 2.542
589.235 2.551
589.433 2.578
589.631 2.617
589.829 2.632
590.027 2.619
590.225 2.591
590.423 2.583
590.621 2.577
590.819 2.561
591.017 2.527
591.215 2.504
591.413 2.489
591.611 2.467
591.809 2.453
592.006 2.452
592.204 2.453
592.402 2.470
592.600 2.489
592.798 2.493
592.996 2.481
593.194 2.485
593.392 2.508
593.590 2.514
593.788 2.524
593.986 2.540
594.184 2.541
594.382 2.575
594.580 2.610
594.778 2.604
594.976 2.595
595.174 2.591
595.372 2.584
595.570 2.564
595.768 2.545
595.966 2.510
596.164 2.485
596.362 2.485
596.560 2.469
596.758 2.433
596.956 2.422
597.154 2.433
597.352 2.437
597.550 2.453
597.748 2.501
597.946 2.534
598.144 2.569
598.342 2.564
598.540 2.544
598.738 2.531
598.936 2.530
599.134 2.529
599.332 2.527
599.530 2.542
599.728 2.541
599.926 2.510
600.124 2.489
600.322 2.508
600.520 2.546
600.718 2.538
600.916 2.525
601.114 2.542
601.312 2.558
601.510 2.536
601.708 2.536
601.905 2.560
602.103 2.576
602.301 2.615
602.499 2.596
602.697 2.572
602.895 2.584
603.093 2.624
603.291 2.623
603.489 2.623
603.687 2.640
603.885 2.644
604.083 2.622
604.281 2.586
604.479 2.544
604.677 2.549
604.875 2.559
605.073 2.567
605.271 2.547
605.469 2.535
605.667 2.526
605.865 2.539
606.063 2.567
606.261 2.630
606.459 2.646
606.657 2.665
606.855 2.665
607.053 2.658
607.251 2.661
607.449 2.666
607.647 2.673
607.845 2.687
608.043 2.681
608.241 2.639
608.439 2.556
608.637 2.561
608.835 2.576
609.033 2.584
609.231 2.580
609.429 2.588
609.627 2.597
609.825 2.608
610.023 2.621
610.221 2.623
610.419 2.632
610.617 2.647
610.815 2.641
611.013 2.624
611.211 2.618
611.409 2.626
611.607 2.627
611.804 2.622
612.002 2.629
612.200 2.623
612.398 2.639
612.596 2.633
612.794 2.626
612.992 2.645
613.190 2.659
613.388 2.654
613.586 2.665
613.784 2.677
613.982 2.690
614.180 2.703
614.378 2.726
614.576 2.727
614.774 2.729
614.972 2.716
615.170 2.693
615.368 2.692
615.566 2.682
615.764 2.648
615.962 2.613
616.160 2.581
616.358 2.533
616.556 2.492
616.754 2.466
616.952 2.459
617.150 2.478
617.348 2.480
617.546 2.459
617.744 2.454
617.942 2.459
618.140 2.469
618.338 2.483
618.536 2.500
618.734 2.505
618.932 2.523
619.130 2.529
619.328 2.518
619.526 2.507
619.724 2.503
619.922 2.514
620.120 2.519
620.318 2.539
620.516 2.569
620.714 2.576
620.912 2.584
621.110 2.583
621.308 2.575
621.506 2.572
621.704 2.612
621.901 2.662
622.099 2.657
622.297 2.671
622.495 2.667
622.693 2.650
622.891 2.629
623.089 2.625
623.287 2.629
623.485 2.646
623.683 2.659
623.881 2.618
624.079 2.578
624.277 2.589
624.475 2.587
624.673 2.584
624.871 2.594
625.069 2.632
625.267 2.646
625.465 2.639
625.663 2.627
625.861 2.624
626.059 2.652
626.257 2.677
626.455 2.678
626.653 2.678
626.851 2.667
627.049 2.661
627.247 2.652
627.445 2.650
627.643 2.657
627.841 2.694
628.039 2.725
628.237 2.727
628.435 2.695
628.633 2.670
628.831 2.655
629.029 2.658
629.227 2.642
629.425 2.656
629.623 2.662
629.821 2.649
630.019 2.611
630.217 2.591
630.415 2.599
630.613 2.634
630.811 2.672
631.009 2.676
631.207 2.669
631.405 2.669
631.603 2.647
631.801 2.661
631.998 2.693
632.196 2.712
632.394 2.723
632.592 2.712
632.790 2.699
632.988 2.705
633.186 2.724
633.384 2.721
633.582 2.735
633.780 2.748
633.978 2.703
634.176 2.677
634.374 2.667
634.572 2.645
634.770 2.627
634.968 2.631
635.166 2.631
635.364 2.613
635.562 2.619
635.760 2.612
635.958 2.597
636.156 2.617
636.354 2.625
636.552 2.631
636.750 2.637
636.948 2.650
637.146 2.650
637.344 2.645
637.542 2.642
637.740 2.657
637.938 2.656
638.136 2.840
638.334 3.140
638.532 3.135
638.730 3.148
638.928 3.159
639.126 3.155
639.324 3.145
639.522 3.157
639.720 3.188
639.918 3.174
640.116 3.174
640.314 2.992
640.512 2.669
640.710 2.680
640.908 2.705
641.106 2.728
641.304 2.738
641.502 2.734
641.699 2.707
641.897 2.690
642.095 2.707
642.293 2.707
642.491 2.700
642.689 2.719
642.887 2.697
643.085 2.656
643.283 2.628
643.481 2.621
643.679 2.634
643.877 2.654
644.075 2.658
644.273 2.663
644.471 2.675
644.669 2.679
644.867 2.659
645.065 2.656
645.263 2.650
645.461 2.665
645.659 2.706
645.857 2.724
646.055 2.733
646.253 2.742
646.451 2.730
646.649 2.709
646.847 2.712
647.045 2.741
647.243 2.795
647.441 2.844
647.639 2.870
647.837 2.870
648.035 2.868
648.233 2.861
648.431 2.874
648.629 2.896
648.827 2.924
649.025 2.965
649.223 2.957
649.421 2.917
649.619 2.898
649.817 2.896
650.015 2.907
650.213 2.880
650.411 2.851
650.609 2.801
650.807 2.773
651.005 2.764
651.203 2.736
651.401 2.753
651.599 2.771
651.796 2.791
651.994 2.780
652.192 2.742
652.390 2.755
652.588 2.760
652.786 2.784
652.984 2.793
653.182 2.798
653.380 2.793
653.578 2.770
653.776 2.769
653.974 2.767
654.172 2.752
654.370 2.730
654.568 2.704
654.766 2.699
654.964 2.700
655.162 2.697
655.360 2.692
655.558 2.699
655.756 2.740
655.954 2.767
656.152 2.762
656.350 2.771
656.548 2.775
656.746 2.771
656.944 2.757
657.142 2.754
657.340 2.784
657.538 2.806
657.736 2.806
657.934 2.782
658.132 2.761
658.330 2.725
658.528 2.706
658.726 2.738
658.924 2.767
659.122 2.824
659.320 2.846
659.518 2.807
659.716 2.777
659.914 2.779
660.112 2.781
660.310 2.771
660.508 2.802
660.706 2.826
660.904 2.821
661.102 2.819
661.300 2.803
661.498 2.786
661.696 2.803
661.893 2.828
662.091 2.824
662.289 2.819
662.487 2.827
662.685 2.798
662.883 2.743
663.081 2.746
663.279 2.787
663.477 2.797
663.675 2.820
663.873 2.863
664.071 2.895
664.269 2.916
664.467 2.927
664.665 2.968
664.863 3.022
665.061 3.074
665.259 3.062
665.457 3.056
665.655 3.059
665.853 3.032
666.051 3.009
666.249 2.993
666.447 2.995
666.645 3.006
666.843 2.971
667.041 2.949
667.239 2.947
667.437 2.965
667.635 2.950
667.833 2.932
668.031 2.935
668.229 2.952
668.427 2.999
668.625 3.046
668.823 3.040
669.021 3.046
669.219 3.056
669.417 3.058
669.615 3.048
669.813 3.047
670.011 3.062
670.209 3.079
670.407 3.045
670.605 2.969
670.803 2.938
671.001 2.977
671.199 3.002
671.397 2.983
671.595 3.017
671.792 3.057
671.990 3.018
672.188 2.981
672.386 2.986
672.584 3.007
672.782 3.014
672.980 2.997
673.178 2.952
673.376 2.908
673.574 2.898
673.772 2.827
673.970 2.788
674.168 2.845
674.366 2.906
674.564 2.908
674.762 2.896
674.960 2.894
675.158 2.865
675.356 2.858
675.554 2.882
675.752 2.874
675.950 2.912
676.148 2.952
676.346 2.929
676.544 2.877
676.742 2.848
676.940 2.850
677.138 2.866
677.336 2.889
677.534 2.908
677.732 2.914
677.930 2.953
678.128 2.955
678.326 2.944
678.524 2.939
678.722 2.969
678.920 3.023
679.118 3.037
679.316 3.049
679.514 3.056
679.712 3.021
679.910 2.978
680.108 2.953
680.306 2.936
680.504 2.906
680.702 2.915
680.900 2.912
681.098 2.878
681.296 2.867
681.494 2.874
681.691 2.876
681.889 2.920
682.087 2.939
682.285 2.934
682.483 2.950
682.681 2.995
682.879 3.027
683.077 3.042
683.275 3.045
683.473 3.047
683.671 3.026
683.869 3.032
684.067 3.023
684.265 3.043
684.463 3.102
684.661 3.112
684.859 3.068
685.057 3.022
685.255 3.000
685.453 3.010
685.651 3.032
685.849 3.049
686.047 3.053
686.245 3.059
686.443 3.058
686.641 3.029
686.839 3.044
687.037 3.053
687.235 3.064
687.433 3.074
687.631 3.067
687.829 3.057
688.027 3.054
688.225 3.069
688.423 3.048
688.621 3.022
688.819 3.011
689.017 3.008
689.215 3.014
689.413 3.010
689.611 3.005
689.809 2.997
690.007 2.992
690.205 2.976
690.403 2.957
690.601 2.971
690.799 3.007
690.997 3.020
691.195 3.012
691.393 3.031
691.591 3.070
691.788 3.097
691.986 3.139
692.184 3.158
692.382 3.190
692.580 3.213
692.778 3.202
692.976 3.192
693.174 3.179
693.372 3.184
693.570 3.169
693.768 3.173
693.966 3.174
694.164 3.135
694.362 3.112
694.560 3.104
694.758 3.075
694.956 3.090
695.154 3.108
695.352 3.131
695.550 3.127
695.748 3.123
695.946 3.084
696.144 3.052
696.342 3.061
696.540 3.050
696.744 3.022
696.948 3.051
697.152 3.052
697.357 3.052
697.561 3.063
697.765 3.087
697.969 3.128
698.173 3.153
698.377 3.160
698.581 3.192
698.786 3.239
698.990 3.266
699.194 3.238
699.398 3.230
699.602 3.199
699.806 3.174
700.010 3.143
700.215 3.091
700.419 3.081
700.623 3.086
700.827 3.036
701.031 2.980
701.235 2.976
701.440 2.970
701.644 2.968
701.848 2.997
702.052 2.972
702.256 2.941
702.460 2.928
702.664 2.904
702.869 2.906
703.073 2.976
703.277 3.041
703.481 3.050
703.685 3.086
703.889 3.084
704.093 3.049
704.298 3.064
704.502 3.095
704.706 3.136
704.910 3.169
705.114 3.161
705.318 3.121
705.522 3.062
705.727 3.056
705.931 3.032
706.135 3.029
706.339 3.052
706.543 3.094
706.747 3.124
706.951 3.118
707.156 3.114
707.360 3.153
707.564 3.169
707.768 3.148
707.972 3.127
708.176 3.133
708.380 3.160
708.585 3.163
708.789 3.112
708.993 3.059
709.197 3.040
709.401 3.026
709.605 3.012
709.810 3.010
710.014 3.068
710.218 3.088
710.422 3.070
710.626 3.076
710.830 3.077
711.034 3.071
711.239 3.084
711.443 3.091
711.647 3.078
711.851 3.025
712.055 2.984
712.259 2.979
712.463 2.977
712.668 2.975
712.872 2.957
713.076 2.963
713.280 3.041
713.484 3.065
713.688 3.058
713.892 3.059
714.097 3.070
714.301 3.106
714.505 3.092
714.709 3.069
714.913 3.079
715.117 3.094
715.321 3.076
715.526 3.034
715.730 3.054
715.934 3.089
716.138 3.125
716.342 3.168
716.546 3.145
716.750 3.164
716.955 3.184
717.159 3.185
717.363 3.155
717.567 3.157
717.771 3.146
717.975 3.112
718.180 3.095
718.384 3.067
718.588 3.055
718.792 3.093
718.996 3.131
719.200 3.132
719.404 3.143
719.609 3.193
719.813 3.184
720.017 3.185
720.221 3.193
720.425 3.195
720.629 3.237
720.833 3.249
721.038 3.205
721.242 3.144
721.446 3.144
721.650 3.122
721.854 3.099
722.058 3.133
722.262 3.128
722.467 3.123
722.671 3.122
722.875 3.104
723.079 3.114
723.283 3.169
723.487 3.210
723.691 3.236
723.896 3.244
724.100 3.204
724.304 3.177
724.508 3.185
724.712 3.170
724.916 3.190
725.120 3.232
725.325 3.235
725.529 3.179
725.733 3.139
725.937 3.135
726.141 3.130
726.345 3.134
726.550 3.118
726.754 3.099
726.958 3.118
727.162 3.098
727.366 3.043
727.570 3.032
727.774 3.099
727.979 3.128
728.183 3.115
728.387 3.149
728.591 3.201
728.795 3.260
728.999 3.311
729.203 3.335
729.408 3.358
729.612 3.442
729.816 3.436
730.020 3.364
730.224 3.337
730.428 3.338
730.632 3.304
730.837 3.309
731.041 3.290
731.245 3.251
731.449 3.232
731.653 3.213
731.857 3.125
732.061 3.126
732.266 3.167
732.470 3.164
732.674 3.157
732.878 3.212
733.082 3.222
733.286 3.228
733.490 3.254
733.695 3.256
733.899 3.274
734.103 3.358
734.307 3.396
734.511 3.381
734.715 3.430
734.920 3.485
735.124 3.479
735.328 3.473
735.532 3.494
735.736 3.551
735.940 3.615
736.144 3.641
736.349 3.627
736.553 3.633
736.757 3.664
736.961 3.667
737.165 3.673
737.369 3.674
737.573 3.650
737.778 3.616
737.982 3.547
738.186 3.485
738.390 3.478
738.594 3.463
738.798 3.449
739.002 3.460
739.207 3.459
739.411 3.433
739.615 3.422
739.819 3.451
740.023 3.452
740.227 3.468
740.431 3.503
740.636 3.478
740.840 3.471
741.044 3.450
741.248 3.440
741.452 3.427
741.656 3.415
741.860 3.406
742.065 3.398
742.269 3.445
742.473 3.505
742.677 3.516
742.881 3.536
743.085 3.542
743.290 3.566
743.494 3.608
743.698 3.631
743.902 3.634
744.106 3.664
744.310 3.646
744.514 3.615
744.719 3.591
744.923 3.620
745.127 3.703
745.331 3.802
745.535 3.819
745.739 3.745
745.943 3.694
746.148 3.678
746.352 3.691
746.556 3.775
746.760 3.773
746.964 3.789
747.168 3.800
747.372 3.772
747.577 3.681
747.781 3.670
747.985 3.755
748.189 3.792
748.393 3.847
748.597 3.890
748.801 3.896
749.006 3.933
749.210 3.885
749.414 3.823
749.618 3.751
749.822 3.745
750.026 3.768
750.230 3.760
750.435 3.791
750.639 3.823
750.843 3.775
751.047 3.695
751.251 3.633
751.455 3.625
751.660 3.607
751.864 3.622
752.068 3.623
752.272 3.633
752.476 3.648
752.680 3.640
752.884 3.585
753.089 3.567
753.293 3.601
753.497 3.665
753.701 3.713
753.905 3.798
754.109 3.811
754.313 3.812
754.518 3.796
754.722 3.790
754.926 3.874
755.130 3.932
755.334 3.966
755.538 3.975
755.742 3.982
755.947 4.026
756.151 4.033
756.355 4.120
756.559 4.156
756.763 4.100
756.967 4.063
757.171 3.959
757.376 3.885
757.580 3.855
757.784 3.834
757.988 3.801
758.192 3.756
758.396 3.766
758.600 3.725
758.805 3.723
759.009 3.837
759.213 3.962
759.417 4.052
759.621 4.068
759.825 4.093
760.030 4.191
760.234 4.289
760.438 4.294
760.642 4.272
760.846 4.256
761.050 4.236
761.254 4.195
761.459 4.131
761.663 4.043
761.867 4.048
762.071 4.015
762.275 3.928
762.479 3.884
762.683 3.945
762.888 3.940
763.092 3.889
763.296 3.915
763.500 3.935
763.709 3.923
763.918 4.001
764.126 4.058
764.335 4.149
764.544 4.266
764.753 4.350
764.962 4.311
765.171 4.284
765.379 4.327
765.588 4.336
765.797 4.308
766.006 4.249
766.215 4.207
766.424 4.185
766.632 4.172
766.841 4.114
767.050 4.019
767.259 4.021
767.468 4.085
767.677 4.088
767.885 4.083
768.094 4.116
768.303 4.197
768.512 4.208
768.721 4.184
768.929 4.149
769.138 4.149
769.347 4.122
769.556 4.113
769.765 4.096
769.974 4.129
770.182 4.131
770.391 4.087
770.600 4.041
770.809 4.006
771.018 4.010
771.227 3.963
771.435 3.919
771.644 3.991
771.853 4.003
772.062 3.956
772.271 3.888
772.480 3.858
772.688 3.934
772.897 4.063
773.106 4.230
773.315 4.266
773.524 4.343
773.732 4.411
773.941 4.387
774.150 4.375
774.359 4.409
774.568 4.463
774.777 4.491
774.985 4.470
775.194 4.400
775.403 4.269
775.612 4.233
775.821 4.176
776.030 4.120
776.238 4.132
776.447 4.150
776.656 4.204
776.865 4.260
777.074 4.327
777.283 4.407
777.491 4.422
777.700 4.451
777.909 4.510
778.118 4.619
778.327 4.671
778.535 4.696
778.744 4.759
778.953 4.738
779.162 4.625
779.371 4.552
779.580 4.510
779.788 4.558
779.997 4.596
780.206 4.615
780.415 4.546
780.624 4.514
780.833 4.505
781.041 4.506
781.250 4.531
781.459 4.608
781.668 4.653
781.877 4.591
782.086 4.520
782.294 4.529
782.503 4.558
782.712 4.592
782.921 4.622
783.130 4.675
783.338 4.694
783.547 4.679
783.756 4.742
783.965 4.830
784.174 4.924
784.383 4.972
784.591 4.941
784.800 4.960
785.009 5.025
785.218 5.069
785.427 5.034
785.636 4.966
785.844 4.907
786.053 4.871
786.262 4.873
786.471 4.869
786.680 4.881
786.889 4.934
787.097 4.913
787.306 4.898
787.515 4.929
787.724 4.950
787.933 5.011
788.141 5.089
788.350 5.139
788.559 5.099
788.768 5.097
788.977 5.071
789.186 5.024
789.394 4.946
789.603 4.850
789.812 4.775
790.021 4.733
790.230 4.694
790.439 4.758
790.647 4.761
790.856 4.697
791.065 4.721
791.274 4.818
791.483 4.937
791.692 5.056
791.900 5.099
792.109 5.162
792.318 5.278
792.527 5.387
792.736 5.369
792.944 5.343
793.153 5.419
793.362 5.416
793.571 5.347
793.780 5.293
793.989 5.282
794.197 5.360
794.406 5.368
794.615 5.313
794.824 5.317
795.033 5.352
795.242 5.424
795.450 5.453
795.659 5.448
795.868 5.421
796.077 5.432
796.286 5.470
796.495 5.481
796.703 5.554
796.912 5.612
797.121 5.581
797.330 5.575
797.539 5.489
797.747 5.409
797.956 5.417
798.165 5.541
798.374 5.546
798.583 5.464
798.792 5.442
799.000 5.392
799.209 5.410
799.418 5.455
799.627 5.444
799.836 5.501
800.045 5.651
800.253 5.642
800.462 5.569
800.671 5.555
800.880 5.610
801.089 5.668
801.298 5.691
801.506 5.627
801.715 5.631
801.924 5.648
802.133 5.668
802.342 5.691
802.550 5.804
802.759 5.978
802.968 6.094
803.177 6.108
803.386 6.170
803.595 6.142
803.803 6.150
804.012 6.084
804.221 6.081
804.430 6.053
804.639 5.992
804.848 5.968
805.056 5.866
805.265 5.855
805.474 5.914
805.683 5.910
805.892 6.016
806.101 6.136
806.309 6.203
806.518 6.275
806.727 6.371
806.936 6.449
807.145 6.517
807.353 6.498
807.562 6.423
807.771 6.497
807.980 6.570
808.189 6.472
808.398 6.347
808.606 6.341
808.815 6.316
809.024 6.247
809.233 6.198
809.442 6.188
809.651 6.171
809.859 6.181
810.068 6.152
810.277 6.048
810.486 6.130
810.695 6.289
810.904 6.357
811.112 6.440
811.321 6.499
811.530 6.566
811.740 6.505
811.949 6.583
812.159 6.672
812.368 6.696
812.578 6.743
812.787 6.894
812.997 7.151
813.206 7.233
813.416 7.270
813.625 7.311
813.835 7.217
814.044 7.276
814.254 7.376
814.463 7.402
814.673 7.392
814.882 7.501
815.092 7.396
815.301 7.050
815.511 6.925
815.720 6.835
815.930 6.867
816.139 7.014
816.349 6.984
816.558 6.885
816.768 6.902
816.977 6.898
817.187 6.794
817.396 6.714
817.606 6.788
817.815 6.940
818.025 6.976
818.234 6.931
818.444 6.878
818.653 6.932
818.863 6.966
819.072 6.988
819.282 7.163
819.491 7.289
819.701 7.409
819.910 7.523
820.120 7.557
820.329 7.767
820.539 7.910
820.748 8.002
820.958 8.137
821.167 8.280
821.377 8.338
821.586 8.216
821.796 8.082
822.005 8.159
822.215 8.251
822.424 8.215
822.634 8.072
822.843 8.100
823.053 8.123
823.262 8.146
823.472 8.160
823.681 8.169
823.891 8.235
824.100 8.422
824.310 8.428
824.519 8.154
824.729 8.070
824.938 8.063
825.148 7.970
825.357 7.951
825.567 7.942
825.776 7.999
825.986 8.022
826.195 7.991
826.405 7.909
826.614 7.928
826.824 8.175
827.033 8.370
827.243 8.401
827.452 8.469
827.662 8.524
827.871 8.500
828.081 8.492
828.290 8.620
828.500 8.650
828.709 8.721
828.919 8.714
829.128 8.629
829.338 8.546
829.547 8.664
829.757 8.675
829.966 8.625
830.176 8.629
830.385 8.641
830.595 8.584
830.804 8.604
831.014 8.582
831.223 8.699
831.433 8.798
831.642 8.760
831.852 8.611
832.061 8.544
832.271 8.609
832.480 8.773
832.690 8.729
832.899 8.696
833.109 8.932
833.318 9.068
833.528 9.024
833.737 8.998
833.947 9.189
834.156 9.438
834.366 9.746
834.575 9.728
834.785 9.698
834.994 9.902
835.204 9.943
835.413 9.852
835.623 9.888
835.832 9.901
836.042 10.012
836.251 10.176
836.461 10.160
836.670 10.044
836.880 10.183
837.089 10.260
837.299 10.141
837.508 10.255
837.718 10.481
837.927 10.562
838.137 10.657
838.346 10.708
838.556 10.582
838.765 10.620
838.975 10.701
839.184 10.745
839.394 10.641
839.603 10.577
839.813 10.555
840.022 10.413
840.232 10.362
840.441 10.380
840.651 10.481
840.860 10.620
841.070 10.654
841.279 10.691
841.489 10.649
841.698 10.677
841.908 10.716
842.117 10.675
842.327 10.585
842.536 10.621
842.746 10.626
842.955 10.637
843.165 10.748
843.374 10.921
843.584 10.986
843.793 11.117
844.003 11.351
844.212 11.614
844.422 11.716
844.631 11.756
844.841 11.831
845.050 11.928
845.260 11.979
845.469 11.910
845.679 11.827
845.888 11.902
846.098 12.022
846.307 11.985
846.517 11.945
846.726 12.084
846.936 12.456
847.145 12.596
847.355 12.651
847.564 12.724
847.774 13.393
847.983 14.405
848.193 14.539
848.402 14.593
848.612 14.610
848.821 14.662
849.031 14.645
849.240 14.441
849.450 14.317
849.659 14.248
849.869 14.147
850.078 13.430
850.288 12.623
850.497 12.626
850.707 12.594
850.916 12.544
851.126 12.543
851.335 12.594
851.545 12.654
851.754 12.791
851.964 12.991
852.173 13.115
852.383 13.176
852.592 13.066
852.802 13.080
853.011 13.139
853.221 13.206
853.430 13.213
853.640 13.266
853.849 13.466
854.059 13.590
854.268 13.698
854.478 13.828
854.687 14.055
854.897 14.296
855.106 14.420
855.316 14.426
855.525 14.458
855.735 14.466
855.944 14.396
856.154 14.490
856.363 14.626
856.573 14.701
856.782 14.596
856.992 14.404
857.201 14.297
857.411 14.163
857.620 14.236
857.830 14.407
858.039 14.482
858.249 14.612
858.458 14.590
858.668 14.539
858.877 14.495
859.087 14.764
859.296 15.057
859.506 15.123
859.715 15.170
859.925 15.085
860.134 15.105
860.344 15.278
860.553 15.380
860.763 15.377
860.972 15.370
861.182 15.413
861.391 15.331
861.601 15.151
861.810 15.191
862.020 15.258
862.229 15.286
862.439 15.303
862.648 15.547
862.858 15.663
863.067 15.579
863.277 15.580
863.486 15.652
863.696 15.647
863.905 15.639
864.115 15.604
864.324 15.723
864.534 15.973
864.743 16.110
864.953 16.035
865.162 16.092
865.372 16.213
865.581 16.224
865.791 16.414
866.000 16.618
866.210 16.989
866.419 17.224
866.629 17.244
866.838 17.184
867.048 17.159
867.257 17.237
867.467 17.471
867.676 17.776
867.886 17.901
868.095 17.758
868.305 17.728
868.514 17.606
868.724 17.480
868.933 17.565
869.143 17.609
869.352 17.595
869.562 17.649
869.771 17.533
869.981 17.374
870.190 17.472
870.400 17.563
870.609 17.803
870.819 18.082
871.028 18.497
871.238 18.788
871.447 19.036
871.657 19.242
871.866 19.189
872.076 19.378
872.285 19.406
872.495 19.395
872.704 19.384
872.914 19.310
873.123 19.461
873.333 19.522
873.542 19.454
873.752 19.506
873.961 19.712
874.171 19.725
874.380 19.409
874.590 19.530
874.799 19.861
875.009 20.218
875.218 20.539
875.428 20.149
875.637 19.889
875.847 20.170
876.056 20.145
876.266 19.957
876.475 20.094
876.685 20.488
876.894 20.867
877.104 20.867
877.313 20.687
877.523 20.630
877.732 20.931
877.942 21.142
878.151 20.967
878.361 20.903
878.570 21.010
878.780 21.107
878.989 21.166
879.199 21.242
879.408 21.135
879.618 21.010
879.827 20.917
880.037 21.226
880.246 21.507
880.456 21.664
880.665 21.860
880.875 22.051
881.084 22.360
881.294 22.437
881.503 22.074
881.713 22.230
881.922 22.603
882.132 22.578
882.341 22.334
882.551 22.223
882.760 22.251
882.970 22.192
883.179 22.285
883.389 22.198
883.598 22.030
883.808 22.236
884.017 22.243
884.227 22.094
884.436 22.070
884.646 22.158
884.855 22.078
885.065 21.935
885.274 22.188
885.484 22.427
885.693 22.588
885.903 22.515
886.112 22.409
886.322 22.569
886.531 22.988
886.741 23.248
886.950 23.352
887.160 23.541
887.369 23.501
887.579 23.332
887.788 22.899
887.998 22.688
888.207 22.904
888.417 23.043
888.626 22.937
888.836 22.493
889.045 22.227
889.255 22.204
889.464 22.455
889.674 22.687
889.883 22.659
890.093 22.818
890.302 22.795
890.512 22.965
890.721 23.311
890.931 23.293
891.140 23.443
891.350 23.686
891.559 23.796
891.769 23.702
891.978 23.803
892.188 24.299
892.397 24.437
892.607 24.593
892.816 24.635
893.026 24.225
893.235 24.218
893.445 24.468
893.654 24.821
893.864 25.055
894.073 24.999
894.283 24.989
894.492 24.637
894.702 24.448
894.911 24.484
895.121 24.439
895.330 24.638
895.540 24.945
895.749 25.269
895.959 25.231
896.168 25.299
896.378 25.463
896.587 25.895
896.797 26.102
897.006 26.278
897.216 26.591
897.425 26.616
897.635 26.595
897.844 26.728
898.054 26.502
898.263 26.355
898.473 26.085
898.682 25.723
898.892 25.560
899.101 25.902
899.311 26.081
899.520 25.939
899.730 26.134
899.939 26.372
900.149 26.241
900.358 26.156
900.568 26.474
900.777 27.004
900.987 27.488
901.196 27.330
901.406 27.016
901.615 26.958
901.825 26.901
902.034 26.717
902.244 26.706
902.453 26.994
902.663 27.329
902.872 27.202
903.082 27.097
903.291 27.176
903.501 27.409
903.710 27.633
903.920 28.040
904.129 28.173
904.339 28.392
904.548 28.487
904.758 28.241
904.967 28.134
905.177 28.199
905.386 28.231
905.596 28.252
905.805 28.401
906.015 28.518
906.224 28.499
906.434 28.613
906.643 28.517
906.853 28.414
907.062 28.763
907.272 28.769
907.481 28.778
907.691 29.053
907.900 29.017
908.110 28.999
908.319 29.061
908.529 28.827
908.738 28.819
908.948 29.125
909.157 29.051
909.367 28.674
909.576 28.865
909.786 29.125
909.995 28.828
910.205 28.603
910.414 28.282
910.624 28.287
910.833 28.765
911.043 28.948
911.252 29.219
911.462 29.925
911.672 30.206
911.881 30.098
912.091 29.738
912.300 29.995
912.512 30.344
912.724 30.650
912.937 30.877
913.149 31.157
913.361 31.432
913.573 30.952
913.786 30.461
913.998 30.723
914.210 30.655
914.422 30.910
914.634 30.770
914.847 30.814
915.059 30.858
915.271 30.773
915.483 30.297
915.696 30.069
915.908 30.621
916.120 30.938
916.332 30.979
916.544 31.606
916.757 32.002
916.969 32.073
917.181 32.292
917.393 32.477
917.606 32.384
917.818 32.472
918.030 32.602
918.242 32.592
918.454 32.244
918.667 32.140
918.879 32.076
919.091 32.035
919.303 31.952
919.516 31.590
919.728 31.424
919.940 31.882
920.152 32.172
920.364 32.127
920.577 32.008
920.789 32.350
921.001 32.488
921.213 32.952
921.426 33.388
921.638 33.855
921.850 33.911
922.062 33.749
922.274 33.271
922.487 33.073
922.699 33.174
922.911 33.372
923.123 33.706
923.336 33.995
923.548 33.556
923.760 33.117
923.972 32.896
924.184 32.862
924.397 32.946
924.609 33.213
924.821 33.680
925.033 33.717
925.246 33.638
925.458 33.486
925.670 33.212
925.882 33.271
926.094 33.166
926.307 33.056
926.519 33.192
926.731 33.465
926.943 33.875
927.156 33.769
927.368 33.728
927.580 33.945
927.792 34.338
928.004 34.727
928.217 34.543
928.429 34.966
928.641 35.544
928.853 35.992
929.066 36.304
929.278 36.284
929.490 36.178
929.702 36.541
929.914 36.530
930.127 36.342
930.339 36.124
930.551 36.315
930.763 36.119
930.976 35.824
931.188 35.730
931.400 35.501
931.612 35.377
931.824 35.648
932.037 35.442
932.249 35.692
932.461 35.853
932.673 35.910
932.886 36.197
933.098 36.332
933.310 36.273
933.522 36.432
933.734 37.017
933.947 37.177
934.159 36.858
934.371 36.959
934.583 36.378
934.796 35.983
935.008 36.026
935.220 35.981
935.432 35.620
935.644 35.751
935.857 35.910
936.069 35.391
936.281 35.467
936.493 35.437
936.706 36.268
936.918 37.789
937.130 38.314
937.342 38.728
937.554 38.983
937.767 39.987
937.979 40.667
938.191 40.662
938.403 40.891
938.616 40.757
938.828 41.517
939.040 41.605
939.252 41.373
939.464 41.432
939.677 41.299
939.889 41.067
940.101 41.275
940.313 42.096
940.526 42.441
940.738 42.717
940.950 43.114
941.162 42.748
941.374 42.630
941.587 42.925
941.799 43.635
942.011 44.135
942.223 44.171
942.436 43.809
942.648 42.803
942.860 42.626
943.072 42.165
943.284 42.455
943.497 43.013
943.709 43.021
943.921 42.205
944.133 41.945
944.346 41.823
944.558 42.561
944.770 43.224
944.982 43.542
945.194 44.203
945.407 44.872
945.619 44.125
945.831 44.113
946.043 44.529
946.256 45.175
946.468 45.230
946.680 44.751
946.892 43.885
947.104 42.888
947.317 42.299
947.529 41.486
947.741 42.038
947.953 42.961
948.166 42.268
948.378 41.858
948.590 42.638
948.802 42.772
949.014 43.634
949.227 43.919
949.439 43.967
949.651 44.945
949.863 46.400
950.076 46.424
950.288 46.826
950.500 47.671
950.712 47.086
950.924 45.907
951.137 46.612
951.349 47.574
951.561 48.051
951.773 50.878
951.986 53.856
952.198 52.589
952.410 51.609
952.622 50.207
952.834 49.955
953.047 51.265
953.259 50.942
953.471 49.287
953.683 47.403
953.896 48.353
954.108 47.534
954.320 43.744
954.532 43.148
954.744 43.877
954.957 45.319
955.169 45.409
955.381 45.256
955.593 44.965
955.806 44.760
956.018 45.805
956.230 45.997
956.442 44.427
956.654 44.780
956.867 45.510
957.079 45.274
957.291 44.985
957.503 45.849
957.716 45.513
957.928 46.737
958.140 47.913
958.352 48.005
958.564 47.108
958.777 47.051
958.989 46.604
959.201 47.203
959.413 48.135
959.626 47.409
959.838 46.139
960.050 45.689
960.262 45.206
960.474 45.609
960.687 46.909
960.899 47.466
961.111 47.573
961.323 48.267
961.536 48.059
961.748 48.265
961.960 49.241
962.172 48.616
962.384 47.528
962.597 48.220
962.809 49.475
963.021 48.495
963.233 47.446
963.446 46.827
963.658 45.963
963.870 46.892
964.082 47.132
964.294 46.587
964.507 46.821
964.719 48.014
964.931 47.813
965.143 46.322
965.356 45.899
965.568 46.669
965.780 48.202
966.000 48.696
966.221 47.435
966.441 46.877
966.662 48.488
966.882 50.397
967.103 50.471
967.323 49.488
967.543 49.462
967.764 49.394
967.984 48.697
968.205 48.061
968.425 49.253
968.645 48.944
968.866 47.686
969.086 46.639
969.307 46.352
969.527 46.950
969.748 47.331
969.968 47.357
970.188 47.162
970.409 47.087
970.629 47.735
970.850 48.795
971.070 49.463
971.290 50.491
971.511 50.161
971.731 50.130
971.952 50.011
972.172 49.620
972.393 49.681
972.613 50.848
972.833 52.113
973.054 52.358
973.274 50.570
973.495 50.207
973.715 50.850
973.936 51.852
974.156 51.690
974.376 51.903
974.597 53.394
974.817 53.522
975.038 53.001
975.258 52.603
975.478 52.203
975.699 52.369
975.919 53.373
976.140 54.552
976.360 54.377
976.581 53.720
976.801 53.336
977.021 52.252
977.242 50.645
977.462 50.230
977.683 51.502
977.903 51.222
978.123 52.095
978.344 52.348
978.564 50.744
978.785 49.832
979.005 50.945
979.226 51.979
979.446 53.134
979.666 54.501
979.887 54.221
980.107 54.077
980.328 56.570
980.548 56.977
980.769 56.620
980.989 55.100
981.209 56.132
981.430 57.249
981.650 56.745
981.871 56.642
982.091 56.485
982.311 57.838
982.532 55.964
982.752 52.459
982.973 51.161
983.193 51.244
983.414 52.614
983.634 51.567
983.854 49.115
984.075 49.767
984.295 50.002
984.516 50.124
984.736 49.915
984.956 50.929
985.177 52.320
985.397 52.111
985.618 52.604
985.838 53.578
986.059 54.015
986.279 54.691
986.499 53.626
986.720 53.237
986.940 54.919
987.161 53.924
987.381 51.913
987.602 51.650
987.822 53.756
988.042 53.036
988.263 51.968
988.483 51.519
988.704 50.596
988.924 49.717
989.144 49.715
989.365 48.974
989.585 52.294
989.806 54.799
990.026 54.099
990.247 52.109
990.467 51.918
990.687 52.634
990.908 54.238
991.128 56.575
991.349 59.060
991.569 60.226
991.789 61.297
992.010 59.671
992.230 59.127
992.451 58.885
992.671 58.873
992.892 60.984
993.112 62.367
993.332 60.821
993.553 59.009
993.773 59.388
993.994 58.217
994.214 57.161
994.435 56.860
994.655 57.578
994.875 59.272
995.096 62.315
995.316 62.755
995.537 59.804
995.757 57.983
995.977 59.313
996.198 56.757
996.418 55.495
996.639 54.795
996.859 53.783
997.080 52.881
997.300 53.629
997.520 51.638
997.741 47.124
997.961 48.111
998.182 50.080
998.402 48.061
998.622 52.053
998.843 56.847
999.063 57.015
999.284 56.695
999.504 55.343
999.725 54.060
999.945 54.617
1000.165 58.748
1000.386 59.588
1000.606 60.407
1000.827 62.326
1001.047 58.540
1001.268 53.553
1001.488 53.747
1001.708 57.544
1001.929 61.036
1002.149 62.935
1002.370 60.912
1002.590 60.507
1002.810 63.118
1003.031 62.488
1003.251 60.932
1003.472 62.253
1003.692 64.990
1003.913 65.535
1004.133 62.176
1004.353 60.536
1004.574 59.679
1004.794 62.955
1005.015 65.378
1005.235 60.577
1005.455 59.539
1005.676 60.144
1005.896 58.510
1006.117 55.330
1006.337 53.832
1006.558 57.256
1006.778 57.946
1006.998 55.530
1007.219 53.085
1007.439 48.705
1007.660 51.521
1007.880 54.791
1008.101 55.644
1008.321 54.213
1008.541 54.189
1008.762 56.039
1008.982 54.579
1009.203 56.047
1009.423 57.497
1009.643 56.070
1009.864 57.093
1010.084 54.575
1010.305 53.405
1010.525 55.007
1010.746 56.406
1010.966 54.697
1011.186 49.932
1011.407 47.465
1011.627 44.054
1011.848 41.955
1012.068 42.428
1012.288 40.668
1012.509 40.818
1012.729 37.744
1012.950 31.569
