200.182 80.633
200.437 79.894
200.691 79.162
200.946 78.476
201.201 77.540
201.455 76.848
201.710 76.116
201.964 75.298
202.219 74.644
202.474 73.928
202.728 73.194
202.983 72.468
203.237 71.683
203.492 70.746
203.747 69.753
204.001 68.845
204.256 67.841
204.510 66.797
204.765 65.802
205.020 65.131
205.274 64.373
205.529 63.419
205.783 62.557
206.038 61.603
206.293 60.435
206.547 59.400
206.802 58.417
207.057 57.687
207.311 56.799
207.566 55.943
207.820 55.048
208.075 54.206
208.330 53.301
208.584 52.327
208.839 51.558
209.093 50.763
209.348 49.828
209.603 48.934
209.857 48.045
210.112 47.281
210.366 46.370
210.621 45.317
210.876 44.371
211.130 43.569
211.385 42.891
211.639 42.222
211.894 41.337
212.149 40.497
212.403 39.766
212.658 38.975
212.913 38.090
213.167 37.248
213.422 36.556
213.676 35.809
213.931 35.125
214.186 34.439
214.440 33.789
214.695 33.211
214.949 32.738
215.204 32.180
215.459 31.570
215.713 30.963
215.968 30.289
216.222 29.591
216.477 28.921
216.732 28.461
216.986 27.937
217.241 27.331
217.495 26.818
217.750 26.280
218.005 25.806
218.259 25.351
218.514 24.830
218.769 24.240
219.023 23.724
219.278 23.254
219.532 22.704
219.787 22.226
220.042 21.764
220.296 21.332
220.551 20.835
220.805 20.396
221.060 20.025
221.315 19.628
221.569 19.209
221.824 18.832
222.078 18.504
222.333 18.144
222.588 17.793
222.842 17.374
223.097 16.981
223.351 16.627
223.606 16.211
223.861 15.760
224.115 15.364
224.370 14.968
224.625 14.593
224.879 14.243
225.134 13.863
225.388 13.528
225.643 13.231
225.898 12.954
226.152 12.685
226.407 12.392
226.661 12.033
226.916 11.732
227.171 11.398
227.425 11.099
227.680 10.835
227.934 10.603
228.189 10.341
228.444 10.112
228.698 9.890
228.953 9.644
229.208 9.409
229.462 9.155
229.717 8.924
229.971 8.701
230.226 8.507
230.481 8.290
230.735 8.106
230.990 7.939
231.244 7.749
231.499 7.576
231.754 7.442
232.008 7.300
232.263 7.166
232.517 7.019
232.772 6.891
233.027 6.737
233.281 6.593
233.536 6.457
233.790 6.285
234.045 6.138
234.300 6.036
234.554 5.933
234.809 5.800
235.064 5.696
235.318 5.617
235.573 5.533
235.827 5.437
236.082 5.342
236.337 5.274
236.591 5.197
236.846 5.114
237.100 5.029
237.355 4.971
237.610 4.912
237.864 4.840
238.119 4.790
238.373 4.733
238.628 4.679
238.883 4.638
239.137 4.586
239.392 4.538
239.646 4.496
239.901 4.462
240.156 4.419
240.410 4.395
240.665 4.362
240.920 4.322
241.174 4.295
241.429 4.266
241.683 4.234
241.938 4.206
242.193 4.186
242.447 4.160
242.702 4.141
242.956 4.120
243.211 4.098
243.466 4.077
243.720 4.074
243.975 4.075
244.229 4.066
244.484 4.044
244.739 4.032
244.993 4.028
245.248 4.015
245.503 4.008
245.757 4.004
246.012 4.000
246.266 3.993
246.521 3.989
246.776 3.989
247.030 3.979
247.285 3.964
247.539 3.957
247.794 3.953
248.049 3.944
248.303 3.937
248.558 3.950
248.812 3.947
249.067 3.925
249.322 3.920
249.576 3.916
249.831 3.909
250.085 3.899
250.340 3.898
250.595 3.904
250.849 3.917
251.104 3.922
251.359 3.928
251.613 3.935
251.868 3.941
252.122 3.936
252.377 3.935
252.632 3.939
252.886 3.934
253.141 3.928
253.395 3.930
253.650 3.931
253.905 3.925
254.161 3.923
254.416 3.924
254.672 3.936
254.927 3.952
255.183 3.950
255.438 3.945
255.694 3.956
255.949 3.968
256.205 3.969
256.460 3.971
256.715 3.965
256.971 3.968
257.226 3.979
257.482 3.991
257.737 3.997
257.993 4.005
258.248 4.016
258.504 4.021
258.759 4.017
259.014 4.019
259.270 4.015
259.525 4.005
259.781 4.008
260.036 4.031
260.292 4.042
260.547 4.037
260.803 4.044
261.058 4.054
261.314 4.059
261.569 4.059
261.824 4.061
262.080 4.067
262.335 4.074
262.591 4.092
262.846 4.106
263.102 4.107
263.357 4.108
263.613 4.118
263.868 4.125
264.123 4.122
264.379 4.116
264.634 4.120
264.890 4.120
265.145 4.127
265.401 4.128
265.656 4.129
265.912 4.125
266.167 4.115
266.423 4.104
266.678 4.103
266.933 4.103
267.189 4.096
267.444 4.088
267.700 4.085
267.955 4.080
268.211 4.074
268.466 4.079
268.722 4.085
268.977 4.087
269.232 4.090
269.488 4.088
269.743 4.081
269.999 4.081
270.254 4.079
270.510 4.073
270.765 4.075
271.021 4.077
271.276 4.076
271.532 4.074
271.787 4.068
272.042 4.059
272.298 4.050
272.553 4.040
272.809 4.033
273.064 4.027
273.320 4.030
273.575 4.030
273.831 4.015
274.086 4.005
274.342 4.001
274.597 3.988
274.852 3.984
275.108 3.983
275.363 3.975
275.619 3.954
275.874 3.938
276.130 3.931
276.385 3.925
276.641 3.918
276.896 3.904
277.151 3.898
277.407 3.891
277.662 3.871
277.918 3.853
278.173 3.837
278.429 3.823
278.684 3.821
278.940 3.818
279.195 3.807
279.451 3.798
279.706 3.785
279.961 3.780
280.217 3.769
280.472 3.763
280.728 3.757
280.983 3.754
281.239 3.746
281.494 3.739
281.750 3.736
282.005 3.729
282.260 3.720
282.516 3.702
282.771 3.687
283.027 3.675
283.282 3.670
283.538 3.659
283.793 3.646
284.049 3.633
284.304 3.614
284.560 3.600
284.815 3.586
285.070 3.577
285.326 3.577
285.581 3.573
285.837 3.556
286.092 3.541
286.348 3.532
286.603 3.529
286.859 3.517
287.114 3.507
287.369 3.500
287.625 3.497
287.880 3.497
288.136 3.500
288.391 3.496
288.647 3.486
288.902 3.468
289.158 3.456
289.413 3.457
289.669 3.455
289.924 3.453
290.179 3.457
290.435 3.459
290.690 3.454
290.946 3.449
291.201 3.445
291.457 3.440
291.712 3.434
291.968 3.429
292.223 3.417
292.479 3.415
292.734 3.407
292.989 3.405
293.245 3.411
293.500 3.414
293.756 3.408
294.011 3.406
294.267 3.398
294.522 3.382
294.778 3.373
295.033 3.368
295.288 3.367
295.544 3.365
295.799 3.359
296.055 3.354
296.310 3.348
296.566 3.343
296.821 3.344
297.077 3.343
297.332 3.336
297.588 3.328
297.843 3.318
298.098 3.318
298.354 3.320
298.609 3.319
298.865 3.319
299.120 3.324
299.376 3.323
299.631 3.314
299.887 3.314
300.142 3.317
300.397 3.312
300.653 3.308
300.908 3.302
301.164 3.298
301.419 3.294
301.675 3.287
301.930 3.274
302.186 3.265
302.441 3.262
302.697 3.253
302.952 3.245
303.207 3.240
303.463 3.236
303.718 3.225
303.974 3.218
304.229 3.220
304.485 3.218
304.740 3.214
304.996 3.211
305.251 3.210
305.506 3.205
305.762 3.198
306.017 3.190
306.273 3.191
306.528 3.192
306.784 3.195
307.039 3.200
307.295 3.196
307.550 3.193
307.806 3.205
308.061 3.209
308.316 3.209
308.572 3.204
308.827 3.195
309.083 3.190
309.338 3.182
309.594 3.169
309.849 3.170
310.105 3.173
310.360 3.175
310.615 3.174
310.871 3.171
311.126 3.168
311.382 3.173
311.637 3.174
311.893 3.169
312.148 3.169
312.404 3.161
312.659 3.155
312.915 3.155
313.170 3.157
313.429 3.157
313.688 3.159
313.947 3.158
314.206 3.159
314.465 3.158
314.724 3.152
314.983 3.154
315.242 3.155
315.501 3.148
315.760 3.151
316.019 3.163
316.278 3.169
316.536 3.168
316.795 3.162
317.054 3.168
317.313 3.174
317.572 3.180
317.831 3.190
318.090 3.199
318.349 3.201
318.608 3.202
318.867 3.199
319.126 3.197
319.385 3.205
319.644 3.215
319.903 3.219
320.162 3.224
320.421 3.227
320.680 3.228
320.939 3.227
321.198 3.223
321.457 3.220
321.716 3.216
321.975 3.208
322.234 3.204
322.493 3.202
322.752 3.202
323.010 3.206
323.269 3.204
323.528 3.194
323.787 3.191
324.046 3.193
324.305 3.200
324.564 3.210
324.823 3.212
325.082 3.215
325.341 3.228
325.600 3.239
325.859 3.244
326.118 3.254
326.377 3.263
326.636 3.265
326.895 3.270
327.154 3.267
327.413 3.268
327.672 3.270
327.931 3.275
328.190 3.284
328.449 3.296
328.708 3.304
328.967 3.306
329.226 3.316
329.485 3.322
329.743 3.325
330.002 3.322
330.261 3.321
330.520 3.326
330.779 3.323
331.038 3.331
331.297 3.347
331.556 3.350
331.815 3.348
332.074 3.342
332.333 3.348
332.592 3.362
332.851 3.366
333.110 3.371
333.369 3.369
333.628 3.363
333.887 3.351
334.146 3.351
334.405 3.356
334.664 3.362
334.923 3.379
335.182 3.388
335.441 3.378
335.700 3.373
335.959 3.377
336.217 3.380
336.476 3.385
336.735 3.394
336.994 3.405
337.253 3.428
337.512 3.447
337.771 3.459
338.030 3.465
338.289 3.476
338.548 3.487
338.807 3.493
339.066 3.510
339.325 3.510
339.584 3.508
339.843 3.515
340.102 3.520
340.361 3.522
340.620 3.530
340.879 3.541
341.138 3.541
341.397 3.530
341.656 3.531
341.915 3.537
342.174 3.534
342.433 3.544
342.691 3.560
342.950 3.575
343.209 3.585
343.468 3.599
343.727 3.606
343.986 3.614
344.245 3.618
344.504 3.625
344.763 3.638
345.022 3.644
345.281 3.650
345.540 3.659
345.799 3.666
346.058 3.673
346.317 3.678
346.576 3.684
346.835 3.693
347.094 3.700
347.353 3.716
347.612 3.722
347.871 3.736
348.130 3.742
348.389 3.743
348.648 3.744
348.907 3.750
349.166 3.771
349.424 3.781
349.683 3.792
349.942 3.806
350.201 3.817
350.460 3.826
350.719 3.823
350.978 3.818
351.237 3.835
351.496 3.848
351.755 3.846
352.014 3.853
352.273 3.858
352.532 3.851
352.791 3.853
353.050 3.863
353.309 3.876
353.568 3.878
353.827 3.879
354.086 3.876
354.345 3.867
354.604 3.870
354.863 3.866
355.122 3.886
355.381 3.906
355.640 3.913
355.898 3.921
356.157 3.924
356.416 3.929
356.675 3.942
356.934 3.950
357.193 3.976
357.452 4.005
357.711 4.013
357.970 4.029
358.229 4.040
358.488 4.037
358.747 4.030
359.006 4.030
359.265 4.047
359.524 4.073
359.783 4.093
360.042 4.106
360.301 4.117
360.560 4.130
360.819 4.138
361.078 4.142
361.337 4.149
361.596 4.171
361.855 4.193
362.114 4.214
362.372 4.245
362.631 4.262
362.890 4.266
363.149 4.266
363.408 4.279
363.667 4.291
363.926 4.304
364.185 4.322
364.444 4.340
364.703 4.357
364.962 4.361
365.221 4.381
365.480 4.405
365.745 4.407
366.009 4.421
366.274 4.450
366.539 4.467
366.804 4.484
367.068 4.497
367.333 4.505
367.598 4.517
367.863 4.523
368.127 4.530
368.392 4.549
368.657 4.566
368.921 4.560
369.186 4.555
369.451 4.566
369.716 4.579
369.980 4.589
370.245 4.605
370.510 4.618
370.775 4.632
371.039 4.639
371.304 4.644
371.569 4.645
371.834 4.649
372.098 4.663
372.363 4.680
372.628 4.691
372.892 4.706
373.157 4.699
373.422 4.687
373.687 4.688
373.951 4.696
374.216 4.701
374.481 4.710
374.746 4.728
375.010 4.740
375.275 4.737
375.540 4.727
375.804 4.716
376.069 4.706
376.334 4.709
376.599 4.714
376.863 4.717
377.128 4.722
377.393 4.729
377.658 4.728
377.922 4.721
378.187 4.726
378.452 4.727
378.716 4.725
378.981 4.727
379.246 4.725
379.511 4.733
379.775 4.748
380.040 4.757
380.305 4.753
380.570 4.752
380.834 4.758
381.099 4.768
381.364 4.767
381.629 4.767
381.893 4.780
382.158 4.785
382.423 4.771
382.687 4.766
382.952 4.766
383.217 4.768
383.482 4.773
383.746 4.773
384.011 4.780
384.276 4.789
384.541 4.786
384.805 4.772
385.070 4.773
385.335 4.782
385.599 4.795
385.864 4.803
386.129 4.817
386.394 4.828
386.658 4.831
386.923 4.829
387.188 4.820
387.453 4.815
387.717 4.822
387.982 4.826
388.247 4.830
388.511 4.825
388.776 4.818
389.041 4.818
389.306 4.821
389.570 4.820
389.835 4.812
390.100 4.809
390.365 4.819
390.629 4.825
390.894 4.823
391.159 4.825
391.424 4.826
391.688 4.818
391.953 4.821
392.218 4.834
392.482 4.840
392.747 4.841
393.012 4.843
393.277 4.850
393.541 4.859
393.806 4.862
394.071 4.869
394.336 4.867
394.600 4.861
394.865 4.860
395.130 4.865
395.394 4.875
395.659 4.879
395.924 4.874
396.189 4.872
396.453 4.871
396.718 4.872
396.983 4.863
397.248 4.861
397.512 4.866
397.777 4.865
398.042 4.851
398.306 4.846
398.571 4.851
398.836 4.858
399.101 4.857
399.365 4.855
399.630 4.868
399.895 4.880
400.160 4.878
400.424 4.868
400.689 4.876
400.954 4.894
401.219 4.899
401.483 4.892
401.748 4.883
402.013 4.882
402.277 4.876
402.542 4.875
402.807 4.883
403.072 4.894
403.336 4.899
403.601 4.903
403.866 4.905
404.131 4.908
404.395 4.913
404.660 4.927
404.929 4.928
405.198 4.927
405.466 4.930
405.735 4.935
406.004 4.951
406.273 4.956
406.542 4.944
406.810 4.936
407.079 4.936
407.348 4.940
407.617 4.940
407.886 4.944
408.154 4.945
408.423 4.948
408.692 4.957
408.961 4.958
409.229 4.957
409.498 4.970
409.767 4.978
410.036 4.984
410.305 4.985
410.573 4.994
410.842 4.996
411.111 5.002
411.380 5.008
411.649 5.006
411.917 4.996
412.186 4.992
412.455 4.988
412.724 4.989
412.993 4.986
413.261 4.987
413.530 4.981
413.799 4.981
414.068 4.987
414.337 5.002
414.605 5.012
414.874 5.010
415.143 5.006
415.412 5.005
415.681 5.005
415.949 4.995
416.218 4.996
416.487 5.003
416.756 5.016
417.024 5.024
417.293 5.020
417.562 5.022
417.831 5.029
418.100 5.038
418.368 5.045
418.637 5.049
418.906 5.050
419.175 5.052
419.444 5.054
419.712 5.062
419.981 5.065
420.250 5.074
420.519 5.079
420.788 5.068
421.056 5.051
421.325 5.049
421.594 5.044
421.863 5.037
422.132 5.036
422.400 5.032
422.669 5.034
422.938 5.037
423.207 5.037
423.476 5.038
423.744 5.038
424.013 5.046
424.282 5.058
424.551 5.064
424.819 5.060
425.088 5.049
425.357 5.049
425.626 5.054
425.895 5.051
426.163 5.046
426.432 5.048
426.701 5.047
426.970 5.039
427.239 5.037
427.507 5.028
427.776 5.021
428.045 5.024
428.314 5.029
428.583 5.037
428.851 5.046
429.120 5.047
429.389 5.051
429.658 5.057
429.927 5.064
430.195 5.060
430.464 5.053
430.733 5.057
431.002 5.060
431.271 5.062
431.539 5.065
431.808 5.067
432.077 5.071
432.346 5.074
432.614 5.077
432.883 5.082
433.152 5.093
433.421 5.099
433.690 5.100
433.958 5.105
434.227 5.108
434.496 5.105
434.765 5.105
435.034 5.114
435.302 5.116
435.571 5.108
435.840 5.098
436.116 5.097
436.393 5.108
436.669 5.117
436.945 5.125
437.221 5.140
437.498 5.160
437.774 5.175
438.050 5.194
438.326 5.210
438.603 5.220
438.879 5.227
439.155 5.233
439.431 5.242
439.708 5.253
439.984 5.265
440.260 5.281
440.537 5.288
440.813 5.294
441.089 5.305
441.365 5.318
441.642 5.326
441.918 5.338
442.194 5.352
442.470 5.350
442.747 5.350
443.023 5.352
443.299 5.365
443.575 5.381
443.852 5.392
444.128 5.411
444.404 5.433
444.680 5.448
444.957 5.462
445.233 5.473
445.509 5.485
445.786 5.504
446.062 5.519
446.338 5.530
446.614 5.537
446.891 5.551
447.167 5.568
447.443 5.587
447.719 5.600
447.996 5.615
448.272 5.632
448.548 5.654
448.824 5.667
449.101 5.683
449.377 5.702
449.653 5.719
449.930 5.731
450.206 5.745
450.482 5.774
450.758 5.797
451.035 5.819
451.311 5.842
451.587 5.858
451.863 5.877
452.140 5.904
452.416 5.933
452.692 5.969
452.968 5.996
453.245 6.021
453.521 6.045
453.797 6.072
454.074 6.093
454.350 6.111
454.626 6.135
454.902 6.165
455.179 6.199
455.455 6.230
455.731 6.258
456.007 6.282
456.284 6.309
456.560 6.341
456.836 6.377
457.112 6.408
457.389 6.442
457.665 6.473
457.941 6.497
458.218 6.522
458.494 6.555
458.770 6.583
459.046 6.620
459.323 6.669
459.599 6.714
459.875 6.756
460.151 6.795
460.428 6.836
460.704 6.878
460.980 6.920
461.256 6.959
461.533 7.000
461.809 7.046
462.085 7.088
462.361 7.126
462.638 7.168
462.914 7.223
463.190 7.275
463.467 7.324
463.743 7.370
464.019 7.415
464.295 7.459
464.572 7.513
464.848 7.571
465.124 7.631
465.400 7.684
465.677 7.745
465.953 7.809
466.229 7.871
466.505 7.930
466.782 7.981
467.058 8.035
467.334 8.093
467.611 8.150
467.887 8.213
468.163 8.278
468.439 8.347
468.716 8.409
468.992 8.469
469.268 8.534
469.544 8.595
469.821 8.658
470.097 8.721
470.373 8.781
470.649 8.845
470.926 8.917
471.202 8.987
471.478 9.057
471.755 9.119
472.031 9.187
472.307 9.262
472.583 9.335
472.860 9.418
473.136 9.501
473.412 9.580
473.688 9.651
473.965 9.723
474.241 9.796
474.517 9.877
474.793 9.967
475.070 10.057
475.346 10.142
475.622 10.233
475.899 10.317
476.175 10.394
476.451 10.476
476.727 10.564
477.004 10.649
477.280 10.725
477.556 10.806
477.832 10.896
478.109 10.985
478.385 11.070
478.661 11.149
478.937 11.233
479.214 11.328
479.490 11.425
479.766 11.513
480.043 11.606
480.319 11.702
480.595 11.798
480.871 11.895
481.148 11.989
481.424 12.076
481.700 12.168
481.976 12.264
482.253 12.359
482.529 12.457
482.805 12.548
483.081 12.640
483.358 12.733
483.634 12.835
483.910 12.926
484.186 13.018
484.463 13.108
484.739 13.195
485.015 13.281
485.292 13.370
485.568 13.461
485.844 13.549
486.120 13.640
486.397 13.727
486.673 13.813
486.949 13.901
487.225 13.986
487.502 14.066
487.778 14.142
488.054 14.226
488.330 14.314
488.607 14.394
488.883 14.465
489.159 14.542
489.436 14.617
489.712 14.685
489.988 14.747
490.264 14.815
490.541 14.884
490.817 14.947
491.093 15.009
491.369 15.073
491.646 15.135
491.922 15.197
492.198 15.253
492.474 15.297
492.751 15.343
493.027 15.395
493.303 15.446
493.580 15.488
493.856 15.534
494.132 15.580
494.408 15.619
494.685 15.652
494.961 15.678
495.237 15.715
495.513 15.754
495.790 15.796
496.066 15.834
496.342 15.863
496.618 15.888
496.895 15.913
497.171 15.929
497.447 15.944
497.724 15.956
498.000 15.963
498.276 15.974
498.552 15.976
498.829 15.976
499.105 15.971
499.381 15.956
499.657 15.949
499.934 15.940
500.210 15.930
500.486 15.921
500.762 15.919
501.039 15.901
501.315 15.884
501.591 15.866
501.867 15.858
502.144 15.842
502.420 15.816
502.696 15.788
502.973 15.760
503.249 15.732
503.525 15.699
503.801 15.662
504.078 15.625
504.354 15.586
504.630 15.549
504.906 15.507
505.183 15.461
505.459 15.425
505.735 15.386
506.011 15.337
506.288 15.292
506.564 15.251
506.840 15.211
507.117 15.170
507.393 15.128
507.669 15.080
507.945 15.028
508.222 14.972
508.498 14.916
508.774 14.861
509.050 14.805
509.327 14.757
509.603 14.703
509.879 14.646
510.155 14.585
510.432 14.533
510.708 14.472
510.984 14.409
511.261 14.356
511.537 14.297
511.813 14.240
512.089 14.176
512.366 14.111
512.642 14.038
512.918 13.962
513.194 13.889
513.471 13.816
513.747 13.746
514.023 13.684
514.299 13.619
514.576 13.550
514.852 13.484
515.128 13.419
515.405 13.353
515.681 13.278
515.957 13.211
516.233 13.146
516.510 13.074
516.786 13.004
517.062 12.935
517.338 12.860
517.615 12.782
517.891 12.711
518.167 12.645
518.443 12.570
518.720 12.487
518.996 12.402
519.272 12.329
519.548 12.257
519.825 12.178
520.101 12.108
520.377 12.053
520.654 11.987
520.930 11.912
521.206 11.844
521.482 11.775
521.759 11.707
522.035 11.633
522.311 11.560
522.587 11.483
522.864 11.412
523.140 11.338
523.416 11.258
523.692 11.183
523.969 11.103
524.245 11.022
524.521 10.949
524.798 10.878
525.074 10.799
525.350 10.718
525.626 10.643
525.903 10.568
526.179 10.486
526.455 10.414
526.731 10.344
527.008 10.277
527.284 10.203
527.560 10.131
527.836 10.060
528.113 9.984
528.389 9.910
528.665 9.837
528.942 9.760
529.218 9.699
529.494 9.655
529.770 9.584
530.047 9.509
530.323 9.438
530.599 9.367
530.875 9.296
531.152 9.224
531.428 9.150
531.704 9.076
531.980 9.004
532.257 8.934
532.533 8.869
532.809 8.802
533.086 8.735
533.362 8.665
533.638 8.594
533.914 8.525
534.191 8.460
534.467 8.395
534.743 8.333
535.019 8.267
535.296 8.208
535.572 8.150
535.848 8.095
536.124 8.035
536.401 7.973
536.677 7.913
536.953 7.847
537.230 7.775
537.506 7.714
537.782 7.660
538.058 7.605
538.335 7.541
538.611 7.480
538.887 7.422
539.163 7.362
539.440 7.311
539.716 7.251
539.992 7.196
540.268 7.149
540.545 7.094
540.821 7.036
541.097 6.979
541.373 6.921
541.650 6.870
541.926 6.821
542.202 6.770
542.479 6.720
542.755 6.673
543.031 6.624
543.307 6.573
543.584 6.518
543.860 6.464
544.136 6.408
544.412 6.357
544.689 6.316
544.965 6.269
545.241 6.221
545.517 6.175
545.794 6.130
546.070 6.074
546.356 6.005
546.642 5.954
546.928 5.914
547.214 5.872
547.500 5.825
547.786 5.781
548.072 5.741
548.358 5.708
548.644 5.674
548.930 5.635
549.216 5.599
549.502 5.561
549.788 5.521
550.074 5.487
550.360 5.453
550.646 5.419
550.932 5.381
551.218 5.342
551.504 5.308
551.790 5.272
552.076 5.232
552.362 5.195
552.648 5.157
552.934 5.123
553.220 5.094
553.506 5.064
553.793 5.040
554.079 5.017
554.365 4.990
554.651 4.959
554.937 4.929
555.223 4.901
555.509 4.880
555.795 4.852
556.081 4.818
556.367 4.789
556.653 4.763
556.939 4.739
557.225 4.712
557.511 4.678
557.797 4.648
558.083 4.623
558.369 4.599
558.655 4.575
558.941 4.550
559.227 4.528
559.513 4.506
559.799 4.482
560.085 4.459
560.371 4.441
560.657 4.420
560.943 4.395
561.229 4.378
561.515 4.361
561.801 4.338
562.087 4.312
562.373 4.290
562.659 4.272
562.945 4.253
563.231 4.239
563.517 4.218
563.803 4.195
564.089 4.180
564.375 4.161
564.661 4.146
564.947 4.133
565.233 4.113
565.519 4.094
565.805 4.080
566.091 4.061
566.377 4.042
566.663 4.023
566.949 4.004
567.235 3.990
567.521 3.977
567.807 3.964
568.093 3.951
568.379 3.939
568.665 3.921
568.951 3.908
569.237 3.893
569.524 3.880
569.810 3.868
570.096 3.857
570.382 3.843
570.668 3.832
570.954 3.819
571.240 3.802
571.526 3.783
571.812 3.768
572.098 3.755
572.384 3.747
572.670 3.735
572.956 3.717
573.242 3.701
573.528 3.694
573.814 3.684
574.100 3.669
574.386 3.658
574.672 3.649
574.958 3.642
575.244 3.633
575.530 3.630
575.816 3.629
576.102 3.620
576.388 3.609
576.674 3.605
576.960 3.597
577.248 3.591
577.536 3.588
577.824 3.578
578.113 3.572
578.401 3.570
578.689 3.562
578.977 3.557
579.265 3.555
579.553 3.549
579.841 3.544
580.130 3.539
580.418 3.533
580.706 3.521
580.994 3.517
581.282 3.520
581.570 3.519
581.858 3.516
582.147 3.509
582.435 3.507
582.723 3.507
583.011 3.508
583.299 3.501
583.587 3.497
583.875 3.495
584.164 3.494
584.452 3.500
584.740 3.500
585.028 3.495
585.316 3.488
585.604 3.484
585.892 3.481
586.181 3.479
586.469 3.473
586.757 3.466
587.045 3.463
587.333 3.461
587.621 3.458
587.909 3.451
588.198 3.442
588.486 3.436
588.774 3.433
589.062 3.431
589.350 3.428
589.638 3.422
589.927 3.412
590.215 3.406
590.503 3.409
590.791 3.412
591.079 3.413
591.367 3.413
591.655 3.415
591.944 3.420
592.232 3.419
592.520 3.420
592.808 3.425
593.096 3.425
593.384 3.424
593.672 3.423
593.961 3.419
594.249 3.412
594.537 3.411
594.825 3.410
595.113 3.406
595.401 3.407
595.689 3.407
595.978 3.408
596.266 3.409
596.554 3.406
596.842 3.405
597.130 3.409
597.418 3.420
597.706 3.429
597.995 3.431
598.283 3.432
598.571 3.430
598.859 3.429
599.147 3.433
599.435 3.438
599.723 3.436
600.012 3.432
600.300 3.428
600.588 3.427
600.876 3.431
601.164 3.435
601.452 3.439
601.740 3.435
602.029 3.430
602.317 3.429
602.605 3.430
602.893 3.433
603.181 3.438
603.469 3.445
603.757 3.449
604.046 3.447
604.334 3.450
604.622 3.458
604.910 3.462
605.198 3.466
605.486 3.476
605.774 3.482
606.063 3.486
606.351 3.490
606.639 3.493
606.927 3.497
607.215 3.506
607.503 3.514
607.791 3.524
608.080 3.531
608.368 3.536
608.656 3.540
608.944 3.541
609.232 3.545
609.520 3.546
609.808 3.555
610.097 3.566
610.385 3.570
610.673 3.578
610.961 3.579
611.249 3.586
611.537 3.596
611.825 3.599
612.114 3.602
612.402 3.603
612.690 3.602
612.978 3.603
613.266 3.607
613.554 3.611
613.843 3.614
614.131 3.618
614.419 3.615
614.707 3.612
614.995 3.604
615.283 3.600
615.571 3.612
615.860 3.631
616.148 3.633
616.436 3.634
616.724 3.633
617.012 3.633
617.300 3.642
617.588 3.647
617.877 3.654
618.165 3.658
618.453 3.664
618.741 3.674
619.029 3.674
619.317 3.674
619.605 3.673
619.894 3.680
620.182 3.688
620.470 3.689
620.758 3.693
621.046 3.699
621.334 3.704
621.622 3.715
621.911 3.727
622.199 3.736
622.487 3.737
622.775 3.736
623.063 3.734
623.351 3.738
623.639 3.745
623.928 3.746
624.216 3.749
624.504 3.750
624.792 3.748
625.080 3.751
625.368 3.752
625.656 3.757
625.945 3.768
626.233 3.775
626.521 3.777
626.809 3.774
627.097 3.774
627.385 3.774
627.673 3.769
627.962 3.769
628.250 3.768
628.538 3.767
628.826 3.764
629.114 3.761
629.402 3.766
629.690 3.780
629.979 3.795
630.267 3.803
630.555 3.808
630.843 3.813
631.131 3.815
631.419 3.814
631.707 3.816
631.996 3.835
632.284 3.850
632.572 3.854
632.860 3.858
633.148 3.850
633.436 3.837
633.724 3.848
634.013 3.862
634.301 3.873
634.589 3.873
634.877 3.869
635.165 3.875
635.453 3.876
635.741 3.871
636.030 3.865
636.318 3.859
636.606 3.864
636.894 3.869
637.182 3.876
637.470 3.875
637.759 3.880
638.047 3.888
638.335 3.888
638.623 3.882
638.911 3.882
639.199 3.886
639.487 3.889
639.776 3.888
640.064 3.893
640.352 3.899
640.640 3.909
640.928 3.910
641.216 3.908
641.504 3.916
641.793 3.925
642.081 3.930
642.369 3.938
642.657 3.941
642.945 3.942
643.233 3.944
643.521 3.939
643.810 3.935
644.098 3.937
644.386 3.941
644.674 3.946
644.962 3.949
645.250 3.950
645.538 3.946
645.827 3.938
646.115 3.937
646.403 3.939
646.691 3.940
646.979 3.940
647.267 3.930
647.555 3.916
647.844 3.915
648.132 3.910
648.420 3.900
648.708 3.893
648.996 3.892
649.284 3.894
649.572 3.881
649.861 3.872
650.149 3.873
650.437 3.878
650.725 3.881
651.013 3.882
651.301 3.882
651.589 3.873
651.878 3.865
652.166 3.871
652.454 3.884
652.742 3.890
653.030 3.895
653.318 3.903
653.606 3.917
653.895 3.923
654.183 3.928
654.471 3.941
654.759 3.946
655.047 3.946
655.335 3.941
655.623 3.940
655.912 3.944
656.200 3.952
656.488 3.959
656.776 3.954
657.064 3.947
657.352 3.950
657.640 3.958
657.929 3.960
658.217 3.958
658.505 3.963
658.793 3.970
659.081 3.972
659.369 3.973
659.657 3.978
659.946 3.977
660.234 3.982
660.522 3.987
660.810 3.984
661.098 3.983
661.386 3.988
661.675 3.993
661.963 3.997
662.251 3.993
662.539 3.992
662.827 3.990
663.115 3.999
663.403 4.014
663.692 4.026
663.980 4.037
664.268 4.049
664.556 4.058
664.844 4.068
665.132 4.079
665.420 4.090
665.709 4.107
665.997 4.126
666.285 4.141
666.573 4.152
666.861 4.157
667.149 4.168
667.437 4.174
667.726 4.185
668.014 4.189
668.302 4.190
668.590 4.204
668.878 4.207
669.166 4.207
669.454 4.215
669.743 4.220
670.031 4.222
670.319 4.228
670.607 4.238
670.895 4.250
671.183 4.252
671.471 4.259
671.760 4.264
672.048 4.261
672.336 4.269
672.624 4.284
672.912 4.289
673.200 4.293
673.488 4.298
673.777 4.304
674.065 4.305
674.353 4.304
674.641 4.304
674.929 4.305
675.217 4.303
675.505 4.312
675.794 4.318
676.082 4.323
676.370 4.327
676.658 4.334
676.946 4.342
677.234 4.345
677.522 4.348
677.811 4.352
678.099 4.358
678.387 4.366
678.675 4.372
678.963 4.372
679.251 4.380
679.539 4.389
679.828 4.397
680.116 4.411
680.404 4.430
680.692 4.439
680.980 4.445
681.268 4.447
681.556 4.443
681.845 4.443
682.133 4.445
682.421 4.451
682.709 4.450
682.997 4.446
683.285 4.445
683.573 4.444
683.862 4.441
684.150 4.443
684.438 4.451
684.726 4.457
685.014 4.473
685.302 4.478
685.591 4.488
685.879 4.499
686.167 4.499
686.455 4.503
686.743 4.516
687.031 4.519
687.319 4.522
687.608 4.524
687.896 4.519
688.184 4.516
688.472 4.512
688.760 4.515
689.048 4.514
689.336 4.512
689.625 4.517
689.913 4.514
690.201 4.507
690.489 4.505
690.777 4.505
691.065 4.505
691.353 4.503
691.642 4.515
691.930 4.521
692.218 4.524
692.506 4.527
692.794 4.529
693.082 4.531
693.370 4.533
693.659 4.539
693.947 4.538
694.235 4.534
694.523 4.532
694.811 4.539
695.099 4.556
695.387 4.569
695.676 4.576
695.964 4.589
696.252 4.603
696.540 4.619
696.836 4.625
697.133 4.625
697.429 4.632
697.725 4.640
698.021 4.648
698.318 4.650
698.614 4.644
698.910 4.647
699.207 4.657
699.503 4.671
699.799 4.677
700.095 4.678
700.392 4.684
700.688 4.688
700.984 4.695
701.281 4.707
701.577 4.718
701.873 4.727
702.169 4.743
702.466 4.748
702.762 4.743
703.058 4.741
703.355 4.746
703.651 4.755
703.947 4.761
704.243 4.765
704.540 4.769
704.836 4.783
705.132 4.789
705.428 4.789
705.725 4.793
706.021 4.791
706.317 4.791
706.614 4.790
706.910 4.793
707.206 4.806
707.502 4.826
707.799 4.836
708.095 4.843
708.391 4.856
708.688 4.865
708.984 4.873
709.280 4.877
709.576 4.872
709.873 4.887
710.169 4.898
710.465 4.904
710.762 4.913
711.058 4.911
711.354 4.913
711.650 4.919
711.947 4.936
712.243 4.951
712.539 4.967
712.836 4.970
713.132 4.964
713.428 4.966
713.724 4.963
714.021 4.956
714.317 4.964
714.613 4.968
714.910 4.977
715.206 4.991
715.502 4.996
715.798 4.989
716.095 4.982
716.391 4.990
716.687 5.001
716.984 5.006
717.280 5.017
717.576 5.015
717.872 5.022
718.169 5.030
718.465 5.032
718.761 5.047
719.058 5.053
719.354 5.040
719.650 5.035
719.946 5.034
720.243 5.028
720.539 5.033
720.835 5.037
721.131 5.046
721.428 5.047
721.724 5.047
722.020 5.048
722.317 5.056
722.613 5.070
722.909 5.072
723.205 5.078
723.502 5.092
723.798 5.109
724.094 5.130
724.391 5.135
724.687 5.145
724.983 5.162
725.279 5.160
725.576 5.156
725.872 5.175
726.168 5.180
726.465 5.179
726.761 5.182
727.057 5.186
727.353 5.197
727.650 5.197
727.946 5.191
728.242 5.195
728.539 5.208
728.835 5.215
729.131 5.232
729.427 5.248
729.724 5.252
730.020 5.257
730.316 5.264
730.613 5.257
730.909 5.264
731.205 5.273
731.501 5.275
731.798 5.302
732.094 5.317
732.390 5.305
732.687 5.302
732.983 5.305
733.279 5.307
733.575 5.310
733.872 5.314
734.168 5.326
734.464 5.336
734.761 5.346
735.057 5.355
735.353 5.367
735.649 5.378
735.946 5.383
736.242 5.399
736.538 5.414
736.835 5.417
737.131 5.417
737.427 5.444
737.723 5.462
738.020 5.477
738.316 5.493
738.612 5.512
738.909 5.532
739.205 5.546
739.501 5.557
739.797 5.571
740.094 5.594
740.390 5.604
740.686 5.604
740.982 5.608
741.279 5.619
741.575 5.636
741.871 5.637
742.168 5.636
742.464 5.641
742.760 5.650
743.056 5.644
743.353 5.653
743.649 5.666
743.945 5.666
744.242 5.671
744.538 5.678
744.834 5.687
745.130 5.698
745.427 5.712
745.723 5.730
746.019 5.746
746.316 5.755
746.612 5.761
746.908 5.770
747.204 5.765
747.501 5.766
747.797 5.776
748.093 5.780
748.390 5.785
748.686 5.807
748.982 5.821
749.278 5.825
749.575 5.827
749.871 5.815
750.167 5.817
750.464 5.844
750.760 5.862
751.056 5.870
751.352 5.876
751.649 5.882
751.945 5.898
752.241 5.910
752.538 5.910
752.834 5.909
753.130 5.918
753.426 5.922
753.723 5.924
754.019 5.923
754.315 5.917
754.611 5.929
754.908 5.955
755.204 5.988
755.500 5.992
755.797 5.995
756.093 5.990
756.389 5.993
756.685 5.991
756.982 5.992
757.278 5.996
757.574 5.995
757.871 5.986
758.167 5.983
758.463 5.994
758.759 6.007
759.056 6.011
759.352 6.013
759.648 6.011
759.945 6.022
760.241 6.031
760.537 6.051
760.833 6.062
761.130 6.082
761.426 6.097
761.722 6.098
762.019 6.097
762.315 6.107
762.611 6.125
762.907 6.153
763.204 6.173
763.500 6.178
763.804 6.184
764.108 6.198
764.412 6.221
764.716 6.228
765.020 6.230
765.324 6.262
765.628 6.276
765.932 6.287
766.236 6.290
766.540 6.294
766.844 6.299
767.148 6.307
767.452 6.325
767.756 6.345
768.060 6.362
768.364 6.371
768.668 6.389
768.972 6.407
769.276 6.409
769.580 6.421
769.884 6.451
770.188 6.471
770.492 6.468
770.796 6.476
771.100 6.509
771.404 6.536
771.708 6.549
772.012 6.569
772.316 6.605
772.620 6.630
772.924 6.628
773.228 6.623
773.532 6.621
773.836 6.636
774.140 6.641
774.444 6.662
774.748 6.685
775.052 6.702
775.356 6.730
775.659 6.764
775.963 6.807
776.267 6.838
776.571 6.854
776.875 6.866
777.179 6.892
777.483 6.923
777.787 6.941
778.091 6.953
778.395 6.977
778.699 7.008
779.003 7.035
779.307 7.052
779.611 7.052
779.915 7.057
780.219 7.072
780.523 7.098
780.827 7.135
781.131 7.145
781.435 7.157
781.739 7.169
782.043 7.195
782.347 7.225
782.651 7.241
782.955 7.258
783.259 7.274
783.563 7.307
783.867 7.318
784.171 7.345
784.475 7.354
784.779 7.367
785.083 7.371
785.387 7.374
785.691 7.381
785.995 7.396
786.299 7.405
786.603 7.414
786.907 7.438
787.211 7.457
787.515 7.475
787.819 7.512
788.123 7.517
788.427 7.505
788.731 7.504
789.035 7.525
789.339 7.562
789.643 7.573
789.947 7.570
790.251 7.581
790.555 7.598
790.859 7.607
791.163 7.624
791.467 7.658
791.771 7.668
792.075 7.682
792.379 7.709
792.683 7.758
792.987 7.803
793.291 7.820
793.595 7.842
793.899 7.856
794.203 7.865
794.507 7.867
794.811 7.872
795.115 7.889
795.419 7.903
795.723 7.893
796.027 7.884
796.331 7.910
796.635 7.945
796.939 7.949
797.243 7.952
797.547 7.960
797.851 7.986
798.155 8.028
798.459 8.043
798.763 8.057
799.067 8.063
799.371 8.056
799.674 8.079
799.978 8.105
800.282 8.153
800.586 8.164
800.890 8.169
801.194 8.187
801.498 8.196
801.802 8.224
802.106 8.243
802.410 8.269
802.714 8.300
803.018 8.336
803.322 8.352
803.626 8.375
803.930 8.414
804.234 8.445
804.538 8.474
804.842 8.512
805.146 8.536
805.450 8.558
805.754 8.576
806.058 8.608
806.362 8.640
806.666 8.673
806.970 8.702
807.274 8.736
807.578 8.774
807.882 8.789
808.186 8.798
808.490 8.813
808.794 8.848
809.098 8.878
809.402 8.908
809.706 8.951
810.010 8.976
810.314 9.021
810.618 9.056
810.922 9.063
811.226 9.062
811.530 9.054
811.834 9.049
812.137 9.057
812.441 9.094
812.744 9.129
813.048 9.150
813.351 9.185
813.655 9.212
813.958 9.230
814.262 9.260
814.565 9.281
814.869 9.283
815.172 9.286
815.476 9.308
815.779 9.354
816.083 9.409
816.386 9.426
816.690 9.456
816.993 9.519
817.297 9.582
817.600 9.662
817.904 9.707
818.208 9.718
818.511 9.723
818.815 9.702
819.118 9.737
819.422 9.777
819.725 9.802
820.029 9.833
820.332 9.853
820.636 9.895
820.939 9.947
821.243 9.961
821.546 9.993
821.850 10.072
822.153 10.163
822.457 10.214
822.760 10.258
823.064 10.294
823.367 10.312
823.671 10.335
823.974 10.362
824.278 10.384
824.582 10.400
824.885 10.435
825.189 10.487
825.492 10.542
825.796 10.576
826.099 10.587
826.403 10.611
826.706 10.670
827.010 10.738
827.313 10.781
827.617 10.811
827.920 10.823
828.224 10.832
828.527 10.858
828.831 10.871
829.134 10.903
829.438 10.967
829.741 11.028
830.045 11.076
830.348 11.095
830.652 11.142
830.956 11.179
831.259 11.206
831.563 11.242
831.866 11.288
832.170 11.344
832.473 11.381
832.777 11.406
833.080 11.437
833.384 11.499
833.687 11.559
833.991 11.618
834.294 11.633
834.598 11.624
834.901 11.660
835.205 11.705
835.508 11.728
835.812 11.766
836.115 11.814
836.419 11.882
836.722 11.938
837.026 11.987
837.330 12.051
837.633 12.097
837.937 12.138
838.240 12.179
838.544 12.219
838.847 12.279
839.151 12.358
839.454 12.427
839.758 12.477
840.061 12.542
840.365 12.615
840.668 12.665
840.972 12.733
841.275 12.794
841.579 12.889
841.882 12.984
842.186 13.077
842.489 13.141
842.793 13.237
843.097 13.321
843.400 13.385
843.704 13.432
844.007 13.494
844.311 13.569
844.614 13.645
844.918 13.747
845.221 13.832
845.525 13.880
845.828 13.904
846.132 13.962
846.435 14.075
846.739 14.150
847.042 14.230
847.346 14.334
847.649 14.424
847.953 14.474
848.256 14.534
848.560 14.619
848.863 14.742
849.167 14.837
849.471 14.900
849.774 14.958
850.078 15.053
850.381 15.137
850.685 15.231
850.988 15.362
851.292 15.465
851.595 15.577
851.899 15.630
852.202 15.682
852.506 15.781
852.809 15.875
853.113 15.947
853.416 16.011
853.720 16.068
854.023 16.156
854.327 16.209
854.630 16.233
854.934 16.263
855.237 16.322
855.541 16.393
855.845 16.463
856.148 16.510
856.452 16.558
856.755 16.614
857.059 16.675
857.362 16.744
857.666 16.798
857.969 16.826
858.273 16.868
858.576 16.933
858.880 16.971
859.183 16.980
859.487 17.007
859.790 17.058
860.094 17.075
860.397 17.106
860.701 17.159
861.004 17.227
861.308 17.237
861.611 17.255
861.915 17.291
862.219 17.337
862.522 17.369
862.826 17.406
863.129 17.471
863.433 17.494
863.736 17.499
864.040 17.552
864.343 17.628
864.647 17.676
864.950 17.689
865.254 17.750
865.557 17.786
865.861 17.822
866.164 17.871
866.468 17.917
866.771 17.956
867.075 18.000
867.378 18.018
867.682 18.045
867.985 18.091
868.289 18.160
868.593 18.194
868.896 18.227
869.200 18.247
869.503 18.254
869.807 18.310
870.110 18.355
870.414 18.441
870.717 18.510
871.021 18.512
871.324 18.543
871.628 18.606
871.931 18.675
872.235 18.718
872.538 18.716
872.842 18.752
873.145 18.784
873.449 18.832
873.752 18.914
874.056 18.976
874.359 19.009
874.663 19.096
874.967 19.181
875.270 19.259
875.574 19.336
875.877 19.377
876.181 19.399
876.484 19.428
876.788 19.512
877.091 19.546
877.395 19.555
877.698 19.601
878.002 19.625
878.305 19.651
878.609 19.689
878.912 19.734
879.216 19.768
879.519 19.798
879.823 19.841
880.126 19.899
880.430 19.957
880.733 20.031
881.037 20.121
881.341 20.188
881.644 20.230
881.948 20.308
882.251 20.417
882.555 20.466
882.858 20.525
883.162 20.628
883.465 20.728
883.769 20.802
884.072 20.885
884.376 20.975
884.679 21.050
884.983 21.106
885.286 21.198
885.590 21.290
885.893 21.376
886.197 21.441
886.500 21.507
886.804 21.562
887.107 21.615
887.411 21.702
887.715 21.804
888.018 21.898
888.322 21.964
888.625 22.047
888.929 22.099
889.232 22.138
889.536 22.211
889.839 22.285
890.143 22.353
890.446 22.405
890.750 22.463
891.053 22.549
891.357 22.615
891.660 22.704
891.964 22.776
892.267 22.805
892.571 22.857
892.874 22.946
893.178 22.998
893.482 23.058
893.785 23.108
894.089 23.163
894.392 23.256
894.696 23.337
894.999 23.426
895.303 23.496
895.606 23.549
895.910 23.608
896.213 23.675
896.517 23.753
896.820 23.828
897.124 23.872
897.427 23.944
897.731 24.010
898.034 24.106
898.338 24.213
898.641 24.290
898.945 24.374
899.248 24.445
899.552 24.487
899.856 24.537
900.159 24.624
900.463 24.714
900.766 24.748
901.070 24.830
901.373 24.904
901.677 24.948
901.980 24.995
902.284 25.040
902.587 25.079
902.891 25.083
903.194 25.079
903.498 25.133
903.801 25.178
904.105 25.211
904.408 25.270
904.712 25.314
905.015 25.345
905.319 25.378
905.622 25.431
905.926 25.432
906.230 25.398
906.533 25.385
906.837 25.416
907.140 25.476
907.444 25.527
907.747 25.579
908.051 25.644
908.354 25.687
908.658 25.771
908.961 25.853
909.265 25.886
909.568 25.937
909.872 26.014
910.175 26.080
910.479 26.137
910.782 26.188
911.086 26.219
911.389 26.259
911.693 26.327
911.996 26.385
912.300 26.463
912.613 26.530
912.926 26.551
913.238 26.605
913.551 26.666
913.864 26.727
914.176 26.831
914.489 26.911
914.802 26.964
915.115 27.040
915.427 27.082
915.740 27.207
916.053 27.312
916.366 27.374
916.678 27.430
916.991 27.498
917.304 27.586
917.617 27.645
917.929 27.742
918.242 27.839
918.555 27.929
918.868 27.989
919.180 28.025
919.493 28.108
919.806 28.149
920.119 28.175
920.431 28.211
920.744 28.244
921.057 28.319
921.370 28.428
921.682 28.524
921.995 28.593
922.308 28.648
922.621 28.735
922.933 28.854
923.246 28.905
923.559 28.952
923.872 29.033
924.184 29.156
924.497 29.271
924.810 29.361
925.123 29.513
925.435 29.665
925.748 29.799
926.061 29.910
926.374 29.970
926.686 30.077
926.999 30.213
927.312 30.376
927.625 30.497
927.937 30.554
928.250 30.705
928.563 30.835
928.876 30.931
929.188 31.032
929.501 31.150
929.814 31.299
930.127 31.405
930.439 31.552
930.752 31.652
931.065 31.708
931.378 31.797
931.690 31.887
932.003 31.991
932.316 32.075
932.629 32.146
932.941 32.229
933.254 32.311
933.567 32.359
933.880 32.482
934.192 32.653
934.505 32.814
934.818 32.902
935.131 32.994
935.443 33.133
935.756 33.245
936.069 33.403
936.382 33.509
936.694 33.647
937.007 33.786
937.320 33.846
937.633 33.941
937.945 34.039
938.258 34.068
938.571 34.086
938.884 34.234
939.196 34.416
939.509 34.541
939.822 34.596
940.135 34.628
940.447 34.719
940.760 34.844
941.073 34.952
941.386 35.044
941.698 35.122
942.011 35.224
942.324 35.367
942.637 35.475
942.949 35.603
943.262 35.718
943.575 35.817
943.888 35.974
944.200 36.082
944.513 36.163
944.826 36.226
945.139 36.295
945.451 36.339
945.764 36.382
946.077 36.402
946.390 36.464
946.702 36.527
947.015 36.620
947.328 36.667
947.641 36.703
947.953 36.736
948.266 36.775
948.579 36.825
948.892 36.819
949.204 36.879
949.517 36.916
949.830 37.002
950.143 37.137
950.455 37.238
950.768 37.342
951.081 37.387
951.394 37.463
951.706 37.571
952.019 37.578
952.332 37.597
952.645 37.642
952.957 37.650
953.270 37.714
953.583 37.809
953.896 37.885
954.208 37.941
954.521 37.995
954.834 38.083
955.147 38.038
955.459 38.004
955.772 37.980
956.085 37.982
956.398 38.055
956.710 38.045
957.023 38.067
957.336 38.192
957.649 38.335
957.961 38.449
958.274 38.511
958.587 38.493
958.900 38.601
959.212 38.631
959.525 38.508
959.838 38.474
960.151 38.551
960.463 38.626
960.776 38.681
961.089 38.696
961.402 38.755
961.714 38.846
962.027 38.852
962.340 38.897
962.653 38.968
962.965 38.999
963.278 39.009
963.591 39.007
963.904 39.032
964.216 39.016
964.529 39.092
964.842 39.131
965.154 39.205
965.467 39.254
965.780 39.223
966.094 39.265
966.409 39.380
966.723 39.503
967.037 39.568
967.352 39.582
967.666 39.618
967.980 39.740
968.295 39.790
968.609 39.778
968.923 39.686
969.238 39.664
969.552 39.655
969.866 39.753
970.181 39.876
970.495 39.918
970.809 39.934
971.124 40.020
971.438 40.060
971.752 40.207
972.067 40.325
972.381 40.287
972.695 40.262
973.010 40.246
973.324 40.259
973.638 40.256
973.953 40.306
974.267 40.472
974.581 40.637
974.896 40.708
975.210 40.750
975.524 40.765
975.839 40.864
976.153 41.094
976.467 41.257
976.781 41.329
977.096 41.342
977.410 41.363
977.724 41.560
978.039 41.629
978.353 41.763
978.667 41.994
978.982 42.160
979.296 42.252
979.610 42.348
979.925 42.323
980.239 42.312
980.553 42.264
980.868 42.307
981.182 42.402
981.496 42.447
981.811 42.393
982.125 42.394
982.439 42.483
982.754 42.613
983.068 42.677
983.382 42.760
983.697 42.839
984.011 42.898
984.325 42.906
984.640 42.918
984.954 42.992
985.268 43.053
985.583 43.054
985.897 43.052
986.211 43.160
986.526 43.234
986.840 43.313
987.154 43.411
987.469 43.475
987.783 43.555
988.097 43.729
988.412 43.776
988.726 43.775
989.040 43.699
989.355 43.718
989.669 43.846
989.983 43.914
990.298 43.955
990.612 44.081
990.926 44.122
991.241 44.185
991.555 44.310
991.869 44.365
992.184 44.406
992.498 44.458
992.812 44.502
993.127 44.527
993.441 44.460
993.755 44.476
994.070 44.525
994.384 44.538
994.698 44.635
995.013 44.731
995.327 44.653
995.641 44.573
995.956 44.571
996.270 44.589
996.584 44.617
996.899 44.622
997.213 44.711
997.527 44.708
997.841 44.659
998.156 44.583
998.470 44.433
998.784 44.346
999.099 44.499
999.413 44.585
999.727 44.685
