290.982 74.553
291.167 75.105
291.352 75.532
291.537 75.660
291.722 75.345
291.907 78.677
292.091 78.751
292.276 76.688
292.461 75.834
292.646 74.693
292.831 74.668
293.016 72.607
293.201 69.702
293.386 68.351
293.571 69.056
293.756 69.871
293.940 70.237
294.125 69.325
294.310 70.284
294.495 70.746
294.680 69.386
294.865 67.813
295.050 68.496
295.235 69.997
295.420 69.751
295.605 67.914
295.789 67.888
295.974 67.890
296.159 66.548
296.344 65.561
296.529 64.335
296.714 64.718
296.899 65.205
297.084 65.816
297.269 65.672
297.454 66.148
297.638 66.674
297.823 65.611
298.008 64.469
298.193 65.081
298.378 65.894
298.563 66.367
298.748 67.886
298.933 68.419
299.118 67.803
299.303 68.295
299.487 67.946
299.672 66.856
299.857 65.649
300.042 66.549
300.227 66.603
300.412 65.604
300.597 65.120
300.782 63.084
300.967 63.180
301.152 63.249
301.336 62.650
301.521 62.696
301.706 63.889
301.891 64.808
302.076 64.456
302.261 64.309
302.446 65.593
302.631 65.902
302.816 67.513
303.001 67.016
303.185 64.870
303.370 63.508
303.555 62.738
303.740 61.108
303.925 59.674
304.110 58.711
304.295 58.921
304.480 58.070
304.665 56.712
304.850 54.871
305.034 53.880
305.219 54.983
305.404 55.629
305.589 56.384
305.774 57.297
305.959 58.756
306.144 59.421
306.329 58.099
306.514 56.870
306.699 56.882
306.883 56.438
307.068 56.603
307.253 56.469
307.438 57.241
307.623 56.872
307.808 55.238
307.993 53.427
308.178 52.195
308.363 51.888
308.548 52.684
308.732 54.245
308.917 55.227
309.102 55.425
309.287 55.140
309.472 54.659
309.657 55.071
309.842 54.999
310.027 54.447
310.212 54.342
310.397 54.410
310.581 53.980
310.766 53.174
310.951 52.378
311.136 51.293
311.321 51.113
311.506 50.208
311.691 48.853
311.876 48.831
312.061 49.156
312.245 50.428
312.430 51.683
312.615 52.092
312.800 51.541
312.985 50.728
313.170 50.304
313.347 50.555
313.523 50.327
313.700 50.225
313.877 50.320
314.054 50.872
314.230 49.800
314.407 48.134
314.584 47.226
314.761 46.861
314.937 46.808
315.114 47.403
315.291 47.359
315.467 47.492
315.644 46.498
315.821 45.993
315.998 45.574
316.174 45.055
316.351 45.388
316.528 45.471
316.704 44.924
316.881 44.484
317.058 44.486
317.235 44.557
317.411 44.744
317.588 46.002
317.765 46.370
317.942 46.205
318.118 46.557
318.295 45.994
318.472 44.812
318.648 44.841
318.825 45.004
319.002 43.849
319.179 43.000
319.355 42.836
319.532 42.631
319.709 42.024
319.885 42.066
320.062 42.213
320.239 42.270
320.416 43.024
320.592 42.912
320.769 42.654
320.946 43.193
321.123 43.283
321.299 42.914
321.476 42.098
321.653 42.395
321.829 41.897
322.006 40.737
322.183 40.589
322.360 39.736
322.536 39.481
322.713 39.715
322.890 39.463
323.066 39.053
323.243 39.329
323.420 40.625
323.597 40.645
323.773 40.404
323.950 40.967
324.127 41.415
324.304 41.950
324.480 41.847
324.657 41.695
324.834 41.585
325.010 41.539
325.187 40.864
325.364 39.653
325.541 39.024
325.717 38.930
325.894 38.215
326.071 37.011
326.248 36.529
326.424 36.794
326.601 36.549
326.778 36.127
326.954 35.885
327.131 35.568
327.308 35.009
327.485 35.283
327.661 35.349
327.838 35.357
328.015 35.639
328.191 35.541
328.368 34.765
328.545 33.960
328.722 33.786
328.898 34.252
329.075 34.439
329.252 34.353
329.429 33.699
329.605 33.599
329.782 33.512
329.959 33.305
330.135 33.046
330.312 33.303
330.489 33.821
330.666 34.016
330.842 33.380
331.019 33.204
331.196 33.281
331.372 33.496
331.549 33.123
331.726 32.996
331.903 33.154
332.079 33.280
332.256 32.782
332.433 31.793
332.610 30.982
332.786 31.192
332.963 31.229
333.140 30.960
333.316 31.748
333.493 31.991
333.670 31.759
333.847 32.227
334.023 31.945
334.200 31.494
334.377 31.735
334.553 32.332
334.730 32.042
334.907 31.399
335.084 31.319
335.260 30.466
335.437 30.210
335.614 30.523
335.791 29.739
335.967 29.586
336.144 29.766
336.321 29.586
336.497 29.173
336.674 28.961
336.851 29.242
337.028 29.048
337.204 28.671
337.381 28.756
337.558 28.682
337.734 28.412
337.911 28.178
338.088 28.391
338.265 29.060
338.441 29.166
338.618 28.626
338.795 28.352
338.972 28.553
339.148 28.704
339.325 28.411
339.502 27.549
339.678 27.416
339.855 27.681
340.032 27.320
340.209 26.746
340.385 26.734
340.562 26.835
340.739 26.577
340.916 26.172
341.092 26.189
341.269 26.278
341.446 26.562
341.622 26.549
341.799 26.347
341.976 26.667
342.153 27.094
342.329 27.164
342.506 27.430
342.683 27.330
342.859 27.114
343.036 26.802
343.213 26.411
343.390 26.001
343.566 25.828
343.743 25.561
343.920 24.952
344.097 24.232
344.273 23.903
344.450 23.563
344.627 23.777
344.803 24.409
344.980 24.461
345.157 24.274
345.334 24.199
345.510 23.994
345.687 23.804
345.864 24.112
346.040 24.399
346.217 24.357
346.394 24.271
346.571 23.783
346.747 22.694
346.924 22.430
347.101 22.925
347.278 23.124
347.454 23.431
347.631 23.342
347.808 22.715
347.984 22.489
348.161 22.526
348.338 22.629
348.515 22.755
348.691 23.007
348.868 22.896
349.045 22.164
349.221 21.948
349.398 21.568
349.575 21.779
349.752 22.242
349.928 22.041
350.105 21.673
350.282 21.292
350.459 21.437
350.635 21.614
350.812 21.347
350.989 21.633
351.165 21.989
351.342 22.054
351.519 21.857
351.696 21.654
351.872 21.806
352.049 21.897
352.226 22.132
352.402 21.930
352.579 21.763
352.756 21.986
352.933 21.799
353.109 21.099
353.286 20.673
353.463 20.452
353.640 20.211
353.816 19.693
353.993 19.431
354.170 19.192
354.346 19.191
354.523 19.279
354.700 19.153
354.877 19.109
355.053 19.152
355.230 19.307
355.407 19.407
355.584 19.566
355.760 19.780
355.937 19.886
356.114 19.906
356.290 19.796
356.467 19.646
356.644 19.447
356.821 19.129
356.997 19.292
357.174 19.304
357.351 19.241
357.527 19.242
357.704 19.223
357.881 19.428
358.058 19.709
358.234 19.688
358.411 19.551
358.588 19.408
358.765 19.322
358.941 19.112
359.118 18.876
359.295 18.735
359.471 18.305
359.648 18.148
359.825 17.890
360.002 17.458
360.178 17.447
360.355 17.442
360.532 17.415
360.708 17.392
360.885 17.351
361.062 17.155
361.239 16.845
361.415 16.876
361.592 16.809
361.769 16.570
361.946 16.561
362.122 16.460
362.299 16.044
362.476 16.029
362.652 16.133
362.829 16.220
363.006 16.233
363.183 16.523
363.359 16.607
363.536 16.401
363.713 16.379
363.889 16.285
364.066 16.006
364.243 16.056
364.420 15.944
364.596 15.684
364.773 15.339
364.950 15.472
365.127 15.489
365.303 15.426
365.480 15.679
365.661 15.727
365.841 15.659
366.022 15.643
366.202 15.647
366.383 15.498
366.563 15.524
366.744 15.637
366.924 15.602
367.105 15.472
367.286 15.214
367.466 14.813
367.647 14.681
367.827 14.549
368.008 14.592
368.188 14.533
368.369 14.644
368.549 14.635
368.730 14.293
368.911 14.083
369.091 13.993
369.272 13.976
369.452 14.092
369.633 13.967
369.813 13.964
369.994 14.082
370.174 14.074
370.355 13.897
370.535 13.843
370.716 14.111
370.897 14.164
371.077 14.005
371.258 14.173
371.438 14.434
371.619 14.619
371.799 14.556
371.980 14.220
372.160 14.144
372.341 14.250
372.522 14.294
372.702 14.306
372.883 14.274
373.063 14.308
373.244 14.229
373.424 13.907
373.605 13.734
373.785 13.717
373.966 13.689
374.147 13.656
374.327 13.683
374.508 13.649
374.688 13.507
374.869 13.575
375.049 13.782
375.230 13.990
375.410 14.018
375.591 13.867
375.772 13.811
375.952 13.925
376.133 13.870
376.313 13.716
376.494 13.451
376.674 13.388
376.855 13.312
377.035 12.993
377.216 12.774
377.397 12.797
377.577 12.835
377.758 12.761
377.938 12.687
378.119 12.709
378.299 12.658
378.480 12.782
378.660 12.792
378.841 12.728
379.021 12.598
379.202 12.260
379.383 11.980
379.563 11.889
379.744 11.802
379.924 11.641
380.105 11.609
380.285 11.556
380.466 11.343
380.646 11.142
380.827 10.919
381.008 10.961
381.188 11.169
381.369 11.364
381.549 11.260
381.730 11.202
381.910 11.233
382.091 11.099
382.271 11.086
382.452 11.150
382.633 11.187
382.813 11.333
382.994 11.418
383.174 11.230
383.355 11.033
383.535 11.113
383.716 11.199
383.896 11.099
384.077 11.081
384.258 11.121
384.438 11.153
384.619 11.141
384.799 11.003
384.980 10.891
385.160 10.800
385.341 10.633
385.521 10.468
385.702 10.319
385.882 10.317
386.063 10.266
386.244 10.129
386.424 10.043
386.605 9.940
386.785 9.900
386.966 9.832
387.146 9.813
387.327 9.824
387.507 9.803
387.688 9.821
387.869 9.827
388.049 9.949
388.230 9.956
388.410 9.935
388.591 9.905
388.771 9.879
388.952 9.836
389.132 9.746
389.313 9.737
389.494 9.708
389.674 9.625
389.855 9.484
390.035 9.352
390.216 9.330
390.396 9.340
390.577 9.330
390.757 9.194
390.938 9.142
391.119 9.164
391.299 9.141
391.480 9.145
391.660 9.177
391.841 9.205
392.021 9.151
392.202 9.072
392.382 9.002
392.563 9.009
392.743 9.056
392.924 9.031
393.105 8.997
393.285 8.971
393.466 8.907
393.646 8.849
393.827 8.799
394.007 8.625
394.188 8.607
394.368 8.605
394.549 8.529
394.730 8.444
394.910 8.435
395.091 8.429
395.271 8.484
395.452 8.549
395.632 8.441
395.813 8.329
395.993 8.392
396.174 8.356
396.355 8.243
396.535 8.255
396.716 8.354
396.896 8.387
397.077 8.352
397.257 8.194
397.438 8.032
397.618 8.000
397.799 8.021
397.980 8.047
398.160 8.035
398.341 8.011
398.521 7.913
398.702 7.773
398.882 7.633
399.063 7.616
399.243 7.699
399.424 7.752
399.605 7.823
399.785 7.782
399.966 7.673
400.146 7.617
400.327 7.628
400.507 7.697
400.688 7.651
400.868 7.600
401.049 7.518
401.229 7.337
401.410 7.267
401.591 7.238
401.771 7.311
401.952 7.348
402.132 7.282
402.313 7.184
402.493 7.132
402.674 7.208
402.854 7.238
403.035 7.301
403.216 7.255
403.396 7.239
403.577 7.229
403.757 7.078
403.938 6.980
404.118 6.952
404.299 6.898
404.479 6.795
404.660 6.677
404.841 6.637
405.023 6.546
405.204 6.547
405.385 6.552
405.566 6.512
405.748 6.481
405.929 6.466
406.110 6.565
406.292 6.658
406.473 6.741
406.654 6.777
406.835 6.700
407.017 6.582
407.198 6.569
407.379 6.490
407.560 6.378
407.742 6.315
407.923 6.263
408.104 6.079
408.286 5.957
408.467 5.854
408.648 5.909
408.829 6.081
409.011 6.160
409.192 6.138
409.373 6.093
409.555 6.126
409.736 6.207
409.917 6.274
410.098 6.363
410.280 6.396
410.461 6.398
410.642 6.273
410.823 6.030
411.005 6.025
411.186 6.154
411.367 6.242
411.549 6.253
411.730 6.215
411.911 6.133
412.092 6.069
412.274 6.079
412.455 6.046
412.636 6.027
412.818 6.087
412.999 6.036
413.180 5.947
413.361 5.880
413.543 5.817
413.724 5.804
413.905 5.785
414.087 5.768
414.268 5.694
414.449 5.645
414.630 5.640
414.812 5.678
414.993 5.720
415.174 5.667
415.355 5.631
415.537 5.612
415.718 5.611
415.899 5.625
416.081 5.595
416.262 5.550
416.443 5.554
416.624 5.539
416.806 5.470
416.987 5.386
417.168 5.313
417.350 5.260
417.531 5.275
417.712 5.265
417.893 5.242
418.075 5.282
418.256 5.284
418.437 5.219
418.618 5.142
418.800 5.098
418.981 5.133
419.162 5.174
419.344 5.222
419.525 5.226
419.706 5.186
419.887 5.144
420.069 5.090
420.250 5.099
420.431 5.133
420.613 5.165
420.794 5.157
420.975 5.083
421.156 5.075
421.338 5.057
421.519 5.000
421.700 4.969
421.882 4.966
422.063 4.924
422.244 4.885
422.425 4.861
422.607 4.810
422.788 4.783
422.969 4.794
423.150 4.829
423.332 4.899
423.513 4.936
423.694 4.892
423.876 4.874
424.057 4.913
424.238 4.936
424.419 5.010
424.601 5.201
424.782 5.256
424.963 5.285
425.145 5.237
425.326 5.146
425.507 5.100
425.688 5.155
425.870 5.113
426.051 5.044
426.232 5.011
426.413 4.951
426.595 4.782
426.776 4.699
426.957 4.678
427.139 4.722
427.320 4.685
427.501 4.624
427.682 4.529
427.864 4.556
428.045 4.579
428.226 4.570
428.408 4.542
428.589 4.511
428.770 4.514
428.951 4.447
429.133 4.349
429.314 4.345
429.495 4.372
429.677 4.409
429.858 4.412
430.039 4.388
430.220 4.382
430.402 4.356
430.583 4.387
430.764 4.390
430.945 4.411
431.127 4.379
431.308 4.354
431.489 4.355
431.671 4.343
431.852 4.315
432.033 4.318
432.214 4.326
432.396 4.338
432.577 4.272
432.758 4.238
432.940 4.258
433.121 4.271
433.302 4.238
433.483 4.244
433.665 4.292
433.846 4.332
434.027 4.332
434.208 4.301
434.390 4.284
434.571 4.303
434.752 4.307
434.934 4.285
435.115 4.303
435.296 4.342
435.477 4.334
435.659 4.313
435.840 4.303
436.030 4.318
436.220 4.290
436.410 4.265
436.600 4.261
436.790 4.284
436.980 4.307
437.170 4.290
437.360 4.261
437.550 4.229
437.741 4.208
437.931 4.183
438.121 4.186
438.311 4.221
438.501 4.233
438.691 4.252
438.881 4.228
439.071 4.174
439.261 4.140
439.451 4.109
439.641 4.086
439.831 4.048
440.021 4.010
440.211 3.962
440.401 3.967
440.591 3.965
440.781 3.968
440.971 3.985
441.161 3.963
441.351 3.949
441.542 3.971
441.732 3.993
441.922 4.006
442.112 4.026
442.302 4.042
442.492 4.008
442.682 3.966
442.872 3.898
443.062 3.848
443.252 3.860
443.442 3.893
443.632 3.881
443.822 3.857
444.012 3.808
444.202 3.783
444.392 3.766
444.582 3.754
444.772 3.745
444.962 3.748
445.153 3.761
445.343 3.736
445.533 3.686
445.723 3.659
445.913 3.643
446.103 3.667
446.293 3.675
446.483 3.656
446.673 3.658
446.863 3.680
447.053 3.697
447.243 3.707
447.433 3.724
447.623 3.745
447.813 3.757
448.003 3.794
448.193 3.786
448.383 3.770
448.573 3.769
448.764 3.725
448.954 3.708
449.144 3.696
449.334 3.663
449.524 3.640
449.714 3.632
449.904 3.628
450.094 3.615
450.284 3.622
450.474 3.613
450.664 3.596
450.854 3.629
451.044 3.640
451.234 3.627
451.424 3.598
451.614 3.588
451.804 3.610
451.994 3.599
452.184 3.567
452.375 3.572
452.565 3.577
452.755 3.588
452.945 3.597
453.135 3.596
453.325 3.602
453.515 3.646
453.705 3.671
453.895 3.653
454.085 3.666
454.275 3.699
454.465 3.698
454.655 3.680
454.845 3.661
455.035 3.672
455.225 3.656
455.415 3.636
455.605 3.643
455.795 3.659
455.985 3.638
456.176 3.613
456.366 3.583
456.556 3.565
456.746 3.567
456.936 3.570
457.126 3.558
457.316 3.556
457.506 3.567
457.696 3.533
457.886 3.479
458.076 3.464
458.266 3.466
458.456 3.453
458.646 3.435
458.836 3.436
459.026 3.459
459.216 3.453
459.406 3.452
459.596 3.452
459.787 3.440
459.977 3.456
460.167 3.486
460.357 3.466
460.547 3.466
460.737 3.477
460.927 3.477
461.117 3.429
461.307 3.417
461.497 3.431
461.687 3.424
461.877 3.444
462.067 3.459
462.257 3.474
462.447 3.479
462.637 3.453
462.827 3.444
463.017 3.456
463.207 3.514
463.397 3.518
463.588 3.499
463.778 3.519
463.968 3.508
464.158 3.482
464.348 3.457
464.538 3.484
464.728 3.497
464.918 3.493
465.108 3.500
465.298 3.469
465.488 3.447
465.678 3.440
465.868 3.430
466.058 3.435
466.248 3.420
466.438 3.406
466.628 3.404
466.818 3.418
467.008 3.429
467.199 3.403
467.389 3.375
467.579 3.371
467.769 3.387
467.959 3.366
468.149 3.329
468.339 3.338
468.529 3.364
468.719 3.384
468.909 3.364
469.099 3.331
469.289 3.332
469.479 3.350
469.669 3.346
469.859 3.332
470.049 3.331
470.239 3.353
470.429 3.368
470.619 3.338
470.810 3.288
471.000 3.298
471.190 3.340
471.380 3.340
471.570 3.350
471.760 3.376
471.950 3.383
472.140 3.394
472.330 3.421
472.520 3.418
472.710 3.412
472.900 3.406
473.090 3.397
473.280 3.368
473.470 3.368
473.660 3.360
473.850 3.347
474.040 3.355
474.230 3.354
474.421 3.333
474.611 3.316
474.801 3.329
474.991 3.375
475.181 3.393
475.371 3.394
475.561 3.394
475.751 3.366
475.941 3.345
476.131 3.327
476.321 3.329
476.511 3.337
476.701 3.356
476.891 3.337
477.081 3.297
477.271 3.263
477.461 3.256
477.651 3.244
477.841 3.247
478.031 3.256
478.222 3.249
478.412 3.244
478.602 3.243
478.792 3.244
478.982 3.265
479.172 3.254
479.362 3.266
479.552 3.283
479.742 3.282
479.932 3.300
480.122 3.319
480.312 3.332
480.502 3.349
480.692 3.349
480.882 3.322
481.072 3.323
481.262 3.355
481.452 3.367
481.642 3.376
481.833 3.403
482.023 3.405
482.213 3.407
482.403 3.417
482.593 3.411
482.783 3.421
482.973 3.454
483.163 3.473
483.353 3.461
483.543 3.464
483.733 3.457
483.923 3.441
484.113 3.459
484.303 3.464
484.493 3.447
484.683 3.468
484.873 3.483
485.063 3.469
485.253 3.454
485.443 3.477
485.634 3.473
485.824 3.464
486.014 3.476
486.204 3.475
486.394 3.490
486.584 3.511
486.774 3.481
486.964 3.465
487.154 3.474
487.344 3.479
487.534 3.471
487.724 3.477
487.914 3.492
488.104 3.496
488.294 3.499
488.484 3.489
488.674 3.485
488.864 3.493
489.054 3.491
489.245 3.485
489.435 3.498
489.625 3.519
489.815 3.541
490.005 3.583
490.195 3.593
490.385 3.594
490.575 3.612
490.765 3.645
490.955 3.681
491.145 3.700
491.335 3.718
491.525 3.714
491.715 3.703
491.905 3.709
492.095 3.692
492.285 3.679
492.475 3.674
492.665 3.663
492.856 3.653
493.046 3.624
493.236 3.613
493.426 3.617
493.616 3.613
493.806 3.623
493.996 3.608
494.186 3.601
494.376 3.626
494.566 3.618
494.756 3.609
494.946 3.606
495.136 3.621
495.326 3.633
495.516 3.648
495.706 3.669
495.896 3.660
496.086 3.672
496.276 3.679
496.467 3.661
496.657 3.678
496.847 3.686
497.037 3.682
497.227 3.683
497.417 3.679
497.607 3.657
497.797 3.655
497.987 3.666
498.177 3.653
498.367 3.652
498.557 3.660
498.747 3.666
498.937 3.683
499.127 3.678
499.317 3.662
499.507 3.655
499.697 3.656
499.887 3.657
500.077 3.653
500.268 3.658
500.458 3.642
500.648 3.625
500.838 3.606
501.028 3.592
501.218 3.591
501.408 3.597
501.598 3.605
501.788 3.607
501.978 3.605
502.168 3.588
502.358 3.582
502.548 3.588
502.738 3.588
502.928 3.589
503.118 3.579
503.308 3.583
503.498 3.581
503.688 3.566
503.879 3.560
504.069 3.548
504.259 3.556
504.449 3.548
504.639 3.533
504.829 3.528
505.019 3.515
505.209 3.500
505.399 3.475
505.589 3.468
505.779 3.464
505.969 3.445
506.159 3.434
506.349 3.422
506.539 3.413
506.729 3.405
506.919 3.403
507.109 3.408
507.299 3.400
507.490 3.391
507.680 3.370
507.870 3.353
508.060 3.344
508.250 3.329
508.440 3.313
508.630 3.299
508.820 3.297
509.010 3.278
509.200 3.257
509.390 3.259
509.580 3.256
509.770 3.260
509.960 3.260
510.150 3.253
510.340 3.259
510.530 3.271
510.720 3.279
510.910 3.280
511.100 3.294
511.291 3.288
511.481 3.285
511.671 3.293
511.861 3.332
512.051 3.399
512.241 3.409
512.431 3.411
512.621 3.400
512.811 3.389
513.001 3.379
513.191 3.358
513.381 3.367
513.571 3.367
513.761 3.356
513.951 3.310
514.141 3.234
514.331 3.223
514.521 3.196
514.711 3.194
514.902 3.209
515.092 3.221
515.282 3.238
515.472 3.229
515.662 3.212
515.852 3.219
516.042 3.209
516.232 3.210
516.422 3.219
516.612 3.230
516.802 3.226
516.992 3.207
517.182 3.195
517.372 3.189
517.562 3.209
517.752 3.230
517.942 3.233
518.132 3.253
518.322 3.262
518.513 3.268
518.703 3.285
518.893 3.300
519.083 3.336
519.273 3.368
519.463 3.372
519.653 3.375
519.843 3.384
520.033 3.390
520.223 3.393
520.413 3.403
520.603 3.408
520.793 3.407
520.983 3.406
521.173 3.390
521.363 3.377
521.553 3.392
521.743 3.393
521.933 3.397
522.123 3.420
522.314 3.445
522.504 3.442
522.694 3.429
522.884 3.433
523.074 3.444
523.264 3.455
523.454 3.462
523.644 3.474
523.834 3.495
524.024 3.513
524.214 3.514
524.404 3.504
524.594 3.521
524.784 3.560
524.974 3.569
525.164 3.576
525.354 3.588
525.544 3.604
525.734 3.608
525.925 3.597
526.115 3.593
526.305 3.615
526.495 3.649
526.685 3.670
526.875 3.681
527.065 3.703
527.255 3.715
527.445 3.720
527.635 3.725
527.825 3.751
528.015 3.790
528.205 3.810
528.395 3.807
528.585 3.802
528.775 3.810
528.965 3.827
529.155 3.838
529.345 3.862
529.535 3.880
529.726 3.892
529.916 3.898
530.106 3.910
530.296 3.933
530.486 3.950
530.676 3.961
530.866 3.975
531.056 3.988
531.246 3.998
531.436 4.004
531.626 4.023
531.816 4.028
532.006 4.039
532.196 4.037
532.386 4.028
532.576 4.024
532.766 4.031
532.956 4.029
533.146 4.032
533.337 4.042
533.527 4.046
533.717 4.049
533.907 4.072
534.097 4.078
534.287 4.089
534.477 4.105
534.667 4.120
534.857 4.135
535.047 4.150
535.237 4.157
535.427 4.160
535.617 4.172
535.807 4.191
535.997 4.196
536.187 4.198
536.377 4.208
536.567 4.224
536.757 4.236
536.948 4.247
537.138 4.246
537.328 4.253
537.518 4.271
537.708 4.280
537.898 4.275
538.088 4.275
538.278 4.285
538.468 4.288
538.658 4.275
538.848 4.278
539.038 4.281
539.228 4.291
539.418 4.299
539.608 4.301
539.798 4.297
539.988 4.302
540.178 4.303
540.368 4.307
540.558 4.312
540.749 4.321
540.939 4.316
541.129 4.331
541.319 4.356
541.509 4.428
541.699 4.569
541.889 4.592
542.079 4.617
542.269 4.644
542.459 4.663
542.649 4.666
542.839 4.678
543.029 4.699
543.219 4.706
543.409 4.698
543.599 4.629
543.789 4.516
543.979 4.529
544.169 4.534
544.360 4.532
544.550 4.541
544.740 4.547
544.930 4.557
545.120 4.568
545.310 4.561
545.500 4.579
545.690 4.600
545.880 4.597
546.070 4.596
546.267 4.594
546.463 4.607
546.660 4.613
546.857 4.638
547.054 4.661
547.251 4.668
547.447 4.686
547.644 4.690
547.841 4.705
548.038 4.726
548.234 4.750
548.431 4.785
548.628 4.820
548.825 4.849
549.021 4.871
549.218 4.889
549.415 4.917
549.612 4.942
549.808 4.981
550.005 5.022
550.202 5.054
550.399 5.090
550.595 5.128
550.792 5.161
550.989 5.190
551.186 5.230
551.382 5.280
551.579 5.331
551.776 5.392
551.973 5.439
552.169 5.481
552.366 5.532
552.563 5.585
552.760 5.638
552.956 5.696
553.153 5.764
553.350 5.833
553.547 5.906
553.743 5.968
553.940 6.018
554.137 6.080
554.334 6.132
554.530 6.195
554.727 6.266
554.924 6.334
555.121 6.382
555.317 6.432
555.514 6.498
555.711 6.559
555.908 6.631
556.104 6.715
556.301 6.799
556.498 6.891
556.695 6.974
556.891 7.045
557.088 7.123
557.285 7.220
557.482 7.326
557.678 7.423
557.875 7.520
558.072 7.637
558.269 7.753
558.465 7.856
558.662 7.955
558.859 8.061
559.056 8.180
559.252 8.300
559.449 8.431
559.646 8.563
559.843 8.674
560.039 8.789
560.236 8.896
560.433 9.003
560.630 9.124
560.826 9.267
561.023 9.409
561.220 9.551
561.417 9.688
561.613 9.826
561.810 9.957
562.007 10.113
562.204 10.265
562.400 10.420
562.597 10.583
562.794 10.754
562.991 10.918
563.187 11.082
563.384 11.245
563.581 11.418
563.778 11.581
563.974 11.756
564.171 11.922
564.368 12.095
564.565 12.270
564.761 12.443
564.958 12.627
565.155 12.814
565.352 12.996
565.548 13.183
565.745 13.377
565.942 13.580
566.139 13.775
566.335 13.977
566.532 14.185
566.729 14.405
566.926 14.617
567.122 14.825
567.319 15.036
567.516 15.260
567.713 15.482
567.909 15.703
568.106 15.923
568.303 16.146
568.500 16.375
568.696 16.610
568.893 16.836
569.090 17.066
569.287 17.297
569.483 17.542
569.680 17.773
569.877 18.008
570.074 18.253
570.270 18.482
570.467 18.740
570.664 19.007
570.861 19.244
571.057 19.490
571.254 19.744
571.451 19.988
571.648 20.240
571.844 20.506
572.041 20.783
572.238 21.031
572.435 21.299
572.631 21.554
572.828 21.816
573.025 22.083
573.222 22.356
573.418 22.635
573.615 22.913
573.812 23.178
574.009 23.451
574.205 23.724
574.402 23.996
574.599 24.277
574.796 24.559
574.992 24.821
575.189 25.101
575.386 25.359
575.583 25.631
575.779 25.915
575.976 26.181
576.173 26.445
576.370 26.713
576.567 27.001
576.763 27.302
576.960 27.594
577.158 27.894
577.356 28.200
577.554 28.518
577.752 28.805
577.950 29.098
578.148 29.405
578.346 29.708
578.544 30.011
578.742 30.309
578.940 30.581
579.138 30.863
579.336 31.165
579.534 31.461
579.732 31.746
579.930 32.051
580.128 32.364
580.326 32.674
580.524 32.973
580.722 33.249
580.920 33.537
581.118 33.847
581.316 34.147
581.514 34.422
581.712 34.702
581.909 34.993
582.107 35.306
582.305 35.601
582.503 35.895
582.701 36.198
582.899 36.513
583.097 36.813
583.295 37.124
583.493 37.450
583.691 37.770
583.889 38.080
584.087 38.384
584.285 38.674
584.483 38.961
584.681 39.252
584.879 39.555
585.077 39.849
585.275 40.142
585.473 40.431
585.671 40.723
585.869 41.022
586.067 41.332
586.265 41.642
586.463 41.925
586.661 42.218
586.859 42.518
587.057 42.828
587.255 43.147
587.453 43.452
587.651 43.751
587.849 44.032
588.047 44.314
588.245 44.597
588.443 44.895
588.641 45.206
588.839 45.502
589.037 45.798
589.235 46.082
589.433 46.369
589.631 46.668
589.829 46.940
590.027 47.222
590.225 47.525
590.423 47.807
590.621 48.087
590.819 48.377
591.017 48.667
591.215 48.944
591.413 49.219
591.611 49.490
591.809 49.777
592.006 50.076
592.204 50.367
592.402 50.644
592.600 50.934
592.798 51.220
592.996 51.473
593.194 51.749
593.392 52.045
593.590 52.324
593.788 52.605
593.986 52.887
594.184 53.167
594.382 53.448
594.580 53.733
594.778 54.007
594.976 54.280
595.174 54.563
595.372 54.843
595.570 55.096
595.768 55.356
595.966 55.623
596.164 55.881
596.362 56.146
596.560 56.406
596.758 56.664
596.956 56.921
597.154 57.189
597.352 57.456
597.550 57.709
597.748 57.989
597.946 58.254
598.144 58.519
598.342 58.785
598.540 59.040
598.738 59.274
598.936 59.505
599.134 59.750
599.332 59.960
599.530 60.202
599.728 60.431
599.926 60.632
600.124 60.862
600.322 61.120
600.520 61.369
600.718 61.599
600.916 61.840
601.114 62.073
601.312 62.303
601.510 62.525
601.708 62.741
601.905 62.991
602.103 63.245
602.301 63.481
602.499 63.682
602.697 63.888
602.895 64.095
603.093 64.307
603.291 64.528
603.489 64.743
603.687 64.962
603.885 65.174
604.083 65.358
604.281 65.522
604.479 65.684
604.677 65.856
604.875 66.038
605.073 66.219
605.271 66.377
605.469 66.545
605.667 66.701
605.865 66.860
606.063 67.029
606.261 67.209
606.459 67.382
606.657 67.561
606.855 67.709
607.053 67.828
607.251 67.984
607.449 68.147
607.647 68.254
607.845 68.393
608.043 68.528
608.241 68.635
608.439 68.721
608.637 68.832
608.835 68.944
609.033 69.069
609.231 69.196
609.429 69.304
609.627 69.425
609.825 69.575
610.023 69.691
610.221 69.812
610.419 69.920
610.617 70.024
610.815 70.139
611.013 70.265
611.211 70.368
611.409 70.456
611.607 70.541
611.804 70.623
612.002 70.703
612.200 70.795
612.398 70.908
612.596 71.011
612.794 71.109
612.992 71.192
613.190 71.257
613.388 71.331
613.586 71.416
613.784 71.494
613.982 71.555
614.180 71.624
614.378 71.683
614.576 71.722
614.774 71.766
614.972 71.812
615.170 71.860
615.368 71.920
615.566 71.970
615.764 72.022
615.962 72.073
616.160 72.134
616.358 72.179
616.556 72.236
616.754 72.265
616.952 72.306
617.150 72.356
617.348 72.406
617.546 72.428
617.744 72.460
617.942 72.510
618.140 72.553
618.338 72.584
618.536 72.624
618.734 72.643
618.932 72.700
619.130 72.755
619.328 72.800
619.526 72.826
619.724 72.862
619.922 72.906
620.120 72.932
620.318 72.965
620.516 73.015
620.714 73.040
620.912 73.064
621.110 73.065
621.308 73.070
621.506 73.085
621.704 73.108
621.901 73.148
622.099 73.160
622.297 73.185
622.495 73.194
622.693 73.194
622.891 73.208
623.089 73.241
623.287 73.270
623.485 73.286
623.683 73.279
623.881 73.269
624.079 73.261
624.277 73.281
624.475 73.279
624.673 73.299
624.871 73.313
625.069 73.326
625.267 73.321
625.465 73.317
625.663 73.324
625.861 73.348
626.059 73.387
626.257 73.412
626.455 73.415
626.653 73.417
626.851 73.392
627.049 73.378
627.247 73.373
627.445 73.372
627.643 73.377
627.841 73.391
628.039 73.405
628.237 73.391
628.435 73.372
628.633 73.373
628.831 73.378
629.029 73.399
629.227 73.412
629.425 73.428
629.623 73.462
629.821 73.486
630.019 73.486
630.217 73.479
630.415 73.498
630.613 73.511
630.811 73.499
631.009 73.498
631.207 73.507
631.405 73.513
631.603 73.502
631.801 73.499
631.998 73.510
632.196 73.520
632.394 73.533
632.592 73.537
632.790 73.551
632.988 73.573
633.186 73.583
633.384 73.576
633.582 73.577
633.780 73.576
633.978 73.531
634.176 73.509
634.374 73.512
634.572 73.497
634.770 73.477
634.968 73.470
635.166 73.491
635.364 73.499
635.562 73.503
635.760 73.518
635.958 73.527
636.156 73.565
636.354 73.583
636.552 73.581
636.750 73.592
636.948 73.604
637.146 73.605
637.344 73.574
637.542 73.538
637.740 73.517
637.938 73.480
638.136 73.551
638.334 73.719
638.532 73.696
638.730 73.680
638.928 73.681
639.126 73.684
639.324 73.675
639.522 73.700
639.720 73.757
639.918 73.798
640.116 73.828
640.314 73.769
640.512 73.592
640.710 73.613
640.908 73.659
641.106 73.682
641.304 73.684
641.502 73.675
641.699 73.659
641.897 73.613
642.095 73.589
642.293 73.595
642.491 73.584
642.689 73.581
642.887 73.566
643.085 73.522
643.283 73.493
643.481 73.483
643.679 73.484
643.877 73.465
644.075 73.473
644.273 73.503
644.471 73.491
644.669 73.489
644.867 73.493
645.065 73.497
645.263 73.496
645.461 73.494
645.659 73.499
645.857 73.518
646.055 73.536
646.253 73.528
646.451 73.484
646.649 73.457
646.847 73.437
647.045 73.439
647.243 73.456
647.441 73.464
647.639 73.472
647.837 73.487
648.035 73.460
648.233 73.451
648.431 73.459
648.629 73.482
648.827 73.492
649.025 73.510
649.223 73.482
649.421 73.444
649.619 73.461
649.817 73.469
650.015 73.457
650.213 73.467
650.411 73.464
650.609 73.464
650.807 73.436
651.005 73.449
651.203 73.443
651.401 73.460
651.599 73.470
651.796 73.469
651.994 73.471
652.192 73.459
652.390 73.460
652.588 73.464
652.786 73.475
652.984 73.501
653.182 73.523
653.380 73.537
653.578 73.551
653.776 73.558
653.974 73.555
654.172 73.543
654.370 73.529
654.568 73.521
654.766 73.526
654.964 73.521
655.162 73.520
655.360 73.502
655.558 73.496
655.756 73.490
655.954 73.504
656.152 73.512
656.350 73.500
656.548 73.492
656.746 73.479
656.944 73.454
657.142 73.449
657.340 73.454
657.538 73.469
657.736 73.483
657.934 73.497
658.132 73.485
658.330 73.456
658.528 73.429
658.726 73.441
658.924 73.458
659.122 73.480
659.320 73.501
659.518 73.491
659.716 73.444
659.914 73.409
660.112 73.398
660.310 73.386
660.508 73.387
660.706 73.422
660.904 73.453
661.102 73.437
661.300 73.418
661.498 73.381
661.696 73.354
661.893 73.372
662.091 73.386
662.289 73.365
662.487 73.352
662.685 73.321
662.883 73.278
663.081 73.230
663.279 73.228
663.477 73.228
663.675 73.210
663.873 73.221
664.071 73.217
664.269 73.196
664.467 73.184
664.665 73.184
664.863 73.199
665.061 73.239
665.259 73.242
665.457 73.236
665.655 73.224
665.853 73.240
666.051 73.236
666.249 73.234
666.447 73.238
666.645 73.249
666.843 73.260
667.041 73.261
667.239 73.227
667.437 73.228
667.635 73.225
667.833 73.203
668.031 73.187
668.229 73.180
668.427 73.176
668.625 73.179
668.823 73.151
669.021 73.127
669.219 73.106
669.417 73.109
669.615 73.093
669.813 73.071
670.011 73.089
670.209 73.098
670.407 73.084
670.605 73.066
670.803 73.055
671.001 73.082
671.199 73.108
671.397 73.099
671.595 73.116
671.792 73.148
671.990 73.152
672.188 73.148
672.386 73.149
672.584 73.150
672.782 73.150
672.980 73.133
673.178 73.089
673.376 73.050
673.574 73.052
673.772 73.014
673.970 72.963
674.168 72.966
674.366 72.960
674.564 72.936
674.762 72.936
674.960 72.924
675.158 72.927
675.356 72.945
675.554 72.967
675.752 72.963
675.950 72.967
676.148 73.001
676.346 73.001
676.544 72.985
676.742 72.989
676.940 73.003
677.138 73.013
677.336 73.020
677.534 72.995
677.732 72.954
677.930 72.925
678.128 72.886
678.326 72.841
678.524 72.835
678.722 72.833
678.920 72.838
679.118 72.820
679.316 72.820
679.514 72.824
679.712 72.828
679.910 72.826
680.108 72.844
680.306 72.875
680.504 72.890
680.702 72.915
680.900 72.945
681.098 72.945
681.296 72.946
681.494 72.947
681.691 72.932
681.889 72.939
682.087 72.927
682.285 72.887
682.483 72.860
682.681 72.870
682.879 72.836
683.077 72.811
683.275 72.779
683.473 72.743
683.671 72.708
683.869 72.697
684.067 72.700
684.265 72.737
684.463 72.806
684.661 72.836
684.859 72.804
685.057 72.772
685.255 72.749
685.453 72.762
685.651 72.786
685.849 72.817
686.047 72.822
686.245 72.803
686.443 72.777
686.641 72.753
686.839 72.771
687.037 72.782
687.235 72.799
687.433 72.801
687.631 72.771
687.829 72.747
688.027 72.730
688.225 72.756
688.423 72.741
688.621 72.728
688.819 72.728
689.017 72.694
689.215 72.682
689.413 72.666
689.611 72.673
689.809 72.693
690.007 72.697
690.205 72.685
690.403 72.663
690.601 72.675
690.799 72.692
690.997 72.672
691.195 72.673
691.393 72.683
691.591 72.673
691.788 72.662
691.986 72.652
692.184 72.647
692.382 72.654
692.580 72.635
692.778 72.603
692.976 72.586
693.174 72.577
693.372 72.562
693.570 72.542
693.768 72.570
693.966 72.604
694.164 72.613
694.362 72.623
694.560 72.628
694.758 72.637
694.956 72.679
695.154 72.702
695.352 72.762
695.550 72.810
695.748 72.820
695.946 72.814
696.144 72.801
696.342 72.812
696.540 72.825
696.744 72.814
696.948 72.811
697.152 72.787
697.357 72.763
697.561 72.721
697.765 72.696
697.969 72.714
698.173 72.713
698.377 72.687
698.581 72.668
698.786 72.653
698.990 72.633
699.194 72.601
699.398 72.595
699.602 72.562
699.806 72.533
700.010 72.513
700.215 72.488
700.419 72.465
700.623 72.458
700.827 72.446
701.031 72.427
701.235 72.452
701.440 72.478
701.644 72.467
701.848 72.505
702.052 72.518
702.256 72.516
702.460 72.504
702.664 72.526
702.869 72.549
703.073 72.569
703.277 72.588
703.481 72.573
703.685 72.573
703.889 72.562
704.093 72.535
704.298 72.540
704.502 72.538
704.706 72.557
704.910 72.571
705.114 72.558
705.318 72.550
705.522 72.536
705.727 72.543
705.931 72.535
706.135 72.558
706.339 72.600
706.543 72.625
706.747 72.640
706.951 72.626
707.156 72.604
707.360 72.602
707.564 72.590
707.768 72.559
707.972 72.545
708.176 72.541
708.380 72.545
708.585 72.511
708.789 72.449
708.993 72.415
709.197 72.423
709.401 72.431
709.605 72.452
709.810 72.476
710.014 72.515
710.218 72.517
710.422 72.511
710.626 72.519
710.830 72.546
711.034 72.570
711.239 72.591
711.443 72.595
711.647 72.599
711.851 72.568
712.055 72.546
712.259 72.544
712.463 72.531
712.668 72.524
712.872 72.507
713.076 72.492
713.280 72.530
713.484 72.529
713.688 72.519
713.892 72.495
714.097 72.482
714.301 72.501
714.505 72.464
714.709 72.429
714.913 72.433
715.117 72.448
715.321 72.456
715.526 72.431
715.730 72.460
715.934 72.458
716.138 72.433
716.342 72.433
716.546 72.391
716.750 72.413
716.955 72.445
717.159 72.440
717.363 72.423
717.567 72.392
717.771 72.367
717.975 72.318
718.180 72.314
718.384 72.339
718.588 72.349
718.792 72.380
718.996 72.396
719.200 72.380
719.404 72.358
719.609 72.354
719.813 72.353
720.017 72.338
720.221 72.373
720.425 72.414
720.629 72.426
720.833 72.430
721.038 72.396
721.242 72.357
721.446 72.379
721.650 72.416
721.854 72.435
722.058 72.481
722.262 72.498
722.467 72.446
722.671 72.379
722.875 72.347
723.079 72.352
723.283 72.354
723.487 72.351
723.691 72.345
723.896 72.309
724.100 72.252
724.304 72.196
724.508 72.191
724.712 72.172
724.916 72.170
725.120 72.197
725.325 72.198
725.529 72.208
725.733 72.219
725.937 72.215
726.141 72.216
726.345 72.243
726.550 72.227
726.754 72.195
726.958 72.231
727.162 72.265
727.366 72.248
727.570 72.233
727.774 72.236
727.979 72.224
728.183 72.184
728.387 72.165
728.591 72.145
728.795 72.188
728.999 72.210
729.203 72.191
729.408 72.154
729.612 72.161
729.816 72.152
730.020 72.095
730.224 72.091
730.428 72.105
730.632 72.109
730.837 72.109
731.041 72.082
731.245 72.082
731.449 72.097
731.653 72.122
731.857 72.075
732.061 72.044
732.266 72.069
732.470 72.055
732.674 72.055
732.878 72.080
733.082 72.114
733.286 72.139
733.490 72.157
733.695 72.145
733.899 72.119
734.103 72.163
734.307 72.173
734.511 72.174
734.715 72.192
734.920 72.195
735.124 72.163
735.328 72.127
735.532 72.105
735.736 72.109
735.940 72.127
736.144 72.137
736.349 72.138
736.553 72.142
736.757 72.133
736.961 72.111
737.165 72.103
737.369 72.108
737.573 72.117
737.778 72.106
737.982 72.058
738.186 72.017
738.390 71.991
738.594 71.963
738.798 71.963
739.002 71.966
739.207 71.977
739.411 71.981
739.615 71.942
739.819 71.930
740.023 71.936
740.227 71.950
740.431 71.971
740.636 71.980
740.840 71.961
741.044 71.922
741.248 71.912
741.452 71.878
741.656 71.840
741.860 71.850
742.065 71.846
742.269 71.829
742.473 71.819
742.677 71.797
742.881 71.794
743.085 71.814
743.290 71.847
743.494 71.857
743.698 71.892
743.902 71.905
744.106 71.928
744.310 71.916
744.514 71.887
744.719 71.875
744.923 71.888
745.127 71.908
745.331 71.939
745.535 71.925
745.739 71.893
745.943 71.859
746.148 71.879
746.352 71.912
746.556 71.953
746.760 71.963
746.964 71.987
747.168 71.996
747.372 71.990
747.577 71.934
747.781 71.929
747.985 71.969
748.189 71.960
748.393 71.941
748.597 71.917
748.801 71.920
749.006 71.928
749.210 71.875
749.414 71.819
749.618 71.774
749.822 71.787
750.026 71.781
750.230 71.748
750.435 71.752
750.639 71.759
750.843 71.741
751.047 71.704
751.251 71.654
751.455 71.644
751.660 71.646
751.864 71.664
752.068 71.679
752.272 71.688
752.476 71.690
752.680 71.709
752.884 71.711
753.089 71.683
753.293 71.653
753.497 71.705
753.701 71.708
753.905 71.728
754.109 71.701
754.313 71.650
754.518 71.650
754.722 71.644
754.926 71.640
755.130 71.645
755.334 71.688
755.538 71.704
755.742 71.703
755.947 71.736
756.151 71.723
756.355 71.758
756.559 71.785
756.763 71.752
756.967 71.752
757.171 71.733
757.376 71.655
757.580 71.586
757.784 71.567
757.988 71.501
758.192 71.453
758.396 71.455
758.600 71.422
758.805 71.389
759.009 71.433
759.213 71.446
759.417 71.427
759.621 71.452
759.825 71.438
760.030 71.462
760.234 71.519
760.438 71.527
760.642 71.545
760.846 71.573
761.050 71.566
761.254 71.506
761.459 71.494
761.663 71.507
761.867 71.505
762.071 71.502
762.275 71.465
762.479 71.445
762.683 71.501
762.888 71.502
763.092 71.451
763.296 71.482
763.500 71.520
763.709 71.498
763.918 71.496
764.126 71.504
764.335 71.535
764.544 71.557
764.753 71.579
764.962 71.553
765.171 71.525
765.379 71.540
765.588 71.523
765.797 71.484
766.006 71.480
766.215 71.473
766.424 71.476
766.632 71.495
766.841 71.504
767.050 71.500
767.259 71.479
767.468 71.511
767.677 71.510
767.885 71.490
768.094 71.510
768.303 71.542
768.512 71.544
768.721 71.524
768.929 71.473
769.138 71.448
769.347 71.419
769.556 71.409
769.765 71.367
769.974 71.367
770.182 71.379
770.391 71.365
770.600 71.331
770.809 71.313
771.018 71.318
771.227 71.322
771.435 71.327
771.644 71.331
771.853 71.327
772.062 71.337
772.271 71.351
772.480 71.356
772.688 71.382
772.897 71.430
773.106 71.466
773.315 71.455
773.524 71.481
773.732 71.448
773.941 71.416
774.150 71.403
774.359 71.366
774.568 71.328
774.777 71.326
774.985 71.307
775.194 71.263
775.403 71.230
775.612 71.227
775.821 71.162
776.030 71.123
776.238 71.126
776.447 71.118
776.656 71.160
776.865 71.204
777.074 71.188
777.283 71.168
777.491 71.156
777.700 71.168
777.909 71.181
778.118 71.244
778.327 71.298
778.535 71.297
778.744 71.312
778.953 71.295
779.162 71.233
779.371 71.217
779.580 71.201
779.788 71.202
779.997 71.181
780.206 71.167
780.415 71.113
780.624 71.065
780.833 71.063
781.041 71.064
781.250 71.031
781.459 71.048
781.668 71.091
781.877 71.093
782.086 71.036
782.294 71.013
782.503 71.008
782.712 71.039
782.921 71.064
783.130 71.074
783.338 71.072
783.547 71.080
783.756 71.104
783.965 71.103
784.174 71.117
784.383 71.178
784.591 71.217
784.800 71.248
785.009 71.271
785.218 71.282
785.427 71.255
785.636 71.218
785.844 71.167
786.053 71.100
786.262 71.053
786.471 71.040
786.680 70.996
786.889 70.937
787.097 70.891
787.306 70.860
787.515 70.866
787.724 70.836
787.933 70.805
788.141 70.843
788.350 70.875
788.559 70.859
788.768 70.845
788.977 70.835
789.186 70.793
789.394 70.724
789.603 70.654
789.812 70.582
790.021 70.559
790.230 70.580
790.439 70.569
790.647 70.515
790.856 70.463
791.065 70.432
791.274 70.427
791.483 70.497
791.692 70.578
791.900 70.612
792.109 70.645
792.318 70.687
792.527 70.679
792.736 70.661
792.944 70.647
793.153 70.689
793.362 70.718
793.571 70.708
793.780 70.657
793.989 70.610
794.197 70.612
794.406 70.607
794.615 70.559
794.824 70.567
795.033 70.579
795.242 70.645
795.450 70.658
795.659 70.612
795.868 70.564
796.077 70.566
796.286 70.577
796.495 70.574
796.703 70.601
796.912 70.644
797.121 70.627
797.330 70.631
797.539 70.550
797.747 70.473
797.956 70.498
798.165 70.567
798.374 70.579
798.583 70.548
798.792 70.533
799.000 70.491
799.209 70.465
799.418 70.479
799.627 70.456
799.836 70.460
800.045 70.535
800.253 70.492
800.462 70.438
800.671 70.376
800.880 70.370
801.089 70.374
801.298 70.374
801.506 70.333
801.715 70.281
801.924 70.244
802.133 70.235
802.342 70.202
802.550 70.248
802.759 70.330
802.968 70.402
803.177 70.383
803.386 70.394
803.595 70.335
803.803 70.320
804.012 70.325
804.221 70.328
804.430 70.358
804.639 70.372
804.848 70.365
805.056 70.280
805.265 70.224
805.474 70.248
805.683 70.222
805.892 70.297
806.101 70.380
806.309 70.373
806.518 70.397
806.727 70.366
806.936 70.326
807.145 70.260
807.353 70.192
807.562 70.148
807.771 70.207
807.980 70.275
808.189 70.220
808.398 70.120
808.606 70.114
808.815 70.110
809.024 70.059
809.233 70.031
809.442 70.103
809.651 70.175
809.859 70.208
810.068 70.191
810.277 70.070
810.486 70.047
810.695 70.147
810.904 70.170
811.112 70.147
811.321 70.186
811.530 70.257
811.740 70.181
811.949 70.148
812.159 70.161
812.368 70.122
812.578 70.140
812.787 70.197
812.997 70.283
813.206 70.299
813.416 70.327
813.625 70.348
813.835 70.239
814.044 70.255
814.254 70.328
814.463 70.311
814.673 70.268
814.882 70.300
815.092 70.236
815.301 70.065
815.511 70.031
815.720 69.977
815.930 69.930
816.139 69.969
816.349 69.920
816.558 69.839
816.768 69.862
816.977 69.872
817.187 69.844
817.396 69.843
817.606 69.887
817.815 69.911
818.025 69.900
818.234 69.870
818.444 69.830
818.653 69.842
818.863 69.819
819.072 69.787
819.282 69.834
819.491 69.844
819.701 69.826
819.910 69.791
820.120 69.795
820.329 69.881
820.539 69.976
820.748 70.067
820.958 70.162
821.167 70.235
821.377 70.234
821.586 70.180
821.796 70.130
822.005 70.134
822.215 70.155
822.424 70.078
822.634 69.963
822.843 69.909
823.053 69.816
823.262 69.788
823.472 69.768
823.681 69.705
823.891 69.687
824.100 69.759
824.310 69.790
824.519 69.686
824.729 69.652
824.938 69.667
825.148 69.651
825.357 69.742
825.567 69.779
825.776 69.777
825.986 69.785
826.195 69.735
826.405 69.649
826.614 69.617
826.824 69.675
827.033 69.765
827.243 69.753
827.452 69.748
827.662 69.683
827.871 69.547
828.081 69.544
828.290 69.685
828.500 69.760
828.709 69.814
828.919 69.798
829.128 69.749
829.338 69.703
829.547 69.769
829.757 69.734
829.966 69.660
830.176 69.652
830.385 69.633
830.595 69.544
830.804 69.474
831.014 69.409
831.223 69.433
831.433 69.493
831.642 69.518
831.852 69.430
832.061 69.420
832.271 69.490
832.480 69.600
832.690 69.539
832.899 69.518
833.109 69.652
833.318 69.709
833.528 69.732
833.737 69.713
833.947 69.661
834.156 69.673
834.366 69.793
834.575 69.809
834.785 69.751
834.994 69.827
835.204 69.779
835.413 69.676
835.623 69.672
835.832 69.640
836.042 69.612
836.251 69.640
836.461 69.601
836.670 69.470
836.880 69.378
837.089 69.373
837.299 69.315
837.508 69.343
837.718 69.418
837.927 69.430
838.137 69.416
838.346 69.403
838.556 69.397
838.765 69.447
838.975 69.471
839.184 69.468
839.394 69.394
839.603 69.341
839.813 69.328
840.022 69.225
840.232 69.117
840.441 69.078
840.651 69.159
840.860 69.174
841.070 69.155
841.279 69.203
841.489 69.301
841.698 69.340
841.908 69.326
842.117 69.245
842.327 69.159
842.536 69.221
842.746 69.286
842.955 69.295
843.165 69.322
843.374 69.375
843.584 69.384
843.793 69.353
844.003 69.412
844.212 69.501
844.422 69.548
844.631 69.531
844.841 69.526
845.050 69.546
845.260 69.535
845.469 69.463
845.679 69.379
845.888 69.347
846.098 69.356
846.307 69.285
846.517 69.243
846.726 69.258
846.936 69.431
847.145 69.415
847.355 69.275
847.564 69.207
847.774 69.482
847.983 69.928
848.193 69.945
848.402 69.962
848.612 69.933
848.821 69.861
849.031 69.899
849.240 69.823
849.450 69.788
849.659 69.836
849.869 69.866
850.078 69.561
850.288 69.201
850.497 69.191
850.707 69.077
850.916 69.045
851.126 69.096
851.335 69.031
851.545 69.004
851.754 69.104
851.964 69.154
852.173 69.099
852.383 69.089
852.592 69.062
852.802 69.104
853.011 69.185
853.221 69.224
853.430 69.258
853.640 69.335
853.849 69.436
854.059 69.342
854.268 69.353
854.478 69.435
854.687 69.499
854.897 69.454
855.106 69.404
855.316 69.351
855.525 69.387
855.735 69.361
855.944 69.332
856.154 69.318
856.363 69.357
856.573 69.367
856.782 69.285
856.992 69.235
857.201 69.268
857.411 69.258
857.620 69.298
857.830 69.291
858.039 69.260
858.249 69.233
858.458 69.202
858.668 69.221
858.877 69.203
859.087 69.304
859.296 69.304
859.506 69.274
859.715 69.236
859.925 69.125
860.134 69.141
860.344 69.217
860.553 69.254
860.763 69.257
860.972 69.229
861.182 69.175
861.391 69.134
861.601 69.078
861.810 69.046
862.020 69.047
862.229 69.002
862.439 68.966
862.648 68.985
862.858 68.967
863.067 68.862
863.277 68.797
863.486 68.839
863.696 68.778
863.905 68.802
864.115 68.879
864.324 68.901
864.534 68.978
864.743 68.965
864.953 68.920
865.162 68.865
865.372 68.865
865.581 68.850
865.791 68.868
866.000 68.930
866.210 69.045
866.419 69.023
866.629 68.971
866.838 68.969
867.048 68.975
867.257 69.040
867.467 69.225
867.676 69.403
867.886 69.439
868.095 69.318
868.305 69.170
868.514 69.005
868.724 68.882
868.933 68.906
869.143 68.895
869.352 68.854
869.562 68.810
869.771 68.728
869.981 68.574
870.190 68.577
870.400 68.616
870.609 68.704
870.819 68.827
871.028 68.972
871.238 69.101
871.447 69.198
871.657 69.231
871.866 69.139
872.076 69.150
872.285 69.123
872.495 69.087
872.704 69.011
872.914 69.011
873.123 69.016
873.333 68.975
873.542 68.820
873.752 68.730
873.961 68.742
874.171 68.725
874.380 68.478
874.590 68.426
874.799 68.524
875.009 68.693
875.218 68.809
875.428 68.559
875.637 68.451
875.847 68.625
876.056 68.651
876.266 68.587
876.475 68.601
876.685 68.786
876.894 68.933
877.104 68.816
877.313 68.678
877.523 68.607
877.732 68.805
877.942 68.856
878.151 68.707
878.361 68.675
878.570 68.703
878.780 68.804
878.989 68.783
879.199 68.763
879.408 68.766
879.618 68.695
879.827 68.573
880.037 68.639
880.246 68.797
880.456 68.831
880.665 68.812
880.875 68.890
881.084 68.937
881.294 68.917
881.503 68.753
881.713 68.739
881.922 68.863
882.132 68.869
882.341 68.716
882.551 68.632
882.760 68.678
882.970 68.733
883.179 68.759
883.389 68.684
883.598 68.619
883.808 68.719
884.017 68.905
884.227 68.840
884.436 68.846
884.646 68.954
884.855 68.891
885.065 68.804
885.274 68.849
885.484 68.912
885.693 68.944
885.903 68.917
886.112 68.957
886.322 68.908
886.531 69.018
886.741 69.153
886.950 69.170
887.160 69.248
887.369 69.119
887.579 68.950
887.788 68.714
887.998 68.697
888.207 68.903
888.417 68.962
888.626 68.884
888.836 68.718
889.045 68.528
889.255 68.467
889.464 68.568
889.674 68.778
889.883 68.912
890.093 69.016
890.302 68.914
890.512 68.815
890.721 68.905
890.931 68.891
891.140 68.990
891.350 68.997
891.559 68.955
891.769 68.844
891.978 68.784
892.188 68.897
892.397 68.879
892.607 68.942
892.816 68.999
893.026 68.770
893.235 68.608
893.445 68.668
893.654 68.887
893.864 69.000
894.073 68.941
894.283 68.915
894.492 68.710
894.702 68.658
894.911 68.674
895.121 68.650
895.330 68.683
895.540 68.883
895.749 68.940
895.959 68.837
896.168 68.862
896.378 68.911
896.587 69.098
896.797 69.150
897.006 69.113
897.216 69.192
897.425 69.114
897.635 69.061
897.844 69.117
898.054 69.033
898.263 68.889
898.473 68.692
898.682 68.571
898.892 68.477
899.101 68.585
899.311 68.586
899.520 68.364
899.730 68.373
899.939 68.453
900.149 68.371
900.358 68.293
900.568 68.485
900.777 68.698
900.987 68.700
901.196 68.508
901.406 68.393
901.615 68.372
901.825 68.504
902.034 68.381
902.244 68.277
902.453 68.211
902.663 68.177
902.872 68.014
903.082 67.869
903.291 67.893
903.501 67.983
903.710 68.007
903.920 68.178
904.129 68.140
904.339 68.249
904.548 68.139
904.758 67.984
904.967 67.989
905.177 68.083
905.386 68.205
905.596 68.323
905.805 68.380
906.015 68.444
906.224 68.356
906.434 68.277
906.643 68.186
906.853 68.212
907.062 68.414
907.272 68.408
907.481 68.350
907.691 68.403
907.900 68.300
908.110 68.213
908.319 68.035
908.529 67.882
908.738 67.825
908.948 67.780
909.157 67.788
909.367 67.709
909.576 67.890
909.786 67.934
909.995 67.733
910.205 67.614
910.414 67.466
910.624 67.541
910.833 67.741
911.043 67.875
911.252 68.106
911.462 68.349
911.672 68.424
911.881 68.262
912.091 68.044
912.300 68.099
912.512 68.196
912.724 68.385
912.937 68.457
913.149 68.554
913.361 68.720
913.573 68.579
913.786 68.477
913.998 68.501
914.210 68.342
914.422 68.473
914.634 68.378
914.847 68.326
915.059 68.230
915.271 68.295
915.483 68.105
915.696 67.921
915.908 68.122
916.120 68.169
916.332 68.128
916.544 68.441
916.757 68.568
916.969 68.605
917.181 68.649
917.393 68.563
917.606 68.245
917.818 68.100
918.030 67.958
918.242 67.816
918.454 67.691
918.667 67.674
918.879 67.622
919.091 67.581
919.303 67.513
919.516 67.381
919.728 67.461
919.940 67.774
920.152 68.041
920.364 68.163
920.577 68.086
920.789 68.010
921.001 67.955
921.213 68.090
921.426 68.241
921.638 68.333
921.850 68.198
922.062 67.999
922.274 67.762
922.487 67.590
922.699 67.412
922.911 67.400
923.123 67.624
923.336 67.694
923.548 67.459
923.760 67.206
923.972 67.028
924.184 67.032
924.397 67.064
924.609 67.195
924.821 67.439
925.033 67.619
925.246 67.692
925.458 67.631
925.670 67.614
925.882 67.648
926.094 67.591
926.307 67.557
926.519 67.644
926.731 67.732
926.943 67.622
927.156 67.291
927.368 67.124
927.580 67.048
927.792 67.054
928.004 67.215
928.217 67.163
928.429 67.338
928.641 67.562
928.853 67.662
929.066 67.702
929.278 67.694
929.490 67.703
929.702 67.826
929.914 67.740
930.127 67.681
930.339 67.467
930.551 67.409
930.763 67.292
930.976 67.150
931.188 67.031
931.400 66.961
931.612 67.071
931.824 67.200
932.037 67.174
932.249 67.406
932.461 67.420
932.673 67.444
932.886 67.527
933.098 67.453
933.310 67.596
933.522 67.840
933.734 68.041
933.947 68.036
934.159 68.044
934.371 68.065
934.583 67.790
934.796 67.483
935.008 67.248
935.220 67.330
935.432 67.162
935.644 66.922
935.857 66.852
936.069 66.493
936.281 66.238
936.493 65.776
936.706 65.869
936.918 66.367
937.130 66.799
937.342 67.111
937.554 66.952
937.767 67.263
937.979 67.349
938.191 67.077
938.403 67.207
938.616 67.151
938.828 67.581
939.040 67.662
939.252 67.332
939.464 67.000
939.677 66.951
939.889 66.811
940.101 66.620
940.313 66.905
940.526 66.877
940.738 66.686
940.950 66.861
941.162 66.464
941.374 66.329
941.587 66.790
941.799 67.025
942.011 67.039
942.223 67.017
942.436 66.729
942.648 66.115
942.860 66.132
943.072 65.805
943.284 65.602
943.497 65.792
943.709 65.770
943.921 65.221
944.133 65.297
944.346 65.363
944.558 65.666
944.770 66.016
944.982 66.374
945.194 66.586
945.407 67.185
945.619 67.031
945.831 67.122
946.043 67.224
946.256 67.465
946.468 67.472
946.680 67.257
946.892 67.098
947.104 67.122
947.317 66.887
947.529 66.568
947.741 66.893
947.953 67.505
948.166 67.149
948.378 67.014
948.590 67.234
948.802 66.967
949.014 66.957
949.227 66.681
949.439 66.411
949.651 66.800
949.863 67.602
950.076 67.395
950.288 67.270
950.500 67.842
950.712 67.439
950.924 66.665
951.137 67.120
951.349 67.959
951.561 68.325
951.773 69.847
951.986 71.453
952.198 70.605
952.410 69.951
952.622 69.179
952.834 68.775
953.047 69.497
953.259 69.671
953.471 68.876
953.683 67.757
953.896 68.060
954.108 67.406
954.320 65.395
954.532 65.313
954.744 65.941
954.957 66.923
955.169 67.256
955.381 67.116
955.593 67.127
955.806 67.115
956.018 67.437
956.230 67.232
956.442 66.495
956.654 66.848
956.867 66.912
957.079 66.526
957.291 66.374
957.503 66.623
957.716 66.535
957.928 66.841
958.140 67.206
958.352 67.484
958.564 67.447
958.777 67.248
958.989 66.843
959.201 67.464
959.413 67.985
959.626 67.563
959.838 66.884
960.050 66.530
960.262 66.070
960.474 66.373
960.687 67.064
960.899 67.387
961.111 67.637
961.323 68.053
961.536 67.902
961.748 67.874
961.960 68.059
962.172 67.931
962.384 67.680
962.597 67.867
962.809 68.035
963.021 67.039
963.233 66.127
963.446 65.685
963.658 65.160
963.870 65.320
964.082 65.673
964.294 66.072
964.507 66.095
964.719 66.292
964.931 66.416
965.143 65.979
965.356 66.154
965.568 66.601
965.780 67.170
966.000 67.268
966.221 66.652
966.441 66.183
966.662 66.212
966.882 66.802
967.103 67.068
967.323 66.679
967.543 66.525
967.764 66.324
967.984 66.236
968.205 66.058
968.425 66.232
968.645 65.824
968.866 65.153
969.086 64.951
969.307 64.799
969.527 64.896
969.748 65.074
969.968 65.206
970.188 65.201
970.409 64.875
970.629 64.853
970.850 65.586
971.070 66.417
971.290 67.210
971.511 66.965
971.731 67.027
971.952 67.393
972.172 67.282
972.393 67.169
972.613 67.400
972.833 67.853
973.054 68.429
973.274 67.774
973.495 67.281
973.715 67.431
973.936 68.120
974.156 68.129
974.376 67.477
974.597 67.676
974.817 67.479
975.038 67.049
975.258 66.819
975.478 66.621
975.699 66.946
975.919 67.594
976.140 67.890
976.360 67.674
976.581 67.490
976.801 67.452
977.021 67.238
977.242 66.737
977.462 66.699
977.683 67.754
977.903 67.438
978.123 67.500
978.344 67.315
978.564 66.463
978.785 65.629
979.005 65.561
979.226 65.712
979.446 66.149
979.666 66.938
979.887 67.096
980.107 67.116
980.328 68.459
980.548 68.451
980.769 68.004
980.989 67.061
981.209 67.310
981.430 68.014
981.650 68.231
981.871 68.380
982.091 68.155
982.311 68.664
982.532 67.387
982.752 65.931
982.973 65.877
983.193 66.571
983.414 67.886
983.634 68.357
983.854 67.727
984.075 67.876
984.295 67.862
984.516 67.688
984.736 67.151
984.956 67.297
985.177 67.270
985.397 66.725
985.618 66.484
985.838 66.514
986.059 66.070
986.279 66.075
986.499 65.768
986.720 65.317
986.940 66.151
987.161 65.989
987.381 65.731
987.602 66.156
987.822 67.013
988.042 66.498
988.263 65.844
988.483 65.778
988.704 65.355
988.924 65.118
989.144 65.422
989.365 65.267
989.585 66.734
989.806 67.125
990.026 66.456
990.247 65.516
990.467 65.616
990.687 65.836
990.908 66.125
991.128 66.988
991.349 67.827
991.569 68.170
991.789 68.102
992.010 67.042
992.230 66.872
992.451 66.297
992.671 66.268
992.892 67.954
993.112 69.461
993.332 69.592
993.553 69.106
993.773 69.074
993.994 67.871
994.214 66.959
994.435 66.476
994.655 66.865
994.875 67.483
995.096 68.556
995.316 68.182
995.537 66.282
995.757 65.193
995.977 64.686
996.198 63.058
996.418 62.892
996.639 63.809
996.859 64.299
997.080 64.363
997.300 65.428
997.520 64.430
997.741 61.556
997.961 60.982
998.182 61.004
998.402 60.414
998.622 62.863
998.843 65.938
999.063 65.971
999.284 65.322
999.504 63.584
999.725 61.806
999.945 62.070
1000.165 65.078
1000.386 66.091
1000.606 66.584
1000.827 67.664
1001.047 66.130
1001.268 62.894
1001.488 62.410
1001.708 64.533
1001.929 67.377
1002.149 68.845
1002.370 67.114
1002.590 65.586
1002.810 67.023
1003.031 66.653
1003.251 65.820
1003.472 66.367
1003.692 67.757
1003.913 67.947
1004.133 65.017
1004.353 63.591
1004.574 62.833
1004.794 64.928
1005.015 66.531
1005.235 64.002
1005.455 63.300
1005.676 63.536
1005.896 62.382
1006.117 61.402
1006.337 61.874
1006.558 65.412
1006.778 65.321
1006.998 64.017
1007.219 62.209
1007.439 59.746
1007.660 60.509
1007.880 61.778
1008.101 62.108
1008.321 60.807
1008.541 60.755
1008.762 61.429
1008.982 60.253
1009.203 61.141
1009.423 62.163
1009.643 61.985
1009.864 63.136
1010.084 62.163
1010.305 62.340
1010.525 64.158
1010.746 64.948
1010.966 63.045
1011.186 60.446
1011.407 58.519
1011.627 57.495
1011.848 57.535
1012.068 58.437
1012.288 57.701
1012.509 58.580
1012.729 57.415
1012.950 53.280
