290.982 82.904
291.167 83.004
291.352 83.548
291.537 83.696
291.722 83.696
291.907 88.761
292.091 89.439
292.276 86.766
292.461 85.543
292.646 84.790
292.831 86.121
293.016 84.560
293.201 82.025
293.386 80.702
293.571 81.734
293.756 82.751
293.940 81.863
294.125 80.167
294.310 81.587
294.495 82.146
294.680 80.726
294.865 78.036
295.050 78.255
295.235 79.108
295.420 79.023
295.605 77.913
295.789 78.765
295.974 79.355
296.159 78.038
296.344 76.809
296.529 75.456
296.714 76.282
296.899 77.870
297.084 79.121
297.269 79.509
297.454 80.300
297.638 80.545
297.823 79.188
298.008 78.486
298.193 79.175
298.378 79.882
298.563 80.441
298.748 82.095
298.933 81.481
299.118 79.708
299.303 80.640
299.487 80.748
299.672 79.595
299.857 77.831
300.042 78.913
300.227 79.040
300.412 78.300
300.597 78.360
300.782 76.147
300.967 76.886
301.152 77.931
301.336 77.335
301.521 76.815
301.706 78.837
301.891 80.076
302.076 79.775
302.261 79.606
302.446 80.853
302.631 80.937
302.816 83.716
303.001 84.100
303.185 82.251
303.370 81.331
303.555 80.928
303.740 78.889
303.925 76.936
304.110 75.145
304.295 75.251
304.480 74.704
304.665 73.680
304.850 71.278
305.034 69.542
305.219 70.086
305.404 70.135
305.589 70.951
305.774 71.195
305.959 72.822
306.144 73.468
306.329 71.602
306.514 69.926
306.699 69.146
306.883 67.408
307.068 66.805
307.253 66.990
307.438 68.537
307.623 68.329
307.808 66.609
307.993 64.595
308.178 63.045
308.363 63.753
308.548 66.059
308.732 68.515
308.917 69.513
309.102 69.509
309.287 69.310
309.472 68.921
309.657 69.363
309.842 69.566
310.027 68.789
310.212 69.393
310.397 69.544
310.581 67.962
310.766 66.512
310.951 66.470
311.136 66.168
311.321 66.152
311.506 64.511
311.691 62.953
311.876 62.575
312.061 62.883
312.245 64.761
312.430 66.219
312.615 67.193
312.800 67.192
312.985 66.031
313.170 65.439
313.347 65.748
313.523 65.756
313.700 65.421
313.877 65.839
314.054 67.144
314.230 66.078
314.407 64.313
314.584 62.803
314.761 62.053
314.937 62.220
315.114 63.753
315.291 64.130
315.467 64.174
315.644 62.829
315.821 62.434
315.998 61.937
316.174 61.408
316.351 61.799
316.528 61.658
316.704 60.793
316.881 60.269
317.058 60.102
317.235 59.714
317.411 60.041
317.588 61.324
317.765 61.134
317.942 61.021
318.118 61.367
318.295 60.175
318.472 59.550
318.648 60.413
318.825 60.919
319.002 59.684
319.179 59.165
319.355 59.309
319.532 59.329
319.709 58.779
319.885 58.804
320.062 58.612
320.239 58.832
320.416 59.946
320.592 60.397
320.769 60.226
320.946 60.367
321.123 60.135
321.299 59.025
321.476 58.192
321.653 59.178
321.829 58.714
322.006 57.823
322.183 58.319
322.360 57.146
322.536 56.090
322.713 56.625
322.890 57.206
323.066 56.523
323.243 56.903
323.420 59.244
323.597 59.207
323.773 57.940
323.950 58.319
324.127 58.954
324.304 59.281
324.480 58.522
324.657 57.673
324.834 56.726
325.010 56.772
325.187 56.392
325.364 54.393
325.541 53.501
325.717 54.266
325.894 53.567
326.071 51.771
326.248 51.582
326.424 52.674
326.601 52.679
326.778 52.239
326.954 51.949
327.131 51.422
327.308 50.584
327.485 50.982
327.661 51.066
327.838 51.111
328.015 51.288
328.191 50.544
328.368 49.217
328.545 47.514
328.722 47.310
328.898 48.701
329.075 50.005
329.252 50.159
329.429 49.268
329.605 49.384
329.782 49.594
329.959 49.621
330.135 49.451
330.312 50.129
330.489 51.177
330.666 50.857
330.842 49.268
331.019 48.234
331.196 48.490
331.372 48.578
331.549 47.376
331.726 46.416
331.903 45.874
332.079 46.258
332.256 45.118
332.433 43.768
332.610 43.312
332.786 43.740
332.963 43.740
333.140 42.968
333.316 44.022
333.493 44.171
333.670 43.623
333.847 44.956
334.023 45.160
334.200 45.312
334.377 45.871
334.553 46.525
334.730 45.771
334.907 44.790
335.084 45.040
335.260 44.149
335.437 44.014
335.614 44.804
335.791 43.576
335.967 42.704
336.144 42.959
336.321 43.001
336.497 42.714
336.674 42.535
336.851 42.858
337.028 42.003
337.204 41.577
337.381 42.816
337.558 43.879
337.734 43.518
337.911 42.714
338.088 42.461
338.265 43.819
338.441 44.458
338.618 43.378
338.795 42.829
338.972 43.620
339.148 43.936
339.325 42.956
339.502 40.912
339.678 40.657
339.855 41.091
340.032 40.408
340.209 38.630
340.385 37.889
340.562 38.341
340.739 38.239
340.916 37.519
341.092 37.299
341.269 37.365
341.446 37.122
341.622 36.545
341.799 36.356
341.976 36.987
342.153 37.958
342.329 38.376
342.506 39.010
342.683 38.769
342.859 38.295
343.036 37.918
343.213 37.439
343.390 37.226
343.566 37.251
343.743 37.058
343.920 36.195
344.097 35.004
344.273 34.391
344.450 33.831
344.627 34.310
344.803 35.328
344.980 35.251
345.157 34.777
345.334 34.719
345.510 34.659
345.687 34.596
345.864 35.220
346.040 35.780
346.217 36.101
346.394 36.061
346.571 34.928
346.747 33.092
346.924 32.951
347.101 34.035
347.278 34.551
347.454 35.302
347.631 34.968
347.808 33.612
347.984 33.430
348.161 33.511
348.338 33.298
348.515 33.412
348.691 33.909
348.868 33.549
349.045 32.111
349.221 31.623
349.398 30.935
349.575 31.277
349.752 32.149
349.928 31.600
350.105 30.533
350.282 29.860
350.459 30.550
350.635 30.995
350.812 30.696
350.989 31.455
351.165 32.333
351.342 32.051
351.519 31.318
351.696 30.953
351.872 31.020
352.049 31.152
352.226 31.765
352.402 31.508
352.579 31.359
352.756 31.654
352.933 31.122
353.109 29.868
353.286 29.404
353.463 29.566
353.640 29.360
353.816 28.565
353.993 28.220
354.170 28.206
354.346 28.376
354.523 28.343
354.700 28.039
354.877 28.092
355.053 27.983
355.230 28.161
355.407 28.446
355.584 28.779
355.760 29.385
355.937 29.656
356.114 29.733
356.290 29.343
356.467 29.112
356.644 28.948
356.821 28.478
356.997 28.996
357.174 29.279
357.351 29.125
357.527 28.915
357.704 28.333
357.881 28.482
358.058 28.707
358.234 28.615
358.411 28.557
358.588 28.349
358.765 28.090
358.941 27.540
359.118 27.164
359.295 26.839
359.471 26.210
359.648 26.554
359.825 26.554
360.002 26.013
360.178 26.075
360.355 26.046
360.532 26.136
360.708 26.337
360.885 26.313
361.062 25.758
361.239 25.382
361.415 25.555
361.592 25.294
361.769 24.764
361.946 24.940
362.122 24.982
362.299 24.142
362.476 24.031
362.652 23.844
362.829 24.036
363.006 24.194
363.183 24.781
363.359 24.944
363.536 24.453
363.713 24.228
363.889 23.826
364.066 23.277
364.243 23.340
364.420 23.157
364.596 23.021
364.773 22.518
364.950 22.754
365.127 22.514
365.303 22.438
365.480 23.177
365.661 23.412
365.841 23.539
366.022 23.486
366.202 23.541
366.383 23.167
366.563 23.107
366.744 23.059
366.924 22.702
367.105 22.420
367.286 21.807
367.466 20.730
367.647 20.398
367.827 20.110
368.008 20.313
368.188 20.415
368.369 20.695
368.549 20.937
368.730 20.483
368.911 20.260
369.091 20.315
369.272 20.423
369.452 20.886
369.633 20.884
369.813 20.760
369.994 20.880
370.174 20.684
370.355 20.232
370.535 19.848
370.716 20.479
370.897 20.723
371.077 20.321
371.258 20.490
371.438 21.155
371.619 21.515
371.799 21.238
371.980 20.442
372.160 20.356
372.341 20.581
372.522 20.418
372.702 20.129
372.883 20.093
373.063 20.253
373.244 20.112
373.424 19.390
373.605 18.947
373.785 18.916
373.966 18.905
374.147 18.851
374.327 19.090
374.508 19.427
374.688 19.291
374.869 19.367
375.049 19.589
375.230 20.056
375.410 20.154
375.591 20.003
375.772 20.114
375.952 20.576
376.133 20.494
376.313 20.094
376.494 19.527
376.674 19.555
376.855 19.560
377.035 19.024
377.216 18.512
377.397 18.439
377.577 18.458
377.758 18.210
377.938 17.891
378.119 17.984
378.299 17.945
378.480 18.029
378.660 17.971
378.841 17.740
379.021 17.522
379.202 17.040
379.383 16.641
379.563 16.436
379.744 16.313
379.924 16.047
380.105 15.986
380.285 15.742
380.466 15.373
380.646 14.975
380.827 14.629
381.008 14.846
381.188 15.345
381.369 15.778
381.549 15.612
381.730 15.539
381.910 15.743
382.091 15.611
382.271 15.722
382.452 15.974
382.633 16.141
382.813 16.533
382.994 16.763
383.174 16.332
383.355 15.804
383.535 15.948
383.716 16.132
383.896 15.897
384.077 15.789
384.258 15.777
384.438 15.685
384.619 15.498
384.799 15.034
384.980 14.724
385.160 14.514
385.341 14.400
385.521 14.142
385.702 13.897
385.882 13.953
386.063 13.839
386.244 13.691
386.424 13.691
386.605 13.567
386.785 13.469
386.966 13.289
387.146 13.178
387.327 13.036
387.507 13.022
387.688 13.144
387.869 13.072
388.049 13.232
388.230 13.144
388.410 13.015
388.591 13.050
388.771 13.113
388.952 13.163
389.132 13.191
389.313 13.248
389.494 13.320
389.674 13.361
389.855 13.031
390.035 12.885
390.216 13.039
390.396 13.342
390.577 13.486
390.757 13.324
390.938 13.250
391.119 13.277
391.299 13.231
391.480 13.180
391.660 13.047
391.841 13.222
392.021 13.127
392.202 13.006
392.382 12.720
392.563 12.556
392.743 12.515
392.924 12.331
393.105 12.169
393.285 12.126
393.466 12.073
393.646 11.903
393.827 11.823
394.007 11.465
394.188 11.318
394.368 11.286
394.549 11.223
394.730 11.230
394.910 11.266
395.091 11.396
395.271 11.686
395.452 11.742
395.632 11.550
395.813 11.422
395.993 11.706
396.174 11.713
396.355 11.562
396.535 11.532
396.716 11.693
396.896 11.950
397.077 11.889
397.257 11.534
397.438 11.147
397.618 11.016
397.799 11.030
397.980 11.001
398.160 10.992
398.341 10.978
398.521 10.917
398.702 10.725
398.882 10.446
399.063 10.440
399.243 10.449
399.424 10.475
399.605 10.788
399.785 10.754
399.966 10.591
400.146 10.554
400.327 10.604
400.507 10.766
400.688 10.655
400.868 10.528
401.049 10.405
401.229 10.163
401.410 10.142
401.591 10.103
401.771 10.276
401.952 10.399
402.132 10.299
402.313 10.256
402.493 10.176
402.674 10.347
402.854 10.503
403.035 10.642
403.216 10.587
403.396 10.637
403.577 10.589
403.757 10.295
403.938 10.043
404.118 9.953
404.299 9.710
404.479 9.439
404.660 9.227
404.841 9.147
405.023 9.056
405.204 9.036
405.385 8.953
405.566 8.836
405.748 8.723
405.929 8.746
406.110 9.034
406.292 9.318
406.473 9.577
406.654 9.633
406.835 9.451
407.017 9.225
407.198 9.271
407.379 9.256
407.560 9.154
407.742 9.084
407.923 8.991
408.104 8.590
408.286 8.281
408.467 8.028
408.648 8.154
408.829 8.584
409.011 8.715
409.192 8.644
409.373 8.565
409.555 8.584
409.736 8.729
409.917 8.878
410.098 9.094
410.280 9.171
410.461 9.185
410.642 8.918
410.823 8.315
411.005 8.239
411.186 8.486
411.367 8.621
411.549 8.651
411.730 8.601
411.911 8.480
412.092 8.384
412.274 8.457
412.455 8.456
412.636 8.430
412.818 8.602
412.999 8.530
413.180 8.382
413.361 8.319
413.543 8.304
413.724 8.331
413.905 8.299
414.087 8.234
414.268 8.080
414.449 8.015
414.630 8.035
414.812 8.074
414.993 8.210
415.174 8.073
415.355 7.933
415.537 7.815
415.718 7.857
415.899 7.882
416.081 7.779
416.262 7.657
416.443 7.625
416.624 7.614
416.806 7.499
416.987 7.302
417.168 7.219
417.350 7.178
417.531 7.238
417.712 7.194
417.893 7.189
418.075 7.318
418.256 7.286
418.437 7.141
418.618 6.963
418.800 6.905
418.981 7.043
419.162 7.150
419.344 7.268
419.525 7.313
419.706 7.240
419.887 7.131
420.069 7.032
420.250 7.176
420.431 7.291
420.613 7.435
420.794 7.450
420.975 7.232
421.156 7.218
421.338 7.153
421.519 6.983
421.700 6.851
421.882 6.825
422.063 6.746
422.244 6.645
422.425 6.634
422.607 6.520
422.788 6.469
422.969 6.566
423.150 6.664
423.332 6.805
423.513 6.900
423.694 6.854
423.876 6.849
424.057 6.914
424.238 6.920
424.419 7.070
424.601 7.450
424.782 7.572
424.963 7.632
425.145 7.498
425.326 7.291
425.507 7.144
425.688 7.251
425.870 7.173
426.051 7.033
426.232 7.015
426.413 6.858
426.595 6.469
426.776 6.255
426.957 6.216
427.139 6.372
427.320 6.348
427.501 6.302
427.682 6.137
427.864 6.206
428.045 6.306
428.226 6.279
428.408 6.249
428.589 6.250
428.770 6.312
428.951 6.171
429.133 5.916
429.314 5.922
429.495 6.014
429.677 6.111
429.858 6.066
430.039 5.911
430.220 5.843
430.402 5.785
430.583 5.825
430.764 5.803
430.945 5.865
431.127 5.840
431.308 5.805
431.489 5.791
431.671 5.729
431.852 5.682
432.033 5.719
432.214 5.706
432.396 5.690
432.577 5.560
432.758 5.537
432.940 5.576
433.121 5.613
433.302 5.541
433.483 5.562
433.665 5.710
433.846 5.842
434.027 5.884
434.208 5.910
434.390 5.977
434.571 6.053
434.752 6.085
434.934 6.050
435.115 6.099
435.296 6.146
435.477 6.096
435.659 6.036
435.840 6.052
436.030 6.165
436.220 6.146
436.410 6.053
436.600 6.039
436.790 6.067
436.980 6.127
437.170 6.054
437.360 5.992
437.550 5.986
437.741 5.962
437.931 5.862
438.121 5.814
438.311 5.864
438.501 5.915
438.691 5.986
438.881 5.951
439.071 5.834
439.261 5.790
439.451 5.762
439.641 5.705
439.831 5.613
440.021 5.531
440.211 5.410
440.401 5.378
440.591 5.372
440.781 5.370
440.971 5.387
441.161 5.310
441.351 5.265
441.542 5.281
441.732 5.300
441.922 5.331
442.112 5.393
442.302 5.451
442.492 5.417
442.682 5.310
442.872 5.138
443.062 5.023
443.252 5.069
443.442 5.187
443.632 5.206
443.822 5.156
444.012 5.073
444.202 5.039
444.392 5.002
444.582 4.942
444.772 4.917
444.962 4.942
445.153 4.957
445.343 4.906
445.533 4.795
445.723 4.747
445.913 4.712
446.103 4.761
446.293 4.783
446.483 4.792
446.673 4.871
446.863 4.932
447.053 4.938
447.243 4.972
447.433 5.001
447.623 5.028
447.813 5.035
448.003 5.118
448.193 5.089
448.383 5.028
448.573 4.966
448.764 4.825
448.954 4.820
449.144 4.800
449.334 4.720
449.524 4.646
449.714 4.590
449.904 4.578
450.094 4.553
450.284 4.542
450.474 4.510
450.664 4.496
450.854 4.527
451.044 4.479
451.234 4.471
451.424 4.426
451.614 4.431
451.804 4.492
451.994 4.453
452.184 4.397
452.375 4.429
452.565 4.458
452.755 4.491
452.945 4.549
453.135 4.590
453.325 4.615
453.515 4.700
453.705 4.744
453.895 4.735
454.085 4.790
454.275 4.901
454.465 4.913
454.655 4.859
454.845 4.810
455.035 4.839
455.225 4.761
455.415 4.678
455.605 4.662
455.795 4.678
455.985 4.605
456.176 4.528
456.366 4.430
456.556 4.359
456.746 4.355
456.936 4.342
457.126 4.280
457.316 4.271
457.506 4.268
457.696 4.222
457.886 4.128
458.076 4.083
458.266 4.061
458.456 4.011
458.646 3.979
458.836 3.986
459.026 4.039
459.216 4.034
459.406 4.015
459.596 4.021
459.787 3.991
459.977 4.003
460.167 4.050
460.357 4.019
460.547 4.000
460.737 3.995
460.927 3.970
461.117 3.849
461.307 3.846
461.497 3.940
461.687 3.961
461.877 4.025
462.067 4.094
462.257 4.142
462.447 4.183
462.637 4.142
462.827 4.109
463.017 4.152
463.207 4.295
463.397 4.292
463.588 4.242
463.778 4.253
463.968 4.193
464.158 4.131
464.348 4.070
464.538 4.097
464.728 4.095
464.918 4.097
465.108 4.087
465.298 4.012
465.488 3.986
465.678 3.984
465.868 3.992
466.058 4.024
466.248 3.972
466.438 3.981
466.628 4.014
466.818 4.072
467.008 4.101
467.199 4.062
467.389 3.998
467.579 3.977
467.769 4.003
467.959 3.934
468.149 3.827
468.339 3.856
468.529 3.896
468.719 3.924
468.909 3.888
469.099 3.828
469.289 3.832
469.479 3.867
469.669 3.826
469.859 3.765
470.049 3.766
470.239 3.816
470.429 3.856
470.619 3.781
470.810 3.656
471.000 3.689
471.190 3.794
471.380 3.804
471.570 3.839
471.760 3.916
471.950 3.927
472.140 3.941
472.330 4.003
472.520 3.966
472.710 3.964
472.900 4.001
473.090 3.986
473.280 3.910
473.470 3.880
473.660 3.843
473.850 3.803
474.040 3.807
474.230 3.805
474.421 3.741
474.611 3.734
474.801 3.733
474.991 3.760
475.181 3.769
475.371 3.772
475.561 3.791
475.751 3.742
475.941 3.698
476.131 3.680
476.321 3.686
476.511 3.698
476.701 3.699
476.891 3.664
477.081 3.592
477.271 3.510
477.461 3.469
477.651 3.437
477.841 3.457
478.031 3.468
478.222 3.442
478.412 3.435
478.602 3.420
478.792 3.414
478.982 3.434
479.172 3.409
479.362 3.439
479.552 3.471
479.742 3.450
479.932 3.460
480.122 3.459
480.312 3.468
480.502 3.481
480.692 3.484
480.882 3.425
481.072 3.413
481.262 3.455
481.452 3.457
481.642 3.459
481.833 3.518
482.023 3.508
482.213 3.536
482.403 3.581
482.593 3.560
482.783 3.572
482.973 3.633
483.163 3.656
483.353 3.606
483.543 3.624
483.733 3.632
483.923 3.585
484.113 3.598
484.303 3.567
484.493 3.493
484.683 3.497
484.873 3.498
485.063 3.474
485.253 3.458
485.443 3.540
485.634 3.518
485.824 3.476
486.014 3.490
486.204 3.494
486.394 3.525
486.584 3.550
486.774 3.515
486.964 3.503
487.154 3.503
487.344 3.496
487.534 3.438
487.724 3.411
487.914 3.433
488.104 3.413
488.294 3.414
488.484 3.411
488.674 3.390
488.864 3.390
489.054 3.369
489.245 3.341
489.435 3.364
489.625 3.408
489.815 3.470
490.005 3.548
490.195 3.568
490.385 3.552
490.575 3.549
490.765 3.612
490.955 3.667
491.145 3.688
491.335 3.725
491.525 3.697
491.715 3.658
491.905 3.631
492.095 3.568
492.285 3.522
492.475 3.505
492.665 3.493
492.856 3.474
493.046 3.414
493.236 3.375
493.426 3.362
493.616 3.329
493.806 3.324
493.996 3.286
494.186 3.256
494.376 3.307
494.566 3.315
494.756 3.312
494.946 3.305
495.136 3.347
495.326 3.371
495.516 3.412
495.706 3.472
495.896 3.469
496.086 3.487
496.276 3.473
496.467 3.457
496.657 3.525
496.847 3.525
497.037 3.508
497.227 3.494
497.417 3.488
497.607 3.432
497.797 3.388
497.987 3.390
498.177 3.363
498.367 3.388
498.557 3.387
498.747 3.327
498.937 3.318
499.127 3.277
499.317 3.232
499.507 3.208
499.697 3.212
499.887 3.282
500.077 3.311
500.268 3.326
500.458 3.299
500.648 3.260
500.838 3.226
501.028 3.205
501.218 3.228
501.408 3.234
501.598 3.243
501.788 3.239
501.978 3.217
502.168 3.176
502.358 3.165
502.548 3.164
502.738 3.185
502.928 3.213
503.118 3.222
503.308 3.241
503.498 3.264
503.688 3.266
503.879 3.264
504.069 3.227
504.259 3.244
504.449 3.234
504.639 3.227
504.829 3.217
505.019 3.183
505.209 3.168
505.399 3.134
505.589 3.109
505.779 3.107
505.969 3.072
506.159 3.051
506.349 3.034
506.539 3.039
506.729 3.043
506.919 3.055
507.109 3.077
507.299 3.077
507.490 3.082
507.680 3.063
507.870 3.047
508.060 3.044
508.250 3.036
508.440 3.031
508.630 3.024
508.820 3.019
509.010 2.984
509.200 2.954
509.390 2.957
509.580 2.917
509.770 2.906
509.960 2.889
510.150 2.881
510.340 2.891
510.530 2.898
510.720 2.906
510.910 2.925
511.100 2.973
511.291 2.970
511.481 2.947
511.671 2.981
511.861 3.081
512.051 3.230
512.241 3.271
512.431 3.292
512.621 3.291
512.811 3.284
513.001 3.257
513.191 3.211
513.381 3.214
513.571 3.239
513.761 3.232
513.951 3.155
514.141 3.012
514.331 3.008
514.521 2.971
514.711 2.969
514.902 3.010
515.092 3.044
515.282 3.077
515.472 3.076
515.662 3.047
515.852 3.060
516.042 3.043
516.232 3.042
516.422 3.026
516.612 3.028
516.802 2.997
516.992 2.945
517.182 2.918
517.372 2.894
517.562 2.928
517.752 2.969
517.942 2.949
518.132 2.973
518.322 3.003
518.513 3.018
518.703 3.046
518.893 3.108
519.083 3.192
519.273 3.244
519.463 3.226
519.653 3.216
519.843 3.208
520.033 3.216
520.223 3.215
520.413 3.198
520.603 3.185
520.793 3.175
520.983 3.136
521.173 3.064
521.363 3.021
521.553 3.060
521.743 3.049
521.933 3.045
522.123 3.080
522.314 3.108
522.504 3.103
522.694 3.078
522.884 3.068
523.074 3.069
523.264 3.093
523.454 3.097
523.644 3.096
523.834 3.121
524.024 3.151
524.214 3.116
524.404 3.070
524.594 3.056
524.784 3.086
524.974 3.078
525.164 3.049
525.354 3.010
525.544 3.003
525.734 2.988
525.925 2.954
526.115 2.930
526.305 2.980
526.495 3.037
526.685 3.054
526.875 3.051
527.065 3.070
527.255 3.091
527.445 3.105
527.635 3.108
527.825 3.131
528.015 3.170
528.205 3.139
528.395 3.071
528.585 3.024
528.775 3.006
528.965 3.015
529.155 3.021
529.345 3.052
529.535 3.057
529.726 3.045
529.916 3.010
530.106 2.997
530.296 3.037
530.486 3.065
530.676 3.067
530.866 3.088
531.056 3.088
531.246 3.074
531.436 3.058
531.626 3.076
531.816 3.066
532.006 3.061
532.196 3.038
532.386 2.999
532.576 2.951
532.766 2.930
532.956 2.905
533.146 2.896
533.337 2.872
533.527 2.838
533.717 2.808
533.907 2.841
534.097 2.864
534.287 2.872
534.477 2.880
534.667 2.907
534.857 2.940
535.047 2.963
535.237 2.967
535.427 2.989
535.617 3.013
535.807 3.038
535.997 3.019
536.187 2.999
536.377 2.998
536.567 3.006
536.757 3.007
536.948 2.999
537.138 2.980
537.328 2.973
537.518 2.983
537.708 2.981
537.898 2.957
538.088 2.948
538.278 2.944
538.468 2.924
538.658 2.903
538.848 2.899
539.038 2.886
539.228 2.898
539.418 2.906
539.608 2.894
539.798 2.874
539.988 2.875
540.178 2.871
540.368 2.881
540.558 2.901
540.749 2.907
540.939 2.885
541.129 2.889
541.319 2.907
541.509 3.124
541.699 3.544
541.889 3.573
542.079 3.591
542.269 3.612
542.459 3.638
542.649 3.622
542.839 3.619
543.029 3.649
543.219 3.662
543.409 3.626
543.599 3.374
543.789 2.970
543.979 2.966
544.169 2.962
544.360 2.950
544.550 2.945
544.740 2.948
544.930 2.948
545.120 2.936
545.310 2.913
545.500 2.940
545.690 2.954
545.880 2.929
546.070 2.916
546.267 2.908
546.463 2.910
546.660 2.896
546.857 2.895
547.054 2.896
547.251 2.873
547.447 2.848
547.644 2.800
547.841 2.776
548.038 2.767
548.234 2.762
548.431 2.769
548.628 2.770
548.825 2.760
549.021 2.746
549.218 2.720
549.415 2.714
549.612 2.720
549.808 2.758
550.005 2.796
550.202 2.799
550.399 2.799
550.595 2.800
550.792 2.811
550.989 2.799
551.186 2.820
551.382 2.875
551.579 2.924
551.776 2.972
551.973 2.973
552.169 2.975
552.366 2.984
552.563 2.986
552.760 3.007
552.956 3.011
553.153 3.039
553.350 3.068
553.547 3.078
553.743 3.074
553.940 3.056
554.137 3.057
554.334 3.032
554.530 3.032
554.727 3.043
554.924 3.021
555.121 2.997
555.317 2.970
555.514 2.942
555.711 2.914
555.908 2.894
556.104 2.879
556.301 2.865
556.498 2.883
556.695 2.888
556.891 2.871
557.088 2.854
557.285 2.857
557.482 2.882
557.678 2.891
557.875 2.895
558.072 2.930
558.269 2.966
558.465 2.972
558.662 2.945
558.859 2.917
559.056 2.919
559.252 2.929
559.449 2.945
559.646 2.957
559.843 2.941
560.039 2.914
560.236 2.874
560.433 2.830
560.630 2.814
560.826 2.838
561.023 2.871
561.220 2.898
561.417 2.917
561.613 2.914
561.810 2.881
562.007 2.880
562.204 2.891
562.400 2.898
562.597 2.911
562.794 2.942
562.991 2.977
563.187 2.975
563.384 2.956
563.581 2.964
563.778 2.974
563.974 2.992
564.171 2.982
564.368 2.974
564.565 2.960
564.761 2.976
564.958 3.001
565.155 2.986
565.352 2.982
565.548 2.989
565.745 3.005
565.942 3.009
566.139 3.018
566.335 3.062
566.532 3.097
566.729 3.137
566.926 3.147
567.122 3.117
567.319 3.114
567.516 3.146
567.713 3.177
567.909 3.174
568.106 3.173
568.303 3.180
568.500 3.180
568.696 3.195
568.893 3.193
569.090 3.201
569.287 3.222
569.483 3.252
569.680 3.256
569.877 3.253
570.074 3.261
570.270 3.264
570.467 3.284
570.664 3.301
570.861 3.312
571.057 3.321
571.254 3.312
571.451 3.308
571.648 3.312
571.844 3.325
572.041 3.365
572.238 3.384
572.435 3.409
572.631 3.433
572.828 3.464
573.025 3.461
573.222 3.493
573.418 3.537
573.615 3.555
573.812 3.569
574.009 3.582
574.205 3.569
574.402 3.556
574.599 3.565
574.796 3.551
574.992 3.543
575.189 3.580
575.386 3.564
575.583 3.553
575.779 3.563
575.976 3.553
576.173 3.575
576.370 3.616
576.567 3.636
576.763 3.657
576.960 3.706
577.158 3.722
577.356 3.744
577.554 3.773
577.752 3.795
577.950 3.830
578.148 3.853
578.346 3.838
578.544 3.829
578.742 3.850
578.940 3.857
579.138 3.836
579.336 3.859
579.534 3.871
579.732 3.895
579.930 3.934
580.128 3.971
580.326 4.005
580.524 4.033
580.722 4.054
580.920 4.072
581.118 4.107
581.316 4.157
581.514 4.149
581.712 4.149
581.909 4.181
582.107 4.226
582.305 4.244
582.503 4.257
582.701 4.275
582.899 4.290
583.097 4.300
583.295 4.312
583.493 4.344
583.691 4.404
583.889 4.462
584.087 4.486
584.285 4.493
584.483 4.502
584.681 4.528
584.879 4.555
585.077 4.581
585.275 4.624
585.473 4.662
585.671 4.713
585.869 4.769
586.067 4.791
586.265 4.816
586.463 4.835
586.661 4.858
586.859 4.895
587.057 4.952
587.255 4.997
587.453 5.026
587.651 5.061
587.849 5.070
588.047 5.089
588.245 5.120
588.443 5.174
588.641 5.239
588.839 5.326
589.037 5.387
589.235 5.458
589.433 5.531
589.631 5.597
589.829 5.654
590.027 5.695
590.225 5.708
590.423 5.757
590.621 5.800
590.819 5.836
591.017 5.851
591.215 5.878
591.413 5.911
591.611 5.952
591.809 6.008
592.006 6.072
592.204 6.144
592.402 6.234
592.600 6.315
592.798 6.386
592.996 6.442
593.194 6.526
593.392 6.628
593.590 6.710
593.788 6.782
593.986 6.867
594.184 6.940
594.382 7.033
594.580 7.132
594.778 7.206
594.976 7.293
595.174 7.372
595.372 7.421
595.570 7.475
595.768 7.541
595.966 7.616
596.164 7.671
596.362 7.746
596.560 7.809
596.758 7.846
596.956 7.894
597.154 7.959
597.352 8.046
597.550 8.145
597.748 8.274
597.946 8.360
598.144 8.468
598.342 8.578
598.540 8.652
598.738 8.734
598.936 8.835
599.134 8.931
599.332 9.017
599.530 9.142
599.728 9.256
599.926 9.328
600.124 9.419
600.322 9.533
600.520 9.669
600.718 9.768
600.916 9.871
601.114 10.021
601.312 10.187
601.510 10.294
601.708 10.389
601.905 10.505
602.103 10.641
602.301 10.811
602.499 10.904
602.697 10.974
602.895 11.114
603.093 11.250
603.291 11.329
603.489 11.418
603.687 11.541
603.885 11.642
604.083 11.740
604.281 11.820
604.479 11.895
604.677 12.021
604.875 12.165
605.073 12.290
605.271 12.388
605.469 12.500
605.667 12.604
605.865 12.752
606.063 12.935
606.261 13.137
606.459 13.265
606.657 13.385
606.855 13.505
607.053 13.630
607.251 13.730
607.449 13.866
607.647 13.987
607.845 14.115
608.043 14.230
608.241 14.298
608.439 14.352
608.637 14.505
608.835 14.634
609.033 14.745
609.231 14.854
609.429 14.972
609.627 15.081
609.825 15.228
610.023 15.370
610.221 15.492
610.419 15.624
610.617 15.750
610.815 15.868
611.013 16.008
611.211 16.140
611.409 16.263
611.607 16.408
611.804 16.564
612.002 16.725
612.200 16.885
612.398 17.017
612.596 17.131
612.794 17.249
612.992 17.382
613.190 17.509
613.388 17.655
613.586 17.794
613.784 17.903
613.982 18.023
614.180 18.149
614.378 18.275
614.576 18.400
614.774 18.506
614.972 18.614
615.170 18.740
615.368 18.865
615.566 18.975
615.764 19.087
615.962 19.223
616.160 19.315
616.358 19.386
616.556 19.500
616.754 19.642
616.952 19.817
617.150 19.987
617.348 20.096
617.546 20.208
617.744 20.334
617.942 20.465
618.140 20.616
618.338 20.768
618.536 20.926
618.734 21.044
618.932 21.158
619.130 21.255
619.328 21.371
619.526 21.490
619.724 21.606
619.922 21.769
620.120 21.907
620.318 22.072
620.516 22.243
620.714 22.381
620.912 22.522
621.110 22.659
621.308 22.797
621.506 22.925
621.704 23.110
621.901 23.315
622.099 23.404
622.297 23.532
622.495 23.627
622.693 23.751
622.891 23.863
623.089 23.972
623.287 24.128
623.485 24.277
623.683 24.395
623.881 24.474
624.079 24.582
624.277 24.755
624.475 24.907
624.673 25.050
624.871 25.165
625.069 25.312
625.267 25.466
625.465 25.578
625.663 25.686
625.861 25.818
626.059 25.960
626.257 26.072
626.455 26.192
626.653 26.314
626.851 26.410
627.049 26.525
627.247 26.641
627.445 26.763
627.643 26.904
627.841 27.082
628.039 27.225
628.237 27.337
628.435 27.455
628.633 27.550
628.831 27.640
629.029 27.752
629.227 27.867
629.425 27.988
629.623 28.121
629.821 28.200
630.019 28.257
630.217 28.390
630.415 28.541
630.613 28.651
630.811 28.802
631.009 28.942
631.207 29.101
631.405 29.260
631.603 29.409
631.801 29.568
631.998 29.740
632.196 29.920
632.394 30.022
632.592 30.108
632.790 30.232
632.988 30.325
633.186 30.432
633.384 30.501
633.582 30.576
633.780 30.673
633.978 30.730
634.176 30.817
634.374 30.876
634.572 30.929
634.770 31.027
634.968 31.144
635.166 31.272
635.364 31.340
635.562 31.469
635.760 31.622
635.958 31.715
636.156 31.802
636.354 31.881
636.552 31.977
636.750 32.136
636.948 32.274
637.146 32.344
637.344 32.428
637.542 32.546
637.740 32.636
637.938 32.658
638.136 32.876
638.334 33.212
638.532 33.298
638.730 33.456
638.928 33.562
639.126 33.660
639.324 33.783
639.522 33.882
639.720 33.986
639.918 34.106
640.116 34.253
640.314 34.217
640.512 34.054
640.710 34.193
640.908 34.289
641.106 34.408
641.304 34.504
641.502 34.600
641.699 34.676
641.897 34.776
642.095 34.901
642.293 35.008
642.491 35.137
642.689 35.278
642.887 35.353
643.085 35.412
643.283 35.490
643.481 35.578
643.679 35.686
643.877 35.810
644.075 35.956
644.273 36.041
644.471 36.135
644.669 36.215
644.867 36.324
645.065 36.429
645.263 36.521
645.461 36.632
645.659 36.772
645.857 36.869
646.055 36.995
646.253 37.081
646.451 37.178
646.649 37.280
646.847 37.368
647.045 37.445
647.243 37.546
647.441 37.696
647.639 37.807
647.837 37.871
648.035 37.980
648.233 38.062
648.431 38.147
648.629 38.220
648.827 38.308
649.025 38.450
649.223 38.543
649.421 38.640
649.619 38.698
649.817 38.740
650.015 38.825
650.213 38.844
650.411 38.866
650.609 38.908
650.807 38.994
651.005 39.084
651.203 39.110
651.401 39.183
651.599 39.242
651.796 39.302
651.994 39.387
652.192 39.422
652.390 39.521
652.588 39.594
652.786 39.680
652.984 39.724
653.182 39.811
653.380 39.937
653.578 39.985
653.776 40.036
653.974 40.130
654.172 40.184
654.370 40.248
654.568 40.292
654.766 40.361
654.964 40.417
655.162 40.476
655.360 40.451
655.558 40.439
655.756 40.541
655.954 40.640
656.152 40.696
656.350 40.770
656.548 40.835
656.746 40.889
656.944 40.961
657.142 41.076
657.340 41.172
657.538 41.256
657.736 41.356
657.934 41.410
658.132 41.473
658.330 41.511
658.528 41.521
658.726 41.611
658.924 41.724
659.122 41.824
659.320 41.882
659.518 41.912
659.716 41.982
659.914 42.043
660.112 42.126
660.310 42.163
660.508 42.249
660.706 42.346
660.904 42.395
661.102 42.426
661.300 42.466
661.498 42.497
661.696 42.572
661.893 42.658
662.091 42.670
662.289 42.688
662.487 42.745
662.685 42.736
662.883 42.738
663.081 42.795
663.279 42.884
663.477 42.940
663.675 42.979
663.873 43.062
664.071 43.130
664.269 43.230
664.467 43.269
664.665 43.344
664.863 43.443
665.061 43.562
665.259 43.603
665.457 43.647
665.655 43.712
665.853 43.774
666.051 43.795
666.249 43.835
666.447 43.880
666.645 43.930
666.843 43.936
667.041 43.950
667.239 43.954
667.437 43.986
667.635 44.022
667.833 44.048
668.031 44.059
668.229 44.104
668.427 44.179
668.625 44.269
668.823 44.326
669.021 44.394
669.219 44.470
669.417 44.563
669.615 44.632
669.813 44.668
670.011 44.708
670.209 44.745
670.407 44.776
670.605 44.748
670.803 44.749
671.001 44.823
671.199 44.905
671.397 44.922
671.595 44.973
671.792 45.035
671.990 45.036
672.188 45.049
672.386 45.115
672.584 45.152
672.782 45.173
672.980 45.195
673.178 45.238
673.376 45.246
673.574 45.292
673.772 45.272
673.970 45.284
674.168 45.404
674.366 45.490
674.564 45.560
674.762 45.615
674.960 45.650
675.158 45.657
675.356 45.663
675.554 45.705
675.752 45.714
675.950 45.755
676.148 45.791
676.346 45.776
676.544 45.774
676.742 45.786
676.940 45.858
677.138 45.949
677.336 45.987
677.534 45.992
677.732 46.014
677.930 46.075
678.128 46.143
678.326 46.175
678.524 46.170
678.722 46.162
678.920 46.181
679.118 46.132
679.316 46.084
679.514 46.100
679.712 46.080
679.910 46.024
680.108 46.036
680.306 46.001
680.504 45.964
680.702 45.973
680.900 46.025
681.098 46.031
681.296 46.087
681.494 46.189
681.691 46.228
681.889 46.295
682.087 46.359
682.285 46.371
682.483 46.393
682.681 46.475
682.879 46.542
683.077 46.584
683.275 46.603
683.473 46.626
683.671 46.601
683.869 46.616
684.067 46.646
684.265 46.717
684.463 46.810
684.661 46.881
684.859 46.876
685.057 46.872
685.255 46.857
685.453 46.858
685.651 46.878
685.849 46.918
686.047 46.958
686.245 46.987
686.443 46.966
686.641 46.928
686.839 46.972
687.037 47.033
687.235 47.042
687.433 47.063
687.631 47.109
687.829 47.097
688.027 47.116
688.225 47.177
688.423 47.227
688.621 47.270
688.819 47.322
689.017 47.317
689.215 47.291
689.413 47.323
689.611 47.356
689.809 47.317
690.007 47.336
690.205 47.302
690.403 47.277
690.601 47.274
690.799 47.293
690.997 47.262
691.195 47.202
691.393 47.194
691.591 47.210
691.788 47.242
691.986 47.377
692.184 47.444
692.382 47.539
692.580 47.559
692.778 47.505
692.976 47.466
693.174 47.523
693.372 47.652
693.570 47.725
693.768 47.817
693.966 47.834
694.164 47.790
694.362 47.812
694.560 47.827
694.758 47.819
694.956 47.881
695.154 47.932
695.352 47.913
695.550 47.877
695.748 47.847
695.946 47.777
696.144 47.798
696.342 47.814
696.540 47.767
696.744 47.751
696.948 47.812
697.152 47.787
697.357 47.793
697.561 47.851
697.765 47.905
697.969 48.002
698.173 48.018
698.377 47.976
698.581 48.010
698.786 48.079
698.990 48.080
699.194 47.990
699.398 48.007
699.602 47.951
699.806 47.892
700.010 47.848
700.215 47.811
700.419 47.875
700.623 47.923
700.827 47.885
701.031 47.858
701.235 47.877
701.440 47.915
701.644 47.928
701.848 48.023
702.052 48.041
702.256 48.019
702.460 48.010
702.664 47.968
702.869 48.000
703.073 48.086
703.277 48.114
703.481 48.114
703.685 48.141
703.889 48.127
704.093 48.079
704.298 48.079
704.502 48.116
704.706 48.140
704.910 48.209
705.114 48.177
705.318 48.119
705.522 48.088
705.727 48.116
705.931 48.129
706.135 48.138
706.339 48.178
706.543 48.242
706.747 48.269
706.951 48.248
707.156 48.193
707.360 48.229
707.564 48.225
707.768 48.182
707.972 48.139
708.176 48.125
708.380 48.139
708.585 48.140
708.789 48.083
708.993 48.080
709.197 48.089
709.401 48.056
709.605 48.068
709.810 48.063
710.014 48.126
710.218 48.159
710.422 48.155
710.626 48.238
710.830 48.274
711.034 48.319
711.239 48.346
711.443 48.412
711.647 48.519
711.851 48.459
712.055 48.449
712.259 48.477
712.463 48.506
712.668 48.503
712.872 48.433
713.076 48.395
713.280 48.446
713.484 48.475
713.688 48.465
713.892 48.416
714.097 48.452
714.301 48.548
714.505 48.535
714.709 48.513
714.913 48.586
715.117 48.613
715.321 48.624
715.526 48.542
715.730 48.486
715.934 48.424
716.138 48.395
716.342 48.391
716.546 48.352
716.750 48.381
716.955 48.410
717.159 48.399
717.363 48.406
717.567 48.447
717.771 48.522
717.975 48.548
718.180 48.623
718.384 48.651
718.588 48.683
718.792 48.747
718.996 48.796
719.200 48.790
719.404 48.745
719.609 48.787
719.813 48.802
720.017 48.787
720.221 48.792
720.425 48.797
720.629 48.871
720.833 48.885
721.038 48.812
721.242 48.758
721.446 48.777
721.650 48.819
721.854 48.805
722.058 48.802
722.262 48.790
722.467 48.773
722.671 48.724
722.875 48.669
723.079 48.691
723.283 48.707
723.487 48.725
723.691 48.744
723.896 48.736
724.100 48.691
724.304 48.671
724.508 48.718
724.712 48.662
724.916 48.673
725.120 48.690
725.325 48.664
725.529 48.648
725.733 48.632
725.937 48.618
726.141 48.609
726.345 48.641
726.550 48.626
726.754 48.526
726.958 48.584
727.162 48.598
727.366 48.526
727.570 48.457
727.774 48.517
727.979 48.515
728.183 48.464
728.387 48.454
728.591 48.453
728.795 48.497
728.999 48.563
729.203 48.548
729.408 48.555
729.612 48.663
729.816 48.710
730.020 48.669
730.224 48.690
730.428 48.725
730.632 48.716
730.837 48.720
731.041 48.672
731.245 48.621
731.449 48.633
731.653 48.636
731.857 48.569
732.061 48.593
732.266 48.601
732.470 48.573
732.674 48.581
732.878 48.661
733.082 48.725
733.286 48.812
733.490 48.874
733.695 48.843
733.899 48.815
734.103 48.888
734.307 48.904
734.511 48.871
734.715 48.886
734.920 48.921
735.124 48.905
735.328 48.838
735.532 48.806
735.736 48.888
735.940 49.019
736.144 49.043
736.349 49.021
736.553 49.028
736.757 49.074
736.961 49.081
737.165 49.064
737.369 49.058
737.573 49.058
737.778 49.012
737.982 48.879
738.186 48.772
738.390 48.798
738.594 48.741
738.798 48.710
739.002 48.701
739.207 48.676
739.411 48.643
739.615 48.620
739.819 48.595
740.023 48.587
740.227 48.611
740.431 48.628
740.636 48.586
740.840 48.630
741.044 48.628
741.248 48.619
741.452 48.602
741.656 48.567
741.860 48.504
742.065 48.516
742.269 48.597
742.473 48.694
742.677 48.726
742.881 48.728
743.085 48.691
743.290 48.688
743.494 48.713
743.698 48.793
743.902 48.845
744.106 48.951
744.310 48.972
744.514 48.886
744.719 48.803
744.923 48.812
745.127 48.872
745.331 49.002
745.535 49.016
745.739 48.950
745.943 48.861
746.148 48.833
746.352 48.806
746.556 48.857
746.760 48.858
746.964 48.848
747.168 48.855
747.372 48.861
747.577 48.730
747.781 48.732
747.985 48.812
748.189 48.843
748.393 48.818
748.597 48.862
748.801 48.897
749.006 48.916
749.210 48.879
749.414 48.832
749.618 48.742
749.822 48.731
750.026 48.689
750.230 48.683
750.435 48.713
750.639 48.811
750.843 48.793
751.047 48.697
751.251 48.647
751.455 48.633
751.660 48.576
751.864 48.611
752.068 48.658
752.272 48.709
752.476 48.671
752.680 48.658
752.884 48.636
753.089 48.634
753.293 48.659
753.497 48.753
753.701 48.812
753.905 48.866
754.109 48.852
754.313 48.792
754.518 48.732
754.722 48.745
754.926 48.802
755.130 48.778
755.334 48.774
755.538 48.729
755.742 48.689
755.947 48.720
756.151 48.779
756.355 48.850
756.559 48.867
756.763 48.821
756.967 48.776
757.171 48.655
757.376 48.570
757.580 48.526
757.784 48.558
757.988 48.503
758.192 48.460
758.396 48.415
758.600 48.295
758.805 48.348
759.009 48.520
759.213 48.658
759.417 48.764
759.621 48.773
759.825 48.766
760.030 48.831
760.234 48.928
760.438 48.888
760.642 48.867
760.846 48.951
761.050 48.918
761.254 48.805
761.459 48.744
761.663 48.664
761.867 48.660
762.071 48.619
762.275 48.569
762.479 48.535
762.683 48.650
762.888 48.713
763.092 48.595
763.296 48.579
763.500 48.612
763.709 48.471
763.918 48.475
764.126 48.502
764.335 48.586
764.544 48.621
764.753 48.751
764.962 48.722
765.171 48.653
765.379 48.763
765.588 48.824
765.797 48.824
766.006 48.903
766.215 48.944
766.424 48.967
766.632 48.989
766.841 48.975
767.050 48.820
767.259 48.802
767.468 48.873
767.677 48.859
767.885 48.800
768.094 48.747
768.303 48.792
768.512 48.819
768.721 48.785
768.929 48.705
769.138 48.733
769.347 48.762
769.556 48.741
769.765 48.713
769.974 48.773
770.182 48.828
770.391 48.902
770.600 48.928
770.809 48.851
771.018 48.849
771.227 48.827
771.435 48.805
771.644 48.887
771.853 48.979
772.062 48.983
772.271 48.891
772.480 48.800
772.688 48.761
772.897 48.782
773.106 48.951
773.315 49.010
773.524 49.116
773.732 49.113
773.941 49.048
774.150 48.945
774.359 48.909
774.568 48.912
774.777 48.943
774.985 48.996
775.194 48.942
775.403 48.827
775.612 48.762
775.821 48.595
776.030 48.484
776.238 48.422
776.447 48.418
776.656 48.458
776.865 48.538
777.074 48.634
777.283 48.684
777.491 48.732
777.700 48.763
777.909 48.808
778.118 48.930
778.327 48.944
778.535 48.916
778.744 48.953
778.953 48.883
779.162 48.774
779.371 48.667
779.580 48.562
779.788 48.532
779.997 48.510
780.206 48.442
780.415 48.350
780.624 48.329
780.833 48.373
781.041 48.402
781.250 48.494
781.459 48.630
781.668 48.747
781.877 48.750
782.086 48.643
782.294 48.584
782.503 48.683
782.712 48.785
782.921 48.859
783.130 48.905
783.338 48.914
783.547 48.880
783.756 48.804
783.965 48.749
784.174 48.808
784.383 48.924
784.591 48.944
784.800 48.956
785.009 48.889
785.218 48.871
785.427 48.839
785.636 48.782
785.844 48.750
786.053 48.693
786.262 48.696
786.471 48.654
786.680 48.626
786.889 48.609
787.097 48.488
787.306 48.525
787.515 48.569
787.724 48.609
787.933 48.673
788.141 48.730
788.350 48.824
788.559 48.896
788.768 48.949
788.977 48.982
789.186 48.981
789.394 49.013
789.603 48.975
789.812 48.891
790.021 48.787
790.230 48.761
790.439 48.782
790.647 48.721
790.856 48.527
791.065 48.466
791.274 48.451
791.483 48.523
791.692 48.555
791.900 48.556
792.109 48.603
792.318 48.726
792.527 48.734
792.736 48.657
792.944 48.612
793.153 48.713
793.362 48.675
793.571 48.540
793.780 48.469
793.989 48.509
794.197 48.598
794.406 48.614
794.615 48.506
794.824 48.497
795.033 48.521
795.242 48.604
795.450 48.587
795.659 48.578
795.868 48.573
796.077 48.615
796.286 48.665
796.495 48.670
796.703 48.800
796.912 48.915
797.121 48.869
797.330 48.834
797.539 48.709
797.747 48.605
797.956 48.637
798.165 48.762
798.374 48.755
798.583 48.592
798.792 48.485
799.000 48.325
799.209 48.299
799.418 48.407
799.627 48.445
799.836 48.590
800.045 48.835
800.253 48.830
800.462 48.745
800.671 48.593
800.880 48.592
801.089 48.643
801.298 48.642
801.506 48.504
801.715 48.404
801.924 48.395
802.133 48.309
802.342 48.131
802.550 48.128
802.759 48.299
802.968 48.482
803.177 48.522
803.386 48.597
803.595 48.582
803.803 48.665
804.012 48.633
804.221 48.624
804.430 48.672
804.639 48.761
804.848 48.868
805.056 48.900
805.265 48.884
805.474 48.910
805.683 48.840
805.892 48.890
806.101 49.001
806.309 48.998
806.518 49.008
806.727 49.036
806.936 49.075
807.145 49.036
807.353 48.837
807.562 48.762
807.771 48.878
807.980 49.026
808.189 48.956
808.398 48.758
808.606 48.729
808.815 48.745
809.024 48.673
809.233 48.564
809.442 48.567
809.651 48.593
809.859 48.605
810.068 48.541
810.277 48.359
810.486 48.355
810.695 48.409
810.904 48.492
811.112 48.531
811.321 48.523
811.530 48.637
811.740 48.598
811.949 48.638
812.159 48.623
812.368 48.558
812.578 48.519
812.787 48.627
812.997 48.943
813.206 48.952
813.416 48.887
813.625 48.861
813.835 48.676
814.044 48.743
814.254 48.863
814.463 48.921
814.673 48.924
814.882 49.036
815.092 48.974
815.301 48.746
815.511 48.753
815.720 48.699
815.930 48.827
816.139 49.037
816.349 48.963
816.558 48.818
816.768 48.836
816.977 48.880
817.187 48.857
817.396 48.718
817.606 48.608
817.815 48.635
818.025 48.597
818.234 48.438
818.444 48.301
818.653 48.293
818.863 48.260
819.072 48.237
819.282 48.315
819.491 48.336
819.701 48.467
819.910 48.556
820.120 48.539
820.329 48.738
820.539 48.832
820.748 48.789
820.958 48.805
821.167 49.014
821.377 49.073
821.586 48.885
821.796 48.731
822.005 48.796
822.215 48.913
822.424 48.870
822.634 48.749
822.843 48.741
823.053 48.811
823.262 48.863
823.472 48.774
823.681 48.661
823.891 48.672
824.100 48.804
824.310 48.817
824.519 48.562
824.729 48.434
824.938 48.358
825.148 48.335
825.357 48.386
825.567 48.454
825.776 48.521
825.986 48.644
826.195 48.713
826.405 48.788
826.614 48.761
826.824 48.934
827.033 49.049
827.243 49.069
827.452 49.054
827.662 49.053
827.871 48.903
828.081 48.803
828.290 48.871
828.500 48.875
828.709 48.812
828.919 48.798
829.128 48.672
829.338 48.574
829.547 48.661
829.757 48.711
829.966 48.532
830.176 48.463
830.385 48.423
830.595 48.396
830.804 48.385
831.014 48.318
831.223 48.376
831.433 48.502
831.642 48.568
831.852 48.497
832.061 48.346
832.271 48.525
832.480 48.736
832.690 48.601
832.899 48.456
833.109 48.681
833.318 48.849
833.528 48.892
833.737 48.831
833.947 48.971
834.156 49.063
834.366 49.437
834.575 49.303
834.785 49.086
834.994 49.252
835.204 49.229
835.413 49.054
835.623 48.944
835.832 48.892
836.042 48.982
836.251 49.085
836.461 49.051
836.670 48.773
836.880 48.803
837.089 48.996
837.299 49.055
837.508 49.235
837.718 49.319
837.927 49.452
838.137 49.506
838.346 49.498
838.556 49.386
838.765 49.474
838.975 49.555
839.184 49.609
839.394 49.493
839.603 49.344
839.813 49.258
840.022 49.161
840.232 48.953
840.441 48.810
840.651 48.876
840.860 48.828
841.070 48.804
841.279 48.768
841.489 48.739
841.698 48.780
841.908 48.873
842.117 48.852
842.327 48.757
842.536 48.870
842.746 48.872
842.955 48.842
843.165 48.983
843.374 49.052
843.584 49.152
843.793 49.244
844.003 49.352
844.212 49.438
844.422 49.387
844.631 49.471
844.841 49.563
845.050 49.629
845.260 49.501
845.469 49.366
845.679 49.174
845.888 49.181
846.098 49.308
846.307 49.403
846.517 49.400
846.726 49.476
846.936 49.732
847.145 49.730
847.355 49.597
847.564 49.607
847.774 50.221
847.983 51.324
848.193 51.476
848.402 51.417
848.612 51.184
848.821 51.070
849.031 51.083
849.240 50.748
849.450 50.588
849.659 50.677
849.869 50.657
850.078 50.055
850.288 49.352
850.497 49.292
850.707 49.243
850.916 49.258
851.126 49.358
851.335 49.416
851.545 49.534
851.754 49.697
851.964 49.775
852.173 49.875
852.383 49.892
852.592 49.668
852.802 49.625
853.011 49.540
853.221 49.550
853.430 49.485
853.640 49.461
853.849 49.561
854.059 49.562
854.268 49.620
854.478 49.724
854.687 49.674
854.897 49.660
855.106 49.778
855.316 49.852
855.525 49.725
855.735 49.588
855.944 49.497
856.154 49.612
856.363 49.712
856.573 49.745
856.782 49.542
856.992 49.419
857.201 49.426
857.411 49.238
857.620 49.194
857.830 49.280
858.039 49.412
858.249 49.558
858.458 49.427
858.668 49.344
858.877 49.307
859.087 49.395
859.296 49.532
859.506 49.496
859.715 49.425
859.925 49.324
860.134 49.398
860.344 49.412
860.553 49.469
860.763 49.573
860.972 49.492
861.182 49.474
861.391 49.588
861.601 49.502
861.810 49.466
862.020 49.539
862.229 49.527
862.439 49.443
862.648 49.542
862.858 49.471
863.067 49.341
863.277 49.465
863.486 49.589
863.696 49.394
863.905 49.337
864.115 49.369
864.324 49.273
864.534 49.429
864.743 49.578
864.953 49.646
865.162 49.572
865.372 49.384
865.581 49.142
865.791 49.205
866.000 49.382
866.210 49.692
866.419 49.769
866.629 49.796
866.838 49.713
867.048 49.591
867.257 49.597
867.467 49.641
867.676 49.833
867.886 49.892
868.095 49.723
868.305 49.586
868.514 49.296
868.724 49.167
868.933 49.341
869.143 49.335
869.352 49.250
869.562 49.119
869.771 49.183
869.981 49.104
870.190 49.056
870.400 48.885
870.609 48.907
870.819 49.210
871.028 49.474
871.238 49.542
871.447 49.577
871.657 49.781
871.866 49.604
872.076 49.803
872.285 49.915
872.495 50.079
872.704 50.167
872.914 50.217
873.123 50.094
873.333 49.959
873.542 49.774
873.752 49.857
873.961 49.838
874.171 49.925
874.380 49.411
874.590 49.393
874.799 49.620
875.009 49.900
875.218 50.111
875.428 49.804
875.637 49.591
875.847 50.006
876.056 50.220
876.266 50.185
876.475 50.244
876.685 50.495
876.894 50.713
877.104 50.681
877.313 50.494
877.523 50.387
877.732 50.795
877.942 51.084
878.151 50.902
878.361 50.669
878.570 50.537
878.780 50.594
878.989 50.702
879.199 50.781
879.408 50.663
879.618 50.413
879.827 50.214
880.037 50.301
880.246 50.462
880.456 50.392
880.665 50.369
880.875 50.567
881.084 50.863
881.294 50.944
881.503 50.550
881.713 50.331
881.922 50.557
882.132 50.569
882.341 50.392
882.551 50.242
882.760 50.318
882.970 50.246
883.179 50.390
883.389 50.224
883.598 49.931
883.808 49.949
884.017 50.129
884.227 50.034
884.436 50.062
884.646 50.119
884.855 50.042
885.065 49.910
885.274 50.249
885.484 50.430
885.693 50.628
885.903 50.552
886.112 50.564
886.322 50.764
886.531 51.114
886.741 51.389
886.950 51.545
887.160 51.646
887.369 51.457
887.579 51.074
887.788 50.613
887.998 50.547
888.207 50.927
888.417 51.155
888.626 50.901
888.836 50.464
889.045 50.091
889.255 49.862
889.464 50.100
889.674 50.347
889.883 50.286
890.093 50.390
890.302 49.947
890.512 49.619
890.721 49.590
890.931 49.645
891.140 50.024
891.350 50.249
891.559 50.385
891.769 50.300
891.978 50.194
892.188 50.593
892.397 50.685
892.607 50.818
892.816 51.073
893.026 50.866
893.235 50.594
893.445 50.539
893.654 50.866
893.864 51.004
894.073 50.819
894.283 50.923
894.492 50.707
894.702 50.577
894.911 50.810
895.121 50.857
895.330 50.879
895.540 51.136
895.749 51.193
895.959 50.936
896.168 50.878
896.378 50.979
896.587 51.304
896.797 51.348
897.006 51.302
897.216 51.345
897.425 51.076
897.635 50.950
897.844 51.101
898.054 51.163
898.263 51.328
898.473 51.153
898.682 50.681
898.892 50.473
899.101 50.808
899.311 50.979
899.520 50.689
899.730 50.793
899.939 51.021
900.149 50.842
900.358 50.641
900.568 50.633
900.777 51.065
900.987 51.420
901.196 51.209
901.406 50.968
901.615 50.877
901.825 50.979
902.034 50.927
902.244 51.072
902.453 51.338
902.663 51.433
902.872 51.253
903.082 50.975
903.291 51.137
903.501 51.271
903.710 51.327
903.920 51.753
904.129 51.693
904.339 51.752
904.548 51.338
904.758 50.729
904.967 50.420
905.177 50.271
905.386 50.389
905.596 50.371
905.805 50.412
906.015 50.417
906.224 50.166
906.434 50.220
906.643 50.176
906.853 49.999
907.062 50.289
907.272 50.360
907.481 50.471
907.691 50.789
907.900 50.741
908.110 50.595
908.319 50.459
908.529 50.233
908.738 50.362
908.948 50.541
909.157 50.672
909.367 50.630
909.576 50.984
909.786 51.030
909.995 50.439
910.205 50.027
910.414 49.645
910.624 49.709
910.833 50.119
911.043 49.949
911.252 49.954
911.462 50.486
911.672 50.554
911.881 50.263
912.091 49.927
912.300 50.104
912.512 50.416
912.724 50.724
912.937 50.889
913.149 51.123
913.361 51.616
913.573 51.525
913.786 51.329
913.998 51.663
914.210 51.596
914.422 52.062
914.634 52.027
914.847 51.988
915.059 51.919
915.271 51.734
915.483 51.277
915.696 51.098
915.908 51.567
916.120 51.758
916.332 51.676
916.544 51.975
916.757 51.978
916.969 52.039
917.181 52.238
917.393 52.322
917.606 52.224
917.818 52.330
918.030 52.021
918.242 51.699
918.454 51.332
918.667 51.221
918.879 51.219
919.091 51.276
919.303 50.913
919.516 50.667
919.728 50.922
919.940 51.221
920.152 51.025
920.364 51.102
920.577 50.955
920.789 50.951
921.001 50.793
921.213 51.134
921.426 51.624
921.638 52.273
921.850 51.760
922.062 51.024
922.274 50.804
922.487 50.944
922.699 51.023
922.911 51.209
923.123 51.487
923.336 51.862
923.548 51.539
923.760 50.752
923.972 50.200
924.184 50.528
924.397 50.940
924.609 51.185
924.821 51.704
925.033 51.846
925.246 51.820
925.458 52.011
925.670 52.044
925.882 52.043
926.094 51.980
926.307 52.079
926.519 52.491
926.731 52.909
926.943 52.978
927.156 52.580
927.368 52.529
927.580 52.589
927.792 52.677
928.004 52.735
928.217 52.435
928.429 52.898
928.641 53.420
928.853 53.742
929.066 53.531
929.278 53.365
929.490 53.598
929.702 53.718
929.914 53.755
930.127 53.692
930.339 53.616
930.551 54.125
930.763 54.025
930.976 53.776
931.188 53.523
931.400 53.273
931.612 53.012
931.824 52.712
932.037 52.541
932.249 52.989
932.461 53.160
932.673 53.013
932.886 53.055
933.098 53.585
933.310 54.515
933.522 54.762
933.734 55.549
933.947 56.088
934.159 56.089
934.371 56.293
934.583 55.652
934.796 55.211
935.008 55.300
935.220 55.557
935.432 54.725
935.644 53.258
935.857 53.182
936.069 52.814
936.281 52.456
936.493 51.836
936.706 52.071
936.918 52.971
937.130 53.423
937.342 53.748
937.554 53.837
937.767 54.617
937.979 55.310
938.191 55.242
938.403 55.439
938.616 55.527
938.828 56.489
939.040 56.875
939.252 56.373
939.464 55.763
939.677 55.581
939.889 55.040
940.101 54.818
940.313 55.253
940.526 55.670
940.738 55.649
940.950 55.719
941.162 55.619
941.374 55.622
941.587 56.432
941.799 57.361
942.011 57.644
942.223 57.963
942.436 57.937
942.648 57.190
942.860 56.949
943.072 56.537
943.284 56.947
943.497 57.220
943.709 57.053
943.921 56.493
944.133 57.080
944.346 57.353
944.558 57.270
944.770 57.227
944.982 57.327
945.194 57.380
945.407 57.816
945.619 57.275
945.831 57.425
946.043 58.081
946.256 58.707
946.468 58.118
946.680 58.000
946.892 58.189
947.104 58.069
947.317 58.077
947.529 57.769
947.741 58.612
947.953 59.687
948.166 58.599
948.378 57.846
948.590 58.209
948.802 58.225
949.014 57.901
949.227 57.514
949.439 57.712
949.651 58.676
949.863 60.014
950.076 59.480
950.288 59.112
950.500 60.018
950.712 59.433
950.924 58.010
951.137 58.673
951.349 60.152
951.561 60.235
951.773 62.366
951.986 65.234
952.198 63.259
952.410 61.942
952.622 60.958
952.834 60.778
953.047 62.038
953.259 61.910
953.471 60.284
953.683 58.465
953.896 59.856
954.108 59.330
954.320 55.226
954.532 55.154
954.744 56.388
954.957 57.316
955.169 57.226
955.381 57.048
955.593 57.042
955.806 56.869
956.018 57.201
956.230 56.717
956.442 55.092
956.654 56.115
956.867 56.522
957.079 56.310
957.291 56.498
957.503 57.195
957.716 56.790
957.928 57.631
958.140 58.322
958.352 59.222
958.564 58.674
958.777 58.214
958.989 56.879
959.201 57.859
959.413 58.943
959.626 58.061
959.838 56.846
960.050 56.504
960.262 56.208
960.474 57.210
960.687 57.826
960.899 58.810
961.111 59.518
961.323 60.469
961.536 60.129
961.748 60.081
961.960 61.219
962.172 61.219
962.384 60.267
962.597 60.067
962.809 60.595
963.021 59.403
963.233 57.631
963.446 56.633
963.658 56.067
963.870 56.838
964.082 56.883
964.294 56.858
964.507 56.823
964.719 57.397
964.931 57.941
965.143 56.726
965.356 56.771
965.568 58.001
965.780 59.159
966.000 59.430
966.221 58.400
966.441 58.245
966.662 58.979
966.882 60.350
967.103 60.434
967.323 59.208
967.543 59.202
967.764 59.300
967.984 58.654
968.205 58.064
968.425 58.644
968.645 57.943
968.866 56.295
969.086 55.514
969.307 54.987
969.527 55.813
969.748 56.520
969.968 56.168
970.188 55.080
970.409 54.049
970.629 54.213
970.850 55.665
971.070 56.431
971.290 57.372
971.511 56.898
971.731 57.858
971.952 58.262
972.172 57.092
972.393 57.130
972.613 58.807
972.833 60.834
973.054 61.840
973.274 60.207
973.495 59.828
973.715 60.474
973.936 61.896
974.156 61.354
974.376 61.409
974.597 63.711
974.817 64.029
975.038 63.278
975.258 62.410
975.478 62.322
975.699 62.962
975.919 63.862
976.140 64.461
976.360 63.648
976.581 63.208
976.801 63.043
977.021 62.276
977.242 60.735
977.462 60.304
977.683 62.156
977.903 61.626
978.123 62.024
978.344 62.251
978.564 61.341
978.785 61.067
979.005 61.583
979.226 61.707
979.446 62.003
979.666 63.714
979.887 63.764
980.107 63.611
980.328 66.222
980.548 66.468
980.769 65.452
980.989 63.066
981.209 62.596
981.430 63.739
981.650 63.443
981.871 63.087
982.091 61.815
982.311 62.576
982.532 60.543
982.752 58.184
982.973 57.413
983.193 58.646
983.414 60.929
983.634 61.543
983.854 59.680
984.075 59.793
984.295 60.461
984.516 61.595
984.736 62.396
984.956 63.482
985.177 64.146
985.397 63.361
985.618 63.143
985.838 64.176
986.059 63.904
986.279 64.291
986.499 64.186
986.720 63.403
986.940 64.511
987.161 62.775
987.381 61.229
987.602 60.568
987.822 62.337
988.042 61.432
988.263 59.627
988.483 58.934
988.704 57.481
988.924 55.960
989.144 56.684
989.365 57.177
989.585 60.218
989.806 61.016
990.026 60.511
990.247 58.891
990.467 58.713
990.687 59.629
990.908 61.754
991.128 64.943
991.349 67.194
991.569 67.284
991.789 66.842
992.010 65.487
992.230 65.437
992.451 64.879
992.671 66.638
992.892 71.223
993.112 73.044
993.332 71.305
993.553 68.747
993.773 69.322
993.994 69.395
994.214 68.563
994.435 67.283
994.655 68.143
994.875 69.192
995.096 70.148
995.316 68.674
995.537 65.489
995.757 62.890
995.977 63.567
996.198 60.108
996.418 57.968
996.639 58.795
996.859 59.591
997.080 58.415
997.300 59.438
997.520 56.866
997.741 51.903
997.961 53.050
998.182 55.656
998.402 53.853
998.622 58.135
998.843 63.521
999.063 63.540
999.284 63.310
999.504 63.197
999.725 62.054
999.945 63.722
1000.165 68.356
1000.386 69.142
1000.606 71.082
1000.827 73.674
1001.047 70.759
1001.268 65.565
1001.488 64.704
1001.708 68.314
1001.929 71.026
1002.149 72.046
1002.370 68.805
1002.590 67.580
1002.810 70.779
1003.031 68.699
1003.251 66.629
1003.472 69.031
1003.692 71.516
1003.913 73.178
1004.133 69.148
1004.353 68.327
1004.574 69.151
1004.794 73.254
1005.015 77.731
1005.235 72.781
1005.455 72.226
1005.676 73.871
1005.896 72.121
1006.117 69.370
1006.337 66.347
1006.558 70.597
1006.778 70.556
1006.998 66.369
1007.219 63.682
1007.439 57.037
1007.660 59.104
1007.880 62.340
1008.101 62.956
1008.321 60.546
1008.541 60.258
1008.762 62.642
1008.982 61.183
1009.203 61.069
1009.423 61.689
1009.643 59.178
1009.864 61.052
1010.084 58.956
1010.305 57.374
1010.525 58.864
1010.746 60.552
1010.966 58.574
1011.186 54.167
1011.407 50.372
1011.627 46.856
1011.848 47.173
1012.068 48.988
1012.288 47.182
1012.509 46.989
1012.729 44.142
1012.950 37.289
