290.982 86.855
291.167 87.980
291.352 88.928
291.537 89.244
291.722 88.976
291.907 92.764
292.091 92.043
292.276 89.618
292.461 88.765
292.646 88.019
292.831 89.319
293.016 86.910
293.201 83.572
293.386 82.258
293.571 83.517
293.756 84.518
293.940 84.644
294.125 83.826
294.310 84.633
294.495 84.821
294.680 83.922
294.865 82.524
295.050 84.476
295.235 86.211
295.420 85.685
295.605 83.365
295.789 83.613
295.974 83.956
296.159 82.927
296.344 82.237
296.529 82.275
296.714 82.627
296.899 82.089
297.084 82.749
297.269 82.612
297.454 83.426
297.638 83.857
297.823 82.805
298.008 82.950
298.193 83.728
298.378 84.783
298.563 84.589
298.748 85.740
298.933 87.040
299.118 85.919
299.303 86.404
299.487 86.162
299.672 85.636
299.857 83.673
300.042 84.048
300.227 84.019
300.412 82.557
300.597 82.047
300.782 79.579
300.967 79.160
301.152 79.377
301.336 78.913
301.521 78.621
301.706 79.883
301.891 80.826
302.076 80.508
302.261 80.032
302.446 81.333
302.631 81.393
302.816 83.994
303.001 83.830
303.185 81.176
303.370 79.570
303.555 78.990
303.740 77.540
303.925 76.623
304.110 75.561
304.295 76.092
304.480 75.068
304.665 74.031
304.850 72.093
305.034 71.152
305.219 72.369
305.404 72.627
305.589 73.054
305.774 73.237
305.959 74.834
306.144 75.012
306.329 73.241
306.514 71.956
306.699 71.724
306.883 71.285
307.068 71.316
307.253 71.622
307.438 73.214
307.623 73.280
307.808 71.406
307.993 69.102
308.178 67.932
308.363 67.946
308.548 69.548
308.732 71.706
308.917 72.435
309.102 72.451
309.287 72.446
309.472 72.895
309.657 74.291
309.842 75.006
310.027 74.518
310.212 74.584
310.397 74.699
310.581 73.585
310.766 72.234
310.951 71.370
311.136 70.104
311.321 69.832
311.506 68.222
311.691 65.988
311.876 64.981
312.061 65.143
312.245 67.326
312.430 69.070
312.615 69.904
312.800 69.418
312.985 67.956
313.170 67.943
313.347 68.453
313.523 67.938
313.700 68.256
313.877 69.416
314.054 70.677
314.230 69.227
314.407 66.677
314.584 65.444
314.761 65.080
314.937 65.887
315.114 67.841
315.291 68.368
315.467 68.472
315.644 66.062
315.821 64.796
315.998 64.065
316.174 63.384
316.351 64.451
316.528 64.457
316.704 63.709
316.881 62.969
317.058 61.670
317.235 60.909
317.411 61.237
317.588 63.496
317.765 64.147
317.942 64.033
318.118 64.619
318.295 63.462
318.472 62.044
318.648 62.402
318.825 62.701
319.002 61.274
319.179 59.846
319.355 59.718
319.532 59.417
319.709 58.840
319.885 59.542
320.062 59.688
320.239 59.891
320.416 60.943
320.592 60.647
320.769 60.154
320.946 60.843
321.123 61.733
321.299 61.346
321.476 60.243
321.653 60.720
321.829 59.714
322.006 58.221
322.183 58.344
322.360 57.420
322.536 57.459
322.713 58.392
322.890 58.393
323.066 57.337
323.243 57.582
323.420 59.906
323.597 59.962
323.773 58.737
323.950 59.323
324.127 60.363
324.304 60.819
324.480 59.908
324.657 59.425
324.834 59.716
325.010 60.139
325.187 59.303
325.364 57.338
325.541 56.528
325.717 57.407
325.894 56.423
326.071 54.178
326.248 54.172
326.424 55.535
326.601 55.234
326.778 54.059
326.954 53.373
327.131 52.708
327.308 51.597
327.485 51.431
327.661 51.135
327.838 51.433
328.015 52.313
328.191 51.780
328.368 50.454
328.545 48.880
328.722 48.812
328.898 49.849
329.075 50.472
329.252 50.278
329.429 49.304
329.605 49.864
329.782 50.289
329.959 49.871
330.135 49.562
330.312 50.140
330.489 51.128
330.666 51.182
330.842 50.289
331.019 49.535
331.196 49.948
331.372 50.370
331.549 48.902
331.726 47.861
331.903 48.063
332.079 48.856
332.256 47.998
332.433 46.913
332.610 46.008
332.786 45.886
332.963 46.140
333.140 45.970
333.316 47.522
333.493 48.423
333.670 48.407
333.847 49.149
334.023 48.530
334.200 47.498
334.377 47.468
334.553 47.892
334.730 47.596
334.907 47.144
335.084 47.032
335.260 46.104
335.437 45.953
335.614 46.553
335.791 45.711
335.967 45.377
336.144 46.066
336.321 46.309
336.497 46.221
336.674 46.100
336.851 46.769
337.028 46.515
337.204 45.684
337.381 46.021
337.558 46.398
337.734 45.375
337.911 44.358
338.088 44.268
338.265 45.634
338.441 46.063
338.618 44.696
338.795 43.646
338.972 44.271
339.148 44.891
339.325 43.957
339.502 42.191
339.678 42.415
339.855 43.195
340.032 43.006
340.209 41.860
340.385 41.621
340.562 42.304
340.739 41.989
340.916 40.760
341.092 40.575
341.269 40.884
341.446 41.124
341.622 40.987
341.799 41.284
341.976 41.559
342.153 41.724
342.329 41.633
342.506 41.916
342.683 41.714
342.859 41.516
343.036 41.181
343.213 40.822
343.390 40.380
343.566 40.243
343.743 39.521
343.920 38.875
344.097 38.252
344.273 37.686
344.450 36.982
344.627 37.311
344.803 38.444
344.980 38.286
345.157 37.528
345.334 37.262
345.510 37.127
345.687 36.674
345.864 37.034
346.040 37.162
346.217 37.021
346.394 36.798
346.571 35.982
346.747 34.137
346.924 33.684
347.101 34.829
347.278 35.426
347.454 35.755
347.631 35.761
347.808 34.579
347.984 34.276
348.161 34.719
348.338 35.105
348.515 35.351
348.691 35.642
348.868 35.225
349.045 33.888
349.221 33.527
349.398 32.556
349.575 32.727
349.752 33.883
349.928 33.538
350.105 32.739
350.282 32.113
350.459 32.761
350.635 33.273
350.812 33.155
350.989 33.956
351.165 34.694
351.342 34.948
351.519 34.479
351.696 33.713
351.872 33.704
352.049 33.632
352.226 34.412
352.402 34.122
352.579 33.856
352.756 34.116
352.933 33.432
353.109 32.064
353.286 31.272
353.463 31.377
353.640 31.686
353.816 31.143
353.993 30.989
354.170 30.474
354.346 30.413
354.523 30.411
354.700 30.024
354.877 30.206
355.053 30.286
355.230 30.775
355.407 31.182
355.584 31.452
355.760 32.017
355.937 32.101
356.114 31.939
356.290 31.418
356.467 31.247
356.644 31.007
356.821 30.303
356.997 30.620
357.174 30.642
357.351 30.227
357.527 29.928
357.704 29.747
357.881 30.225
358.058 30.768
358.234 30.806
358.411 30.494
358.588 30.394
358.765 30.444
358.941 30.221
359.118 29.962
359.295 29.581
359.471 28.662
359.648 28.223
359.825 27.790
360.002 27.021
360.178 26.884
360.355 26.989
360.532 27.137
360.708 27.100
360.885 26.821
361.062 26.159
361.239 25.959
361.415 26.146
361.592 25.977
361.769 25.625
361.946 25.944
362.122 26.236
362.299 25.646
362.476 25.449
362.652 25.377
362.829 25.643
363.006 25.946
363.183 26.276
363.359 26.343
363.536 26.019
363.713 25.845
363.889 25.715
364.066 24.969
364.243 24.931
364.420 24.876
364.596 24.740
364.773 24.343
364.950 24.500
365.127 24.361
365.303 24.228
365.480 24.858
365.661 25.086
365.841 24.888
366.022 25.245
366.202 25.517
366.383 25.139
366.563 25.197
366.744 25.223
366.924 24.998
367.105 24.887
367.286 24.373
367.466 23.419
367.647 23.233
367.827 22.868
368.008 22.660
368.188 22.428
368.369 22.517
368.549 22.499
368.730 21.976
368.911 21.776
369.091 21.636
369.272 21.782
369.452 22.340
369.633 21.971
369.813 21.923
369.994 22.250
370.174 22.019
370.355 21.517
370.535 21.002
370.716 21.426
370.897 21.643
371.077 21.316
371.258 21.666
371.438 22.161
371.619 22.509
371.799 22.488
371.980 21.588
372.160 21.567
372.341 22.137
372.522 22.395
372.702 22.310
372.883 22.158
373.063 22.119
373.244 21.798
373.424 21.267
373.605 21.150
373.785 21.075
373.966 21.280
374.147 21.423
374.327 21.433
374.508 21.561
374.688 21.328
374.869 21.350
375.049 21.742
375.230 22.176
375.410 22.029
375.591 21.517
375.772 21.371
375.952 21.594
376.133 21.479
376.313 21.143
376.494 20.478
376.674 20.385
376.855 20.306
377.035 19.699
377.216 19.267
377.397 19.364
377.577 19.753
377.758 19.718
377.938 19.470
378.119 19.338
378.299 19.232
378.480 19.434
378.660 19.511
378.841 19.435
379.021 19.175
379.202 18.605
379.383 18.113
379.563 17.627
379.744 17.408
379.924 17.182
380.105 17.284
380.285 17.181
380.466 16.799
380.646 16.366
380.827 15.880
381.008 16.094
381.188 16.512
381.369 16.816
381.549 16.721
381.730 16.661
381.910 16.786
382.091 16.539
382.271 16.583
382.452 16.787
382.633 16.839
382.813 17.202
382.994 17.481
383.174 17.180
383.355 16.785
383.535 16.814
383.716 16.909
383.896 16.581
384.077 16.443
384.258 16.542
384.438 16.438
384.619 16.333
384.799 15.958
384.980 15.578
385.160 15.395
385.341 15.234
385.521 15.062
385.702 14.887
385.882 15.005
386.063 14.993
386.244 14.684
386.424 14.627
386.605 14.437
386.785 14.380
386.966 14.366
387.146 14.342
387.327 14.229
387.507 14.114
387.688 14.177
387.869 14.127
388.049 14.279
388.230 14.315
388.410 14.348
388.591 14.415
388.771 14.447
388.952 14.374
389.132 14.210
389.313 14.177
389.494 14.192
389.674 13.999
389.855 13.767
390.035 13.589
390.216 13.536
390.396 13.665
390.577 13.678
390.757 13.357
390.938 13.199
391.119 13.247
391.299 13.248
391.480 13.248
391.660 13.360
391.841 13.487
392.021 13.278
392.202 13.132
392.382 12.829
392.563 12.668
392.743 12.756
392.924 12.761
393.105 12.723
393.285 12.755
393.466 12.686
393.646 12.650
393.827 12.640
394.007 12.400
394.188 12.450
394.368 12.514
394.549 12.505
394.730 12.429
394.910 12.375
395.091 12.381
395.271 12.575
395.452 12.745
395.632 12.457
395.813 12.160
395.993 12.310
396.174 12.263
396.355 12.055
396.535 12.046
396.716 12.327
396.896 12.538
397.077 12.528
397.257 12.187
397.438 11.830
397.618 11.735
397.799 11.830
397.980 11.915
398.160 11.835
398.341 11.901
398.521 11.985
398.702 11.713
398.882 11.418
399.063 11.394
399.243 11.490
399.424 11.531
399.605 11.785
399.785 11.699
399.966 11.491
400.146 11.442
400.327 11.449
400.507 11.490
400.688 11.397
400.868 11.377
401.049 11.257
401.229 10.999
401.410 10.965
401.591 10.962
401.771 11.188
401.952 11.316
402.132 11.198
402.313 11.114
402.493 11.038
402.674 11.151
402.854 11.174
403.035 11.334
403.216 11.259
403.396 11.317
403.577 11.340
403.757 11.053
403.938 10.839
404.118 10.809
404.299 10.648
404.479 10.401
404.660 10.226
404.841 10.153
405.023 10.036
405.204 9.994
405.385 9.882
405.566 9.718
405.748 9.666
405.929 9.712
406.110 9.935
406.292 10.141
406.473 10.339
406.654 10.418
406.835 10.288
407.017 10.025
407.198 10.144
407.379 10.152
407.560 10.050
407.742 9.939
407.923 9.819
408.104 9.459
408.286 9.191
408.467 9.027
408.648 9.148
408.829 9.506
409.011 9.605
409.192 9.406
409.373 9.280
409.555 9.294
409.736 9.397
409.917 9.554
410.098 9.796
410.280 9.909
410.461 9.891
410.642 9.661
410.823 9.146
411.005 9.128
411.186 9.471
411.367 9.707
411.549 9.749
411.730 9.752
411.911 9.638
412.092 9.507
412.274 9.493
412.455 9.428
412.636 9.403
412.818 9.625
412.999 9.586
413.180 9.347
413.361 9.166
413.543 9.080
413.724 9.083
413.905 9.061
414.087 9.037
414.268 8.936
414.449 8.907
414.630 8.930
414.812 8.930
414.993 9.008
415.174 8.973
415.355 8.913
415.537 8.850
415.718 8.883
415.899 8.914
416.081 8.849
416.262 8.742
416.443 8.692
416.624 8.634
416.806 8.560
416.987 8.440
417.168 8.308
417.350 8.218
417.531 8.237
417.712 8.157
417.893 8.150
418.075 8.342
418.256 8.329
418.437 8.192
418.618 8.067
418.800 7.999
418.981 8.053
419.162 8.139
419.344 8.249
419.525 8.329
419.706 8.323
419.887 8.183
420.069 8.030
420.250 8.194
420.431 8.337
420.613 8.470
420.794 8.500
420.975 8.375
421.156 8.357
421.338 8.338
421.519 8.206
421.700 8.088
421.882 8.065
422.063 7.890
422.244 7.774
422.425 7.808
422.607 7.697
422.788 7.653
422.969 7.705
423.150 7.842
423.332 8.052
423.513 8.146
423.694 8.080
423.876 8.081
424.057 8.206
424.238 8.204
424.419 8.302
424.601 8.658
424.782 8.709
424.963 8.717
425.145 8.559
425.326 8.332
425.507 8.229
425.688 8.382
425.870 8.333
426.051 8.197
426.232 8.155
426.413 7.991
426.595 7.612
426.776 7.471
426.957 7.497
427.139 7.630
427.320 7.541
427.501 7.421
427.682 7.187
427.864 7.173
428.045 7.238
428.226 7.243
428.408 7.282
428.589 7.333
428.770 7.351
428.951 7.232
429.133 7.061
429.314 7.086
429.495 7.140
429.677 7.215
429.858 7.240
430.039 7.176
430.220 7.162
430.402 7.099
430.583 7.125
430.764 7.113
430.945 7.106
431.127 7.036
431.308 6.986
431.489 7.017
431.671 7.025
431.852 6.997
432.033 7.022
432.214 7.015
432.396 6.996
432.577 6.848
432.758 6.787
432.940 6.828
433.121 6.843
433.302 6.788
433.483 6.822
433.665 6.952
433.846 7.102
434.027 7.151
434.208 7.141
434.390 7.144
434.571 7.225
434.752 7.271
434.934 7.246
435.115 7.322
435.296 7.408
435.477 7.390
435.659 7.354
435.840 7.317
436.030 7.365
436.220 7.319
436.410 7.297
436.600 7.319
436.790 7.368
436.980 7.468
437.170 7.410
437.360 7.395
437.550 7.387
437.741 7.379
437.931 7.325
438.121 7.324
438.311 7.363
438.501 7.379
438.691 7.413
438.881 7.354
439.071 7.234
439.261 7.209
439.451 7.118
439.641 7.047
439.831 6.933
440.021 6.892
440.211 6.817
440.401 6.856
440.591 6.914
440.781 6.948
440.971 7.022
441.161 6.992
441.351 6.943
441.542 6.982
441.732 7.034
441.922 7.066
442.112 7.113
442.302 7.185
442.492 7.169
442.682 7.042
442.872 6.865
443.062 6.758
443.252 6.775
443.442 6.891
443.632 6.907
443.822 6.873
444.012 6.815
444.202 6.729
444.392 6.669
444.582 6.641
444.772 6.634
444.962 6.675
445.153 6.707
445.343 6.667
445.533 6.541
445.723 6.499
445.913 6.435
446.103 6.476
446.293 6.527
446.483 6.502
446.673 6.473
446.863 6.497
447.053 6.477
447.243 6.492
447.433 6.533
447.623 6.582
447.813 6.562
448.003 6.635
448.193 6.628
448.383 6.579
448.573 6.542
448.764 6.446
448.954 6.433
449.144 6.445
449.334 6.400
449.524 6.364
449.714 6.348
449.904 6.381
450.094 6.352
450.284 6.310
450.474 6.303
450.664 6.272
450.854 6.291
451.044 6.263
451.234 6.211
451.424 6.127
451.614 6.122
451.804 6.154
451.994 6.093
452.184 6.056
452.375 6.095
452.565 6.057
452.755 6.056
452.945 6.105
453.135 6.141
453.325 6.191
453.515 6.323
453.705 6.315
453.895 6.248
454.085 6.268
454.275 6.308
454.465 6.275
454.655 6.233
454.845 6.214
455.035 6.253
455.225 6.202
455.415 6.127
455.605 6.090
455.795 6.151
455.985 6.109
456.176 6.035
456.366 5.987
456.556 5.955
456.746 5.947
456.936 5.934
457.126 5.897
457.316 5.879
457.506 5.876
457.696 5.793
457.886 5.644
458.076 5.625
458.266 5.632
458.456 5.586
458.646 5.544
458.836 5.551
459.026 5.593
459.216 5.583
459.406 5.584
459.596 5.561
459.787 5.496
459.977 5.482
460.167 5.508
460.357 5.440
460.547 5.384
460.737 5.375
460.927 5.373
461.117 5.245
461.307 5.200
461.497 5.228
461.687 5.223
461.877 5.300
462.067 5.376
462.257 5.407
462.447 5.434
462.637 5.411
462.827 5.386
463.017 5.388
463.207 5.543
463.397 5.545
463.588 5.514
463.778 5.576
463.968 5.521
464.158 5.426
464.348 5.325
464.538 5.330
464.728 5.323
464.918 5.333
465.108 5.352
465.298 5.241
465.488 5.201
465.678 5.169
465.868 5.099
466.058 5.093
466.248 5.082
466.438 5.106
466.628 5.149
466.818 5.185
467.008 5.192
467.199 5.154
467.389 5.088
467.579 5.026
467.769 5.002
467.959 4.960
468.149 4.901
468.339 4.911
468.529 4.963
468.719 5.006
468.909 4.960
469.099 4.890
469.289 4.848
469.479 4.875
469.669 4.858
469.859 4.826
470.049 4.805
470.239 4.817
470.429 4.837
470.619 4.735
470.810 4.603
471.000 4.624
471.190 4.696
471.380 4.694
471.570 4.709
471.760 4.766
471.950 4.789
472.140 4.827
472.330 4.878
472.520 4.857
472.710 4.853
472.900 4.849
473.090 4.814
473.280 4.735
473.470 4.708
473.660 4.682
473.850 4.644
474.040 4.631
474.230 4.613
474.421 4.573
474.611 4.514
474.801 4.493
474.991 4.546
475.181 4.563
475.371 4.578
475.561 4.587
475.751 4.525
475.941 4.492
476.131 4.470
476.321 4.460
476.511 4.449
476.701 4.484
476.891 4.470
477.081 4.371
477.271 4.285
477.461 4.248
477.651 4.229
477.841 4.257
478.031 4.283
478.222 4.271
478.412 4.261
478.602 4.263
478.792 4.295
478.982 4.356
479.172 4.377
479.362 4.407
479.552 4.429
479.742 4.410
479.932 4.422
480.122 4.419
480.312 4.439
480.502 4.485
480.692 4.482
480.882 4.393
481.072 4.327
481.262 4.348
481.452 4.376
481.642 4.383
481.833 4.419
482.023 4.406
482.213 4.407
482.403 4.413
482.593 4.375
482.783 4.391
482.973 4.457
483.163 4.496
483.353 4.468
483.543 4.466
483.733 4.451
483.923 4.419
484.113 4.452
484.303 4.439
484.493 4.367
484.683 4.364
484.873 4.345
485.063 4.293
485.253 4.276
485.443 4.314
485.634 4.283
485.824 4.259
486.014 4.274
486.204 4.237
486.394 4.254
486.584 4.316
486.774 4.284
486.964 4.269
487.154 4.268
487.344 4.267
487.534 4.213
487.724 4.191
487.914 4.218
488.104 4.211
488.294 4.227
488.484 4.216
488.674 4.183
488.864 4.179
489.054 4.156
489.245 4.141
489.435 4.145
489.625 4.202
489.815 4.270
490.005 4.322
490.195 4.325
490.385 4.316
490.575 4.335
490.765 4.385
490.955 4.435
491.145 4.461
491.335 4.497
491.525 4.470
491.715 4.405
491.905 4.375
492.095 4.325
492.285 4.290
492.475 4.277
492.665 4.225
492.856 4.183
493.046 4.121
493.236 4.084
493.426 4.081
493.616 4.068
493.806 4.090
493.996 4.072
494.186 4.052
494.376 4.109
494.566 4.093
494.756 4.086
494.946 4.082
495.136 4.097
495.326 4.114
495.516 4.131
495.706 4.167
495.896 4.151
496.086 4.164
496.276 4.170
496.467 4.114
496.657 4.138
496.847 4.133
497.037 4.106
497.227 4.126
497.417 4.129
497.607 4.079
497.797 4.063
497.987 4.087
498.177 4.057
498.367 4.055
498.557 4.076
498.747 4.082
498.937 4.138
499.127 4.157
499.317 4.105
499.507 4.074
499.697 4.090
499.887 4.122
500.077 4.119
500.268 4.112
500.458 4.076
500.648 4.009
500.838 3.946
501.028 3.918
501.218 3.913
501.408 3.928
501.598 3.946
501.788 3.924
501.978 3.900
502.168 3.867
502.358 3.874
502.548 3.877
502.738 3.906
502.928 3.942
503.118 3.929
503.308 3.935
503.498 3.970
503.688 3.983
503.879 3.988
504.069 3.976
504.259 3.994
504.449 3.979
504.639 3.979
504.829 3.989
505.019 3.961
505.209 3.945
505.399 3.936
505.589 3.901
505.779 3.881
505.969 3.843
506.159 3.814
506.349 3.793
506.539 3.790
506.729 3.793
506.919 3.804
507.109 3.820
507.299 3.798
507.490 3.763
507.680 3.717
507.870 3.676
508.060 3.659
508.250 3.654
508.440 3.676
508.630 3.674
508.820 3.667
509.010 3.636
509.200 3.611
509.390 3.626
509.580 3.626
509.770 3.655
509.960 3.679
510.150 3.696
510.340 3.724
510.530 3.712
510.720 3.723
510.910 3.745
511.100 3.807
511.291 3.818
511.481 3.815
511.671 3.847
511.861 3.937
512.051 4.105
512.241 4.151
512.431 4.150
512.621 4.160
512.811 4.162
513.001 4.136
513.191 4.066
513.381 4.059
513.571 4.056
513.761 4.034
513.951 3.936
514.141 3.754
514.331 3.724
514.521 3.668
514.711 3.634
514.902 3.665
515.092 3.695
515.282 3.740
515.472 3.741
515.662 3.712
515.852 3.697
516.042 3.675
516.232 3.689
516.422 3.698
516.612 3.727
516.802 3.724
516.992 3.676
517.182 3.652
517.372 3.619
517.562 3.663
517.752 3.709
517.942 3.718
518.132 3.753
518.322 3.783
518.513 3.797
518.703 3.831
518.893 3.879
519.083 3.947
519.273 4.002
519.463 4.011
519.653 4.013
519.843 4.023
520.033 4.040
520.223 4.044
520.413 4.039
520.603 4.026
520.793 3.998
520.983 3.963
521.173 3.931
521.363 3.895
521.553 3.908
521.743 3.887
521.933 3.863
522.123 3.869
522.314 3.892
522.504 3.869
522.694 3.834
522.884 3.829
523.074 3.818
523.264 3.808
523.454 3.789
523.644 3.788
523.834 3.807
524.024 3.836
524.214 3.836
524.404 3.801
524.594 3.811
524.784 3.864
524.974 3.873
525.164 3.885
525.354 3.870
525.544 3.876
525.734 3.857
525.925 3.812
526.115 3.793
526.305 3.838
526.495 3.882
526.685 3.884
526.875 3.885
527.065 3.895
527.255 3.884
527.445 3.881
527.635 3.883
527.825 3.905
528.015 3.940
528.205 3.917
528.395 3.841
528.585 3.798
528.775 3.776
528.965 3.761
529.155 3.760
529.345 3.786
529.535 3.802
529.726 3.802
529.916 3.786
530.106 3.794
530.296 3.834
530.486 3.867
530.676 3.876
530.866 3.910
531.056 3.924
531.246 3.910
531.436 3.884
531.626 3.880
531.816 3.856
532.006 3.864
532.196 3.841
532.386 3.821
532.576 3.789
532.766 3.778
532.956 3.758
533.146 3.752
533.337 3.756
533.527 3.752
533.717 3.722
533.907 3.743
534.097 3.754
534.287 3.752
534.477 3.738
534.667 3.756
534.857 3.768
535.047 3.767
535.237 3.754
535.427 3.738
535.617 3.736
535.807 3.770
535.997 3.767
536.187 3.741
536.377 3.762
536.567 3.776
536.757 3.762
536.948 3.751
537.138 3.732
537.328 3.737
537.518 3.765
537.708 3.799
537.898 3.793
538.088 3.799
538.278 3.810
538.468 3.788
538.658 3.761
538.848 3.764
539.038 3.763
539.228 3.771
539.418 3.779
539.608 3.784
539.798 3.766
539.988 3.754
540.178 3.727
540.368 3.722
540.558 3.717
540.749 3.722
540.939 3.721
541.129 3.733
541.319 3.758
541.509 3.978
541.699 4.383
541.889 4.395
542.079 4.423
542.269 4.452
542.459 4.478
542.649 4.484
542.839 4.494
543.029 4.513
543.219 4.529
543.409 4.507
543.599 4.258
543.789 3.868
543.979 3.872
544.169 3.864
544.360 3.869
544.550 3.851
544.740 3.822
544.930 3.810
545.120 3.815
545.310 3.786
545.500 3.803
545.690 3.822
545.880 3.794
546.070 3.780
546.267 3.755
546.463 3.744
546.660 3.752
546.857 3.792
547.054 3.813
547.251 3.785
547.447 3.774
547.644 3.756
547.841 3.744
548.038 3.715
548.234 3.693
548.431 3.702
548.628 3.705
548.825 3.703
549.021 3.696
549.218 3.689
549.415 3.674
549.612 3.672
549.808 3.690
550.005 3.722
550.202 3.740
550.399 3.752
550.595 3.773
550.792 3.780
550.989 3.764
551.186 3.754
551.382 3.767
551.579 3.814
551.776 3.853
551.973 3.843
552.169 3.834
552.366 3.839
552.563 3.860
552.760 3.881
552.956 3.895
553.153 3.930
553.350 3.966
553.547 3.993
553.743 3.993
553.940 3.977
554.137 3.991
554.334 3.978
554.530 3.982
554.727 3.978
554.924 3.979
555.121 3.978
555.317 3.939
555.514 3.921
555.711 3.891
555.908 3.873
556.104 3.883
556.301 3.877
556.498 3.886
556.695 3.894
556.891 3.906
557.088 3.880
557.285 3.868
557.482 3.902
557.678 3.915
557.875 3.933
558.072 3.976
558.269 4.006
558.465 4.024
558.662 4.014
558.859 4.002
559.056 3.988
559.252 4.002
559.449 4.025
559.646 4.049
559.843 4.035
560.039 4.002
560.236 3.956
560.433 3.903
560.630 3.877
560.826 3.893
561.023 3.904
561.220 3.909
561.417 3.893
561.613 3.879
561.810 3.843
562.007 3.849
562.204 3.860
562.400 3.886
562.597 3.931
562.794 3.962
562.991 3.978
563.187 3.985
563.384 3.985
563.581 4.013
563.778 4.020
563.974 4.033
564.171 4.029
564.368 4.034
564.565 4.012
564.761 4.002
564.958 4.015
565.155 3.996
565.352 3.981
565.548 3.998
565.745 4.008
565.942 3.995
566.139 3.987
566.335 4.006
566.532 4.027
566.729 4.058
566.926 4.070
567.122 4.049
567.319 4.053
567.516 4.084
567.713 4.104
567.909 4.107
568.106 4.129
568.303 4.143
568.500 4.150
568.696 4.161
568.893 4.157
569.090 4.149
569.287 4.152
569.483 4.178
569.680 4.180
569.877 4.160
570.074 4.161
570.270 4.155
570.467 4.161
570.664 4.170
570.861 4.166
571.057 4.163
571.254 4.142
571.451 4.145
571.648 4.132
571.844 4.128
572.041 4.160
572.238 4.155
572.435 4.156
572.631 4.175
572.828 4.188
573.025 4.160
573.222 4.165
573.418 4.205
573.615 4.191
573.812 4.201
574.009 4.225
574.205 4.214
574.402 4.197
574.599 4.199
574.796 4.188
574.992 4.179
575.189 4.227
575.386 4.227
575.583 4.215
575.779 4.239
575.976 4.220
576.173 4.213
576.370 4.226
576.567 4.242
576.763 4.261
576.960 4.277
577.158 4.253
577.356 4.245
577.554 4.249
577.752 4.256
577.950 4.258
578.148 4.265
578.346 4.243
578.544 4.225
578.742 4.223
578.940 4.205
579.138 4.177
579.336 4.199
579.534 4.193
579.732 4.189
579.930 4.192
580.128 4.211
580.326 4.220
580.524 4.227
580.722 4.203
580.920 4.174
581.118 4.184
581.316 4.203
581.514 4.182
581.712 4.161
581.909 4.170
582.107 4.177
582.305 4.163
582.503 4.154
582.701 4.146
582.899 4.154
583.097 4.159
583.295 4.152
583.493 4.159
583.691 4.184
583.889 4.208
584.087 4.199
584.285 4.163
584.483 4.138
584.681 4.137
584.879 4.142
585.077 4.121
585.275 4.124
585.473 4.133
585.671 4.159
585.869 4.171
586.067 4.156
586.265 4.170
586.463 4.181
586.661 4.183
586.859 4.178
587.057 4.194
587.255 4.218
587.453 4.218
587.651 4.198
587.849 4.141
588.047 4.113
588.245 4.114
588.443 4.116
588.641 4.136
588.839 4.166
589.037 4.177
589.235 4.180
589.433 4.203
589.631 4.237
589.829 4.259
590.027 4.255
590.225 4.238
590.423 4.232
590.621 4.202
590.819 4.182
591.017 4.167
591.215 4.153
591.413 4.131
591.611 4.105
591.809 4.096
592.006 4.101
592.204 4.116
592.402 4.139
592.600 4.151
592.798 4.164
592.996 4.142
593.194 4.139
593.392 4.171
593.590 4.185
593.788 4.199
593.986 4.211
594.184 4.197
594.382 4.200
594.580 4.224
594.778 4.236
594.976 4.258
595.174 4.289
595.372 4.278
595.570 4.241
595.768 4.219
595.966 4.200
596.164 4.175
596.362 4.192
596.560 4.205
596.758 4.180
596.956 4.164
597.154 4.168
597.352 4.163
597.550 4.172
597.748 4.229
597.946 4.274
598.144 4.315
598.342 4.333
598.540 4.311
598.738 4.292
598.936 4.304
599.134 4.299
599.332 4.286
599.530 4.313
599.728 4.348
599.926 4.335
600.124 4.322
600.322 4.343
600.520 4.389
600.718 4.399
600.916 4.419
601.114 4.457
601.312 4.517
601.510 4.518
601.708 4.540
601.905 4.578
602.103 4.612
602.301 4.690
602.499 4.710
602.697 4.711
602.895 4.747
603.093 4.789
603.291 4.799
603.489 4.810
603.687 4.857
603.885 4.886
604.083 4.902
604.281 4.910
604.479 4.909
604.677 4.943
604.875 4.986
605.073 5.039
605.271 5.053
605.469 5.062
605.667 5.087
605.865 5.142
606.063 5.220
606.261 5.332
606.459 5.384
606.657 5.407
606.855 5.454
607.053 5.506
607.251 5.554
607.449 5.640
607.647 5.739
607.845 5.844
608.043 5.912
608.241 5.917
608.439 5.880
608.637 5.933
608.835 6.019
609.033 6.074
609.231 6.136
609.429 6.221
609.627 6.296
609.825 6.373
610.023 6.425
610.221 6.481
610.419 6.574
610.617 6.660
610.815 6.743
611.013 6.827
611.211 6.912
611.409 7.004
611.607 7.100
611.804 7.187
612.002 7.253
612.200 7.345
612.398 7.467
612.596 7.561
612.794 7.660
612.992 7.788
613.190 7.918
613.388 8.048
613.586 8.184
613.784 8.330
613.982 8.489
614.180 8.656
614.378 8.821
614.576 8.961
614.774 9.105
614.972 9.229
615.170 9.349
615.368 9.488
615.566 9.623
615.764 9.743
615.962 9.831
616.160 9.941
616.358 10.061
616.556 10.182
616.754 10.323
616.952 10.489
617.150 10.672
617.348 10.852
617.546 11.000
617.744 11.160
617.942 11.337
618.140 11.538
618.338 11.722
618.536 11.916
618.734 12.096
618.932 12.295
619.130 12.480
619.328 12.681
619.526 12.870
619.724 13.053
619.922 13.253
620.120 13.457
620.318 13.659
620.516 13.862
620.714 14.051
620.912 14.256
621.110 14.448
621.308 14.638
621.506 14.834
621.704 15.039
621.901 15.294
622.099 15.487
622.297 15.678
622.495 15.859
622.693 16.044
622.891 16.259
623.089 16.492
623.287 16.730
623.485 16.964
623.683 17.168
623.881 17.377
624.079 17.564
624.277 17.807
624.475 18.028
624.673 18.266
624.871 18.536
625.069 18.785
625.267 19.013
625.465 19.211
625.663 19.422
625.861 19.663
626.059 19.902
626.257 20.146
626.455 20.388
626.653 20.647
626.851 20.880
627.049 21.089
627.247 21.289
627.445 21.522
627.643 21.775
627.841 22.040
628.039 22.300
628.237 22.503
628.435 22.680
628.633 22.853
628.831 23.048
629.029 23.246
629.227 23.439
629.425 23.667
629.623 23.878
629.821 24.084
630.019 24.269
630.217 24.476
630.415 24.762
630.613 25.044
630.811 25.309
631.009 25.520
631.207 25.759
631.405 25.989
631.603 26.194
631.801 26.446
631.998 26.692
632.196 26.922
632.394 27.125
632.592 27.291
632.790 27.489
632.988 27.693
633.186 27.902
633.384 28.098
633.582 28.319
633.780 28.546
633.978 28.682
634.176 28.843
634.374 29.046
634.572 29.213
634.770 29.379
634.968 29.554
635.166 29.758
635.364 29.964
635.562 30.168
635.760 30.326
635.958 30.509
636.156 30.720
636.354 30.901
636.552 31.066
636.750 31.289
636.948 31.519
637.146 31.697
637.344 31.871
637.542 32.026
637.740 32.178
637.938 32.336
638.136 32.664
638.334 33.150
638.532 33.308
638.730 33.455
638.928 33.592
639.126 33.712
639.324 33.865
639.522 34.020
639.720 34.202
639.918 34.384
640.116 34.571
640.314 34.562
640.512 34.340
640.710 34.533
640.908 34.724
641.106 34.868
641.304 35.007
641.502 35.126
641.699 35.217
641.897 35.304
642.095 35.437
642.293 35.595
642.491 35.714
642.689 35.878
642.887 35.986
643.085 36.094
643.283 36.203
643.481 36.298
643.679 36.416
643.877 36.564
644.075 36.699
644.273 36.812
644.471 36.899
644.669 37.010
644.867 37.117
645.065 37.205
645.263 37.304
645.461 37.459
645.659 37.659
645.857 37.827
646.055 37.945
646.253 38.070
646.451 38.194
646.649 38.307
646.847 38.395
647.045 38.503
647.243 38.640
647.441 38.757
647.639 38.834
647.837 38.869
648.035 38.919
648.233 38.980
648.431 39.067
648.629 39.142
648.827 39.180
649.025 39.256
649.223 39.329
649.421 39.382
649.619 39.469
649.817 39.593
650.015 39.727
650.213 39.792
650.411 39.834
650.609 39.862
650.807 39.908
651.005 40.006
651.203 40.124
651.401 40.210
651.599 40.290
651.796 40.362
651.994 40.390
652.192 40.409
652.390 40.550
652.588 40.687
652.786 40.797
652.984 40.906
653.182 41.032
653.380 41.123
653.578 41.180
653.776 41.214
653.974 41.262
654.172 41.346
654.370 41.446
654.568 41.432
654.766 41.456
654.964 41.542
655.162 41.609
655.360 41.632
655.558 41.663
655.756 41.793
655.954 41.907
656.152 41.960
656.350 41.985
656.548 41.979
656.746 42.017
656.944 42.058
657.142 42.078
657.340 42.117
657.538 42.190
657.736 42.234
657.934 42.213
658.132 42.254
658.330 42.268
658.528 42.317
658.726 42.435
658.924 42.523
659.122 42.635
659.320 42.732
659.518 42.758
659.716 42.803
659.914 42.860
660.112 42.913
660.310 42.947
660.508 43.006
660.706 43.079
660.904 43.108
661.102 43.187
661.300 43.227
661.498 43.230
661.696 43.265
661.893 43.287
662.091 43.311
662.289 43.376
662.487 43.421
662.685 43.503
662.883 43.541
663.081 43.573
663.279 43.585
663.477 43.604
663.675 43.642
663.873 43.736
664.071 43.843
664.269 43.905
664.467 43.969
664.665 44.068
664.863 44.138
665.061 44.226
665.259 44.294
665.457 44.351
665.655 44.410
665.853 44.467
666.051 44.481
666.249 44.491
666.447 44.534
666.645 44.532
666.843 44.502
667.041 44.514
667.239 44.502
667.437 44.515
667.635 44.567
667.833 44.601
668.031 44.631
668.229 44.667
668.427 44.735
668.625 44.764
668.823 44.780
669.021 44.841
669.219 44.894
669.417 44.958
669.615 45.031
669.813 45.059
670.011 45.096
670.209 45.152
670.407 45.203
670.605 45.132
670.803 45.185
671.001 45.275
671.199 45.265
671.397 45.216
671.595 45.229
671.792 45.234
671.990 45.214
672.188 45.224
672.386 45.270
672.584 45.307
672.782 45.384
672.980 45.396
673.178 45.419
673.376 45.471
673.574 45.571
673.772 45.582
673.970 45.619
674.168 45.665
674.366 45.684
674.564 45.714
674.762 45.711
674.960 45.700
675.158 45.716
675.356 45.715
675.554 45.728
675.752 45.693
675.950 45.705
676.148 45.737
676.346 45.783
676.544 45.830
676.742 45.813
676.940 45.839
677.138 45.872
677.336 45.872
677.534 45.902
677.732 45.984
677.930 46.095
678.128 46.156
678.326 46.165
678.524 46.166
678.722 46.215
678.920 46.305
679.118 46.381
679.316 46.448
679.514 46.536
679.712 46.536
679.910 46.475
680.108 46.436
680.306 46.443
680.504 46.475
680.702 46.551
680.900 46.570
681.098 46.566
681.296 46.573
681.494 46.638
681.691 46.678
681.889 46.738
682.087 46.805
682.285 46.805
682.483 46.823
682.681 46.896
682.879 46.913
683.077 46.954
683.275 46.992
683.473 47.011
683.671 46.962
683.869 46.945
684.067 46.952
684.265 46.993
684.463 47.107
684.661 47.142
684.859 47.089
685.057 47.062
685.255 47.011
685.453 46.974
685.651 47.005
685.849 47.074
686.047 47.114
686.245 47.168
686.443 47.185
686.641 47.197
686.839 47.267
687.037 47.342
687.235 47.415
687.433 47.478
687.631 47.530
687.829 47.570
688.027 47.624
688.225 47.705
688.423 47.679
688.621 47.664
688.819 47.637
689.017 47.628
689.215 47.610
689.413 47.569
689.611 47.592
689.809 47.618
690.007 47.596
690.205 47.555
690.403 47.503
690.601 47.517
690.799 47.540
690.997 47.566
691.195 47.566
691.393 47.560
691.591 47.579
691.788 47.594
691.986 47.644
692.184 47.692
692.382 47.710
692.580 47.740
692.778 47.795
692.976 47.827
693.174 47.849
693.372 47.868
693.570 47.925
693.768 48.020
693.966 48.078
694.164 48.078
694.362 48.053
694.560 48.040
694.758 48.047
694.956 48.088
695.154 48.160
695.352 48.208
695.550 48.229
695.748 48.259
695.946 48.256
696.144 48.274
696.342 48.302
696.540 48.353
696.744 48.393
696.948 48.445
697.152 48.439
697.357 48.444
697.561 48.454
697.765 48.504
697.969 48.563
698.173 48.615
698.377 48.615
698.581 48.664
698.786 48.717
698.990 48.793
699.194 48.793
699.398 48.786
699.602 48.776
699.806 48.787
700.010 48.787
700.215 48.758
700.419 48.766
700.623 48.804
700.827 48.756
701.031 48.731
701.235 48.760
701.440 48.778
701.644 48.810
701.848 48.876
702.052 48.884
702.256 48.853
702.460 48.854
702.664 48.825
702.869 48.816
703.073 48.856
703.277 48.889
703.481 48.896
703.685 48.940
703.889 48.991
704.093 49.018
704.298 49.071
704.502 49.175
704.706 49.205
704.910 49.228
705.114 49.223
705.318 49.234
705.522 49.228
705.727 49.273
705.931 49.277
706.135 49.291
706.339 49.277
706.543 49.304
706.747 49.303
706.951 49.320
707.156 49.366
707.360 49.435
707.564 49.477
707.768 49.459
707.972 49.457
708.176 49.487
708.380 49.516
708.585 49.486
708.789 49.446
708.993 49.457
709.197 49.513
709.401 49.507
709.605 49.485
709.810 49.493
710.014 49.540
710.218 49.492
710.422 49.480
710.626 49.551
710.830 49.612
711.034 49.629
711.239 49.602
711.443 49.540
711.647 49.571
711.851 49.583
712.055 49.581
712.259 49.607
712.463 49.668
712.668 49.662
712.872 49.553
713.076 49.519
713.280 49.596
713.484 49.678
713.688 49.744
713.892 49.742
714.097 49.765
714.301 49.808
714.505 49.803
714.709 49.794
714.913 49.806
715.117 49.837
715.321 49.864
715.526 49.852
715.730 49.830
715.934 49.811
716.138 49.846
716.342 49.897
716.546 49.872
716.750 49.920
716.955 49.924
717.159 49.948
717.363 50.020
717.567 50.102
717.771 50.116
717.975 50.122
718.180 50.195
718.384 50.200
718.588 50.198
718.792 50.300
718.996 50.396
719.200 50.461
719.404 50.503
719.609 50.489
719.813 50.416
720.017 50.449
720.221 50.470
720.425 50.469
720.629 50.514
720.833 50.517
721.038 50.427
721.242 50.364
721.446 50.347
721.650 50.353
721.854 50.355
722.058 50.414
722.262 50.417
722.467 50.444
722.671 50.420
722.875 50.402
723.079 50.416
723.283 50.491
723.487 50.506
723.691 50.547
723.896 50.584
724.100 50.643
724.304 50.671
724.508 50.658
724.712 50.621
724.916 50.682
725.120 50.759
725.325 50.798
725.529 50.807
725.733 50.803
725.937 50.822
726.141 50.807
726.345 50.795
726.550 50.796
726.754 50.820
726.958 50.887
727.162 50.882
727.366 50.848
727.570 50.852
727.774 50.873
727.979 50.891
728.183 50.812
728.387 50.758
728.591 50.757
728.795 50.812
728.999 50.860
729.203 50.886
729.408 50.907
729.612 50.954
729.816 50.971
730.020 50.951
730.224 50.996
730.428 51.090
730.632 51.145
730.837 51.194
731.041 51.176
731.245 51.141
731.449 51.132
731.653 51.201
731.857 51.176
732.061 51.166
732.266 51.224
732.470 51.200
732.674 51.159
732.878 51.242
733.082 51.256
733.286 51.294
733.490 51.340
733.695 51.345
733.899 51.252
734.103 51.308
734.307 51.312
734.511 51.240
734.715 51.258
734.920 51.279
735.124 51.188
735.328 51.114
735.532 51.159
735.736 51.248
735.940 51.275
736.144 51.345
736.349 51.382
736.553 51.442
736.757 51.470
736.961 51.513
737.165 51.605
737.369 51.700
737.573 51.786
737.778 51.732
737.982 51.647
738.186 51.656
738.390 51.674
738.594 51.652
738.798 51.692
739.002 51.771
739.207 51.718
739.411 51.694
739.615 51.753
739.819 51.810
740.023 51.805
740.227 51.831
740.431 51.881
740.636 51.848
740.840 51.874
741.044 51.795
741.248 51.753
741.452 51.820
741.656 51.811
741.860 51.706
742.065 51.666
742.269 51.697
742.473 51.729
742.677 51.707
742.881 51.696
743.085 51.630
743.290 51.691
743.494 51.777
743.698 51.811
743.902 51.815
744.106 51.891
744.310 51.902
744.514 51.895
744.719 51.879
744.923 51.930
745.127 52.087
745.331 52.242
745.535 52.242
745.739 52.158
745.943 52.108
746.148 52.122
746.352 52.127
746.556 52.170
746.760 52.162
746.964 52.184
747.168 52.185
747.372 52.143
747.577 52.044
747.781 52.056
747.985 52.134
748.189 52.222
748.393 52.275
748.597 52.339
748.801 52.359
749.006 52.385
749.210 52.362
749.414 52.328
749.618 52.250
749.822 52.229
750.026 52.246
750.230 52.193
750.435 52.148
750.639 52.212
750.843 52.190
751.047 52.178
751.251 52.180
751.455 52.154
751.660 52.105
751.864 52.118
752.068 52.175
752.272 52.250
752.476 52.344
752.680 52.397
752.884 52.332
753.089 52.272
753.293 52.259
753.497 52.288
753.701 52.362
753.905 52.457
754.109 52.422
754.313 52.335
754.518 52.275
754.722 52.252
754.926 52.290
755.130 52.290
755.334 52.284
755.538 52.270
755.742 52.301
755.947 52.358
756.151 52.342
756.355 52.462
756.559 52.572
756.763 52.521
756.967 52.502
757.171 52.391
757.376 52.320
757.580 52.346
757.784 52.383
757.988 52.343
758.192 52.290
758.396 52.383
758.600 52.357
758.805 52.308
759.009 52.399
759.213 52.577
759.417 52.707
759.621 52.758
759.825 52.747
760.030 52.805
760.234 52.908
760.438 52.924
760.642 52.852
760.846 52.869
761.050 52.873
761.254 52.824
761.459 52.694
761.663 52.608
761.867 52.600
762.071 52.606
762.275 52.613
762.479 52.618
762.683 52.661
762.888 52.691
763.092 52.638
763.296 52.638
763.500 52.667
763.709 52.628
763.918 52.617
764.126 52.631
764.335 52.725
764.544 52.737
764.753 52.756
764.962 52.783
765.171 52.842
765.379 52.975
765.588 53.059
765.797 53.065
766.006 53.009
766.215 52.989
766.424 53.031
766.632 53.065
766.841 53.102
767.050 53.141
767.259 53.130
767.468 53.073
767.677 52.993
767.885 52.983
768.094 53.016
768.303 53.174
768.512 53.291
768.721 53.315
768.929 53.275
769.138 53.266
769.347 53.107
769.556 53.082
769.765 53.074
769.974 53.111
770.182 53.170
770.391 53.217
770.600 53.200
770.809 53.209
771.018 53.270
771.227 53.287
771.435 53.273
771.644 53.450
771.853 53.446
772.062 53.483
772.271 53.464
772.480 53.361
772.688 53.329
772.897 53.371
773.106 53.429
773.315 53.350
773.524 53.311
773.732 53.280
773.941 53.211
774.150 53.266
774.359 53.272
774.568 53.312
774.777 53.402
774.985 53.428
775.194 53.384
775.403 53.328
775.612 53.375
775.821 53.392
776.030 53.391
776.238 53.399
776.447 53.385
776.656 53.492
776.865 53.567
777.074 53.607
777.283 53.632
777.491 53.650
777.700 53.662
777.909 53.680
778.118 53.734
778.327 53.716
778.535 53.660
778.744 53.664
778.953 53.607
779.162 53.471
779.371 53.379
779.580 53.380
779.788 53.441
779.997 53.513
780.206 53.569
780.415 53.501
780.624 53.466
780.833 53.565
781.041 53.643
781.250 53.622
781.459 53.775
781.668 53.887
781.877 53.835
782.086 53.748
782.294 53.683
782.503 53.600
782.712 53.639
782.921 53.756
783.130 53.760
783.338 53.765
783.547 53.745
783.756 53.666
783.965 53.653
784.174 53.712
784.383 53.810
784.591 53.767
784.800 53.767
785.009 53.790
785.218 53.760
785.427 53.717
785.636 53.606
785.844 53.542
786.053 53.491
786.262 53.506
786.471 53.508
786.680 53.453
786.889 53.490
787.097 53.560
787.306 53.569
787.515 53.628
787.724 53.598
787.933 53.610
788.141 53.661
788.350 53.735
788.559 53.647
788.768 53.604
788.977 53.583
789.186 53.566
789.394 53.447
789.603 53.401
789.812 53.317
790.021 53.321
790.230 53.323
790.439 53.305
790.647 53.294
790.856 53.274
791.065 53.291
791.274 53.354
791.483 53.472
791.692 53.598
791.900 53.637
792.109 53.729
792.318 53.734
792.527 53.786
792.736 53.794
792.944 53.744
793.153 53.897
793.362 53.958
793.571 53.899
793.780 53.799
793.989 53.760
794.197 53.740
794.406 53.719
794.615 53.759
794.824 53.781
795.033 53.852
795.242 53.937
795.450 53.883
795.659 53.840
795.868 53.824
796.077 53.891
796.286 54.021
796.495 54.126
796.703 54.196
796.912 54.269
797.121 54.254
797.330 54.334
797.539 54.237
797.747 54.087
797.956 54.114
798.165 54.256
798.374 54.224
798.583 54.004
798.792 53.931
799.000 53.852
799.209 53.824
799.418 53.853
799.627 53.822
799.836 53.946
800.045 54.198
800.253 54.103
800.462 53.927
800.671 53.938
800.880 54.121
801.089 54.220
801.298 54.260
801.506 54.200
801.715 54.094
801.924 53.972
802.133 53.864
802.342 53.781
802.550 53.841
802.759 54.001
802.968 53.972
803.177 53.959
803.386 53.939
803.595 53.910
803.803 53.949
804.012 53.963
804.221 53.987
804.430 54.087
804.639 54.088
804.848 54.214
805.056 54.278
805.265 54.331
805.474 54.322
805.683 54.377
805.892 54.416
806.101 54.485
806.309 54.531
806.518 54.605
806.727 54.662
806.936 54.736
807.145 54.676
807.353 54.506
807.562 54.404
807.771 54.470
807.980 54.508
808.189 54.461
808.398 54.340
808.606 54.419
808.815 54.452
809.024 54.298
809.233 54.169
809.442 54.190
809.651 54.220
809.859 54.300
810.068 54.322
810.277 54.165
810.486 54.088
810.695 54.180
810.904 54.165
811.112 54.159
811.321 54.149
811.530 54.221
811.740 54.219
811.949 54.321
812.159 54.359
812.368 54.216
812.578 54.153
812.787 54.362
812.997 54.713
813.206 54.821
813.416 54.854
813.625 54.919
813.835 54.866
814.044 54.866
814.254 54.871
814.463 54.817
814.673 54.925
814.882 55.174
815.092 55.122
815.301 54.750
815.511 54.616
815.720 54.571
815.930 54.634
816.139 54.625
816.349 54.493
816.558 54.451
816.768 54.605
816.977 54.591
817.187 54.457
817.396 54.405
817.606 54.551
817.815 54.672
818.025 54.568
818.234 54.459
818.444 54.497
818.653 54.575
818.863 54.516
819.072 54.411
819.282 54.523
819.491 54.591
819.701 54.538
819.910 54.380
820.120 54.298
820.329 54.487
820.539 54.495
820.748 54.486
820.958 54.559
821.167 54.688
821.377 54.839
821.586 54.708
821.796 54.609
822.005 54.750
822.215 54.894
822.424 54.901
822.634 54.867
822.843 55.030
823.053 55.006
823.262 55.084
823.472 55.205
823.681 55.055
823.891 55.031
824.100 55.183
824.310 55.333
824.519 55.255
824.729 55.251
824.938 55.248
825.148 55.153
825.357 55.248
825.567 55.261
825.776 55.260
825.986 55.329
826.195 55.243
826.405 54.998
826.614 54.775
826.824 54.831
827.033 54.899
827.243 54.893
827.452 54.924
827.662 54.944
827.871 54.806
828.081 54.582
828.290 54.668
828.500 54.719
828.709 54.837
828.919 54.920
829.128 54.798
829.338 54.585
829.547 54.585
829.757 54.662
829.966 54.512
830.176 54.394
830.385 54.387
830.595 54.312
830.804 54.346
831.014 54.285
831.223 54.337
831.433 54.415
831.642 54.516
831.852 54.439
832.061 54.207
832.271 54.300
832.480 54.566
832.690 54.554
832.899 54.497
833.109 54.817
833.318 55.023
833.528 54.922
833.737 54.937
833.947 55.089
834.156 55.227
834.366 55.530
834.575 55.517
834.785 55.366
834.994 55.567
835.204 55.599
835.413 55.334
835.623 55.198
835.832 55.138
836.042 55.075
836.251 55.149
836.461 55.158
836.670 54.979
836.880 54.992
837.089 55.151
837.299 55.016
837.508 54.961
837.718 55.021
837.927 55.207
838.137 55.303
838.346 55.235
838.556 55.067
838.765 55.110
838.975 55.334
839.184 55.395
839.394 55.159
839.603 55.063
839.813 55.161
840.022 55.034
840.232 54.792
840.441 54.734
840.651 54.967
840.860 55.109
841.070 55.089
841.279 54.919
841.489 54.848
841.698 54.993
841.908 55.036
842.117 54.893
842.327 54.785
842.536 54.969
842.746 55.024
842.955 54.911
843.165 54.892
843.374 54.898
843.584 54.979
843.793 55.069
844.003 55.159
844.212 55.289
844.422 55.307
844.631 55.360
844.841 55.305
845.050 55.344
845.260 55.298
845.469 55.152
845.679 54.919
845.888 54.907
846.098 55.041
846.307 54.972
846.517 54.937
846.726 54.946
846.936 55.269
847.145 55.283
847.355 55.189
847.564 55.221
847.774 55.835
847.983 56.916
848.193 56.882
848.402 56.759
848.612 56.694
848.821 56.694
849.031 56.803
849.240 56.594
849.450 56.480
849.659 56.343
849.869 56.283
850.078 55.639
850.288 54.926
850.497 55.001
850.707 54.980
850.916 55.017
851.126 55.004
851.335 55.036
851.545 55.004
851.754 55.090
851.964 55.314
852.173 55.407
852.383 55.530
852.592 55.500
852.802 55.701
853.011 55.787
853.221 55.721
853.430 55.613
853.640 55.611
853.849 55.942
854.059 56.031
854.268 56.009
854.478 56.106
854.687 56.143
854.897 56.143
855.106 56.068
855.316 55.965
855.525 56.053
855.735 56.118
855.944 55.965
856.154 55.868
856.363 56.072
856.573 56.169
856.782 55.857
856.992 55.610
857.201 55.474
857.411 55.292
857.620 55.314
857.830 55.396
858.039 55.528
858.249 55.529
858.458 55.347
858.668 55.146
858.877 55.090
859.087 55.481
859.296 55.826
859.506 55.845
859.715 55.765
859.925 55.684
860.134 55.641
860.344 55.471
860.553 55.589
860.763 55.734
860.972 55.705
861.182 55.742
861.391 55.635
861.601 55.372
861.810 55.432
862.020 55.600
862.229 55.716
862.439 55.779
862.648 56.097
862.858 56.211
863.067 56.069
863.277 56.014
863.486 56.102
863.696 56.127
863.905 56.163
864.115 56.170
864.324 56.146
864.534 56.060
864.743 55.929
864.953 55.801
865.162 55.711
865.372 55.788
865.581 55.821
865.791 55.977
866.000 56.053
866.210 56.360
866.419 56.445
866.629 56.414
866.838 56.436
867.048 56.499
867.257 56.629
867.467 56.762
867.676 56.894
867.886 56.875
868.095 56.505
868.305 56.172
868.514 55.903
868.724 55.562
868.933 55.548
869.143 55.502
869.352 55.428
869.562 55.274
869.771 55.175
869.981 55.049
870.190 55.121
870.400 55.249
870.609 55.545
870.819 55.677
871.028 56.073
871.238 56.310
871.447 56.536
871.657 56.573
871.866 56.339
872.076 56.485
872.285 56.533
872.495 56.505
872.704 56.491
872.914 56.499
873.123 56.491
873.333 56.402
873.542 56.370
873.752 56.333
873.961 56.529
874.171 56.762
874.380 56.291
874.590 56.108
874.799 56.366
875.009 56.530
875.218 56.754
875.428 56.436
875.637 56.219
875.847 56.368
876.056 56.341
876.266 56.039
876.475 56.141
876.685 56.689
876.894 57.049
877.104 56.898
877.313 56.676
877.523 56.472
877.732 56.683
877.942 56.857
878.151 56.625
878.361 56.516
878.570 56.537
878.780 56.525
878.989 56.451
879.199 56.517
879.408 56.357
879.618 56.074
879.827 55.984
880.037 56.302
880.246 56.357
880.456 56.176
880.665 56.064
880.875 56.388
881.084 56.709
881.294 56.642
881.503 56.101
881.713 56.077
881.922 56.424
882.132 56.288
882.341 55.995
882.551 55.909
882.760 56.060
882.970 56.083
883.179 55.970
883.389 55.615
883.598 55.428
883.808 55.761
884.017 56.096
884.227 56.046
884.436 56.078
884.646 56.221
884.855 56.251
885.065 56.189
885.274 56.330
885.484 56.494
885.693 56.575
885.903 56.435
886.112 56.306
886.322 56.163
886.531 56.205
886.741 56.423
886.950 56.547
887.160 56.631
887.369 56.501
887.579 56.497
887.788 56.241
887.998 56.312
888.207 56.664
888.417 56.684
888.626 56.708
888.836 56.668
889.045 56.417
889.255 56.064
889.464 56.381
889.674 56.730
889.883 56.600
890.093 56.525
890.302 56.208
890.512 56.063
890.721 56.378
890.931 56.275
891.140 56.247
891.350 56.271
891.559 56.339
891.769 55.933
891.978 55.687
892.188 56.005
892.397 56.191
892.607 56.379
892.816 56.635
893.026 56.130
893.235 55.869
893.445 56.025
893.654 56.274
893.864 56.439
894.073 56.383
894.283 56.413
894.492 56.257
894.702 56.062
894.911 56.035
895.121 55.881
895.330 55.950
895.540 56.061
895.749 56.164
895.959 56.201
896.168 56.365
896.378 56.478
896.587 56.777
896.797 56.815
897.006 56.844
897.216 57.009
897.425 56.711
897.635 56.740
897.844 57.089
898.054 56.997
898.263 56.614
898.473 56.196
898.682 56.021
898.892 56.109
899.101 56.265
899.311 56.227
899.520 55.961
899.730 56.267
899.939 56.475
900.149 56.250
900.358 56.201
900.568 56.516
900.777 56.824
900.987 56.934
901.196 56.604
901.406 56.294
901.615 56.382
901.825 56.435
902.034 56.132
902.244 56.017
902.453 56.067
902.663 56.064
902.872 56.017
903.082 56.096
903.291 56.154
903.501 56.138
903.710 56.372
903.920 56.735
904.129 56.688
904.339 56.993
904.548 56.905
904.758 56.779
904.967 56.894
905.177 56.961
905.386 57.179
905.596 57.350
905.805 57.410
906.015 57.462
906.224 57.263
906.434 57.320
906.643 57.250
906.853 57.097
907.062 57.268
907.272 57.038
907.481 56.907
907.691 56.826
907.900 56.436
908.110 56.355
908.319 56.243
908.529 55.967
908.738 55.862
908.948 55.934
909.157 55.916
909.367 55.825
909.576 56.479
909.786 56.840
909.995 56.622
910.205 56.703
910.414 56.568
910.624 56.678
910.833 57.052
911.043 57.082
911.252 57.170
911.462 57.753
911.672 57.780
911.881 57.108
912.091 56.430
912.300 56.368
912.512 56.303
912.724 56.425
912.937 56.434
913.149 56.501
913.361 56.921
913.573 56.765
913.786 56.501
913.998 56.663
914.210 56.612
914.422 57.166
914.634 57.168
914.847 57.197
915.059 57.082
915.271 57.117
915.483 56.757
915.696 56.351
915.908 56.548
916.120 56.664
916.332 56.473
916.544 56.667
916.757 56.662
916.969 56.545
917.181 56.762
917.393 57.010
917.606 56.905
917.818 57.177
918.030 57.477
918.242 57.526
918.454 57.242
918.667 57.311
918.879 57.436
919.091 57.352
919.303 57.201
919.516 57.057
919.728 57.151
919.940 57.468
920.152 57.486
920.364 57.292
920.577 56.822
920.789 56.476
921.001 56.465
921.213 56.996
921.426 57.564
921.638 58.092
921.850 57.751
922.062 57.403
922.274 57.211
922.487 57.138
922.699 57.018
922.911 57.388
923.123 58.184
923.336 58.398
923.548 57.665
923.760 56.938
923.972 56.647
924.184 56.835
924.397 56.848
924.609 56.631
924.821 56.942
925.033 57.093
925.246 56.940
925.458 56.806
925.670 56.858
925.882 57.246
926.094 57.305
926.307 57.292
926.519 57.451
926.731 57.784
926.943 58.182
927.156 58.002
927.368 57.848
927.580 57.943
927.792 58.057
928.004 58.235
928.217 58.005
928.429 58.322
928.641 58.742
928.853 58.888
929.066 58.593
929.278 58.408
929.490 58.369
929.702 58.927
929.914 59.114
930.127 59.080
930.339 58.879
930.551 58.961
930.763 58.733
930.976 58.548
931.188 58.614
931.400 58.850
931.612 58.947
931.824 58.989
932.037 58.684
932.249 59.003
932.461 59.220
932.673 59.185
932.886 59.248
933.098 59.631
933.310 60.437
933.522 60.835
933.734 61.437
933.947 61.529
934.159 61.550
934.371 61.620
934.583 60.779
934.796 60.215
935.008 60.020
935.220 60.115
935.432 59.334
935.644 58.291
935.857 58.100
936.069 57.459
936.281 56.978
936.493 56.295
936.706 56.879
936.918 58.283
937.130 58.836
937.342 59.256
937.554 59.533
937.767 60.771
937.979 61.394
938.191 61.485
938.403 61.476
938.616 61.441
938.828 62.339
939.040 62.350
939.252 61.681
939.464 61.229
939.677 60.931
939.889 60.274
940.101 59.590
940.313 60.224
940.526 60.417
940.738 60.505
940.950 60.675
941.162 60.044
941.374 59.580
941.587 60.647
941.799 61.323
942.011 61.390
942.223 61.846
942.436 62.067
942.648 60.965
942.860 60.892
943.072 60.564
943.284 60.810
943.497 61.217
943.709 61.144
943.921 60.186
944.133 60.552
944.346 61.254
944.558 61.429
944.770 61.518
944.982 61.955
945.194 61.992
945.407 62.388
945.619 61.748
945.831 61.512
946.043 62.116
946.256 62.564
946.468 62.021
946.680 61.234
946.892 61.357
947.104 61.489
947.317 61.156
947.529 60.500
947.741 61.356
947.953 62.203
948.166 61.870
948.378 61.791
948.590 62.365
948.802 62.856
949.014 63.936
949.227 63.533
949.439 62.872
949.651 63.626
949.863 65.454
950.076 65.385
950.288 65.694
950.500 66.532
950.712 65.705
950.924 64.797
951.137 65.665
951.349 66.521
951.561 66.485
951.773 67.530
951.986 68.143
952.198 66.060
952.410 64.762
952.622 63.808
952.834 63.989
953.047 65.195
953.259 64.204
953.471 61.775
953.683 59.602
953.896 61.062
954.108 61.741
954.320 60.213
954.532 60.183
954.744 60.893
954.957 62.028
955.169 61.594
955.381 61.241
955.593 61.545
955.806 61.795
956.018 62.506
956.230 62.253
956.442 60.824
956.654 61.084
956.867 61.024
957.079 60.805
957.291 60.821
957.503 61.487
957.716 61.292
957.928 61.848
958.140 62.069
958.352 62.153
958.564 61.447
958.777 60.976
958.989 60.066
959.201 61.421
959.413 62.327
959.626 61.399
959.838 60.420
960.050 59.800
960.262 59.483
960.474 60.698
960.687 62.015
960.899 62.600
961.111 63.210
961.323 64.057
961.536 63.162
961.748 62.873
961.960 63.409
962.172 62.587
962.384 61.752
962.597 62.206
962.809 63.153
963.021 62.045
963.233 60.671
963.446 59.895
963.658 59.288
963.870 60.268
964.082 61.231
964.294 61.583
964.507 61.964
964.719 62.738
964.931 62.830
965.143 61.478
965.356 61.531
965.568 62.332
965.780 63.600
966.000 63.841
966.221 62.328
966.441 60.986
966.662 61.404
966.882 62.959
967.103 62.735
967.323 61.474
967.543 62.267
967.764 62.459
967.984 61.700
968.205 60.645
968.425 61.350
968.645 61.535
968.866 60.965
969.086 60.512
969.307 59.837
969.527 61.058
969.748 62.489
969.968 61.900
970.188 60.471
970.409 59.667
970.629 60.147
970.850 61.443
971.070 62.171
971.290 63.149
971.511 62.574
971.731 63.069
971.952 63.298
972.172 62.052
972.393 61.439
972.613 62.434
972.833 64.117
973.054 65.231
973.274 64.410
973.495 64.775
973.715 65.082
973.936 66.370
974.156 66.007
974.376 65.301
974.597 66.090
974.817 65.805
975.038 65.671
975.258 65.323
975.478 65.122
975.699 65.230
975.919 65.299
976.140 65.932
976.360 65.608
976.581 65.671
976.801 66.125
977.021 66.115
977.242 65.326
977.462 65.198
977.683 66.970
977.903 66.643
978.123 67.474
978.344 67.260
978.564 65.389
978.785 64.783
979.005 65.169
979.226 64.980
979.446 65.566
979.666 66.779
979.887 66.366
980.107 66.256
980.328 68.065
980.548 67.083
980.769 66.656
980.989 65.254
981.209 64.651
981.430 65.152
981.650 64.675
981.871 64.568
982.091 64.256
982.311 65.737
982.532 63.776
982.752 61.372
982.973 61.161
983.193 62.042
983.414 65.141
983.634 66.523
983.854 65.858
984.075 66.980
984.295 67.238
984.516 67.262
984.736 67.062
984.956 67.499
985.177 67.819
985.397 66.658
985.618 66.385
985.838 66.373
986.059 65.465
986.279 64.537
986.499 63.375
986.720 63.252
986.940 65.131
987.161 63.971
987.381 63.217
987.602 63.813
987.822 65.917
988.042 64.872
988.263 64.463
988.483 64.854
988.704 64.078
988.924 62.995
989.144 62.708
989.365 62.763
989.585 65.594
989.806 65.212
990.026 63.054
990.247 61.733
990.467 62.490
990.687 62.323
990.908 62.648
991.128 65.007
991.349 66.545
991.569 66.006
991.789 65.160
992.010 64.121
992.230 65.192
992.451 65.090
992.671 64.686
992.892 67.314
993.112 68.590
993.332 67.061
993.553 65.457
993.773 67.228
993.994 66.958
994.214 65.987
994.435 64.741
994.655 65.752
994.875 66.446
995.096 68.193
995.316 66.862
995.537 64.242
995.757 63.340
995.977 63.227
996.198 59.016
996.418 58.171
996.639 58.859
996.859 58.434
997.080 57.043
997.300 59.179
997.520 57.410
997.741 52.971
997.961 53.221
998.182 54.622
998.402 53.962
998.622 58.643
998.843 63.939
999.063 64.868
999.284 65.465
999.504 64.463
999.725 63.843
999.945 65.963
1000.165 71.609
1000.386 72.856
1000.606 73.572
1000.827 74.913
1001.047 72.568
1001.268 66.575
1001.488 64.836
1001.708 69.001
1001.929 72.080
1002.149 72.011
1002.370 68.516
1002.590 66.401
1002.810 69.162
1003.031 69.266
1003.251 68.597
1003.472 70.299
1003.692 74.138
1003.913 75.575
1004.133 69.986
1004.353 69.376
1004.574 70.510
1004.794 75.037
1005.015 78.717
1005.235 73.708
1005.455 71.898
1005.676 73.465
1005.896 71.500
1006.117 67.856
1006.337 65.974
1006.558 71.225
1006.778 72.132
1006.998 68.833
1007.219 65.193
1007.439 60.244
1007.660 63.575
1007.880 68.302
1008.101 68.384
1008.321 65.942
1008.541 68.160
1008.762 71.856
1008.982 70.891
1009.203 71.012
1009.423 73.887
1009.643 75.440
1009.864 78.308
1010.084 75.404
1010.305 73.575
1010.525 74.849
1010.746 76.655
1010.966 73.950
1011.186 71.700
1011.407 68.638
1011.627 65.360
1011.848 64.403
1012.068 63.971
1012.288 61.657
1012.509 63.183
1012.729 60.752
1012.950 56.535
