290.982 84.975
291.167 86.915
291.352 87.938
291.537 88.649
291.722 89.426
291.907 93.106
292.091 92.115
292.276 89.792
292.461 88.859
292.646 89.221
292.831 91.110
293.016 88.661
293.201 84.150
293.386 82.714
293.571 84.213
293.756 84.768
293.940 84.099
294.125 82.970
294.310 83.980
294.495 84.653
294.680 83.077
294.865 80.746
295.050 82.138
295.235 84.283
295.420 83.902
295.605 80.976
295.789 80.566
295.974 80.718
296.159 79.661
296.344 79.381
296.529 78.834
296.714 78.241
296.899 77.960
297.084 79.519
297.269 79.817
297.454 80.450
297.638 81.736
297.823 81.203
298.008 81.182
298.193 81.938
298.378 81.846
298.563 81.153
298.748 83.872
298.933 84.918
299.118 82.718
299.303 82.134
299.487 81.010
299.672 79.172
299.857 76.953
300.042 77.966
300.227 78.297
300.412 78.204
300.597 79.267
300.782 77.080
300.967 77.212
301.152 77.942
301.336 78.349
301.521 79.065
301.706 81.332
301.891 83.380
302.076 83.031
302.261 83.116
302.446 83.830
302.631 82.576
302.816 84.575
303.001 84.337
303.185 82.096
303.370 80.648
303.555 80.006
303.740 78.081
303.925 76.721
304.110 75.606
304.295 75.851
304.480 75.997
304.665 76.037
304.850 73.945
305.034 72.823
305.219 74.123
305.404 74.593
305.589 75.832
305.774 75.944
305.959 76.764
306.144 77.388
306.329 75.545
306.514 73.641
306.699 73.746
306.883 73.738
307.068 73.961
307.253 73.673
307.438 74.282
307.623 73.261
307.808 71.866
307.993 70.055
308.178 69.386
308.363 69.866
308.548 71.501
308.732 72.963
308.917 73.011
309.102 72.926
309.287 73.268
309.472 74.483
309.657 76.367
309.842 76.254
310.027 75.306
310.212 74.484
310.397 74.397
310.581 73.302
310.766 71.904
310.951 71.125
311.136 70.397
311.321 70.212
311.506 68.512
311.691 66.339
311.876 66.042
312.061 66.194
312.245 68.275
312.430 69.615
312.615 70.205
312.800 69.566
312.985 68.462
313.170 67.760
313.347 68.042
313.523 67.898
313.700 68.414
313.877 68.726
314.054 69.587
314.230 68.427
314.407 66.382
314.584 65.191
314.761 65.376
314.937 65.266
315.114 66.613
315.291 67.326
315.467 67.169
315.644 64.215
315.821 63.317
315.998 63.045
316.174 62.158
316.351 62.990
316.528 63.421
316.704 62.468
316.881 62.964
317.058 63.023
317.235 62.668
317.411 62.987
317.588 65.276
317.765 65.903
317.942 66.045
318.118 66.953
318.295 66.060
318.472 65.204
318.648 66.416
318.825 66.710
319.002 64.886
319.179 63.703
319.355 63.982
319.532 64.032
319.709 63.179
319.885 62.719
320.062 62.173
320.239 61.602
320.416 61.631
320.592 60.820
320.769 60.249
320.946 61.092
321.123 61.192
321.299 59.903
321.476 58.425
321.653 59.444
321.829 59.738
322.006 58.784
322.183 58.939
322.360 58.208
322.536 57.832
322.713 58.480
322.890 58.576
323.066 57.737
323.243 58.520
323.420 61.124
323.597 60.811
323.773 59.103
323.950 59.292
324.127 60.662
324.304 61.270
324.480 60.265
324.657 59.512
324.834 59.005
325.010 59.345
325.187 58.401
325.364 56.276
325.541 55.464
325.717 56.371
325.894 55.700
326.071 53.555
326.248 53.386
326.424 54.897
326.601 54.601
326.778 53.679
326.954 53.027
327.131 52.607
327.308 51.869
327.485 52.048
327.661 52.220
327.838 52.552
328.015 53.285
328.191 52.766
328.368 51.238
328.545 49.941
328.722 50.411
328.898 52.060
329.075 52.758
329.252 52.238
329.429 51.659
329.605 51.591
329.782 51.570
329.959 50.696
330.135 50.230
330.312 50.754
330.489 51.755
330.666 51.395
330.842 49.063
331.019 47.876
331.196 48.747
331.372 49.440
331.549 48.468
331.726 47.856
331.903 48.365
332.079 48.741
332.256 47.644
332.433 46.300
332.610 45.339
332.786 46.245
332.963 46.676
333.140 45.989
333.316 46.975
333.493 47.044
333.670 46.359
333.847 47.475
334.023 47.384
334.200 46.826
334.377 46.363
334.553 46.906
334.730 46.409
334.907 45.588
335.084 45.519
335.260 44.315
335.437 44.206
335.614 45.034
335.791 43.413
335.967 42.593
336.144 43.321
336.321 44.173
336.497 44.169
336.674 43.980
336.851 44.192
337.028 43.599
337.204 42.949
337.381 43.636
337.558 44.468
337.734 44.367
337.911 43.834
338.088 43.547
338.265 44.972
338.441 45.545
338.618 44.434
338.795 43.841
338.972 44.333
339.148 44.933
339.325 44.446
339.502 42.670
339.678 42.647
339.855 43.544
340.032 43.323
340.209 41.786
340.385 41.132
340.562 41.427
340.739 41.136
340.916 40.047
341.092 39.459
341.269 39.066
341.446 39.010
341.622 38.548
341.799 38.003
341.976 38.535
342.153 39.104
342.329 39.083
342.506 39.407
342.683 39.493
342.859 39.412
343.036 39.308
343.213 39.167
343.390 38.798
343.566 38.853
343.743 38.448
343.920 37.490
344.097 36.548
344.273 36.040
344.450 35.651
344.627 36.277
344.803 37.677
344.980 37.361
345.157 36.772
345.334 36.805
345.510 36.548
345.687 36.551
345.864 37.147
346.040 37.502
346.217 37.790
346.394 37.811
346.571 37.167
346.747 35.199
346.924 34.817
347.101 35.959
347.278 36.554
347.454 37.206
347.631 36.782
347.808 35.519
347.984 35.366
348.161 35.747
348.338 36.000
348.515 35.746
348.691 36.098
348.868 36.066
349.045 34.523
349.221 33.861
349.398 32.964
349.575 33.456
349.752 34.514
349.928 33.700
350.105 32.485
350.282 31.558
350.459 32.109
350.635 32.556
350.812 32.106
350.989 32.839
351.165 33.694
351.342 33.768
351.519 32.993
351.696 32.494
351.872 32.854
352.049 32.667
352.226 33.204
352.402 32.994
352.579 32.872
352.756 33.627
352.933 33.319
353.109 31.722
353.286 30.849
353.463 31.051
353.640 30.781
353.816 29.962
353.993 30.003
354.170 29.809
354.346 29.666
354.523 29.741
354.700 29.273
354.877 28.969
355.053 29.010
355.230 29.554
355.407 29.500
355.584 29.628
355.760 30.511
355.937 31.067
356.114 31.123
356.290 30.787
356.467 30.485
356.644 29.981
356.821 29.480
356.997 30.107
357.174 30.151
357.351 30.027
357.527 29.936
357.704 29.363
357.881 29.242
358.058 29.545
358.234 29.799
358.411 29.652
358.588 29.334
358.765 29.177
358.941 28.654
359.118 28.423
359.295 28.543
359.471 27.958
359.648 28.081
359.825 28.027
360.002 27.113
360.178 26.695
360.355 26.646
360.532 27.101
360.708 27.400
360.885 27.462
361.062 26.818
361.239 26.213
361.415 26.273
361.592 25.820
361.769 25.117
361.946 25.515
362.122 25.781
362.299 25.123
362.476 24.839
362.652 24.864
362.829 25.170
363.006 25.408
363.183 26.048
363.359 26.277
363.536 26.003
363.713 26.036
363.889 25.838
364.066 25.070
364.243 24.883
364.420 24.697
364.596 24.446
364.773 23.791
364.950 23.998
365.127 23.650
365.303 23.387
365.480 23.943
365.661 24.008
365.841 23.882
366.022 24.032
366.202 24.459
366.383 24.480
366.563 24.345
366.744 24.235
366.924 23.821
367.105 23.512
367.286 22.904
367.466 22.078
367.647 22.146
367.827 22.002
368.008 22.003
368.188 21.768
368.369 21.640
368.549 21.648
368.730 21.096
368.911 20.845
369.091 20.900
369.272 21.163
369.452 21.523
369.633 20.985
369.813 20.676
369.994 20.919
370.174 20.695
370.355 20.090
370.535 19.624
370.716 20.101
370.897 20.336
371.077 19.885
371.258 20.199
371.438 20.797
371.619 21.070
371.799 20.969
371.980 20.152
372.160 20.038
372.341 20.545
372.522 20.907
372.702 21.004
372.883 20.911
373.063 21.041
373.244 20.897
373.424 20.284
373.605 20.082
373.785 20.102
373.966 20.230
374.147 20.170
374.327 20.270
374.508 20.349
374.688 20.011
374.869 20.082
375.049 20.555
375.230 20.990
375.410 20.942
375.591 20.592
375.772 20.438
375.952 20.706
376.133 20.796
376.313 20.553
376.494 19.959
376.674 19.940
376.855 19.861
377.035 19.190
377.216 18.700
377.397 18.834
377.577 19.020
377.758 18.912
377.938 18.605
378.119 18.511
378.299 18.356
378.480 18.496
378.660 18.553
378.841 18.504
379.021 18.339
379.202 17.746
379.383 17.062
379.563 16.694
379.744 16.633
379.924 16.384
380.105 16.438
380.285 16.391
380.466 16.020
380.646 15.501
380.827 14.946
381.008 14.950
381.188 15.145
381.369 15.428
381.549 15.304
381.730 15.012
381.910 15.194
382.091 15.000
382.271 14.945
382.452 15.015
382.633 15.085
382.813 15.475
382.994 15.831
383.174 15.745
383.355 15.449
383.535 15.638
383.716 16.004
383.896 15.775
384.077 15.676
384.258 15.762
384.438 15.834
384.619 15.747
384.799 15.377
384.980 15.004
385.160 14.727
385.341 14.454
385.521 14.076
385.702 13.708
385.882 13.803
386.063 13.839
386.244 13.565
386.424 13.427
386.605 13.296
386.785 13.215
386.966 13.115
387.146 13.087
387.327 13.137
387.507 13.241
387.688 13.319
387.869 13.165
388.049 13.279
388.230 13.296
388.410 13.271
388.591 13.290
388.771 13.364
388.952 13.370
389.132 13.252
389.313 13.214
389.494 13.053
389.674 12.753
389.855 12.559
390.035 12.240
390.216 12.178
390.396 12.364
390.577 12.444
390.757 12.266
390.938 12.145
391.119 12.102
391.299 12.067
391.480 12.210
391.660 12.448
391.841 12.654
392.021 12.731
392.202 12.596
392.382 12.315
392.563 12.241
392.743 12.210
392.924 12.179
393.105 12.247
393.285 12.313
393.466 12.177
393.646 12.138
393.827 12.043
394.007 11.672
394.188 11.719
394.368 11.782
394.549 11.647
394.730 11.536
394.910 11.532
395.091 11.525
395.271 11.658
395.452 11.882
395.632 11.651
395.813 11.406
395.993 11.537
396.174 11.453
396.355 11.282
396.535 11.362
396.716 11.720
396.896 11.921
397.077 11.867
397.257 11.527
397.438 11.080
397.618 10.959
397.799 10.993
397.980 11.078
398.160 11.049
398.341 10.957
398.521 10.798
398.702 10.468
398.882 10.098
399.063 10.047
399.243 10.126
399.424 10.179
399.605 10.433
399.785 10.436
399.966 10.194
400.146 10.135
400.327 10.221
400.507 10.329
400.688 10.189
400.868 10.171
401.049 10.152
401.229 9.927
401.410 9.934
401.591 9.936
401.771 10.078
401.952 10.194
402.132 10.149
402.313 10.141
402.493 10.168
402.674 10.436
402.854 10.607
403.035 10.780
403.216 10.673
403.396 10.659
403.577 10.598
403.757 10.340
403.938 10.213
404.118 10.132
404.299 9.933
404.479 9.734
404.660 9.512
404.841 9.354
405.023 9.108
405.204 9.103
405.385 9.060
405.566 8.985
405.748 8.895
405.929 8.867
406.110 9.165
406.292 9.414
406.473 9.521
406.654 9.503
406.835 9.315
407.017 9.166
407.198 9.203
407.379 9.106
407.560 8.969
407.742 8.911
407.923 8.829
408.104 8.430
408.286 8.129
408.467 7.975
408.648 8.158
408.829 8.547
409.011 8.615
409.192 8.542
409.373 8.496
409.555 8.507
409.736 8.630
409.917 8.772
410.098 8.997
410.280 9.069
410.461 9.086
410.642 8.817
410.823 8.346
411.005 8.333
411.186 8.595
411.367 8.810
411.549 8.891
411.730 8.853
411.911 8.711
412.092 8.541
412.274 8.545
412.455 8.492
412.636 8.525
412.818 8.706
412.999 8.670
413.180 8.489
413.361 8.371
413.543 8.302
413.724 8.275
413.905 8.200
414.087 8.146
414.268 8.028
414.449 7.970
414.630 7.971
414.812 7.995
414.993 8.124
415.174 8.057
415.355 7.953
415.537 7.854
415.718 7.897
415.899 7.992
416.081 7.911
416.262 7.803
416.443 7.761
416.624 7.689
416.806 7.578
416.987 7.396
417.168 7.277
417.350 7.196
417.531 7.170
417.712 7.089
417.893 7.074
418.075 7.220
418.256 7.223
418.437 7.083
418.618 6.876
418.800 6.780
418.981 6.868
419.162 6.976
419.344 7.081
419.525 7.201
419.706 7.186
419.887 7.084
420.069 7.019
420.250 7.131
420.431 7.229
420.613 7.375
420.794 7.372
420.975 7.157
421.156 7.111
421.338 7.019
421.519 6.816
421.700 6.723
421.882 6.686
422.063 6.515
422.244 6.399
422.425 6.410
422.607 6.295
422.788 6.257
422.969 6.302
423.150 6.413
423.332 6.668
423.513 6.822
423.694 6.775
423.876 6.773
424.057 6.858
424.238 6.852
424.419 7.028
424.601 7.494
424.782 7.638
424.963 7.759
425.145 7.680
425.326 7.456
425.507 7.286
425.688 7.367
425.870 7.347
426.051 7.285
426.232 7.282
426.413 7.078
426.595 6.596
426.776 6.389
426.957 6.335
427.139 6.412
427.320 6.320
427.501 6.247
427.682 6.045
427.864 6.012
428.045 6.012
428.226 5.980
428.408 6.013
428.589 6.078
428.770 6.126
428.951 6.006
429.133 5.832
429.314 5.860
429.495 5.924
429.677 6.026
429.858 6.046
430.039 6.011
430.220 6.022
430.402 5.980
430.583 6.037
430.764 6.027
430.945 6.055
431.127 5.995
431.308 5.949
431.489 5.991
431.671 6.023
431.852 5.976
432.033 5.975
432.214 5.965
432.396 5.891
432.577 5.722
432.758 5.679
432.940 5.698
433.121 5.701
433.302 5.680
433.483 5.719
433.665 5.818
433.846 5.960
434.027 5.990
434.208 5.937
434.390 5.946
434.571 5.976
434.752 5.963
434.934 5.957
435.115 6.041
435.296 6.078
435.477 6.002
435.659 5.906
435.840 5.875
436.030 5.953
436.220 5.958
436.410 5.927
436.600 5.952
436.790 6.018
436.980 6.072
437.170 6.008
437.360 5.957
437.550 5.933
437.741 5.947
437.931 5.890
438.121 5.866
438.311 5.891
438.501 5.913
438.691 5.990
438.881 5.956
439.071 5.831
439.261 5.786
439.451 5.746
439.641 5.693
439.831 5.598
440.021 5.536
440.211 5.440
440.401 5.435
440.591 5.454
440.781 5.445
440.971 5.478
441.161 5.447
441.351 5.409
441.542 5.411
441.732 5.441
441.922 5.446
442.112 5.461
442.302 5.489
442.492 5.481
442.682 5.357
442.872 5.175
443.062 5.062
443.252 5.087
443.442 5.149
443.632 5.147
443.822 5.073
444.012 4.984
444.202 4.923
444.392 4.888
444.582 4.806
444.772 4.825
444.962 4.912
445.153 4.964
445.343 4.943
445.533 4.875
445.723 4.862
445.913 4.863
446.103 4.909
446.293 4.936
446.483 4.903
446.673 4.959
446.863 5.009
447.053 5.011
447.243 5.039
447.433 5.055
447.623 5.090
447.813 5.112
448.003 5.211
448.193 5.213
448.383 5.183
448.573 5.171
448.764 5.031
448.954 4.966
449.144 4.912
449.334 4.819
449.524 4.759
449.714 4.728
449.904 4.711
450.094 4.675
450.284 4.671
450.474 4.658
450.664 4.655
450.854 4.740
451.044 4.771
451.234 4.776
451.424 4.719
451.614 4.714
451.804 4.770
451.994 4.744
452.184 4.695
452.375 4.719
452.565 4.724
452.755 4.760
452.945 4.784
453.135 4.790
453.325 4.824
453.515 4.960
453.705 5.040
453.895 4.999
454.085 5.001
454.275 5.068
454.465 5.078
454.655 5.039
454.845 4.975
455.035 4.999
455.225 4.934
455.415 4.852
455.605 4.828
455.795 4.840
455.985 4.774
456.176 4.710
456.366 4.663
456.556 4.620
456.746 4.630
456.936 4.655
457.126 4.657
457.316 4.698
457.506 4.719
457.696 4.654
457.886 4.548
458.076 4.528
458.266 4.547
458.456 4.509
458.646 4.472
458.836 4.478
459.026 4.509
459.216 4.472
459.406 4.445
459.596 4.433
459.787 4.395
459.977 4.409
460.167 4.458
460.357 4.444
460.547 4.451
460.737 4.459
460.927 4.454
461.117 4.360
461.307 4.373
461.497 4.421
461.687 4.441
461.877 4.503
462.067 4.547
462.257 4.598
462.447 4.592
462.637 4.523
462.827 4.496
463.017 4.525
463.207 4.644
463.397 4.594
463.588 4.560
463.778 4.611
463.968 4.567
464.158 4.483
464.348 4.397
464.538 4.433
464.728 4.430
464.918 4.424
465.108 4.424
465.298 4.335
465.488 4.312
465.678 4.305
465.868 4.275
466.058 4.270
466.248 4.252
466.438 4.267
466.628 4.313
466.818 4.400
467.008 4.446
467.199 4.425
467.389 4.402
467.579 4.390
467.769 4.406
467.959 4.346
468.149 4.273
468.339 4.324
468.529 4.381
468.719 4.420
468.909 4.355
469.099 4.274
469.289 4.257
469.479 4.286
469.669 4.280
469.859 4.233
470.049 4.214
470.239 4.268
470.429 4.292
470.619 4.207
470.810 4.085
471.000 4.119
471.190 4.208
471.380 4.190
471.570 4.177
471.760 4.214
471.950 4.252
472.140 4.296
472.330 4.361
472.520 4.349
472.710 4.343
472.900 4.349
473.090 4.321
473.280 4.268
473.470 4.286
473.660 4.290
473.850 4.284
474.040 4.265
474.230 4.242
474.421 4.186
474.611 4.158
474.801 4.171
474.991 4.211
475.181 4.232
475.371 4.259
475.561 4.256
475.751 4.191
475.941 4.142
476.131 4.143
476.321 4.159
476.511 4.175
476.701 4.188
476.891 4.151
477.081 4.074
477.271 3.976
477.461 3.888
477.651 3.864
477.841 3.892
478.031 3.927
478.222 3.902
478.412 3.892
478.602 3.867
478.792 3.849
478.982 3.898
479.172 3.906
479.362 3.947
479.552 4.021
479.742 4.003
479.932 4.021
480.122 4.025
480.312 4.038
480.502 4.053
480.692 4.063
480.882 4.028
481.072 3.992
481.262 4.017
481.452 4.037
481.642 4.024
481.833 4.082
482.023 4.079
482.213 4.075
482.403 4.082
482.593 4.058
482.783 4.082
482.973 4.140
483.163 4.180
483.353 4.138
483.543 4.137
483.733 4.144
483.923 4.105
484.113 4.144
484.303 4.141
484.493 4.082
484.683 4.103
484.873 4.092
485.063 4.058
485.253 4.024
485.443 4.054
485.634 4.035
485.824 3.989
486.014 3.965
486.204 3.918
486.394 3.956
486.584 4.015
486.774 3.981
486.964 3.950
487.154 3.927
487.344 3.922
487.534 3.920
487.724 3.918
487.914 3.948
488.104 3.969
488.294 3.987
488.484 3.933
488.674 3.885
488.864 3.886
489.054 3.897
489.245 3.901
489.435 3.902
489.625 3.920
489.815 3.968
490.005 4.022
490.195 4.000
490.385 3.973
490.575 4.004
490.765 4.071
490.955 4.123
491.145 4.126
491.335 4.144
491.525 4.128
491.715 4.092
491.905 4.067
492.095 4.002
492.285 3.955
492.475 3.933
492.665 3.882
492.856 3.830
493.046 3.759
493.236 3.728
493.426 3.735
493.616 3.712
493.806 3.729
493.996 3.718
494.186 3.707
494.376 3.785
494.566 3.801
494.756 3.809
494.946 3.823
495.136 3.843
495.326 3.869
495.516 3.898
495.706 3.943
495.896 3.910
496.086 3.896
496.276 3.903
496.467 3.865
496.657 3.875
496.847 3.886
497.037 3.882
497.227 3.892
497.417 3.883
497.607 3.816
497.797 3.806
497.987 3.847
498.177 3.821
498.367 3.831
498.557 3.849
498.747 3.846
498.937 3.851
499.127 3.814
499.317 3.772
499.507 3.740
499.697 3.764
499.887 3.807
500.077 3.804
500.268 3.835
500.458 3.818
500.648 3.774
500.838 3.719
501.028 3.688
501.218 3.716
501.408 3.714
501.598 3.725
501.788 3.716
501.978 3.694
502.168 3.663
502.358 3.650
502.548 3.638
502.738 3.656
502.928 3.692
503.118 3.699
503.308 3.710
503.498 3.761
503.688 3.769
503.879 3.761
504.069 3.739
504.259 3.759
504.449 3.740
504.639 3.726
504.829 3.733
505.019 3.723
505.209 3.716
505.399 3.694
505.589 3.663
505.779 3.641
505.969 3.616
506.159 3.600
506.349 3.584
506.539 3.583
506.729 3.587
506.919 3.582
507.109 3.593
507.299 3.575
507.490 3.548
507.680 3.515
507.870 3.495
508.060 3.474
508.250 3.448
508.440 3.433
508.630 3.424
508.820 3.428
509.010 3.407
509.200 3.384
509.390 3.396
509.580 3.392
509.770 3.387
509.960 3.393
510.150 3.394
510.340 3.409
510.530 3.435
510.720 3.472
510.910 3.500
511.100 3.545
511.291 3.539
511.481 3.530
511.671 3.549
511.861 3.651
512.051 3.801
512.241 3.830
512.431 3.847
512.621 3.843
512.811 3.816
513.001 3.779
513.191 3.720
513.381 3.707
513.571 3.706
513.761 3.691
513.951 3.597
514.141 3.453
514.331 3.461
514.521 3.421
514.711 3.400
514.902 3.426
515.092 3.459
515.282 3.500
515.472 3.508
515.662 3.480
515.852 3.476
516.042 3.459
516.232 3.446
516.422 3.424
516.612 3.439
516.802 3.421
516.992 3.371
517.182 3.324
517.372 3.287
517.562 3.322
517.752 3.368
517.942 3.359
518.132 3.379
518.322 3.402
518.513 3.414
518.703 3.426
518.893 3.461
519.083 3.534
519.273 3.606
519.463 3.610
519.653 3.593
519.843 3.582
520.033 3.593
520.223 3.581
520.413 3.556
520.603 3.535
520.793 3.506
520.983 3.479
521.173 3.431
521.363 3.386
521.553 3.408
521.743 3.394
521.933 3.379
522.123 3.402
522.314 3.437
522.504 3.414
522.694 3.389
522.884 3.394
523.074 3.400
523.264 3.407
523.454 3.400
523.644 3.401
523.834 3.421
524.024 3.443
524.214 3.419
524.404 3.375
524.594 3.392
524.784 3.435
524.974 3.438
525.164 3.422
525.354 3.384
525.544 3.379
525.734 3.380
525.925 3.359
526.115 3.342
526.305 3.386
526.495 3.451
526.685 3.468
526.875 3.462
527.065 3.459
527.255 3.454
527.445 3.466
527.635 3.460
527.825 3.471
528.015 3.513
528.205 3.506
528.395 3.440
528.585 3.399
528.775 3.398
528.965 3.406
529.155 3.424
529.345 3.456
529.535 3.460
529.726 3.454
529.916 3.422
530.106 3.403
530.296 3.430
530.486 3.461
530.676 3.457
530.866 3.456
531.056 3.471
531.246 3.462
531.436 3.446
531.626 3.466
531.816 3.466
532.006 3.479
532.196 3.458
532.386 3.413
532.576 3.369
532.766 3.356
532.956 3.338
533.146 3.302
533.337 3.276
533.527 3.252
533.717 3.222
533.907 3.231
534.097 3.223
534.287 3.212
534.477 3.211
534.667 3.227
534.857 3.231
535.047 3.242
535.237 3.245
535.427 3.249
535.617 3.263
535.807 3.289
535.997 3.289
536.187 3.278
536.377 3.286
536.567 3.308
536.757 3.323
536.948 3.315
537.138 3.291
537.328 3.297
537.518 3.326
537.708 3.334
537.898 3.313
538.088 3.315
538.278 3.324
538.468 3.316
538.658 3.291
538.848 3.280
539.038 3.273
539.228 3.268
539.418 3.268
539.608 3.261
539.798 3.258
539.988 3.259
540.178 3.239
540.368 3.223
540.558 3.214
540.749 3.222
540.939 3.216
541.129 3.250
541.319 3.309
541.509 3.534
541.699 3.952
541.889 3.974
542.079 4.006
542.269 4.033
542.459 4.056
542.649 4.055
542.839 4.051
543.029 4.065
543.219 4.063
543.409 4.013
543.599 3.754
543.789 3.333
543.979 3.314
544.169 3.293
544.360 3.271
544.550 3.277
544.740 3.285
544.930 3.282
545.120 3.263
545.310 3.224
545.500 3.249
545.690 3.290
545.880 3.283
546.070 3.261
546.267 3.239
546.463 3.240
546.660 3.218
546.857 3.221
547.054 3.234
547.251 3.211
547.447 3.192
547.644 3.147
547.841 3.126
548.038 3.121
548.234 3.129
548.431 3.152
548.628 3.162
548.825 3.149
549.021 3.133
549.218 3.118
549.415 3.108
549.612 3.096
549.808 3.112
550.005 3.121
550.202 3.110
550.399 3.109
550.595 3.095
550.792 3.083
550.989 3.063
551.186 3.060
551.382 3.091
551.579 3.134
551.776 3.175
551.973 3.179
552.169 3.163
552.366 3.160
552.563 3.175
552.760 3.218
552.956 3.241
553.153 3.275
553.350 3.312
553.547 3.330
553.743 3.328
553.940 3.323
554.137 3.326
554.334 3.316
554.530 3.310
554.727 3.295
554.924 3.261
555.121 3.238
555.317 3.196
555.514 3.166
555.711 3.135
555.908 3.118
556.104 3.109
556.301 3.091
556.498 3.095
556.695 3.107
556.891 3.098
557.088 3.062
557.285 3.040
557.482 3.065
557.678 3.071
557.875 3.064
558.072 3.093
558.269 3.107
558.465 3.114
558.662 3.100
558.859 3.077
559.056 3.071
559.252 3.084
559.449 3.113
559.646 3.139
559.843 3.141
560.039 3.132
560.236 3.101
560.433 3.060
560.630 3.031
560.826 3.026
561.023 3.031
561.220 3.047
561.417 3.062
561.613 3.059
561.810 3.035
562.007 3.023
562.204 2.993
562.400 2.990
562.597 3.031
562.794 3.085
562.991 3.134
563.187 3.141
563.384 3.127
563.581 3.126
563.778 3.115
563.974 3.097
564.171 3.074
564.368 3.087
564.565 3.080
564.761 3.072
564.958 3.076
565.155 3.056
565.352 3.042
565.548 3.058
565.745 3.068
565.942 3.056
566.139 3.071
566.335 3.116
566.532 3.146
566.729 3.170
566.926 3.183
567.122 3.174
567.319 3.168
567.516 3.199
567.713 3.219
567.909 3.210
568.106 3.220
568.303 3.229
568.500 3.215
568.696 3.203
568.893 3.193
569.090 3.183
569.287 3.164
569.483 3.188
569.680 3.181
569.877 3.146
570.074 3.151
570.270 3.141
570.467 3.133
570.664 3.140
570.861 3.138
571.057 3.144
571.254 3.134
571.451 3.130
571.648 3.120
571.844 3.133
572.041 3.184
572.238 3.187
572.435 3.204
572.631 3.232
572.828 3.248
573.025 3.234
573.222 3.238
573.418 3.260
573.615 3.260
573.812 3.245
574.009 3.234
574.205 3.202
574.402 3.192
574.599 3.202
574.796 3.183
574.992 3.168
575.189 3.197
575.386 3.176
575.583 3.156
575.779 3.170
575.976 3.163
576.173 3.162
576.370 3.183
576.567 3.187
576.763 3.175
576.960 3.188
577.158 3.172
577.356 3.166
577.554 3.181
577.752 3.198
577.950 3.214
578.148 3.223
578.346 3.208
578.544 3.188
578.742 3.192
578.940 3.183
579.138 3.165
579.336 3.189
579.534 3.199
579.732 3.206
579.930 3.208
580.128 3.220
580.326 3.230
580.524 3.231
580.722 3.220
580.920 3.198
581.118 3.217
581.316 3.231
581.514 3.210
581.712 3.192
581.909 3.187
582.107 3.203
582.305 3.192
582.503 3.194
582.701 3.203
582.899 3.191
583.097 3.191
583.295 3.193
583.493 3.202
583.691 3.214
583.889 3.229
584.087 3.236
584.285 3.208
584.483 3.188
584.681 3.188
584.879 3.190
585.077 3.181
585.275 3.184
585.473 3.179
585.671 3.199
585.869 3.234
586.067 3.227
586.265 3.227
586.463 3.234
586.661 3.242
586.859 3.230
587.057 3.229
587.255 3.256
587.453 3.262
587.651 3.265
587.849 3.245
588.047 3.231
588.245 3.235
588.443 3.263
588.641 3.287
588.839 3.319
589.037 3.336
589.235 3.355
589.433 3.393
589.631 3.427
589.829 3.427
590.027 3.405
590.225 3.385
590.423 3.394
590.621 3.381
590.819 3.378
591.017 3.371
591.215 3.363
591.413 3.362
591.611 3.346
591.809 3.339
592.006 3.352
592.204 3.369
592.402 3.393
592.600 3.412
592.798 3.431
592.996 3.426
593.194 3.437
593.392 3.487
593.590 3.516
593.788 3.554
593.986 3.590
594.184 3.617
594.382 3.665
594.580 3.716
594.778 3.733
594.976 3.745
595.174 3.766
595.372 3.761
595.570 3.733
595.768 3.715
595.966 3.685
596.164 3.673
596.362 3.684
596.560 3.698
596.758 3.689
596.956 3.693
597.154 3.720
597.352 3.739
597.550 3.787
597.748 3.880
597.946 3.950
598.144 4.032
598.342 4.070
598.540 4.080
598.738 4.086
598.936 4.111
599.134 4.142
599.332 4.153
599.530 4.194
599.728 4.217
599.926 4.196
600.124 4.196
600.322 4.219
600.520 4.296
600.718 4.341
600.916 4.368
601.114 4.411
601.312 4.455
601.510 4.476
601.708 4.514
601.905 4.575
602.103 4.632
602.301 4.706
602.499 4.737
602.697 4.727
602.895 4.778
603.093 4.866
603.291 4.938
603.489 5.005
603.687 5.069
603.885 5.124
604.083 5.161
604.281 5.194
604.479 5.229
604.677 5.300
604.875 5.392
605.073 5.454
605.271 5.469
605.469 5.498
605.667 5.531
605.865 5.596
606.063 5.648
606.261 5.705
606.459 5.784
606.657 5.861
606.855 5.918
607.053 5.957
607.251 6.004
607.449 6.079
607.647 6.150
607.845 6.237
608.043 6.300
608.241 6.372
608.439 6.438
608.637 6.514
608.835 6.591
609.033 6.656
609.231 6.733
609.429 6.825
609.627 6.926
609.825 7.023
610.023 7.094
610.221 7.178
610.419 7.273
610.617 7.351
610.815 7.422
611.013 7.499
611.211 7.589
611.409 7.695
611.607 7.785
611.804 7.871
612.002 7.978
612.200 8.122
612.398 8.260
612.596 8.356
612.794 8.454
612.992 8.578
613.190 8.689
613.388 8.792
613.586 8.898
613.784 9.030
613.982 9.147
614.180 9.246
614.378 9.329
614.576 9.417
614.774 9.515
614.972 9.614
615.170 9.706
615.368 9.817
615.566 9.927
615.764 10.040
615.962 10.116
616.160 10.203
616.358 10.282
616.556 10.396
616.754 10.526
616.952 10.665
617.150 10.827
617.348 10.972
617.546 11.073
617.744 11.175
617.942 11.302
618.140 11.439
618.338 11.562
618.536 11.706
618.734 11.826
618.932 11.971
619.130 12.123
619.328 12.234
619.526 12.336
619.724 12.488
619.922 12.667
620.120 12.811
620.318 12.986
620.516 13.188
620.714 13.344
620.912 13.513
621.110 13.664
621.308 13.786
621.506 13.951
621.704 14.159
621.901 14.351
622.099 14.472
622.297 14.630
622.495 14.772
622.693 14.903
622.891 15.049
623.089 15.198
623.287 15.353
623.485 15.530
623.683 15.699
623.881 15.839
624.079 15.975
624.277 16.171
624.475 16.359
624.673 16.551
624.871 16.740
625.069 16.955
625.267 17.137
625.465 17.299
625.663 17.476
625.861 17.663
626.059 17.853
626.257 18.054
626.455 18.265
626.653 18.433
626.851 18.583
627.049 18.765
627.247 18.927
627.445 19.117
627.643 19.326
627.841 19.531
628.039 19.691
628.237 19.873
628.435 20.060
628.633 20.208
628.831 20.372
629.029 20.564
629.227 20.736
629.425 20.966
629.623 21.180
629.821 21.345
630.019 21.518
630.217 21.741
630.415 21.955
630.613 22.173
630.811 22.395
631.009 22.600
631.207 22.797
631.405 23.000
631.603 23.171
631.801 23.371
631.998 23.607
632.196 23.826
632.394 24.045
632.592 24.235
632.790 24.435
632.988 24.649
633.186 24.873
633.384 25.126
633.582 25.357
633.780 25.569
633.978 25.748
634.176 25.934
634.374 26.115
634.572 26.287
634.770 26.507
634.968 26.717
635.166 26.953
635.364 27.130
635.562 27.277
635.760 27.473
635.958 27.690
636.156 27.932
636.354 28.156
636.552 28.385
636.750 28.592
636.948 28.797
637.146 29.031
637.344 29.224
637.542 29.442
637.740 29.650
637.938 29.844
638.136 30.267
638.334 30.897
638.532 31.093
638.730 31.310
638.928 31.545
639.126 31.741
639.324 31.916
639.522 32.150
639.720 32.405
639.918 32.666
640.116 32.897
640.314 32.921
640.512 32.684
640.710 32.946
640.908 33.227
641.106 33.501
641.304 33.728
641.502 33.947
641.699 34.116
641.897 34.322
642.095 34.548
642.293 34.801
642.491 34.983
642.689 35.188
642.887 35.355
643.085 35.531
643.283 35.729
643.481 35.959
643.679 36.182
643.877 36.425
644.075 36.627
644.273 36.852
644.471 37.066
644.669 37.344
644.867 37.617
645.065 37.872
645.263 38.076
645.461 38.284
645.659 38.514
645.857 38.774
646.055 39.016
646.253 39.228
646.451 39.415
646.649 39.617
646.847 39.768
647.045 39.984
647.243 40.222
647.441 40.444
647.639 40.641
647.837 40.868
648.035 41.050
648.233 41.267
648.431 41.526
648.629 41.739
648.827 41.931
649.025 42.169
649.223 42.342
649.421 42.527
649.619 42.777
649.817 43.032
650.015 43.227
650.213 43.382
650.411 43.552
650.609 43.713
650.807 43.922
651.005 44.149
651.203 44.371
651.401 44.611
651.599 44.788
651.796 44.944
651.994 45.058
652.192 45.246
652.390 45.441
652.588 45.613
652.786 45.843
652.984 46.060
653.182 46.250
653.380 46.402
653.578 46.535
653.776 46.702
653.974 46.901
654.172 47.133
654.370 47.294
654.568 47.501
654.766 47.696
654.964 47.886
655.162 48.049
655.360 48.200
655.558 48.381
655.756 48.579
655.954 48.789
656.152 48.946
656.350 49.106
656.548 49.305
656.746 49.521
656.944 49.717
657.142 49.858
657.340 50.062
657.538 50.255
657.736 50.417
657.934 50.629
658.132 50.820
658.330 50.988
658.528 51.146
658.726 51.298
658.924 51.438
659.122 51.639
659.320 51.816
659.518 51.949
659.716 52.093
659.914 52.266
660.112 52.413
660.310 52.538
660.508 52.710
660.706 52.924
660.904 53.093
661.102 53.250
661.300 53.365
661.498 53.477
661.696 53.593
661.893 53.725
662.091 53.832
662.289 53.968
662.487 54.136
662.685 54.244
662.883 54.328
663.081 54.510
663.279 54.695
663.477 54.859
663.675 55.052
663.873 55.307
664.071 55.512
664.269 55.702
664.467 55.798
664.665 55.936
664.863 56.123
665.061 56.303
665.259 56.382
665.457 56.460
665.655 56.564
665.853 56.646
666.051 56.713
666.249 56.828
666.447 56.959
666.645 57.113
666.843 57.187
667.041 57.274
667.239 57.359
667.437 57.466
667.635 57.555
667.833 57.599
668.031 57.711
668.229 57.865
668.427 58.028
668.625 58.175
668.823 58.254
669.021 58.389
669.219 58.506
669.417 58.609
669.615 58.721
669.813 58.858
670.011 59.034
670.209 59.167
670.407 59.209
670.605 59.174
670.803 59.229
671.001 59.443
671.199 59.586
671.397 59.696
671.595 59.817
671.792 59.952
671.990 60.045
672.188 60.087
672.386 60.188
672.584 60.331
672.782 60.482
672.980 60.591
673.178 60.655
673.376 60.718
673.574 60.730
673.772 60.758
673.970 60.844
674.168 60.955
674.366 61.087
674.564 61.167
674.762 61.192
674.960 61.259
675.158 61.314
675.356 61.402
675.554 61.515
675.752 61.672
675.950 61.843
676.148 61.957
676.346 62.036
676.544 62.106
676.742 62.171
676.940 62.275
677.138 62.357
677.336 62.452
677.534 62.473
677.732 62.540
677.930 62.617
678.128 62.650
678.326 62.670
678.524 62.719
678.722 62.834
678.920 62.938
679.118 63.021
679.316 63.134
679.514 63.237
679.712 63.313
679.910 63.333
680.108 63.384
680.306 63.446
680.504 63.485
680.702 63.529
680.900 63.568
681.098 63.622
681.296 63.704
681.494 63.812
681.691 63.867
681.889 63.916
682.087 63.958
682.285 63.959
682.483 63.992
682.681 64.110
682.879 64.190
683.077 64.254
683.275 64.284
683.473 64.275
683.671 64.256
683.869 64.295
684.067 64.337
684.265 64.423
684.463 64.582
684.661 64.698
684.859 64.696
685.057 64.689
685.255 64.669
685.453 64.720
685.651 64.795
685.849 64.830
686.047 64.889
686.245 64.945
686.443 64.980
686.641 65.023
686.839 65.093
687.037 65.162
687.235 65.263
687.433 65.319
687.631 65.354
687.829 65.371
688.027 65.401
688.225 65.417
688.423 65.454
688.621 65.469
688.819 65.407
689.017 65.360
689.215 65.375
689.413 65.416
689.611 65.495
689.809 65.545
690.007 65.582
690.205 65.646
690.403 65.719
690.601 65.732
690.799 65.786
690.997 65.850
691.195 65.922
691.393 65.944
691.591 65.933
691.788 65.938
691.986 66.014
692.184 66.114
692.382 66.209
692.580 66.277
692.778 66.344
692.976 66.394
693.174 66.493
693.372 66.539
693.570 66.598
693.768 66.692
693.966 66.705
694.164 66.720
694.362 66.736
694.560 66.714
694.758 66.650
694.956 66.700
695.154 66.806
695.352 66.876
695.550 66.900
695.748 66.891
695.946 66.909
696.144 67.021
696.342 67.065
696.540 67.067
696.744 67.118
696.948 67.227
697.152 67.214
697.357 67.225
697.561 67.184
697.765 67.176
697.969 67.301
698.173 67.315
698.377 67.336
698.581 67.424
698.786 67.512
698.990 67.498
699.194 67.426
699.398 67.469
699.602 67.459
699.806 67.469
700.010 67.532
700.215 67.534
700.419 67.555
700.623 67.570
700.827 67.471
701.031 67.406
701.235 67.466
701.440 67.516
701.644 67.532
701.848 67.567
702.052 67.613
702.256 67.590
702.460 67.562
702.664 67.641
702.869 67.696
703.073 67.802
703.277 67.919
703.481 67.959
703.685 68.060
703.889 68.124
704.093 68.127
704.298 68.156
704.502 68.193
704.706 68.223
704.910 68.221
705.114 68.222
705.318 68.233
705.522 68.220
705.727 68.217
705.931 68.181
706.135 68.155
706.339 68.138
706.543 68.182
706.747 68.232
706.951 68.249
707.156 68.255
707.360 68.251
707.564 68.263
707.768 68.207
707.972 68.233
708.176 68.258
708.380 68.287
708.585 68.338
708.789 68.267
708.993 68.179
709.197 68.179
709.401 68.162
709.605 68.158
709.810 68.180
710.014 68.267
710.218 68.268
710.422 68.280
710.626 68.321
710.830 68.299
711.034 68.341
711.239 68.389
711.443 68.417
711.647 68.481
711.851 68.526
712.055 68.513
712.259 68.534
712.463 68.556
712.668 68.549
712.872 68.538
713.076 68.611
713.280 68.683
713.484 68.755
713.688 68.788
713.892 68.796
714.097 68.804
714.301 68.836
714.505 68.779
714.709 68.798
714.913 68.852
715.117 68.858
715.321 68.850
715.526 68.852
715.730 68.893
715.934 68.898
716.138 68.844
716.342 68.864
716.546 68.831
716.750 68.879
716.955 68.852
717.159 68.824
717.363 68.811
717.567 68.779
717.771 68.757
717.975 68.754
718.180 68.768
718.384 68.787
718.588 68.825
718.792 68.895
718.996 68.916
719.200 68.920
719.404 68.916
719.609 68.956
719.813 69.014
720.017 69.033
720.221 69.028
720.425 69.037
720.629 69.087
720.833 69.038
721.038 68.941
721.242 68.904
721.446 68.951
721.650 68.936
721.854 68.924
722.058 68.933
722.262 68.889
722.467 68.833
722.671 68.834
722.875 68.814
723.079 68.859
723.283 68.962
723.487 68.973
723.691 68.998
723.896 69.108
724.100 69.153
724.304 69.167
724.508 69.231
724.712 69.281
724.916 69.315
725.120 69.385
725.325 69.386
725.529 69.355
725.733 69.396
725.937 69.400
726.141 69.316
726.345 69.288
726.550 69.241
726.754 69.183
726.958 69.237
727.162 69.237
727.366 69.163
727.570 69.143
727.774 69.205
727.979 69.223
728.183 69.211
728.387 69.218
728.591 69.206
728.795 69.262
728.999 69.342
729.203 69.340
729.408 69.367
729.612 69.487
729.816 69.520
730.020 69.441
730.224 69.416
730.428 69.422
730.632 69.392
730.837 69.396
731.041 69.385
731.245 69.373
731.449 69.321
731.653 69.283
731.857 69.203
732.061 69.186
732.266 69.257
732.470 69.208
732.674 69.173
732.878 69.227
733.082 69.266
733.286 69.255
733.490 69.285
733.695 69.341
733.899 69.386
734.103 69.481
734.307 69.505
734.511 69.416
734.715 69.484
734.920 69.568
735.124 69.594
735.328 69.587
735.532 69.593
735.736 69.552
735.940 69.550
736.144 69.536
736.349 69.493
736.553 69.508
736.757 69.574
736.961 69.526
737.165 69.453
737.369 69.445
737.573 69.440
737.778 69.463
737.982 69.458
738.186 69.403
738.390 69.394
738.594 69.350
738.798 69.285
739.002 69.336
739.207 69.423
739.411 69.468
739.615 69.465
739.819 69.465
740.023 69.450
740.227 69.442
740.431 69.481
740.636 69.420
740.840 69.443
741.044 69.537
741.248 69.531
741.452 69.564
741.656 69.612
741.860 69.597
742.065 69.584
742.269 69.608
742.473 69.731
742.677 69.753
742.881 69.795
743.085 69.756
743.290 69.708
743.494 69.684
743.698 69.686
743.902 69.633
744.106 69.648
744.310 69.667
744.514 69.648
744.719 69.579
744.923 69.638
745.127 69.672
745.331 69.762
745.535 69.780
745.739 69.728
745.943 69.671
746.148 69.661
746.352 69.719
746.556 69.821
746.760 69.824
746.964 69.816
747.168 69.798
747.372 69.824
747.577 69.751
747.781 69.718
747.985 69.762
748.189 69.736
748.393 69.727
748.597 69.756
748.801 69.777
749.006 69.827
749.210 69.804
749.414 69.711
749.618 69.659
749.822 69.681
750.026 69.724
750.230 69.751
750.435 69.816
750.639 69.871
750.843 69.834
751.047 69.732
751.251 69.573
751.455 69.557
751.660 69.587
751.864 69.596
752.068 69.583
752.272 69.578
752.476 69.581
752.680 69.530
752.884 69.462
753.089 69.408
753.293 69.380
753.497 69.497
753.701 69.554
753.905 69.604
754.109 69.621
754.313 69.665
754.518 69.663
754.722 69.627
754.926 69.709
755.130 69.781
755.334 69.834
755.538 69.873
755.742 69.854
755.947 69.890
756.151 69.893
756.355 69.965
756.559 69.942
756.763 69.931
756.967 69.989
757.171 69.886
757.376 69.810
757.580 69.817
757.784 69.848
757.988 69.855
758.192 69.754
758.396 69.722
758.600 69.623
758.805 69.622
759.009 69.699
759.213 69.784
759.417 69.855
759.621 69.836
759.825 69.724
760.030 69.671
760.234 69.759
760.438 69.812
760.642 69.757
760.846 69.732
761.050 69.667
761.254 69.574
761.459 69.435
761.663 69.362
761.867 69.369
762.071 69.398
762.275 69.383
762.479 69.307
762.683 69.400
762.888 69.542
763.092 69.592
763.296 69.727
763.500 69.845
763.709 69.930
763.918 70.020
764.126 70.051
764.335 70.105
764.544 70.162
764.753 70.207
764.962 70.093
765.171 69.959
765.379 69.954
765.588 69.892
765.797 69.790
766.006 69.688
766.215 69.651
766.424 69.693
766.632 69.689
766.841 69.660
767.050 69.531
767.259 69.550
767.468 69.669
767.677 69.638
767.885 69.587
768.094 69.607
768.303 69.682
768.512 69.702
768.721 69.701
768.929 69.704
769.138 69.803
769.347 69.948
769.556 69.955
769.765 69.900
769.974 69.958
770.182 70.051
770.391 70.050
770.600 69.981
770.809 69.905
771.018 69.833
771.227 69.828
771.435 69.851
771.644 69.870
771.853 69.836
772.062 69.815
772.271 69.762
772.480 69.638
772.688 69.666
772.897 69.828
773.106 69.999
773.315 70.124
773.524 70.196
773.732 70.132
773.941 70.085
774.150 70.166
774.359 70.240
774.568 70.327
774.777 70.385
774.985 70.325
775.194 70.218
775.403 70.063
775.612 69.958
775.821 69.829
776.030 69.740
776.238 69.779
776.447 69.752
776.656 69.763
776.865 69.768
777.074 69.858
777.283 69.976
777.491 70.015
777.700 70.164
777.909 70.219
778.118 70.283
778.327 70.312
778.535 70.290
778.744 70.319
778.953 70.318
779.162 70.208
779.371 70.113
779.580 70.022
779.788 70.045
779.997 70.011
780.206 69.991
780.415 69.961
780.624 69.936
780.833 69.944
781.041 70.004
781.250 69.966
781.459 70.001
781.668 70.068
781.877 69.989
782.086 69.915
782.294 69.856
782.503 69.864
782.712 69.842
782.921 69.920
783.130 70.000
783.338 70.046
783.547 70.067
783.756 70.098
783.965 70.078
784.174 70.184
784.383 70.158
784.591 70.107
784.800 70.125
785.009 70.198
785.218 70.191
785.427 70.112
785.636 69.981
785.844 69.927
786.053 69.902
786.262 69.947
786.471 69.874
786.680 69.898
786.889 70.058
787.097 70.092
787.306 70.159
787.515 70.253
787.724 70.266
787.933 70.262
788.141 70.291
788.350 70.372
788.559 70.338
788.768 70.425
788.977 70.464
789.186 70.297
789.394 70.187
789.603 70.124
789.812 70.040
790.021 70.015
790.230 70.034
790.439 70.037
790.647 70.002
790.856 69.893
791.065 69.865
791.274 69.856
791.483 69.954
791.692 70.113
791.900 70.116
792.109 70.136
792.318 70.208
792.527 70.282
792.736 70.309
792.944 70.302
793.153 70.415
793.362 70.404
793.571 70.356
793.780 70.332
793.989 70.249
794.197 70.225
794.406 70.182
794.615 70.014
794.824 69.921
795.033 69.906
795.242 69.937
795.450 69.926
795.659 69.963
795.868 69.985
796.077 69.985
796.286 70.036
796.495 70.095
796.703 70.182
796.912 70.324
797.121 70.305
797.330 70.295
797.539 70.161
797.747 70.015
797.956 69.912
798.165 69.947
798.374 69.946
798.583 69.832
798.792 69.823
799.000 69.748
799.209 69.707
799.418 69.791
799.627 69.836
799.836 69.946
800.045 70.191
800.253 70.265
800.462 70.195
800.671 70.077
800.880 70.129
801.089 70.169
801.298 70.250
801.506 70.171
801.715 70.100
801.924 70.034
802.133 69.982
802.342 69.948
802.550 69.974
802.759 70.021
802.968 70.098
803.177 69.988
803.386 69.935
803.595 69.766
803.803 69.799
804.012 69.809
804.221 69.836
804.430 69.869
804.639 69.858
804.848 69.900
805.056 69.915
805.265 69.868
805.474 69.960
805.683 69.990
805.892 70.070
806.101 70.133
806.309 70.110
806.518 70.125
806.727 70.144
806.936 70.133
807.145 70.068
807.353 69.993
807.562 70.053
807.771 70.249
807.980 70.358
808.189 70.328
808.398 70.213
808.606 70.243
808.815 70.221
809.024 70.051
809.233 69.905
809.442 69.925
809.651 69.968
809.859 69.892
810.068 69.652
810.277 69.467
810.486 69.555
810.695 69.665
810.904 69.639
811.112 69.641
811.321 69.754
811.530 69.965
811.740 69.994
811.949 70.012
812.159 70.017
812.368 69.987
812.578 69.909
812.787 69.831
812.997 70.036
813.206 70.085
813.416 70.066
813.625 70.120
813.835 69.920
814.044 69.835
814.254 69.895
814.463 69.914
814.673 69.921
814.882 70.058
815.092 70.103
815.301 69.805
815.511 69.683
815.720 69.700
815.930 69.745
816.139 69.862
816.349 69.924
816.558 69.929
816.768 70.064
816.977 70.085
817.187 69.932
817.396 69.727
817.606 69.869
817.815 70.133
818.025 70.103
818.234 69.992
818.444 69.958
818.653 69.899
818.863 69.752
819.072 69.645
819.282 69.867
819.491 70.030
819.701 70.083
819.910 70.010
820.120 69.914
820.329 70.019
820.539 70.035
820.748 70.025
820.958 70.187
821.167 70.420
821.377 70.550
821.586 70.430
821.796 70.401
822.005 70.525
822.215 70.613
822.424 70.486
822.634 70.317
822.843 70.318
823.053 70.319
823.262 70.248
823.472 70.139
823.681 69.931
823.891 69.811
824.100 69.899
824.310 69.993
824.519 69.743
824.729 69.712
824.938 69.734
825.148 69.766
825.357 69.950
825.567 69.971
825.776 69.908
825.986 69.789
826.195 69.707
826.405 69.603
826.614 69.622
826.824 69.875
827.033 69.992
827.243 70.100
827.452 70.074
827.662 69.881
827.871 69.710
828.081 69.787
828.290 70.124
828.500 70.136
828.709 69.984
828.919 69.776
829.128 69.619
829.338 69.688
829.547 69.786
829.757 69.888
829.966 69.826
830.176 69.820
830.385 69.775
830.595 69.729
830.804 69.794
831.014 69.792
831.223 69.858
831.433 69.853
831.642 69.674
831.852 69.432
832.061 69.211
832.271 69.224
832.480 69.367
832.690 69.221
832.899 69.221
833.109 69.579
833.318 69.880
833.528 69.899
833.737 69.831
833.947 69.911
834.156 69.978
834.366 70.206
834.575 70.088
834.785 69.962
834.994 70.122
835.204 70.045
835.413 69.814
835.623 69.619
835.832 69.594
836.042 69.694
836.251 69.798
836.461 69.788
836.670 69.663
836.880 69.795
837.089 69.960
837.299 69.917
837.508 69.929
837.718 69.874
837.927 69.890
838.137 69.940
838.346 69.921
838.556 69.783
838.765 69.911
838.975 70.066
839.184 70.222
839.394 70.169
839.603 70.126
839.813 70.141
840.022 70.098
840.232 70.002
840.441 69.953
840.651 70.110
840.860 70.224
841.070 70.165
841.279 70.133
841.489 70.133
841.698 70.132
841.908 70.079
842.117 69.927
842.327 69.839
842.536 69.918
842.746 69.900
842.955 69.764
843.165 69.777
843.374 69.942
843.584 69.956
843.793 69.836
844.003 69.891
844.212 70.146
844.422 70.309
844.631 70.279
844.841 70.374
845.050 70.459
845.260 70.639
845.469 70.627
845.679 70.404
845.888 70.511
846.098 70.728
846.307 70.648
846.517 70.397
846.726 70.346
846.936 70.814
847.145 70.939
847.355 70.790
847.564 70.505
847.774 70.915
847.983 71.761
848.193 71.417
848.402 71.072
848.612 70.886
848.821 70.844
849.031 70.791
849.240 70.441
849.450 70.266
849.659 70.318
849.869 70.395
850.078 69.948
850.288 69.320
850.497 69.484
850.707 69.506
850.916 69.660
851.126 69.995
851.335 70.186
851.545 70.344
851.754 70.473
851.964 70.571
852.173 70.537
852.383 70.421
852.592 70.345
852.802 70.464
853.011 70.573
853.221 70.518
853.430 70.289
853.640 70.289
853.849 70.375
854.059 70.215
854.268 70.056
854.478 70.248
854.687 70.403
854.897 70.324
855.106 70.222
855.316 70.197
855.525 70.200
855.735 70.205
855.944 70.011
856.154 70.090
856.363 70.312
856.573 70.535
856.782 70.299
856.992 70.065
857.201 70.051
857.411 70.056
857.620 70.192
857.830 70.242
858.039 70.237
858.249 70.261
858.458 69.976
858.668 70.023
858.877 70.016
859.087 70.208
859.296 70.308
859.506 70.184
859.715 69.948
859.925 69.662
860.134 69.655
860.344 69.585
860.553 69.692
860.763 69.707
860.972 69.453
861.182 69.428
861.391 69.556
861.601 69.629
861.810 69.780
862.020 69.980
862.229 70.082
862.439 70.146
862.648 70.495
862.858 70.534
863.067 70.502
863.277 70.627
863.486 70.829
863.696 70.765
863.905 70.567
864.115 70.446
864.324 70.546
864.534 70.730
864.743 70.546
864.953 70.284
865.162 70.144
865.372 70.037
865.581 69.800
865.791 69.643
866.000 69.346
866.210 69.485
866.419 69.777
866.629 69.679
866.838 69.463
867.048 69.642
867.257 69.845
867.467 70.081
867.676 70.525
867.886 70.765
868.095 70.745
868.305 71.017
868.514 71.247
868.724 71.098
868.933 71.116
869.143 70.931
869.352 70.732
869.562 70.787
869.771 70.819
869.981 70.611
870.190 70.469
870.400 70.289
870.609 70.043
870.819 69.840
871.028 69.929
871.238 70.198
871.447 70.500
871.657 70.556
871.866 70.112
872.076 70.220
872.285 70.293
872.495 70.384
872.704 70.529
872.914 70.823
873.123 71.029
873.333 71.035
873.542 70.873
873.752 70.866
873.961 71.093
874.171 71.295
874.380 70.825
874.590 70.708
874.799 70.941
875.009 71.116
875.218 71.146
875.428 70.670
875.637 70.429
875.847 70.717
876.056 70.914
876.266 70.775
876.475 70.845
876.685 71.059
876.894 71.203
877.104 70.930
877.313 70.626
877.523 70.699
877.732 71.114
877.942 71.411
878.151 71.070
878.361 70.713
878.570 70.556
878.780 70.437
878.989 70.593
879.199 70.693
879.408 70.541
879.618 70.186
879.827 69.836
880.037 69.840
880.246 69.655
880.456 69.449
880.665 69.430
880.875 69.553
881.084 69.831
881.294 69.653
881.503 69.307
881.713 69.595
881.922 70.114
882.132 70.062
882.341 69.769
882.551 69.829
882.760 70.147
882.970 70.269
883.179 70.515
883.389 70.273
883.598 70.137
883.808 70.294
884.017 70.381
884.227 70.325
884.436 70.363
884.646 70.505
884.855 70.337
885.065 70.196
885.274 70.408
885.484 70.634
885.693 70.882
885.903 70.697
886.112 70.474
886.322 70.570
886.531 70.707
886.741 70.915
886.950 71.166
887.160 71.228
887.369 70.847
887.579 70.525
887.788 70.066
887.998 70.150
888.207 70.594
888.417 70.916
888.626 70.653
888.836 70.178
889.045 69.780
889.255 69.481
889.464 69.840
889.674 70.270
889.883 70.329
890.093 70.223
890.302 69.820
890.512 69.730
890.721 69.888
890.931 69.848
891.140 70.078
891.350 70.156
891.559 70.225
891.769 70.063
891.978 70.036
892.188 70.293
892.397 70.443
892.607 70.609
892.816 70.887
893.026 70.469
893.235 70.373
893.445 70.646
893.654 71.040
893.864 71.317
894.073 71.322
894.283 71.250
894.492 71.134
894.702 71.260
894.911 71.388
895.121 71.073
895.330 70.880
895.540 70.951
895.749 71.147
895.959 71.170
896.168 71.007
896.378 70.910
896.587 71.175
896.797 71.096
897.006 70.920
897.216 70.986
897.425 70.942
897.635 71.065
897.844 71.218
898.054 70.861
898.263 70.645
898.473 70.422
898.682 70.281
898.892 70.413
899.101 70.673
899.311 70.582
899.520 70.231
899.730 70.410
899.939 70.723
900.149 70.662
900.358 70.877
900.568 71.219
900.777 71.541
900.987 71.684
901.196 71.404
901.406 71.309
901.615 71.654
901.825 72.010
902.034 71.656
902.244 71.404
902.453 71.494
902.663 71.273
902.872 70.946
903.082 70.951
903.291 71.006
903.501 70.701
903.710 70.309
903.920 70.437
904.129 70.321
904.339 70.462
904.548 70.373
904.758 70.057
904.967 70.067
905.177 70.258
905.386 70.474
905.596 70.493
905.805 70.923
906.015 71.508
906.224 71.377
906.434 71.296
906.643 71.231
906.853 71.254
907.062 71.564
907.272 71.511
907.481 71.308
907.691 71.127
907.900 71.044
908.110 70.836
908.319 70.506
908.529 70.081
908.738 70.013
908.948 70.319
909.157 70.270
909.367 70.010
909.576 70.329
909.786 70.555
909.995 70.403
910.205 70.286
910.414 70.181
910.624 70.385
910.833 70.905
911.043 70.913
911.252 70.689
911.462 71.123
911.672 71.294
911.881 70.961
912.091 70.520
912.300 70.508
912.512 70.479
912.724 70.549
912.937 70.586
913.149 70.669
913.361 70.768
913.573 70.532
913.786 70.220
913.998 70.211
914.210 69.973
914.422 70.348
914.634 70.507
914.847 70.636
915.059 70.524
915.271 70.360
915.483 69.928
915.696 69.679
915.908 70.139
916.120 70.438
916.332 70.504
916.544 70.960
916.757 71.016
916.969 70.555
917.181 70.618
917.393 70.729
917.606 70.569
917.818 70.591
918.030 70.879
918.242 71.008
918.454 70.872
918.667 70.953
918.879 71.091
919.091 70.952
919.303 70.843
919.516 70.512
919.728 70.593
919.940 71.093
920.152 71.408
920.364 71.400
920.577 70.842
920.789 70.401
921.001 70.143
921.213 70.383
921.426 70.942
921.638 71.413
921.850 71.072
922.062 70.692
922.274 70.524
922.487 70.499
922.699 70.372
922.911 70.728
923.123 71.082
923.336 71.117
923.548 70.586
923.760 70.322
923.972 70.428
924.184 70.797
924.397 71.017
924.609 71.243
924.821 71.595
925.033 71.671
925.246 71.637
925.458 72.194
925.670 72.706
925.882 73.014
926.094 72.555
926.307 72.205
926.519 72.550
926.731 73.111
926.943 73.126
927.156 72.497
927.368 72.385
927.580 72.248
927.792 71.776
928.004 71.756
928.217 71.603
928.429 71.932
928.641 72.158
928.853 72.170
929.066 71.772
929.278 71.639
929.490 71.889
929.702 71.938
929.914 72.005
930.127 72.070
930.339 71.756
930.551 71.891
930.763 71.861
930.976 71.908
931.188 71.950
931.400 71.836
931.612 71.585
931.824 71.697
932.037 71.768
932.249 71.890
932.461 71.852
932.673 71.457
932.886 71.273
933.098 71.084
933.310 71.022
933.522 71.072
933.734 71.523
933.947 71.837
934.159 71.418
934.371 71.144
934.583 70.974
934.796 70.807
935.008 70.995
935.220 71.472
935.432 71.227
935.644 71.176
935.857 71.624
936.069 71.638
936.281 71.346
936.493 70.722
936.706 71.551
936.918 72.543
937.130 72.724
937.342 72.812
937.554 72.156
937.767 73.046
937.979 73.278
938.191 72.489
938.403 71.756
938.616 71.358
938.828 72.665
939.040 73.021
939.252 72.499
939.464 72.160
939.677 72.398
939.889 72.706
940.101 71.951
940.313 72.052
940.526 72.568
940.738 73.050
940.950 73.470
941.162 73.008
941.374 72.658
941.587 73.314
941.799 73.852
942.011 73.756
942.223 73.759
942.436 73.954
942.648 73.436
942.860 73.287
943.072 72.787
943.284 72.914
943.497 72.859
943.709 72.275
943.921 71.357
944.133 71.689
944.346 71.913
944.558 71.628
944.770 71.602
944.982 72.158
945.194 72.669
945.407 73.825
945.619 73.639
945.831 73.748
946.043 74.041
946.256 74.805
946.468 74.706
946.680 74.163
946.892 74.381
947.104 74.487
947.317 74.074
947.529 73.584
947.741 73.861
947.953 74.395
948.166 73.417
948.378 73.378
948.590 74.026
948.802 73.875
949.014 74.612
949.227 74.556
949.439 74.570
949.651 75.691
949.863 77.083
950.076 76.363
950.288 76.260
950.500 77.394
950.712 76.721
950.924 75.200
951.137 76.171
951.349 77.105
951.561 77.275
951.773 79.401
951.986 81.494
952.198 79.276
952.410 77.910
952.622 76.609
952.834 76.661
953.047 78.321
953.259 78.021
953.471 76.171
953.683 74.576
953.896 76.005
954.108 75.335
954.320 71.458
954.532 70.859
954.744 71.756
954.957 72.857
955.169 72.629
955.381 72.218
955.593 72.340
955.806 71.973
956.018 72.042
956.230 71.208
956.442 69.504
956.654 70.272
956.867 71.006
957.079 70.958
957.291 71.904
957.503 73.002
957.716 72.232
957.928 73.064
958.140 74.091
958.352 74.971
958.564 74.865
958.777 74.307
958.989 73.546
959.201 74.759
959.413 75.980
959.626 74.656
959.838 72.730
960.050 72.455
960.262 71.652
960.474 72.086
960.687 72.531
960.899 72.326
961.111 72.967
961.323 73.975
961.536 73.565
961.748 73.367
961.960 73.829
962.172 73.773
962.384 73.047
962.597 73.341
962.809 74.398
963.021 73.844
963.233 73.027
963.446 72.344
963.658 71.238
963.870 71.572
964.082 71.619
964.294 71.724
964.507 71.295
964.719 71.598
964.931 71.638
965.143 70.109
965.356 69.805
965.568 70.206
965.780 71.446
966.000 72.237
966.221 71.320
966.441 70.956
966.662 71.359
966.882 73.622
967.103 74.152
967.323 73.440
967.543 74.119
967.764 74.836
967.984 74.940
968.205 74.041
968.425 74.504
968.645 74.696
968.866 73.949
969.086 73.856
969.307 73.151
969.527 73.913
969.748 74.353
969.968 73.969
970.188 72.954
970.409 72.250
970.629 73.083
970.850 74.849
971.070 75.251
971.290 76.092
971.511 75.119
971.731 75.380
971.952 75.947
972.172 75.563
972.393 75.625
972.613 76.444
972.833 77.410
973.054 77.586
973.274 75.388
973.495 74.917
973.715 75.440
973.936 76.843
974.156 76.008
974.376 75.359
974.597 76.506
974.817 76.170
975.038 75.149
975.258 74.836
975.478 74.901
975.699 75.180
975.919 75.517
976.140 75.487
976.360 75.040
976.581 75.499
976.801 75.468
977.021 74.865
977.242 73.571
977.462 73.457
977.683 75.267
977.903 75.230
978.123 76.446
978.344 76.452
978.564 75.526
978.785 75.131
979.005 75.669
979.226 76.172
979.446 76.867
979.666 77.515
979.887 77.117
980.107 76.594
980.328 78.901
980.548 78.778
980.769 78.116
980.989 75.889
981.209 75.707
981.430 76.295
981.650 75.382
981.871 74.944
982.091 75.376
982.311 77.292
982.532 75.395
982.752 71.871
982.973 70.541
983.193 71.327
983.414 73.740
983.634 74.305
983.854 73.006
984.075 73.437
984.295 74.400
984.516 74.618
984.736 74.410
984.956 75.954
985.177 76.557
985.397 75.821
985.618 76.495
985.838 78.026
986.059 78.096
986.279 78.053
986.499 77.636
986.720 76.735
986.940 77.782
987.161 76.449
987.381 74.698
987.602 75.633
987.822 78.525
988.042 77.446
988.263 76.002
988.483 75.894
988.704 75.190
988.924 74.161
989.144 74.516
989.365 75.157
989.585 78.093
989.806 78.909
990.026 77.107
990.247 74.002
990.467 73.752
990.687 73.934
990.908 74.345
991.128 76.658
991.349 78.814
991.569 79.386
991.789 79.267
992.010 77.631
992.230 77.172
992.451 76.320
992.671 76.750
992.892 80.144
993.112 82.615
993.332 81.889
993.553 79.460
993.773 79.264
993.994 76.983
994.214 75.254
994.435 74.686
994.655 75.073
994.875 75.610
995.096 78.676
995.316 78.750
995.537 74.743
995.757 72.340
995.977 73.655
996.198 71.370
996.418 71.156
996.639 71.946
996.859 72.919
997.080 73.907
997.300 76.735
997.520 74.182
997.741 69.599
997.961 71.120
998.182 72.887
998.402 70.707
998.622 75.369
998.843 81.191
999.063 80.856
999.284 78.743
999.504 75.425
999.725 73.672
999.945 74.971
1000.165 78.450
1000.386 79.095
1000.606 80.901
1000.827 83.579
1001.047 80.549
1001.268 73.994
1001.488 73.546
1001.708 79.014
1001.929 83.483
1002.149 83.219
1002.370 79.113
1002.590 78.134
1002.810 80.937
1003.031 77.920
1003.251 75.409
1003.472 76.125
1003.692 79.106
1003.913 80.473
1004.133 74.264
1004.353 72.173
1004.574 74.069
1004.794 79.312
1005.015 81.764
1005.235 75.167
1005.455 74.223
1005.676 76.689
1005.896 77.478
1006.117 76.241
1006.337 75.073
1006.558 81.361
1006.778 83.049
1006.998 79.419
1007.219 75.451
1007.439 70.450
1007.660 72.891
1007.880 77.164
1008.101 76.787
1008.321 71.926
1008.541 70.637
1008.762 71.888
1008.982 69.574
1009.203 70.057
1009.423 71.315
1009.643 70.997
1009.864 73.730
1010.084 72.355
1010.305 72.065
1010.525 73.041
1010.746 73.777
1010.966 70.509
1011.186 65.923
1011.407 61.027
1011.627 56.162
1011.848 56.701
1012.068 57.240
1012.288 54.168
1012.509 54.123
1012.729 49.359
1012.950 42.910
