290.982 87.883
291.167 88.963
291.352 89.383
291.537 88.987
291.722 88.756
291.907 92.939
292.091 93.240
292.276 90.624
292.461 89.673
292.646 89.071
292.831 90.163
293.016 87.563
293.201 83.846
293.386 82.689
293.571 84.279
293.756 85.547
293.940 85.576
294.125 83.563
294.310 84.588
294.495 85.792
294.680 84.459
294.865 81.628
295.050 82.794
295.235 84.462
295.420 83.699
295.605 81.838
295.789 83.091
295.974 84.357
296.159 83.762
296.344 82.686
296.529 80.819
296.714 81.710
296.899 82.832
297.084 83.804
297.269 84.456
297.454 86.136
297.638 86.985
297.823 85.068
298.008 83.550
298.193 84.131
298.378 85.283
298.563 85.473
298.748 87.118
298.933 87.881
299.118 86.577
299.303 86.714
299.487 86.184
299.672 84.055
299.857 81.411
300.042 82.013
300.227 82.154
300.412 80.690
300.597 80.419
300.782 77.928
300.967 77.824
301.152 78.716
301.336 78.663
301.521 78.324
301.706 80.379
301.891 82.076
302.076 81.695
302.261 81.500
302.446 82.680
302.631 83.009
302.816 86.282
303.001 86.338
303.185 83.654
303.370 81.733
303.555 81.114
303.740 79.465
303.925 78.317
304.110 77.271
304.295 77.569
304.480 77.621
304.665 77.410
304.850 75.071
305.034 74.588
305.219 76.444
305.404 77.064
305.589 77.485
305.774 78.350
305.959 79.998
306.144 80.551
306.329 78.476
306.514 76.840
306.699 76.241
306.883 75.086
307.068 73.910
307.253 73.235
307.438 74.412
307.623 75.131
307.808 73.845
307.993 71.817
308.178 71.340
308.363 72.307
308.548 73.553
308.732 74.802
308.917 75.583
309.102 75.868
309.287 75.769
309.472 75.995
309.657 76.259
309.842 75.512
310.027 74.470
310.212 73.919
310.397 73.911
310.581 73.116
310.766 72.270
310.951 71.331
311.136 70.944
311.321 70.889
311.506 69.471
311.691 68.510
311.876 68.999
312.061 68.869
312.245 70.461
312.430 71.736
312.615 72.416
312.800 72.035
312.985 70.407
313.170 69.440
313.347 69.961
313.523 68.848
313.700 68.194
313.877 68.562
314.054 70.196
314.230 69.134
314.407 67.030
314.584 65.796
314.761 65.087
314.937 65.349
315.114 66.443
315.291 66.454
315.467 67.037
315.644 65.376
315.821 64.304
315.998 63.208
316.174 62.361
316.351 62.826
316.528 62.658
316.704 62.195
316.881 62.716
317.058 63.176
317.235 63.846
317.411 64.566
317.588 65.900
317.765 66.416
317.942 66.738
318.118 66.849
318.295 65.452
318.472 64.592
318.648 65.390
318.825 65.332
319.002 63.034
319.179 61.581
319.355 61.435
319.532 61.455
319.709 60.620
319.885 60.864
320.062 61.409
320.239 61.754
320.416 62.931
320.592 63.113
320.769 62.923
320.946 63.785
321.123 63.575
321.299 62.598
321.476 61.476
321.653 61.767
321.829 61.158
322.006 60.169
322.183 60.789
322.360 59.774
322.536 58.920
322.713 59.503
322.890 59.622
323.066 58.657
323.243 58.734
323.420 60.883
323.597 61.079
323.773 59.985
323.950 60.364
324.127 60.943
324.304 61.449
324.480 60.581
324.657 59.883
324.834 59.383
325.010 59.672
325.187 59.009
325.364 57.235
325.541 56.745
325.717 57.392
325.894 56.458
326.071 54.454
326.248 53.983
326.424 55.326
326.601 55.315
326.778 54.461
326.954 53.983
327.131 53.689
327.308 52.791
327.485 52.786
327.661 53.025
327.838 53.174
328.015 53.727
328.191 52.956
328.368 51.227
328.545 49.463
328.722 49.663
328.898 50.860
329.075 51.697
329.252 51.395
329.429 50.428
329.605 50.597
329.782 50.670
329.959 50.334
330.135 50.045
330.312 51.158
330.489 52.461
330.666 52.326
330.842 51.279
331.019 50.722
331.196 51.425
331.372 51.987
331.549 50.752
331.726 50.131
331.903 50.216
332.079 51.010
332.256 50.006
332.433 48.720
332.610 48.017
332.786 47.846
332.963 47.293
333.140 46.397
333.316 47.392
333.493 47.675
333.670 47.149
333.847 48.334
334.023 48.368
334.200 47.847
334.377 47.580
334.553 48.279
334.730 48.309
334.907 48.106
335.084 48.334
335.260 47.018
335.437 46.720
335.614 47.797
335.791 46.543
335.967 45.641
336.144 46.088
336.321 46.469
336.497 46.035
336.674 45.491
336.851 45.472
337.028 44.819
337.204 44.282
337.381 44.695
337.558 44.990
337.734 44.480
337.911 43.829
338.088 43.683
338.265 45.221
338.441 45.818
338.618 44.830
338.795 44.441
338.972 45.271
339.148 46.053
339.325 45.901
339.502 44.082
339.678 43.732
339.855 44.393
340.032 44.085
340.209 42.841
340.385 42.245
340.562 42.439
340.739 42.144
340.916 41.393
341.092 41.097
341.269 41.145
341.446 41.299
341.622 40.963
341.799 40.591
341.976 40.913
342.153 41.027
342.329 41.106
342.506 41.726
342.683 41.672
342.859 41.306
343.036 41.015
343.213 40.469
343.390 40.328
343.566 40.729
343.743 40.583
343.920 39.866
344.097 39.183
344.273 38.958
344.450 38.753
344.627 39.467
344.803 40.741
344.980 41.093
345.157 40.708
345.334 40.348
345.510 40.013
345.687 39.454
345.864 39.712
346.040 39.780
346.217 39.683
346.394 39.288
346.571 38.335
346.747 36.168
346.924 35.040
347.101 35.749
347.278 36.123
347.454 36.607
347.631 36.447
347.808 35.025
347.984 34.872
348.161 35.144
348.338 35.188
348.515 34.970
348.691 35.221
348.868 34.875
349.045 33.210
349.221 32.845
349.398 32.175
349.575 32.445
349.752 33.505
349.928 33.009
350.105 32.103
350.282 31.565
350.459 31.988
350.635 32.374
350.812 32.464
350.989 33.694
351.165 34.907
351.342 35.084
351.519 34.599
351.696 34.168
351.872 34.193
352.049 34.181
352.226 34.745
352.402 34.727
352.579 34.762
352.756 34.974
352.933 34.148
353.109 32.293
353.286 31.421
353.463 31.598
353.640 31.553
353.816 30.920
353.993 30.605
354.170 30.236
354.346 30.301
354.523 30.327
354.700 29.904
354.877 29.864
355.053 29.708
355.230 29.906
355.407 29.881
355.584 30.254
355.760 30.884
355.937 31.054
356.114 31.167
356.290 30.865
356.467 30.826
356.644 30.865
356.821 30.474
356.997 31.085
357.174 31.294
357.351 31.309
357.527 31.131
357.704 30.953
357.881 31.332
358.058 31.722
358.234 31.681
358.411 31.263
358.588 30.868
358.765 30.739
358.941 30.359
359.118 30.020
359.295 29.710
359.471 28.953
359.648 28.800
359.825 28.589
360.002 27.834
360.178 27.711
360.355 27.769
360.532 28.045
360.708 28.199
360.885 28.208
361.062 27.665
361.239 27.132
361.415 27.357
361.592 27.231
361.769 26.763
361.946 26.944
362.122 26.941
362.299 26.113
362.476 25.919
362.652 26.010
362.829 26.339
363.006 26.478
363.183 27.204
363.359 27.297
363.536 26.676
363.713 26.387
363.889 26.332
364.066 25.920
364.243 25.947
364.420 25.602
364.596 25.078
364.773 24.422
364.950 24.892
365.127 24.754
365.303 24.480
365.480 25.263
365.661 25.580
365.841 25.266
366.022 25.141
366.202 25.402
366.383 25.330
366.563 25.539
366.744 25.776
366.924 25.435
367.105 25.126
367.286 24.631
367.466 23.611
367.647 23.389
367.827 23.188
368.008 23.357
368.188 23.284
368.369 23.314
368.549 23.227
368.730 22.481
368.911 22.040
369.091 21.874
369.272 21.884
369.452 22.222
369.633 21.889
369.813 21.812
369.994 21.955
370.174 21.688
370.355 21.480
370.535 21.238
370.716 21.691
370.897 21.773
371.077 21.456
371.258 21.869
371.438 22.641
371.619 23.018
371.799 22.782
371.980 22.052
372.160 22.164
372.341 22.377
372.522 22.491
372.702 22.551
372.883 22.588
373.063 22.593
373.244 22.480
373.424 21.984
373.605 22.044
373.785 22.171
373.966 22.232
374.147 21.997
374.327 22.070
374.508 22.193
374.688 21.867
374.869 21.974
375.049 22.355
375.230 22.701
375.410 22.519
375.591 21.917
375.772 21.717
375.952 22.084
376.133 22.229
376.313 21.931
376.494 21.192
376.674 21.073
376.855 20.959
377.035 20.436
377.216 19.960
377.397 19.951
377.577 20.111
377.758 20.095
377.938 19.851
378.119 19.764
378.299 19.732
378.480 20.240
378.660 20.531
378.841 20.618
379.021 20.489
379.202 20.064
379.383 19.617
379.563 19.319
379.744 19.112
379.924 18.729
380.105 18.571
380.285 18.325
380.466 17.776
380.646 17.251
380.827 16.701
381.008 16.681
381.188 16.903
381.369 17.206
381.549 17.019
381.730 16.810
381.910 16.948
382.091 16.776
382.271 16.823
382.452 17.002
382.633 17.065
382.813 17.426
382.994 17.801
383.174 17.600
383.355 17.165
383.535 17.219
383.716 17.458
383.896 17.132
384.077 17.053
384.258 17.180
384.438 17.340
384.619 17.319
384.799 16.923
384.980 16.527
385.160 16.223
385.341 16.037
385.521 15.900
385.702 15.689
385.882 16.036
386.063 16.151
386.244 15.880
386.424 15.669
386.605 15.463
386.785 15.364
386.966 15.260
387.146 15.202
387.327 15.160
387.507 15.181
387.688 15.251
387.869 15.060
388.049 15.232
388.230 15.262
388.410 15.114
388.591 15.088
388.771 15.132
388.952 15.054
389.132 14.994
389.313 14.972
389.494 14.966
389.674 15.025
389.855 14.830
390.035 14.505
390.216 14.425
390.396 14.607
390.577 14.656
390.757 14.437
390.938 14.411
391.119 14.425
391.299 14.512
391.480 14.458
391.660 14.349
391.841 14.546
392.021 14.461
392.202 14.273
392.382 13.997
392.563 13.887
392.743 13.932
392.924 13.782
393.105 13.669
393.285 13.484
393.466 13.405
393.646 13.373
393.827 13.170
394.007 12.737
394.188 12.722
394.368 12.722
394.549 12.627
394.730 12.517
394.910 12.520
395.091 12.578
395.271 12.851
395.452 13.019
395.632 12.637
395.813 12.454
395.993 12.816
396.174 12.910
396.355 12.814
396.535 12.888
396.716 13.125
396.896 13.396
397.077 13.400
397.257 13.006
397.438 12.503
397.618 12.495
397.799 12.499
397.980 12.517
398.160 12.484
398.341 12.493
398.521 12.325
398.702 12.046
398.882 11.665
399.063 11.591
399.243 11.826
399.424 11.961
399.605 12.125
399.785 12.063
399.966 11.810
400.146 11.687
400.327 11.604
400.507 11.692
400.688 11.623
400.868 11.591
401.049 11.547
401.229 11.223
401.410 11.189
401.591 11.156
401.771 11.302
401.952 11.396
402.132 11.289
402.313 11.294
402.493 11.321
402.674 11.479
402.854 11.580
403.035 11.666
403.216 11.498
403.396 11.468
403.577 11.445
403.757 11.163
403.938 10.988
404.118 10.886
404.299 10.651
404.479 10.383
404.660 10.161
404.841 10.119
405.023 10.033
405.204 10.033
405.385 10.009
405.566 10.018
405.748 9.980
405.929 9.922
406.110 10.189
406.292 10.465
406.473 10.669
406.654 10.826
406.835 10.692
407.017 10.480
407.198 10.544
407.379 10.427
407.560 10.197
407.742 10.120
407.923 10.063
408.104 9.640
408.286 9.336
408.467 9.123
408.648 9.202
408.829 9.539
409.011 9.585
409.192 9.481
409.373 9.417
409.555 9.460
409.736 9.627
409.917 9.801
410.098 10.057
410.280 10.130
410.461 10.155
410.642 9.789
410.823 9.189
411.005 9.097
411.186 9.292
411.367 9.492
411.549 9.556
411.730 9.484
411.911 9.323
412.092 9.212
412.274 9.242
412.455 9.199
412.636 9.249
412.818 9.423
412.999 9.467
413.180 9.427
413.361 9.320
413.543 9.287
413.724 9.324
413.905 9.321
414.087 9.338
414.268 9.214
414.449 9.099
414.630 9.100
414.812 9.194
414.993 9.248
415.174 9.057
415.355 8.938
415.537 8.776
415.718 8.731
415.899 8.734
416.081 8.586
416.262 8.481
416.443 8.501
416.624 8.483
416.806 8.361
416.987 8.236
417.168 8.141
417.350 8.066
417.531 8.086
417.712 8.000
417.893 8.001
418.075 8.131
418.256 8.065
418.437 7.890
418.618 7.700
418.800 7.592
418.981 7.671
419.162 7.801
419.344 7.893
419.525 7.981
419.706 7.976
419.887 7.843
420.069 7.720
420.250 7.889
420.431 8.021
420.613 8.147
420.794 8.124
420.975 7.921
421.156 7.808
421.338 7.712
421.519 7.555
421.700 7.468
421.882 7.480
422.063 7.412
422.244 7.312
422.425 7.325
422.607 7.234
422.788 7.260
422.969 7.338
423.150 7.466
423.332 7.680
423.513 7.708
423.694 7.613
423.876 7.605
424.057 7.659
424.238 7.631
424.419 7.755
424.601 8.148
424.782 8.228
424.963 8.267
425.145 8.110
425.326 7.890
425.507 7.841
425.688 7.990
425.870 7.946
426.051 7.850
426.232 7.830
426.413 7.639
426.595 7.230
426.776 7.040
426.957 6.992
427.139 7.135
427.320 7.074
427.501 6.937
427.682 6.685
427.864 6.691
428.045 6.754
428.226 6.705
428.408 6.690
428.589 6.689
428.770 6.720
428.951 6.629
429.133 6.468
429.314 6.531
429.495 6.607
429.677 6.722
429.858 6.722
430.039 6.648
430.220 6.620
430.402 6.563
430.583 6.585
430.764 6.570
430.945 6.587
431.127 6.499
431.308 6.434
431.489 6.489
431.671 6.465
431.852 6.375
432.033 6.375
432.214 6.421
432.396 6.428
432.577 6.317
432.758 6.286
432.940 6.334
433.121 6.383
433.302 6.317
433.483 6.303
433.665 6.416
433.846 6.578
434.027 6.588
434.208 6.590
434.390 6.565
434.571 6.591
434.752 6.606
434.934 6.571
435.115 6.626
435.296 6.713
435.477 6.717
435.659 6.688
435.840 6.676
436.030 6.724
436.220 6.630
436.410 6.631
436.600 6.671
436.790 6.719
436.980 6.765
437.170 6.720
437.360 6.666
437.550 6.627
437.741 6.596
437.931 6.498
438.121 6.480
438.311 6.502
438.501 6.485
438.691 6.511
438.881 6.434
439.071 6.309
439.261 6.225
439.451 6.142
439.641 6.100
439.831 6.004
440.021 5.922
440.211 5.835
440.401 5.888
440.591 5.948
440.781 5.954
440.971 5.960
441.161 5.899
441.351 5.907
441.542 5.986
441.732 6.027
441.922 6.044
442.112 6.124
442.302 6.159
442.492 6.090
442.682 5.955
442.872 5.772
443.062 5.689
443.252 5.743
443.442 5.794
443.632 5.758
443.822 5.669
444.012 5.594
444.202 5.515
444.392 5.479
444.582 5.431
444.772 5.423
444.962 5.487
445.153 5.537
445.343 5.487
445.533 5.369
445.723 5.320
445.913 5.310
446.103 5.333
446.293 5.339
446.483 5.313
446.673 5.368
446.863 5.419
447.053 5.417
447.243 5.447
447.433 5.491
447.623 5.553
447.813 5.557
448.003 5.603
448.193 5.602
448.383 5.579
448.573 5.576
448.764 5.478
448.954 5.434
449.144 5.410
449.334 5.318
449.524 5.268
449.714 5.264
449.904 5.273
450.094 5.268
450.284 5.291
450.474 5.279
450.664 5.264
450.854 5.316
451.044 5.319
451.234 5.312
451.424 5.246
451.614 5.206
451.804 5.210
451.994 5.168
452.184 5.101
452.375 5.097
452.565 5.104
452.755 5.124
452.945 5.133
453.135 5.150
453.325 5.163
453.515 5.277
453.705 5.332
453.895 5.300
454.085 5.334
454.275 5.411
454.465 5.408
454.655 5.349
454.845 5.301
455.035 5.330
455.225 5.235
455.415 5.168
455.605 5.176
455.795 5.213
455.985 5.166
456.176 5.076
456.366 4.978
456.556 4.933
456.746 4.947
456.936 4.933
457.126 4.913
457.316 4.952
457.506 4.955
457.696 4.884
457.886 4.774
458.076 4.749
458.266 4.791
458.456 4.806
458.646 4.774
458.836 4.809
459.026 4.900
459.216 4.909
459.406 4.910
459.596 4.901
459.787 4.855
459.977 4.865
460.167 4.903
460.357 4.829
460.547 4.753
460.737 4.745
460.927 4.706
461.117 4.553
461.307 4.491
461.497 4.526
461.687 4.558
461.877 4.630
462.067 4.700
462.257 4.770
462.447 4.811
462.637 4.804
462.827 4.818
463.017 4.849
463.207 4.969
463.397 4.961
463.588 4.914
463.778 4.936
463.968 4.879
464.158 4.791
464.348 4.710
464.538 4.751
464.728 4.772
464.918 4.768
465.108 4.771
465.298 4.693
465.488 4.681
465.678 4.686
465.868 4.675
466.058 4.704
466.248 4.690
466.438 4.695
466.628 4.701
466.818 4.717
467.008 4.697
467.199 4.675
467.389 4.659
467.579 4.654
467.769 4.697
467.959 4.639
468.149 4.540
468.339 4.560
468.529 4.597
468.719 4.642
468.909 4.612
469.099 4.573
469.289 4.560
469.479 4.581
469.669 4.559
469.859 4.516
470.049 4.536
470.239 4.614
470.429 4.649
470.619 4.571
470.810 4.474
471.000 4.532
471.190 4.632
471.380 4.638
471.570 4.664
471.760 4.728
471.950 4.737
472.140 4.737
472.330 4.766
472.520 4.741
472.710 4.746
472.900 4.768
473.090 4.749
473.280 4.696
473.470 4.679
473.660 4.650
473.850 4.607
474.040 4.598
474.230 4.578
474.421 4.541
474.611 4.542
474.801 4.573
474.991 4.605
475.181 4.602
475.371 4.600
475.561 4.611
475.751 4.567
475.941 4.527
476.131 4.510
476.321 4.555
476.511 4.553
476.701 4.538
476.891 4.478
477.081 4.406
477.271 4.320
477.461 4.247
477.651 4.215
477.841 4.214
478.031 4.218
478.222 4.198
478.412 4.164
478.602 4.162
478.792 4.179
478.982 4.205
479.172 4.171
479.362 4.199
479.552 4.258
479.742 4.231
479.932 4.268
480.122 4.306
480.312 4.322
480.502 4.357
480.692 4.381
480.882 4.323
481.072 4.305
481.262 4.350
481.452 4.357
481.642 4.358
481.833 4.430
482.023 4.415
482.213 4.407
482.403 4.396
482.593 4.337
482.783 4.330
482.973 4.402
483.163 4.451
483.353 4.419
483.543 4.443
483.733 4.436
483.923 4.378
484.113 4.405
484.303 4.386
484.493 4.359
484.683 4.410
484.873 4.393
485.063 4.328
485.253 4.279
485.443 4.314
485.634 4.284
485.824 4.268
486.014 4.282
486.204 4.258
486.394 4.285
486.584 4.319
486.774 4.266
486.964 4.254
487.154 4.269
487.344 4.284
487.534 4.262
487.724 4.248
487.914 4.254
488.104 4.244
488.294 4.233
488.484 4.192
488.674 4.144
488.864 4.130
489.054 4.120
489.245 4.118
489.435 4.126
489.625 4.176
489.815 4.253
490.005 4.346
490.195 4.368
490.385 4.363
490.575 4.395
490.765 4.472
490.955 4.385
491.145 4.402
491.335 4.446
491.525 4.441
491.715 4.423
491.905 4.401
492.095 4.308
492.285 4.267
492.475 4.273
492.665 4.253
492.856 4.225
493.046 4.176
493.236 4.161
493.426 4.159
493.616 4.129
493.806 4.107
493.996 4.073
494.186 4.076
494.376 4.160
494.566 4.150
494.756 4.123
494.946 4.118
495.136 4.117
495.326 4.129
495.516 4.183
495.706 4.245
495.896 4.251
496.086 4.263
496.276 4.252
496.467 4.218
496.657 4.289
496.847 4.302
497.037 4.290
497.227 4.318
497.417 4.310
497.607 4.238
497.797 4.225
497.987 4.249
498.177 4.215
498.367 4.218
498.557 4.215
498.747 4.159
498.937 4.174
499.127 4.170
499.317 4.119
499.507 4.096
499.697 4.113
499.887 4.134
500.077 4.131
500.268 4.135
500.458 4.108
500.648 4.065
500.838 4.029
501.028 4.006
501.218 4.002
501.408 4.005
501.598 4.026
501.788 4.022
501.978 4.007
502.168 3.967
502.358 3.985
502.548 4.024
502.738 4.051
502.928 4.072
503.118 4.057
503.308 4.084
503.498 4.106
503.688 4.092
503.879 4.078
504.069 4.060
504.259 4.110
504.449 4.098
504.639 4.053
504.829 4.037
505.019 4.026
505.209 4.026
505.399 3.993
505.589 3.986
505.779 3.978
505.969 3.942
506.159 3.927
506.349 3.916
506.539 3.920
506.729 3.926
506.919 3.954
507.109 3.954
507.299 3.942
507.490 3.930
507.680 3.877
507.870 3.860
508.060 3.870
508.250 3.867
508.440 3.853
508.630 3.850
508.820 3.854
509.010 3.800
509.200 3.775
509.390 3.784
509.580 3.777
509.770 3.805
509.960 3.818
510.150 3.816
510.340 3.824
510.530 3.828
510.720 3.826
510.910 3.842
511.100 3.897
511.291 3.895
511.481 3.892
511.671 3.910
511.861 3.991
512.051 4.129
512.241 4.167
512.431 4.178
512.621 4.181
512.811 4.186
513.001 4.177
513.191 4.134
513.381 4.151
513.571 4.164
513.761 4.168
513.951 4.089
514.141 3.931
514.331 3.908
514.521 3.857
514.711 3.827
514.902 3.851
515.092 3.869
515.282 3.884
515.472 3.861
515.662 3.820
515.852 3.808
516.042 3.790
516.232 3.804
516.422 3.808
516.612 3.839
516.802 3.842
516.992 3.787
517.182 3.746
517.372 3.742
517.562 3.780
517.752 3.804
517.942 3.789
518.132 3.810
518.322 3.807
518.513 3.796
518.703 3.795
518.893 3.826
519.083 3.913
519.273 3.988
519.463 3.993
519.653 4.013
519.843 4.050
520.033 4.082
520.223 4.102
520.413 4.106
520.603 4.094
520.793 4.091
520.983 4.082
521.173 4.030
521.363 3.979
521.553 3.993
521.743 3.949
521.933 3.921
522.123 3.934
522.314 3.944
522.504 3.939
522.694 3.925
522.884 3.926
523.074 3.914
523.264 3.915
523.454 3.919
523.644 3.912
523.834 3.940
524.024 3.967
524.214 3.950
524.404 3.915
524.594 3.913
524.784 3.969
524.974 3.969
525.164 3.952
525.354 3.925
525.544 3.914
525.734 3.889
525.925 3.859
526.115 3.842
526.305 3.876
526.495 3.931
526.685 3.962
526.875 3.938
527.065 3.925
527.255 3.941
527.445 3.957
527.635 3.955
527.825 3.992
528.015 4.037
528.205 4.028
528.395 3.994
528.585 3.971
528.775 3.950
528.965 3.968
529.155 4.008
529.345 4.026
529.535 4.011
529.726 3.999
529.916 3.968
530.106 3.956
530.296 3.969
530.486 3.973
530.676 3.964
530.866 3.966
531.056 3.947
531.246 3.898
531.436 3.855
531.626 3.872
531.816 3.862
532.006 3.867
532.196 3.856
532.386 3.817
532.576 3.772
532.766 3.742
532.956 3.719
533.146 3.711
533.337 3.714
533.527 3.710
533.717 3.683
533.907 3.714
534.097 3.723
534.287 3.712
534.477 3.719
534.667 3.732
534.857 3.738
535.047 3.750
535.237 3.768
535.427 3.777
535.617 3.780
535.807 3.794
535.997 3.786
536.187 3.767
536.377 3.766
536.567 3.780
536.757 3.792
536.948 3.802
537.138 3.777
537.328 3.769
537.518 3.798
537.708 3.826
537.898 3.814
538.088 3.787
538.278 3.789
538.468 3.793
538.658 3.777
538.848 3.770
539.038 3.752
539.228 3.772
539.418 3.781
539.608 3.762
539.798 3.730
539.988 3.714
540.178 3.710
540.368 3.711
540.558 3.705
540.749 3.713
540.939 3.708
541.129 3.735
541.319 3.763
541.509 3.981
541.699 4.404
541.889 4.435
542.079 4.487
542.269 4.520
542.459 4.526
542.649 4.506
542.839 4.499
543.029 4.516
543.219 4.519
543.409 4.492
543.599 4.242
543.789 3.822
543.979 3.823
544.169 3.818
544.360 3.803
544.550 3.830
544.740 3.838
544.930 3.836
545.120 3.833
545.310 3.803
545.500 3.830
545.690 3.858
545.880 3.846
546.070 3.827
546.267 3.793
546.463 3.790
546.660 3.777
546.857 3.813
547.054 3.834
547.251 3.810
547.447 3.801
547.644 3.744
547.841 3.718
548.038 3.714
548.234 3.719
548.431 3.743
548.628 3.754
548.825 3.740
549.021 3.707
549.218 3.676
549.415 3.661
549.612 3.649
549.808 3.675
550.005 3.688
550.202 3.674
550.399 3.669
550.595 3.677
550.792 3.681
550.989 3.664
551.186 3.661
551.382 3.698
551.579 3.736
551.776 3.789
551.973 3.803
552.169 3.809
552.366 3.821
552.563 3.827
552.760 3.836
552.956 3.850
553.153 3.882
553.350 3.927
553.547 3.944
553.743 3.949
553.940 3.937
554.137 3.948
554.334 3.929
554.530 3.936
554.727 3.946
554.924 3.942
555.121 3.913
555.317 3.885
555.514 3.872
555.711 3.845
555.908 3.824
556.104 3.813
556.301 3.803
556.498 3.823
556.695 3.822
556.891 3.800
557.088 3.780
557.285 3.800
557.482 3.832
557.678 3.822
557.875 3.826
558.072 3.866
558.269 3.903
558.465 3.902
558.662 3.870
558.859 3.854
559.056 3.860
559.252 3.864
559.449 3.878
559.646 3.891
559.843 3.884
560.039 3.858
560.236 3.822
560.433 3.772
560.630 3.754
560.826 3.783
561.023 3.801
561.220 3.833
561.417 3.843
561.613 3.831
561.810 3.794
562.007 3.800
562.204 3.808
562.400 3.818
562.597 3.846
562.794 3.874
562.991 3.904
563.187 3.920
563.384 3.894
563.581 3.902
563.778 3.903
563.974 3.921
564.171 3.911
564.368 3.907
564.565 3.899
564.761 3.905
564.958 3.929
565.155 3.922
565.352 3.915
565.548 3.942
565.745 3.965
565.942 3.965
566.139 3.952
566.335 3.979
566.532 4.021
566.729 4.049
566.926 4.047
567.122 4.028
567.319 4.020
567.516 4.029
567.713 4.027
567.909 4.015
568.106 4.018
568.303 4.027
568.500 4.009
568.696 3.994
568.893 3.992
569.090 3.997
569.287 3.993
569.483 4.020
569.680 4.048
569.877 4.056
570.074 4.054
570.270 4.038
570.467 4.053
570.664 4.069
570.861 4.063
571.057 4.048
571.254 4.019
571.451 4.022
571.648 4.012
571.844 4.003
572.041 4.021
572.238 4.034
572.435 4.052
572.631 4.062
572.828 4.078
573.025 4.068
573.222 4.087
573.418 4.128
573.615 4.126
573.812 4.132
574.009 4.135
574.205 4.103
574.402 4.084
574.599 4.084
574.796 4.065
574.992 4.064
575.189 4.103
575.386 4.096
575.583 4.093
575.779 4.099
575.976 4.065
576.173 4.061
576.370 4.087
576.567 4.107
576.763 4.131
576.960 4.167
577.158 4.148
577.356 4.146
577.554 4.151
577.752 4.150
577.950 4.184
578.148 4.210
578.346 4.199
578.544 4.183
578.742 4.189
578.940 4.181
579.138 4.153
579.336 4.162
579.534 4.168
579.732 4.189
579.930 4.193
580.128 4.190
580.326 4.211
580.524 4.212
580.722 4.206
580.920 4.185
581.118 4.195
581.316 4.218
581.514 4.202
581.712 4.172
581.909 4.161
582.107 4.185
582.305 4.169
582.503 4.141
582.701 4.145
582.899 4.144
583.097 4.131
583.295 4.123
583.493 4.134
583.691 4.166
583.889 4.202
584.087 4.200
584.285 4.174
584.483 4.166
584.681 4.180
584.879 4.187
585.077 4.171
585.275 4.185
585.473 4.188
585.671 4.196
585.869 4.216
586.067 4.212
586.265 4.216
586.463 4.202
586.661 4.204
586.859 4.200
587.057 4.209
587.255 4.242
587.453 4.238
587.651 4.234
587.849 4.220
588.047 4.196
588.245 4.183
588.443 4.215
588.641 4.259
588.839 4.295
589.037 4.314
589.235 4.316
589.433 4.327
589.631 4.364
589.829 4.368
590.027 4.348
590.225 4.334
590.423 4.335
590.621 4.293
590.819 4.263
591.017 4.243
591.215 4.214
591.413 4.204
591.611 4.204
591.809 4.197
592.006 4.206
592.204 4.222
592.402 4.241
592.600 4.274
592.798 4.304
592.996 4.312
593.194 4.311
593.392 4.343
593.590 4.352
593.788 4.365
593.986 4.402
594.184 4.413
594.382 4.427
594.580 4.477
594.778 4.471
594.976 4.469
595.174 4.479
595.372 4.494
595.570 4.486
595.768 4.484
595.966 4.459
596.164 4.435
596.362 4.449
596.560 4.451
596.758 4.428
596.956 4.430
597.154 4.454
597.352 4.460
597.550 4.455
597.748 4.502
597.946 4.539
598.144 4.587
598.342 4.595
598.540 4.571
598.738 4.572
598.936 4.574
599.134 4.580
599.332 4.583
599.530 4.621
599.728 4.659
599.926 4.655
600.124 4.669
600.322 4.707
600.520 4.770
600.718 4.810
600.916 4.840
601.114 4.892
601.312 4.944
601.510 4.942
601.708 4.970
601.905 5.019
602.103 5.059
602.301 5.112
602.499 5.108
602.697 5.109
602.895 5.149
603.093 5.206
603.291 5.234
603.489 5.255
603.687 5.297
603.885 5.312
604.083 5.317
604.281 5.322
604.479 5.321
604.677 5.372
604.875 5.436
605.073 5.476
605.271 5.463
605.469 5.464
605.667 5.491
605.865 5.549
606.063 5.645
606.261 5.793
606.459 5.847
606.657 5.878
606.855 5.904
607.053 5.906
607.251 5.934
607.449 6.013
607.647 6.082
607.845 6.139
608.043 6.182
608.241 6.170
608.439 6.111
608.637 6.164
608.835 6.254
609.033 6.327
609.231 6.384
609.429 6.456
609.627 6.510
609.825 6.596
610.023 6.690
610.221 6.762
610.419 6.840
610.617 6.898
610.815 6.958
611.013 7.018
611.211 7.093
611.409 7.199
611.607 7.295
611.804 7.393
612.002 7.483
612.200 7.574
612.398 7.685
612.596 7.773
612.794 7.873
612.992 8.009
613.190 8.141
613.388 8.251
613.586 8.353
613.784 8.452
613.982 8.570
614.180 8.678
614.378 8.787
614.576 8.905
614.774 9.034
614.972 9.152
615.170 9.265
615.368 9.377
615.566 9.498
615.764 9.619
615.962 9.737
616.160 9.852
616.358 9.960
616.556 10.081
616.754 10.217
616.952 10.376
617.150 10.541
617.348 10.666
617.546 10.794
617.744 10.936
617.942 11.085
618.140 11.263
618.338 11.432
618.536 11.622
618.734 11.811
618.932 11.991
619.130 12.153
619.328 12.343
619.526 12.549
619.724 12.768
619.922 13.010
620.120 13.222
620.318 13.454
620.516 13.723
620.714 13.967
620.912 14.205
621.110 14.425
621.308 14.655
621.506 14.876
621.704 15.131
621.901 15.379
622.099 15.571
622.297 15.814
622.495 16.049
622.693 16.254
622.891 16.452
623.089 16.675
623.287 16.933
623.485 17.193
623.683 17.437
623.881 17.670
624.079 17.917
624.277 18.206
624.475 18.478
624.673 18.749
624.871 19.051
625.069 19.413
625.267 19.735
625.465 20.030
625.663 20.343
625.861 20.675
626.059 21.029
626.257 21.371
626.455 21.683
626.653 22.008
626.851 22.316
627.049 22.616
627.247 22.898
627.445 23.214
627.643 23.555
627.841 23.920
628.039 24.241
628.237 24.516
628.435 24.811
628.633 25.149
628.831 25.490
629.029 25.844
629.227 26.168
629.425 26.513
629.623 26.873
629.821 27.185
630.019 27.487
630.217 27.826
630.415 28.205
630.613 28.592
630.811 28.969
631.009 29.330
631.207 29.696
631.405 30.065
631.603 30.384
631.801 30.736
631.998 31.112
632.196 31.487
632.394 31.844
632.592 32.192
632.790 32.534
632.988 32.881
633.186 33.244
633.384 33.585
633.582 33.933
633.780 34.324
633.978 34.644
634.176 35.032
634.374 35.355
634.572 35.676
634.770 36.008
634.968 36.364
635.166 36.721
635.364 37.038
635.562 37.386
635.760 37.741
635.958 38.081
636.156 38.451
636.354 38.757
636.552 39.147
636.750 39.538
636.948 39.893
637.146 40.216
637.344 40.553
637.542 40.888
637.740 41.196
637.938 41.487
638.136 41.977
638.334 42.579
638.532 42.873
638.730 43.138
638.928 43.436
639.126 43.772
639.324 44.106
639.522 44.458
639.720 44.810
639.918 45.149
640.116 45.492
640.314 45.628
640.512 45.658
640.710 46.031
640.908 46.388
641.106 46.715
641.304 47.001
641.502 47.307
641.699 47.597
641.897 47.887
642.095 48.173
642.293 48.475
642.491 48.764
642.689 49.017
642.887 49.274
643.085 49.542
643.283 49.790
643.481 50.035
643.679 50.242
643.877 50.444
644.075 50.687
644.273 50.956
644.471 51.190
644.669 51.433
644.867 51.679
645.065 51.894
645.263 52.099
645.461 52.360
645.659 52.657
645.857 52.932
646.055 53.179
646.253 53.418
646.451 53.633
646.649 53.836
646.847 54.004
647.045 54.206
647.243 54.455
647.441 54.711
647.639 54.923
647.837 55.082
648.035 55.267
648.233 55.485
648.431 55.671
648.629 55.857
648.827 56.040
649.025 56.292
649.223 56.478
649.421 56.623
649.619 56.789
649.817 56.944
650.015 57.124
650.213 57.281
650.411 57.419
650.609 57.524
650.807 57.612
651.005 57.737
651.203 57.856
651.401 58.071
651.599 58.221
651.796 58.361
651.994 58.501
652.192 58.618
652.390 58.777
652.588 58.902
652.786 59.040
652.984 59.219
653.182 59.431
653.380 59.576
653.578 59.633
653.776 59.718
653.974 59.825
654.172 59.967
654.370 60.080
654.568 60.154
654.766 60.265
654.964 60.400
655.162 60.456
655.360 60.460
655.558 60.567
655.756 60.710
655.954 60.834
656.152 60.919
656.350 60.979
656.548 61.060
656.746 61.084
656.944 61.125
657.142 61.188
657.340 61.344
657.538 61.509
657.736 61.558
657.934 61.576
658.132 61.635
658.330 61.682
658.528 61.758
658.726 61.817
658.924 61.931
659.122 62.051
659.320 62.174
659.518 62.192
659.716 62.232
659.914 62.321
660.112 62.423
660.310 62.498
660.508 62.575
660.706 62.653
660.904 62.781
661.102 62.888
661.300 62.920
661.498 62.909
661.696 62.995
661.893 63.067
662.091 63.099
662.289 63.152
662.487 63.173
662.685 63.159
662.883 63.108
663.081 63.153
663.279 63.248
663.477 63.286
663.675 63.347
663.873 63.405
664.071 63.449
664.269 63.479
664.467 63.485
664.665 63.591
664.863 63.745
665.061 63.874
665.259 63.872
665.457 63.846
665.655 63.894
665.853 63.954
666.051 63.948
666.249 63.962
666.447 63.981
666.645 64.016
666.843 63.989
667.041 63.954
667.239 63.995
667.437 64.080
667.635 64.102
667.833 64.063
668.031 64.020
668.229 64.082
668.427 64.185
668.625 64.313
668.823 64.348
669.021 64.388
669.219 64.423
669.417 64.433
669.615 64.404
669.813 64.425
670.011 64.475
670.209 64.540
670.407 64.555
670.605 64.469
670.803 64.428
671.001 64.502
671.199 64.598
671.397 64.641
671.595 64.695
671.792 64.781
671.990 64.771
672.188 64.803
672.386 64.857
672.584 64.929
672.782 65.032
672.980 65.080
673.178 65.073
673.376 65.013
673.574 64.984
673.772 64.961
673.970 64.944
674.168 65.006
674.366 65.031
674.564 65.007
674.762 64.929
674.960 64.824
675.158 64.778
675.356 64.808
675.554 64.893
675.752 64.943
675.950 64.967
676.148 64.937
676.346 64.914
676.544 64.934
676.742 64.950
676.940 65.079
677.138 65.220
677.336 65.244
677.534 65.218
677.732 65.213
677.930 65.264
678.128 65.299
678.326 65.321
678.524 65.365
678.722 65.398
678.920 65.486
679.118 65.439
679.316 65.404
679.514 65.416
679.712 65.347
679.910 65.294
680.108 65.260
680.306 65.196
680.504 65.226
680.702 65.294
680.900 65.328
681.098 65.298
681.296 65.293
681.494 65.325
681.691 65.410
681.889 65.494
682.087 65.491
682.285 65.431
682.483 65.444
682.681 65.492
682.879 65.496
683.077 65.526
683.275 65.524
683.473 65.522
683.671 65.497
683.869 65.423
684.067 65.437
684.265 65.575
684.463 65.771
684.661 65.848
684.859 65.793
685.057 65.745
685.255 65.686
685.453 65.717
685.651 65.780
685.849 65.852
686.047 65.945
686.245 66.002
686.443 65.930
686.641 65.855
686.839 65.911
687.037 65.958
687.235 65.987
687.433 66.043
687.631 66.041
687.829 66.012
688.027 65.969
688.225 65.985
688.423 65.964
688.621 65.974
688.819 66.007
689.017 65.940
689.215 65.944
689.413 65.950
689.611 65.924
689.809 65.938
690.007 65.985
690.205 66.041
690.403 66.039
690.601 65.995
690.799 65.990
690.997 65.989
691.195 66.042
691.393 66.070
691.591 66.097
691.788 66.140
691.986 66.183
692.184 66.235
692.382 66.271
692.580 66.249
692.778 66.284
692.976 66.293
693.174 66.267
693.372 66.266
693.570 66.229
693.768 66.259
693.966 66.299
694.164 66.269
694.362 66.207
694.560 66.194
694.758 66.261
694.956 66.336
695.154 66.433
695.352 66.526
695.550 66.580
695.748 66.655
695.946 66.625
696.144 66.581
696.342 66.602
696.540 66.603
696.744 66.580
696.948 66.555
697.152 66.532
697.357 66.525
697.561 66.488
697.765 66.467
697.969 66.462
698.173 66.512
698.377 66.527
698.581 66.579
698.786 66.629
698.990 66.636
699.194 66.605
699.398 66.639
699.602 66.605
699.806 66.572
700.010 66.557
700.215 66.541
700.419 66.538
700.623 66.629
700.827 66.630
701.031 66.608
701.235 66.651
701.440 66.715
701.644 66.706
701.848 66.802
702.052 66.827
702.256 66.849
702.460 66.917
702.664 66.932
702.869 66.888
703.073 66.949
703.277 67.075
703.481 67.115
703.685 67.146
703.889 67.200
704.093 67.145
704.298 67.171
704.502 67.219
704.706 67.265
704.910 67.314
705.114 67.342
705.318 67.330
705.522 67.283
705.727 67.255
705.931 67.225
706.135 67.153
706.339 67.172
706.543 67.254
706.747 67.275
706.951 67.257
707.156 67.232
707.360 67.198
707.564 67.189
707.768 67.131
707.972 67.112
708.176 67.136
708.380 67.222
708.585 67.195
708.789 67.083
708.993 66.992
709.197 66.908
709.401 66.885
709.605 66.941
709.810 66.926
710.014 66.968
710.218 66.992
710.422 67.003
710.626 67.041
710.830 67.069
711.034 67.108
711.239 67.192
711.443 67.253
711.647 67.252
711.851 67.235
712.055 67.224
712.259 67.244
712.463 67.225
712.668 67.174
712.872 67.116
713.076 67.218
713.280 67.322
713.484 67.301
713.688 67.297
713.892 67.331
714.097 67.337
714.301 67.431
714.505 67.496
714.709 67.555
714.913 67.622
715.117 67.655
715.321 67.567
715.526 67.514
715.730 67.516
715.934 67.517
716.138 67.512
716.342 67.564
716.546 67.489
716.750 67.414
716.955 67.391
717.159 67.364
717.363 67.326
717.567 67.346
717.771 67.347
717.975 67.359
718.180 67.381
718.384 67.365
718.588 67.348
718.792 67.402
718.996 67.509
719.200 67.558
719.404 67.590
719.609 67.637
719.813 67.624
720.017 67.621
720.221 67.627
720.425 67.631
720.629 67.723
720.833 67.788
721.038 67.756
721.242 67.643
721.446 67.585
721.650 67.567
721.854 67.516
722.058 67.495
722.262 67.466
722.467 67.452
722.671 67.399
722.875 67.342
723.079 67.306
723.283 67.329
723.487 67.381
723.691 67.516
723.896 67.597
724.100 67.628
724.304 67.645
724.508 67.670
724.712 67.707
724.916 67.816
725.120 67.917
725.325 67.981
725.529 67.946
725.733 67.960
725.937 67.914
726.141 67.805
726.345 67.836
726.550 67.914
726.754 67.976
726.958 68.003
727.162 67.956
727.366 67.843
727.570 67.782
727.774 67.896
727.979 67.916
728.183 67.887
728.387 67.932
728.591 67.917
728.795 67.891
728.999 67.851
729.203 67.865
729.408 67.947
729.612 68.024
729.816 68.016
730.020 67.881
730.224 67.828
730.428 67.836
730.632 67.839
730.837 67.877
731.041 67.910
731.245 67.986
731.449 67.986
731.653 67.947
731.857 67.952
732.061 68.024
732.266 68.145
732.470 68.146
732.674 68.090
732.878 68.077
733.082 68.039
733.286 68.006
733.490 67.954
733.695 67.883
733.899 67.818
734.103 67.822
734.307 67.809
734.511 67.697
734.715 67.718
734.920 67.791
735.124 67.811
735.328 67.827
735.532 67.778
735.736 67.799
735.940 67.871
736.144 67.889
736.349 67.837
736.553 67.761
736.757 67.838
736.961 67.815
737.165 67.825
737.369 67.851
737.573 67.886
737.778 68.001
737.982 67.961
738.186 67.919
738.390 67.991
738.594 68.010
738.798 68.062
739.002 68.057
739.207 68.103
739.411 68.060
739.615 68.046
739.819 68.063
740.023 67.975
740.227 67.993
740.431 68.119
740.636 68.140
740.840 68.167
741.044 68.176
741.248 68.158
741.452 68.134
741.656 68.126
741.860 68.103
742.065 68.048
742.269 68.091
742.473 68.114
742.677 68.045
742.881 68.006
743.085 67.948
743.290 67.891
743.494 67.937
743.698 67.962
743.902 67.954
744.106 67.996
744.310 67.996
744.514 67.995
744.719 68.035
744.923 68.078
745.127 68.145
745.331 68.273
745.535 68.312
745.739 68.251
745.943 68.195
746.148 68.166
746.352 68.143
746.556 68.223
746.760 68.197
746.964 68.177
747.168 68.173
747.372 68.146
747.577 68.064
747.781 68.062
747.985 68.075
748.189 68.062
748.393 68.039
748.597 68.040
748.801 67.992
749.006 68.026
749.210 67.884
749.414 67.751
749.618 67.715
749.822 67.749
750.026 67.765
750.230 67.766
750.435 67.835
750.639 67.996
750.843 68.065
751.047 68.100
751.251 68.037
751.455 68.029
751.660 68.015
751.864 67.954
752.068 67.946
752.272 67.933
752.476 67.926
752.680 67.931
752.884 67.887
753.089 67.806
753.293 67.723
753.497 67.740
753.701 67.796
753.905 67.852
754.109 67.793
754.313 67.692
754.518 67.649
754.722 67.722
754.926 67.818
755.130 67.768
755.334 67.745
755.538 67.748
755.742 67.750
755.947 67.878
756.151 67.961
756.355 68.171
756.559 68.265
756.763 68.258
756.967 68.267
757.171 68.151
757.376 68.138
757.580 68.183
757.784 68.261
757.988 68.282
758.192 68.245
758.396 68.261
758.600 68.187
758.805 68.167
759.009 68.228
759.213 68.246
759.417 68.325
759.621 68.344
759.825 68.369
760.030 68.390
760.234 68.475
760.438 68.428
760.642 68.357
760.846 68.325
761.050 68.316
761.254 68.255
761.459 68.209
761.663 68.156
761.867 68.136
762.071 68.062
762.275 67.967
762.479 67.862
762.683 67.944
762.888 67.973
763.092 67.920
763.296 67.967
763.500 68.097
763.709 68.096
763.918 68.095
764.126 68.142
764.335 68.167
764.544 68.264
764.753 68.351
764.962 68.269
765.171 68.183
765.379 68.199
765.588 68.150
765.797 68.065
766.006 68.001
766.215 67.963
766.424 67.917
766.632 67.958
766.841 67.962
767.050 67.939
767.259 67.927
767.468 67.966
767.677 67.927
767.885 67.870
768.094 67.857
768.303 67.896
768.512 67.955
768.721 68.015
768.929 67.985
769.138 67.887
769.347 67.764
769.556 67.773
769.765 67.775
769.974 67.899
770.182 67.953
770.391 67.916
770.600 67.896
770.809 67.829
771.018 67.708
771.227 67.714
771.435 67.758
771.644 67.835
771.853 67.819
772.062 67.805
772.271 67.751
772.480 67.708
772.688 67.808
772.897 67.852
773.106 67.940
773.315 68.015
773.524 68.032
773.732 68.040
773.941 68.111
774.150 68.142
774.359 68.159
774.568 68.127
774.777 68.065
774.985 67.961
775.194 67.922
775.403 67.877
775.612 67.893
775.821 67.852
776.030 67.831
776.238 67.823
776.447 67.826
776.656 67.871
776.865 67.933
777.074 68.046
777.283 68.096
777.491 68.123
777.700 68.125
777.909 68.050
778.118 68.077
778.327 68.080
778.535 67.973
778.744 67.954
778.953 67.890
779.162 67.753
779.371 67.676
779.580 67.718
779.788 67.760
779.997 67.738
780.206 67.794
780.415 67.743
780.624 67.742
780.833 67.854
781.041 67.909
781.250 67.929
781.459 68.053
781.668 68.195
781.877 68.185
782.086 68.061
782.294 68.047
782.503 68.104
782.712 68.169
782.921 68.129
783.130 68.107
783.338 68.173
783.547 68.203
783.756 68.202
783.965 68.153
784.174 68.118
784.383 68.202
784.591 68.175
784.800 68.141
785.009 68.211
785.218 68.304
785.427 68.281
785.636 68.128
785.844 67.956
786.053 67.806
786.262 67.735
786.471 67.664
786.680 67.617
786.889 67.693
787.097 67.717
787.306 67.649
787.515 67.630
787.724 67.605
787.933 67.593
788.141 67.705
788.350 67.889
788.559 68.013
788.768 68.202
788.977 68.228
789.186 68.105
789.394 67.996
789.603 67.930
789.812 67.839
790.021 67.794
790.230 67.820
790.439 67.899
790.647 67.785
790.856 67.602
791.065 67.458
791.274 67.500
791.483 67.624
791.692 67.684
791.900 67.634
792.109 67.604
792.318 67.627
792.527 67.683
792.736 67.630
792.944 67.718
793.153 67.782
793.362 67.723
793.571 67.629
793.780 67.590
793.989 67.555
794.197 67.623
794.406 67.688
794.615 67.684
794.824 67.743
795.033 67.783
795.242 67.824
795.450 67.859
795.659 67.934
795.868 67.945
796.077 67.942
796.286 67.991
796.495 68.006
796.703 68.137
796.912 68.289
797.121 68.211
797.330 68.150
797.539 68.004
797.747 67.900
797.956 67.860
798.165 67.928
798.374 67.947
798.583 67.869
798.792 67.872
799.000 67.836
799.209 67.806
799.418 67.824
799.627 67.781
799.836 67.825
800.045 68.114
800.253 68.127
800.462 68.071
800.671 68.092
800.880 68.239
801.089 68.297
801.298 68.234
801.506 68.073
801.715 67.986
801.924 68.013
802.133 67.962
802.342 67.760
802.550 67.686
802.759 67.614
802.968 67.531
803.177 67.422
803.386 67.416
803.595 67.350
803.803 67.369
804.012 67.343
804.221 67.430
804.430 67.521
804.639 67.493
804.848 67.612
805.056 67.742
805.265 67.806
805.474 67.842
805.683 67.863
805.892 67.951
806.101 68.066
806.309 68.026
806.518 67.858
806.727 67.748
806.936 67.817
807.145 67.786
807.353 67.642
807.562 67.474
807.771 67.548
807.980 67.534
808.189 67.433
808.398 67.283
808.606 67.362
808.815 67.380
809.024 67.341
809.233 67.249
809.442 67.271
809.651 67.311
809.859 67.380
810.068 67.368
810.277 67.288
810.486 67.311
810.695 67.449
810.904 67.577
811.112 67.758
811.321 67.748
811.530 67.823
811.740 67.723
811.949 67.784
812.159 67.820
812.368 67.696
812.578 67.668
812.787 67.773
812.997 68.019
813.206 67.962
813.416 67.896
813.625 67.948
813.835 67.764
814.044 67.839
814.254 67.920
814.463 67.941
814.673 68.010
814.882 68.178
815.092 68.040
815.301 67.638
815.511 67.533
815.720 67.431
815.930 67.512
816.139 67.658
816.349 67.519
816.558 67.403
816.768 67.504
816.977 67.518
817.187 67.390
817.396 67.258
817.606 67.363
817.815 67.549
818.025 67.578
818.234 67.400
818.444 67.324
818.653 67.477
818.863 67.446
819.072 67.384
819.282 67.514
819.491 67.538
819.701 67.590
819.910 67.658
820.120 67.665
820.329 67.805
820.539 68.028
820.748 68.192
820.958 68.181
821.167 68.227
821.377 68.255
821.586 68.081
821.796 67.907
822.005 68.034
822.215 68.139
822.424 68.011
822.634 67.887
822.843 67.838
823.053 67.755
823.262 67.894
823.472 67.974
823.681 67.755
823.891 67.640
824.100 67.880
824.310 67.965
824.519 67.630
824.729 67.532
824.938 67.523
825.148 67.532
825.357 67.489
825.567 67.321
825.776 67.296
825.986 67.439
826.195 67.451
826.405 67.334
826.614 67.319
826.824 67.505
827.033 67.632
827.243 67.725
827.452 67.703
827.662 67.780
827.871 67.830
828.081 67.817
828.290 67.897
828.500 67.841
828.709 67.886
828.919 67.922
829.128 67.891
829.338 67.783
829.547 67.711
829.757 67.720
829.966 67.528
830.176 67.389
830.385 67.499
830.595 67.556
830.804 67.566
831.014 67.432
831.223 67.382
831.433 67.415
831.642 67.467
831.852 67.418
832.061 67.301
832.271 67.326
832.480 67.427
832.690 67.146
832.899 66.955
833.109 67.244
833.318 67.517
833.528 67.521
833.737 67.345
833.947 67.335
834.156 67.311
834.366 67.438
834.575 67.439
834.785 67.412
834.994 67.612
835.204 67.531
835.413 67.319
835.623 67.109
835.832 66.983
836.042 67.045
836.251 67.180
836.461 67.154
836.670 66.954
836.880 67.020
837.089 67.197
837.299 67.088
837.508 67.230
837.718 67.313
837.927 67.404
838.137 67.458
838.346 67.517
838.556 67.468
838.765 67.568
838.975 67.807
839.184 67.845
839.394 67.645
839.603 67.585
839.813 67.522
840.022 67.234
840.232 67.006
840.441 67.126
840.651 67.285
840.860 67.185
841.070 67.215
841.279 67.251
841.489 67.329
841.698 67.257
841.908 67.208
842.117 67.172
842.327 67.313
842.536 67.483
842.746 67.221
842.955 67.058
843.165 67.152
843.374 67.085
843.584 66.930
843.793 66.840
844.003 67.059
844.212 67.185
844.422 67.203
844.631 67.233
844.841 67.267
845.050 67.446
845.260 67.556
845.469 67.607
845.679 67.588
845.888 67.662
846.098 67.903
846.307 67.808
846.517 67.672
846.726 67.677
846.936 67.928
847.145 67.914
847.355 67.737
847.564 67.498
847.774 67.923
847.983 68.880
848.193 68.825
848.402 68.531
848.612 68.391
848.821 68.461
849.031 68.499
849.240 68.271
849.450 68.138
849.659 68.072
849.869 67.944
850.078 67.263
850.288 66.606
850.497 66.740
850.707 66.730
850.916 66.798
851.126 66.844
851.335 66.918
851.545 66.956
851.754 67.147
851.964 67.416
852.173 67.573
852.383 67.721
852.592 67.601
852.802 67.561
853.011 67.595
853.221 67.551
853.430 67.433
853.640 67.298
853.849 67.420
854.059 67.287
854.268 67.252
854.478 67.274
854.687 67.126
854.897 67.049
855.106 67.135
855.316 67.164
855.525 67.168
855.735 67.228
855.944 67.216
856.154 67.227
856.363 67.326
856.573 67.289
856.782 67.181
856.992 67.241
857.201 67.357
857.411 67.323
857.620 67.507
857.830 67.588
858.039 67.459
858.249 67.518
858.458 67.359
858.668 67.396
858.877 67.373
859.087 67.605
859.296 67.777
859.506 67.705
859.715 67.583
859.925 67.405
860.134 67.456
860.344 67.696
860.553 67.760
860.763 67.860
860.972 67.834
861.182 67.994
861.391 68.104
861.601 67.955
861.810 67.925
862.020 67.985
862.229 67.878
862.439 67.867
862.648 67.969
862.858 68.042
863.067 67.977
863.277 67.924
863.486 67.895
863.696 67.750
863.905 67.607
864.115 67.675
864.324 67.780
864.534 67.916
864.743 67.953
864.953 67.968
865.162 67.999
865.372 67.897
865.581 67.791
865.791 67.911
866.000 67.962
866.210 68.258
866.419 68.133
866.629 67.871
866.838 67.693
867.048 67.405
867.257 67.238
867.467 67.131
867.676 67.398
867.886 67.488
868.095 67.298
868.305 67.119
868.514 66.867
868.724 66.893
868.933 67.113
869.143 67.123
869.352 67.180
869.562 67.248
869.771 67.337
869.981 67.196
870.190 67.133
870.400 66.983
870.609 67.023
870.819 67.299
871.028 67.527
871.238 67.683
871.447 67.921
871.657 68.052
871.866 67.726
872.076 67.701
872.285 67.815
872.495 67.886
872.704 67.842
872.914 67.943
873.123 67.952
873.333 67.661
873.542 67.493
873.752 67.425
873.961 67.452
874.171 67.620
874.380 67.285
874.590 67.071
874.799 67.311
875.009 67.686
875.218 67.902
875.428 67.295
875.637 67.164
875.847 67.538
876.056 67.468
876.266 67.238
876.475 67.333
876.685 67.834
876.894 68.218
877.104 68.134
877.313 67.841
877.523 67.759
877.732 68.216
877.942 68.332
878.151 68.046
878.361 68.122
878.570 68.265
878.780 68.209
878.989 68.070
879.199 68.102
879.408 68.149
879.618 68.048
879.827 67.817
880.037 68.053
880.246 68.452
880.456 68.350
880.665 68.173
880.875 68.342
881.084 68.881
881.294 68.978
881.503 68.400
881.713 68.075
881.922 68.312
882.132 68.274
882.341 67.955
882.551 67.840
882.760 68.137
882.970 68.324
883.179 68.456
883.389 68.040
883.598 67.595
883.808 67.806
884.017 68.025
884.227 67.918
884.436 67.879
884.646 67.949
884.855 67.557
885.065 66.928
885.274 66.750
885.484 66.874
885.693 67.171
885.903 67.168
886.112 67.104
886.322 67.046
886.531 67.146
886.741 67.368
886.950 67.538
887.160 67.879
887.369 67.920
887.579 68.007
887.788 67.758
887.998 67.627
888.207 67.995
888.417 68.231
888.626 68.161
888.836 67.810
889.045 67.434
889.255 67.337
889.464 67.524
889.674 67.959
889.883 67.928
890.093 67.868
890.302 67.477
890.512 67.211
890.721 67.216
890.931 67.198
891.140 67.514
891.350 67.762
891.559 67.790
891.769 67.619
891.978 67.506
892.188 67.697
892.397 67.715
892.607 68.080
892.816 68.391
893.026 68.158
893.235 68.048
893.445 68.082
893.654 68.351
893.864 68.488
894.073 68.369
894.283 68.212
894.492 67.973
894.702 67.793
894.911 67.662
895.121 67.504
895.330 67.497
895.540 67.533
895.749 67.589
895.959 67.340
896.168 67.281
896.378 67.376
896.587 67.639
896.797 67.620
897.006 67.722
897.216 67.899
897.425 67.680
897.635 67.567
897.844 67.878
898.054 67.894
898.263 67.941
898.473 67.683
898.682 67.217
898.892 67.192
899.101 67.667
899.311 67.650
899.520 67.379
899.730 67.691
899.939 67.831
900.149 67.543
900.358 67.446
900.568 67.537
900.777 67.925
900.987 68.276
901.196 67.968
901.406 67.394
901.615 67.197
901.825 67.267
902.034 67.078
902.244 67.175
902.453 67.433
902.663 67.441
902.872 67.322
903.082 67.229
903.291 67.473
903.501 67.655
903.710 67.832
903.920 68.352
904.129 68.354
904.339 68.460
904.548 68.266
904.758 67.979
904.967 68.017
905.177 68.087
905.386 68.192
905.596 68.036
905.805 68.175
906.015 68.454
906.224 68.089
906.434 67.895
906.643 67.666
906.853 67.542
907.062 67.695
907.272 67.638
907.481 67.557
907.691 67.609
907.900 67.730
908.110 67.854
908.319 67.807
908.529 67.699
908.738 67.729
908.948 67.900
909.157 67.873
909.367 67.680
909.576 67.934
909.786 68.119
909.995 67.935
910.205 67.615
910.414 66.838
910.624 66.530
910.833 66.763
911.043 66.765
911.252 66.738
911.462 67.248
911.672 67.494
911.881 67.134
912.091 66.640
912.300 66.354
912.512 66.275
912.724 66.812
912.937 67.230
913.149 67.542
913.361 67.892
913.573 67.819
913.786 67.569
913.998 67.531
914.210 67.373
914.422 67.628
914.634 67.598
914.847 67.601
915.059 67.403
915.271 67.273
915.483 66.834
915.696 66.479
915.908 66.733
916.120 66.856
916.332 66.844
916.544 67.195
916.757 67.416
916.969 67.574
917.181 67.835
917.393 68.113
917.606 67.848
917.818 67.611
918.030 67.741
918.242 67.802
918.454 67.678
918.667 67.731
918.879 67.757
919.091 67.605
919.303 67.411
919.516 67.311
919.728 67.140
919.940 67.390
920.152 67.529
920.364 67.430
920.577 67.184
920.789 66.845
921.001 66.421
921.213 66.612
921.426 66.880
921.638 67.261
921.850 66.796
922.062 66.479
922.274 66.439
922.487 66.943
922.699 67.024
922.911 67.012
923.123 67.419
923.336 68.013
923.548 68.003
923.760 67.884
923.972 67.767
924.184 67.892
924.397 67.986
924.609 67.949
924.821 67.814
925.033 67.850
925.246 67.824
925.458 67.975
925.670 68.131
925.882 68.072
926.094 67.723
926.307 67.515
926.519 67.833
926.731 68.015
926.943 68.187
927.156 68.025
927.368 67.899
927.580 67.965
927.792 68.087
928.004 68.078
928.217 67.723
928.429 68.008
928.641 68.316
928.853 68.278
929.066 68.230
929.278 67.902
929.490 67.783
929.702 67.874
929.914 67.918
930.127 67.950
930.339 67.656
930.551 67.731
930.763 67.583
930.976 67.340
931.188 67.503
931.400 67.530
931.612 67.533
931.824 67.606
932.037 67.750
932.249 68.123
932.461 67.713
932.673 67.630
932.886 68.030
933.098 68.612
933.310 69.384
933.522 69.615
933.734 70.530
933.947 70.843
934.159 70.850
934.371 70.594
934.583 69.692
934.796 69.591
935.008 69.449
935.220 69.554
935.432 68.958
935.644 68.358
935.857 68.358
936.069 67.263
936.281 66.921
936.493 66.297
936.706 67.046
936.918 68.477
937.130 68.606
937.342 68.751
937.554 68.375
937.767 68.896
937.979 69.079
938.191 68.752
938.403 69.024
938.616 69.055
938.828 70.231
939.040 70.612
939.252 70.199
939.464 70.096
939.677 70.223
939.889 69.787
940.101 69.764
940.313 70.490
940.526 70.650
940.738 70.418
940.950 70.326
941.162 69.351
941.374 68.592
941.587 69.300
941.799 69.709
942.011 69.860
942.223 70.355
942.436 70.372
942.648 69.546
942.860 69.514
943.072 68.817
943.284 69.227
943.497 70.212
943.709 70.216
943.921 69.085
944.133 69.561
944.346 70.056
944.558 70.474
944.770 70.376
944.982 70.707
945.194 71.063
945.407 72.277
945.619 71.569
945.831 71.291
946.043 71.920
946.256 72.618
946.468 72.385
946.680 71.703
946.892 71.228
947.104 71.127
947.317 70.679
947.529 70.155
947.741 70.314
947.953 71.455
948.166 70.816
948.378 70.351
948.590 71.162
948.802 71.203
949.014 71.247
949.227 70.639
949.439 70.329
949.651 71.110
949.863 72.787
950.076 73.411
950.288 73.644
950.500 74.203
950.712 73.276
950.924 71.571
951.137 71.918
951.349 72.983
951.561 73.278
951.773 75.368
951.986 77.705
952.198 75.672
952.410 73.839
952.622 72.471
952.834 72.487
953.047 74.070
953.259 74.305
953.471 72.795
953.683 71.097
953.896 72.430
954.108 71.805
954.320 68.413
954.532 68.509
954.744 69.906
954.957 71.048
955.169 70.977
955.381 70.610
955.593 70.106
955.806 69.961
956.018 70.474
956.230 70.328
956.442 69.059
956.654 69.279
956.867 69.292
957.079 68.836
957.291 68.933
957.503 69.637
957.716 69.325
957.928 70.158
958.140 70.612
958.352 71.587
958.564 71.702
958.777 71.323
958.989 70.365
959.201 70.954
959.413 71.408
959.626 70.655
959.838 69.381
960.050 68.468
960.262 67.811
960.474 68.827
960.687 69.367
960.899 69.311
961.111 69.145
961.323 69.902
961.536 69.307
961.748 69.358
961.960 70.099
962.172 69.723
962.384 69.388
962.597 70.179
962.809 71.007
963.021 69.883
963.233 68.158
963.446 67.851
963.658 67.635
963.870 68.725
964.082 69.341
964.294 69.324
964.507 69.655
964.719 70.016
964.931 69.747
965.143 68.859
965.356 69.307
965.568 70.496
965.780 71.424
966.000 71.392
966.221 70.016
966.441 68.910
966.662 69.097
966.882 70.531
967.103 70.734
967.323 69.815
967.543 69.922
967.764 69.725
967.984 69.064
968.205 68.525
968.425 69.338
968.645 69.419
968.866 69.109
969.086 68.583
969.307 68.117
969.527 69.016
969.748 69.678
969.968 69.147
970.188 68.443
970.409 67.996
970.629 68.312
970.850 69.425
971.070 69.710
971.290 70.369
971.511 69.785
971.731 69.720
971.952 70.291
972.172 69.799
972.393 70.040
972.613 71.316
972.833 73.121
973.054 74.684
973.274 73.376
973.495 73.093
973.715 73.596
973.936 75.130
974.156 74.993
974.376 73.930
974.597 74.607
974.817 74.225
975.038 73.183
975.258 72.384
975.478 71.666
975.699 72.544
975.919 73.637
976.140 73.909
976.360 72.960
976.581 72.616
976.801 72.758
977.021 72.889
977.242 71.826
977.462 71.618
977.683 73.648
977.903 73.573
978.123 74.116
978.344 73.755
978.564 72.219
978.785 72.255
979.005 72.947
979.226 73.989
979.446 75.148
979.666 76.458
979.887 76.369
980.107 75.773
980.328 78.159
980.548 77.972
980.769 77.518
980.989 75.917
981.209 75.917
981.430 76.554
981.650 75.706
981.871 75.176
982.091 74.875
982.311 75.718
982.532 73.430
982.752 69.997
982.973 69.360
983.193 70.136
983.414 72.251
983.634 72.633
983.854 71.316
984.075 71.834
984.295 71.754
984.516 71.845
984.736 72.158
984.956 72.479
985.177 72.710
985.397 71.061
985.618 71.564
985.838 72.482
986.059 71.637
986.279 71.540
986.499 71.010
986.720 70.715
986.940 72.269
987.161 71.376
987.381 70.525
987.602 71.262
987.822 74.296
988.042 73.224
988.263 71.929
988.483 71.836
988.704 70.914
988.924 69.354
989.144 68.959
989.365 67.818
989.585 69.426
989.806 70.443
990.026 69.630
990.247 67.968
990.467 67.420
990.687 67.841
990.908 69.272
991.128 71.340
991.349 73.150
991.569 73.761
991.789 74.519
992.010 73.767
992.230 73.127
992.451 71.838
992.671 71.336
992.892 74.124
993.112 75.598
993.332 74.429
993.553 72.749
993.773 73.174
993.994 72.386
994.214 71.560
994.435 70.717
994.655 72.005
994.875 73.829
995.096 75.761
995.316 75.798
995.537 72.982
995.757 70.918
995.977 72.384
996.198 69.812
996.418 69.472
996.639 70.265
996.859 70.902
997.080 70.553
997.300 71.713
997.520 70.262
997.741 66.228
997.961 66.660
998.182 68.626
998.402 66.153
998.622 70.280
998.843 74.910
999.063 74.223
999.284 74.038
999.504 72.371
999.725 70.638
999.945 71.648
1000.165 75.611
1000.386 76.974
1000.606 78.016
1000.827 80.862
1001.047 79.063
1001.268 73.590
1001.488 73.175
1001.708 77.081
1001.929 81.111
1002.149 83.583
1002.370 81.262
1002.590 79.436
1002.810 81.841
1003.031 80.856
1003.251 79.396
1003.472 80.171
1003.692 82.850
1003.913 84.476
1004.133 79.798
1004.353 77.678
1004.574 75.953
1004.794 78.278
1005.015 81.248
1005.235 77.430
1005.455 76.024
1005.676 78.131
1005.896 76.768
1006.117 73.268
1006.337 72.485
1006.558 78.656
1006.778 80.016
1006.998 77.440
1007.219 75.733
1007.439 71.759
1007.660 73.237
1007.880 75.021
1008.101 72.266
1008.321 68.869
1008.541 69.540
1008.762 70.816
1008.982 68.897
1009.203 68.405
1009.423 69.745
1009.643 69.269
1009.864 71.808
1010.084 69.716
1010.305 67.921
1010.525 70.393
1010.746 71.051
1010.966 66.256
1011.186 61.834
1011.407 59.001
1011.627 58.088
1011.848 56.551
1012.068 56.219
1012.288 52.581
1012.509 52.365
1012.729 52.341
1012.950 47.058
