290.982 80.818
291.167 83.214
291.352 85.326
291.537 86.540
291.722 87.211
291.907 91.435
292.091 91.450
292.276 89.432
292.461 88.179
292.646 88.074
292.831 90.154
293.016 87.703
293.201 83.660
293.386 81.585
293.571 81.793
293.756 81.351
293.940 80.600
294.125 78.927
294.310 79.690
294.495 81.217
294.680 80.035
294.865 78.134
295.050 80.190
295.235 81.959
295.420 81.820
295.605 80.051
295.789 80.912
295.974 82.218
296.159 82.183
296.344 82.672
296.529 81.494
296.714 81.952
296.899 82.310
297.084 82.851
297.269 82.469
297.454 82.402
297.638 82.860
297.823 81.605
298.008 80.847
298.193 81.038
298.378 81.346
298.563 81.624
298.748 83.475
298.933 83.589
299.118 82.114
299.303 83.225
299.487 83.032
299.672 81.798
299.857 81.127
300.042 82.420
300.227 82.758
300.412 80.976
300.597 80.223
300.782 77.680
300.967 77.588
301.152 77.145
301.336 76.027
301.521 76.344
301.706 78.358
301.891 78.789
302.076 78.336
302.261 78.431
302.446 80.483
302.631 80.761
302.816 83.580
303.001 84.364
303.185 82.868
303.370 82.074
303.555 81.839
303.740 80.109
303.925 78.779
304.110 77.388
304.295 77.396
304.480 76.226
304.665 75.445
304.850 73.075
305.034 71.628
305.219 73.016
305.404 73.726
305.589 74.116
305.774 74.293
305.959 75.444
306.144 75.356
306.329 72.903
306.514 71.543
306.699 71.496
306.883 70.771
307.068 70.415
307.253 70.418
307.438 71.122
307.623 71.035
307.808 70.167
307.993 68.898
308.178 68.075
308.363 68.677
308.548 70.594
308.732 72.951
308.917 73.241
309.102 72.439
309.287 71.749
309.472 72.256
309.657 72.858
309.842 71.776
310.027 70.183
310.212 70.061
310.397 70.031
310.581 68.853
310.766 67.097
310.951 67.338
311.136 67.263
311.321 66.935
311.506 64.891
311.691 62.982
311.876 62.837
312.061 63.654
312.245 65.747
312.430 67.602
312.615 68.274
312.800 67.595
312.985 65.831
313.170 65.820
313.347 66.919
313.523 66.791
313.700 67.290
313.877 68.270
314.054 69.494
314.230 68.340
314.407 66.006
314.584 65.050
314.761 65.041
314.937 65.240
315.114 65.507
315.291 65.104
315.467 65.168
315.644 63.089
315.821 62.301
315.998 61.541
316.174 60.887
316.351 61.766
316.528 61.713
316.704 60.793
316.881 60.510
317.058 60.534
317.235 61.041
317.411 61.527
317.588 63.146
317.765 63.584
317.942 63.475
318.118 64.070
318.295 63.128
318.472 61.620
318.648 62.049
318.825 62.601
319.002 61.503
319.179 60.141
319.355 59.757
319.532 59.959
319.709 59.594
319.885 60.228
320.062 60.205
320.239 60.264
320.416 61.441
320.592 61.774
320.769 61.490
320.946 62.391
321.123 62.924
321.299 62.733
321.476 61.820
321.653 61.791
321.829 60.550
322.006 58.985
322.183 58.905
322.360 58.349
322.536 58.078
322.713 58.794
322.890 58.482
323.066 57.483
323.243 57.442
323.420 59.429
323.597 59.405
323.773 58.385
323.950 58.783
324.127 59.584
324.304 60.206
324.480 59.569
324.657 58.569
324.834 58.244
325.010 58.764
325.187 58.494
325.364 56.737
325.541 56.074
325.717 56.509
325.894 56.045
326.071 54.674
326.248 53.880
326.424 54.299
326.601 54.409
326.778 53.808
326.954 53.190
327.131 52.591
327.308 51.791
327.485 52.293
327.661 53.091
327.838 53.710
328.015 54.077
328.191 53.503
328.368 52.626
328.545 51.043
328.722 50.602
328.898 51.441
329.075 51.843
329.252 51.197
329.429 50.008
329.605 49.756
329.782 49.669
329.959 49.165
330.135 48.771
330.312 48.998
330.489 49.811
330.666 49.991
330.842 48.768
331.019 48.163
331.196 48.811
331.372 49.281
331.549 48.252
331.726 46.958
331.903 46.955
332.079 47.630
332.256 46.704
332.433 45.521
332.610 44.834
332.786 45.363
332.963 45.756
333.140 45.451
333.316 46.695
333.493 46.847
333.670 46.833
333.847 48.068
334.023 47.739
334.200 47.170
334.377 47.081
334.553 47.698
334.730 47.104
334.907 46.224
335.084 46.091
335.260 44.862
335.437 45.047
335.614 45.684
335.791 44.022
335.967 43.484
336.144 44.176
336.321 44.468
336.497 44.279
336.674 44.449
336.851 44.781
337.028 44.312
337.204 43.625
337.381 43.758
337.558 44.216
337.734 44.074
337.911 43.490
338.088 43.615
338.265 45.246
338.441 45.742
338.618 44.347
338.795 43.603
338.972 44.214
339.148 45.034
339.325 44.413
339.502 42.399
339.678 42.273
339.855 43.122
340.032 42.500
340.209 41.316
340.385 40.725
340.562 40.782
340.739 40.513
340.916 39.534
341.092 39.132
341.269 39.700
341.446 40.390
341.622 40.026
341.799 39.517
341.976 39.650
342.153 39.592
342.329 39.624
342.506 40.517
342.683 40.684
342.859 40.581
343.036 40.520
343.213 39.791
343.390 39.189
343.566 39.367
343.743 38.998
343.920 38.053
344.097 37.101
344.273 36.365
344.450 35.428
344.627 35.577
344.803 36.904
344.980 37.039
345.157 36.837
345.334 37.120
345.510 36.936
345.687 36.727
345.864 37.540
346.040 38.083
346.217 38.427
346.394 38.695
346.571 38.271
346.747 36.194
346.924 35.491
347.101 36.376
347.278 36.531
347.454 36.903
347.631 36.816
347.808 35.714
347.984 35.460
348.161 35.801
348.338 36.026
348.515 35.921
348.691 36.271
348.868 35.812
349.045 34.073
349.221 33.765
349.398 33.071
349.575 33.136
349.752 33.925
349.928 33.643
350.105 32.901
350.282 32.086
350.459 32.162
350.635 32.344
350.812 31.998
350.989 32.686
351.165 32.921
351.342 32.528
351.519 31.969
351.696 31.898
351.872 32.009
352.049 31.809
352.226 32.062
352.402 31.744
352.579 31.525
352.756 31.882
352.933 31.432
353.109 30.259
353.286 30.067
353.463 30.352
353.640 29.983
353.816 29.317
353.993 29.022
354.170 28.756
354.346 28.966
354.523 29.060
354.700 28.642
354.877 28.727
355.053 28.702
355.230 28.795
355.407 28.869
355.584 29.055
355.760 29.394
355.937 29.685
356.114 30.032
356.290 29.859
356.467 29.679
356.644 29.589
356.821 28.976
356.997 29.590
357.174 29.948
357.351 29.730
357.527 29.482
357.704 29.192
357.881 29.425
358.058 29.898
358.234 30.058
358.411 30.068
358.588 30.023
358.765 29.879
358.941 29.312
359.118 28.865
359.295 28.551
359.471 27.999
359.648 28.075
359.825 27.764
360.002 26.947
360.178 26.926
360.355 26.840
360.532 26.795
360.708 26.981
360.885 27.210
361.062 26.694
361.239 26.575
361.415 26.836
361.592 26.501
361.769 26.127
361.946 26.446
362.122 26.291
362.299 25.484
362.476 25.551
362.652 25.613
362.829 25.621
363.006 25.432
363.183 25.640
363.359 25.537
363.536 25.015
363.713 24.792
363.889 24.557
364.066 24.188
364.243 24.281
364.420 23.938
364.596 23.634
364.773 23.141
364.950 23.822
365.127 23.899
365.303 23.867
365.480 24.652
365.661 24.913
365.841 24.574
366.022 24.233
366.202 24.258
366.383 23.983
366.563 24.042
366.744 24.465
366.924 24.287
367.105 23.989
367.286 23.508
367.466 22.709
367.647 22.528
367.827 22.190
368.008 22.265
368.188 22.326
368.369 22.599
368.549 22.390
368.730 21.438
368.911 20.931
369.091 20.758
369.272 20.700
369.452 20.949
369.633 20.634
369.813 20.722
369.994 21.103
370.174 20.779
370.355 20.224
370.535 20.115
370.716 20.562
370.897 20.553
371.077 20.163
371.258 20.467
371.438 21.041
371.619 21.312
371.799 21.098
371.980 20.180
372.160 20.138
372.341 20.463
372.522 20.531
372.702 20.561
372.883 20.607
373.063 20.621
373.244 20.572
373.424 20.026
373.605 19.784
373.785 19.791
373.966 19.892
374.147 19.985
374.327 20.078
374.508 20.266
374.688 20.004
374.869 19.954
375.049 20.415
375.230 20.858
375.410 20.676
375.591 20.225
375.772 20.178
375.952 20.557
376.133 20.397
376.313 20.094
376.494 19.345
376.674 19.250
376.855 19.459
377.035 18.834
377.216 18.257
377.397 18.382
377.577 18.698
377.758 18.725
377.938 18.394
378.119 18.315
378.299 18.292
378.480 18.680
378.660 18.807
378.841 18.651
379.021 18.482
379.202 18.089
379.383 17.767
379.563 17.388
379.744 16.998
379.924 16.731
380.105 16.727
380.285 16.452
380.466 15.917
380.646 15.361
380.827 14.986
381.008 15.122
381.188 15.255
381.369 15.359
381.549 15.082
381.730 14.899
381.910 15.061
382.091 14.932
382.271 14.997
382.452 15.170
382.633 15.301
382.813 15.517
382.994 15.813
383.174 15.693
383.355 15.391
383.535 15.694
383.716 15.964
383.896 15.662
384.077 15.490
384.258 15.570
384.438 15.602
384.619 15.460
384.799 15.014
384.980 14.693
385.160 14.416
385.341 14.116
385.521 13.777
385.702 13.567
385.882 13.770
386.063 13.807
386.244 13.574
386.424 13.489
386.605 13.363
386.785 13.470
386.966 13.294
387.146 13.135
387.327 13.213
387.507 13.307
387.688 13.274
387.869 13.106
388.049 13.228
388.230 13.242
388.410 13.254
388.591 13.343
388.771 13.246
388.952 13.062
389.132 12.945
389.313 12.842
389.494 12.691
389.674 12.571
389.855 12.436
390.035 12.278
390.216 12.242
390.396 12.205
390.577 12.118
390.757 11.855
390.938 11.857
391.119 11.983
391.299 12.043
391.480 12.154
391.660 12.273
391.841 12.383
392.021 12.284
392.202 12.157
392.382 11.957
392.563 11.944
392.743 12.076
392.924 12.014
393.105 12.011
393.285 12.034
393.466 11.979
393.646 11.991
393.827 11.853
394.007 11.507
394.188 11.485
394.368 11.541
394.549 11.441
394.730 11.377
394.910 11.459
395.091 11.466
395.271 11.626
395.452 11.734
395.632 11.419
395.813 11.230
395.993 11.417
396.174 11.368
396.355 11.196
396.535 11.226
396.716 11.422
396.896 11.523
397.077 11.477
397.257 11.126
397.438 10.720
397.618 10.659
397.799 10.651
397.980 10.703
398.160 10.728
398.341 10.759
398.521 10.717
398.702 10.474
398.882 10.272
399.063 10.216
399.243 10.268
399.424 10.342
399.605 10.446
399.785 10.363
399.966 10.184
400.146 10.105
400.327 10.110
400.507 10.191
400.688 10.083
400.868 9.915
401.049 9.817
401.229 9.629
401.410 9.619
401.591 9.707
401.771 9.950
401.952 10.032
402.132 9.904
402.313 9.830
402.493 9.811
402.674 9.992
402.854 10.151
403.035 10.253
403.216 10.078
403.396 10.104
403.577 10.054
403.757 9.758
403.938 9.598
404.118 9.548
404.299 9.350
404.479 9.068
404.660 8.790
404.841 8.678
405.023 8.565
405.204 8.613
405.385 8.576
405.566 8.545
405.748 8.516
405.929 8.522
406.110 8.802
406.292 9.126
406.473 9.381
406.654 9.548
406.835 9.441
407.017 9.304
407.198 9.346
407.379 9.292
407.560 9.147
407.742 9.095
407.923 8.989
408.104 8.580
408.286 8.248
408.467 8.038
408.648 8.171
408.829 8.565
409.011 8.673
409.192 8.644
409.373 8.544
409.555 8.569
409.736 8.719
409.917 8.904
410.098 9.092
410.280 9.191
410.461 9.182
410.642 8.856
410.823 8.336
411.005 8.277
411.186 8.529
411.367 8.698
411.549 8.691
411.730 8.609
411.911 8.434
412.092 8.338
412.274 8.357
412.455 8.336
412.636 8.404
412.818 8.580
412.999 8.462
413.180 8.247
413.361 8.185
413.543 8.162
413.724 8.178
413.905 8.173
414.087 8.190
414.268 8.087
414.449 7.995
414.630 7.930
414.812 7.941
414.993 8.087
415.174 8.011
415.355 7.851
415.537 7.746
415.718 7.784
415.899 7.827
416.081 7.696
416.262 7.562
416.443 7.551
416.624 7.579
416.806 7.449
416.987 7.285
417.168 7.194
417.350 7.172
417.531 7.195
417.712 7.091
417.893 7.082
418.075 7.275
418.256 7.285
418.437 7.136
418.618 6.922
418.800 6.908
418.981 7.063
419.162 7.156
419.344 7.211
419.525 7.284
419.706 7.296
419.887 7.175
420.069 7.011
420.250 7.143
420.431 7.270
420.613 7.395
420.794 7.357
420.975 7.172
421.156 7.172
421.338 7.149
421.519 7.058
421.700 6.938
421.882 6.904
422.063 6.834
422.244 6.714
422.425 6.707
422.607 6.593
422.788 6.573
422.969 6.617
423.150 6.660
423.332 6.841
423.513 6.904
423.694 6.806
423.876 6.816
424.057 6.878
424.238 6.859
424.419 7.024
424.601 7.471
424.782 7.575
424.963 7.581
425.145 7.478
425.326 7.283
425.507 7.135
425.688 7.288
425.870 7.217
426.051 7.115
426.232 7.113
426.413 6.959
426.595 6.546
426.776 6.332
426.957 6.340
427.139 6.484
427.320 6.414
427.501 6.337
427.682 6.107
427.864 6.132
428.045 6.174
428.226 6.142
428.408 6.132
428.589 6.125
428.770 6.182
428.951 6.070
429.133 5.865
429.314 5.815
429.495 5.831
429.677 5.963
429.858 5.947
430.039 5.849
430.220 5.834
430.402 5.775
430.583 5.807
430.764 5.805
430.945 5.812
431.127 5.720
431.308 5.685
431.489 5.735
431.671 5.701
431.852 5.661
432.033 5.695
432.214 5.687
432.396 5.681
432.577 5.557
432.758 5.471
432.940 5.480
433.121 5.518
433.302 5.520
433.483 5.582
433.665 5.670
433.846 5.785
434.027 5.800
434.208 5.777
434.390 5.747
434.571 5.776
434.752 5.806
434.934 5.800
435.115 5.868
435.296 5.917
435.477 5.847
435.659 5.831
435.840 5.809
436.030 5.845
436.220 5.807
436.410 5.774
436.600 5.794
436.790 5.851
436.980 5.916
437.170 5.857
437.360 5.793
437.550 5.773
437.741 5.715
437.931 5.654
438.121 5.633
438.311 5.666
438.501 5.703
438.691 5.758
438.881 5.698
439.071 5.564
439.261 5.507
439.451 5.465
439.641 5.415
439.831 5.338
440.021 5.272
440.211 5.215
440.401 5.253
440.591 5.265
440.781 5.274
440.971 5.318
441.161 5.305
441.351 5.290
441.542 5.331
441.732 5.374
441.922 5.404
442.112 5.425
442.302 5.448
442.492 5.376
442.682 5.280
442.872 5.136
443.062 5.047
443.252 5.052
443.442 5.123
443.632 5.080
443.822 4.992
444.012 4.920
444.202 4.885
444.392 4.847
444.582 4.805
444.772 4.775
444.962 4.784
445.153 4.787
445.343 4.744
445.533 4.625
445.723 4.564
445.913 4.515
446.103 4.521
446.293 4.564
446.483 4.560
446.673 4.587
446.863 4.635
447.053 4.628
447.243 4.651
447.433 4.711
447.623 4.794
447.813 4.831
448.003 4.935
448.193 4.976
448.383 4.948
448.573 4.917
448.764 4.796
448.954 4.738
449.144 4.733
449.334 4.671
449.524 4.589
449.714 4.546
449.904 4.575
450.094 4.578
450.284 4.563
450.474 4.544
450.664 4.529
450.854 4.589
451.044 4.601
451.234 4.605
451.424 4.587
451.614 4.596
451.804 4.636
451.994 4.564
452.184 4.482
452.375 4.499
452.565 4.519
452.755 4.559
452.945 4.585
453.135 4.616
453.325 4.637
453.515 4.723
453.705 4.757
453.895 4.715
454.085 4.749
454.275 4.840
454.465 4.827
454.655 4.739
454.845 4.694
455.035 4.756
455.225 4.696
455.415 4.609
455.605 4.576
455.795 4.590
455.985 4.531
456.176 4.469
456.366 4.381
456.556 4.349
456.746 4.400
456.936 4.403
457.126 4.364
457.316 4.365
457.506 4.363
457.696 4.303
457.886 4.223
458.076 4.213
458.266 4.217
458.456 4.189
458.646 4.142
458.836 4.121
459.026 4.162
459.216 4.180
459.406 4.176
459.596 4.181
459.787 4.160
459.977 4.174
460.167 4.201
460.357 4.159
460.547 4.146
460.737 4.168
460.927 4.174
461.117 4.060
461.307 3.995
461.497 4.027
461.687 4.035
461.877 4.076
462.067 4.138
462.257 4.221
462.447 4.285
462.637 4.239
462.827 4.189
463.017 4.215
463.207 4.375
463.397 4.394
463.588 4.356
463.778 4.376
463.968 4.323
464.158 4.241
464.348 4.181
464.538 4.211
464.728 4.228
464.918 4.223
465.108 4.196
465.298 4.074
465.488 3.994
465.678 3.982
465.868 4.003
466.058 4.045
466.248 4.014
466.438 3.962
466.628 3.946
466.818 3.980
467.008 4.026
467.199 4.010
467.389 3.988
467.579 4.015
467.769 4.057
467.959 3.979
468.149 3.881
468.339 3.927
468.529 3.996
468.719 4.054
468.909 4.035
469.099 3.985
469.289 3.962
469.479 3.972
469.669 3.927
469.859 3.859
470.049 3.858
470.239 3.913
470.429 3.940
470.619 3.863
470.810 3.708
471.000 3.703
471.190 3.779
471.380 3.790
471.570 3.816
471.760 3.876
471.950 3.913
472.140 3.943
472.330 3.999
472.520 3.975
472.710 3.969
472.900 4.021
473.090 4.039
473.280 3.988
473.470 3.999
473.660 4.012
473.850 4.013
474.040 4.034
474.230 4.039
474.421 3.990
474.611 3.962
474.801 3.971
474.991 4.012
475.181 4.022
475.371 4.036
475.561 4.024
475.751 3.938
475.941 3.863
476.131 3.814
476.321 3.798
476.511 3.781
476.701 3.773
476.891 3.729
477.081 3.661
477.271 3.578
477.461 3.526
477.651 3.512
477.841 3.537
478.031 3.593
478.222 3.617
478.412 3.615
478.602 3.609
478.792 3.621
478.982 3.655
479.172 3.626
479.362 3.650
479.552 3.679
479.742 3.652
479.932 3.671
480.122 3.666
480.312 3.673
480.502 3.703
480.692 3.734
480.882 3.694
481.072 3.680
481.262 3.737
481.452 3.759
481.642 3.773
481.833 3.832
482.023 3.845
482.213 3.846
482.403 3.823
482.593 3.801
482.783 3.822
482.973 3.892
483.163 3.930
483.353 3.887
483.543 3.887
483.733 3.871
483.923 3.814
484.113 3.804
484.303 3.777
484.493 3.735
484.683 3.743
484.873 3.731
485.063 3.678
485.253 3.642
485.443 3.681
485.634 3.631
485.824 3.602
486.014 3.611
486.204 3.609
486.394 3.656
486.584 3.705
486.774 3.673
486.964 3.656
487.154 3.646
487.344 3.650
487.534 3.623
487.724 3.629
487.914 3.652
488.104 3.668
488.294 3.671
488.484 3.641
488.674 3.633
488.864 3.634
489.054 3.611
489.245 3.621
489.435 3.652
489.625 3.691
489.815 3.761
490.005 3.849
490.195 3.848
490.385 3.834
490.575 3.852
490.765 3.903
490.955 3.974
491.145 4.017
491.335 4.037
491.525 4.011
491.715 3.977
491.905 3.972
492.095 3.910
492.285 3.873
492.475 3.871
492.665 3.856
492.856 3.800
493.046 3.717
493.236 3.678
493.426 3.671
493.616 3.641
493.806 3.662
493.996 3.634
494.186 3.611
494.376 3.668
494.566 3.649
494.756 3.619
494.946 3.630
495.136 3.643
495.326 3.660
495.516 3.686
495.706 3.722
495.896 3.723
496.086 3.726
496.276 3.710
496.467 3.696
496.657 3.801
496.847 3.832
497.037 3.838
497.227 3.866
497.417 3.851
497.607 3.807
497.797 3.803
497.987 3.802
498.177 3.772
498.367 3.788
498.557 3.776
498.747 3.701
498.937 3.706
499.127 3.685
499.317 3.642
499.507 3.619
499.697 3.601
499.887 3.625
500.077 3.640
500.268 3.661
500.458 3.641
500.648 3.596
500.838 3.571
501.028 3.559
501.218 3.569
501.408 3.580
501.598 3.602
501.788 3.626
501.978 3.641
502.168 3.593
502.358 3.576
502.548 3.616
502.738 3.656
502.928 3.668
503.118 3.664
503.308 3.685
503.498 3.693
503.688 3.676
503.879 3.659
504.069 3.612
504.259 3.650
504.449 3.652
504.639 3.620
504.829 3.623
505.019 3.615
505.209 3.605
505.399 3.572
505.589 3.567
505.779 3.575
505.969 3.552
506.159 3.540
506.349 3.533
506.539 3.539
506.729 3.534
506.919 3.533
507.109 3.542
507.299 3.530
507.490 3.513
507.680 3.474
507.870 3.456
508.060 3.470
508.250 3.459
508.440 3.427
508.630 3.409
508.820 3.397
509.010 3.359
509.200 3.326
509.390 3.337
509.580 3.329
509.770 3.361
509.960 3.395
510.150 3.376
510.340 3.401
510.530 3.421
510.720 3.444
510.910 3.460
511.100 3.510
511.291 3.524
511.481 3.525
511.671 3.551
511.861 3.634
512.051 3.770
512.241 3.805
512.431 3.809
512.621 3.808
512.811 3.786
513.001 3.784
513.191 3.742
513.381 3.734
513.571 3.737
513.761 3.723
513.951 3.616
514.141 3.429
514.331 3.419
514.521 3.380
514.711 3.357
514.902 3.382
515.092 3.394
515.282 3.414
515.472 3.422
515.662 3.390
515.852 3.396
516.042 3.401
516.232 3.432
516.422 3.427
516.612 3.447
516.802 3.449
516.992 3.418
517.182 3.393
517.372 3.377
517.562 3.413
517.752 3.440
517.942 3.418
518.132 3.431
518.322 3.445
518.513 3.461
518.703 3.479
518.893 3.523
519.083 3.598
519.273 3.664
519.463 3.656
519.653 3.629
519.843 3.644
520.033 3.663
520.223 3.676
520.413 3.668
520.603 3.654
520.793 3.632
520.983 3.586
521.173 3.516
521.363 3.464
521.553 3.505
521.743 3.498
521.933 3.466
522.123 3.473
522.314 3.491
522.504 3.470
522.694 3.432
522.884 3.423
523.074 3.426
523.264 3.439
523.454 3.424
523.644 3.403
523.834 3.425
524.024 3.472
524.214 3.473
524.404 3.425
524.594 3.425
524.784 3.493
524.974 3.513
525.164 3.504
525.354 3.484
525.544 3.493
525.734 3.475
525.925 3.435
526.115 3.390
526.305 3.417
526.495 3.481
526.685 3.511
526.875 3.500
527.065 3.488
527.255 3.494
527.445 3.511
527.635 3.504
527.825 3.542
528.015 3.599
528.205 3.598
528.395 3.535
528.585 3.482
528.775 3.462
528.965 3.455
529.155 3.468
529.345 3.481
529.535 3.468
529.726 3.468
529.916 3.437
530.106 3.422
530.296 3.453
530.486 3.485
530.676 3.487
530.866 3.503
531.056 3.511
531.246 3.502
531.436 3.495
531.626 3.512
531.816 3.501
532.006 3.507
532.196 3.490
532.386 3.449
532.576 3.414
532.766 3.397
532.956 3.353
533.146 3.333
533.337 3.324
533.527 3.302
533.717 3.272
533.907 3.286
534.097 3.282
534.287 3.269
534.477 3.266
534.667 3.274
534.857 3.289
535.047 3.311
535.237 3.300
535.427 3.282
535.617 3.290
535.807 3.333
535.997 3.344
536.187 3.347
536.377 3.364
536.567 3.381
536.757 3.392
536.948 3.396
537.138 3.386
537.328 3.415
537.518 3.461
537.708 3.479
537.898 3.447
538.088 3.413
538.278 3.391
538.468 3.378
538.658 3.363
538.848 3.369
539.038 3.353
539.228 3.352
539.418 3.343
539.608 3.337
539.798 3.319
539.988 3.316
540.178 3.331
540.368 3.348
540.558 3.340
540.749 3.336
540.939 3.311
541.129 3.324
541.319 3.361
541.509 3.581
541.699 3.994
541.889 4.014
542.079 4.049
542.269 4.080
542.459 4.109
542.649 4.111
542.839 4.119
543.029 4.144
543.219 4.169
543.409 4.146
543.599 3.899
543.789 3.492
543.979 3.492
544.169 3.473
544.360 3.467
544.550 3.464
544.740 3.471
544.930 3.485
545.120 3.484
545.310 3.443
545.500 3.452
545.690 3.481
545.880 3.469
546.070 3.466
546.267 3.451
546.463 3.448
546.660 3.456
546.857 3.470
547.054 3.471
547.251 3.463
547.447 3.460
547.644 3.423
547.841 3.404
548.038 3.401
548.234 3.410
548.431 3.453
548.628 3.467
548.825 3.446
549.021 3.442
549.218 3.431
549.415 3.405
549.612 3.408
549.808 3.458
550.005 3.486
550.202 3.487
550.399 3.501
550.595 3.499
550.792 3.493
550.989 3.480
551.186 3.487
551.382 3.511
551.579 3.562
551.776 3.597
551.973 3.584
552.169 3.595
552.366 3.609
552.563 3.611
552.760 3.635
552.956 3.662
553.153 3.695
553.350 3.726
553.547 3.764
553.743 3.774
553.940 3.771
554.137 3.788
554.334 3.762
554.530 3.759
554.727 3.776
554.924 3.777
555.121 3.761
555.317 3.734
555.514 3.716
555.711 3.685
555.908 3.669
556.104 3.674
556.301 3.661
556.498 3.675
556.695 3.692
556.891 3.676
557.088 3.641
557.285 3.630
557.482 3.652
557.678 3.662
557.875 3.702
558.072 3.755
558.269 3.787
558.465 3.807
558.662 3.813
558.859 3.791
559.056 3.774
559.252 3.778
559.449 3.795
559.646 3.818
559.843 3.817
560.039 3.778
560.236 3.752
560.433 3.727
560.630 3.700
560.826 3.701
561.023 3.717
561.220 3.750
561.417 3.761
561.613 3.747
561.810 3.719
562.007 3.724
562.204 3.735
562.400 3.740
562.597 3.770
562.794 3.810
562.991 3.835
563.187 3.849
563.384 3.846
563.581 3.883
563.778 3.925
563.974 3.951
564.171 3.945
564.368 3.937
564.565 3.923
564.761 3.918
564.958 3.954
565.155 3.963
565.352 3.954
565.548 3.975
565.745 3.984
565.942 3.982
566.139 3.988
566.335 4.020
566.532 4.085
566.729 4.151
566.926 4.177
567.122 4.166
567.319 4.171
567.516 4.223
567.713 4.260
567.909 4.271
568.106 4.284
568.303 4.315
568.500 4.367
568.696 4.391
568.893 4.400
569.090 4.426
569.287 4.453
569.483 4.507
569.680 4.537
569.877 4.555
570.074 4.590
570.270 4.628
570.467 4.673
570.664 4.699
570.861 4.723
571.057 4.757
571.254 4.792
571.451 4.845
571.648 4.896
571.844 4.972
572.041 5.063
572.238 5.134
572.435 5.196
572.631 5.255
572.828 5.319
573.025 5.360
573.222 5.435
573.418 5.537
573.615 5.578
573.812 5.624
574.009 5.670
574.205 5.706
574.402 5.767
574.599 5.871
574.796 5.954
574.992 6.030
575.189 6.164
575.386 6.233
575.583 6.288
575.779 6.407
575.976 6.495
576.173 6.575
576.370 6.680
576.567 6.764
576.763 6.832
576.960 6.936
577.158 7.017
577.356 7.098
577.554 7.206
577.752 7.301
577.950 7.408
578.148 7.523
578.346 7.623
578.544 7.737
578.742 7.864
578.940 7.977
579.138 8.061
579.336 8.190
579.534 8.306
579.732 8.429
579.930 8.557
580.128 8.686
580.326 8.823
580.524 8.949
580.722 9.062
580.920 9.179
581.118 9.320
581.316 9.475
581.514 9.576
581.712 9.690
581.909 9.836
582.107 9.993
582.305 10.120
582.503 10.260
582.701 10.434
582.899 10.588
583.097 10.727
583.295 10.882
583.493 11.072
583.691 11.287
583.889 11.484
584.087 11.634
584.285 11.783
584.483 11.959
584.681 12.133
584.879 12.297
585.077 12.470
585.275 12.655
585.473 12.861
585.671 13.061
585.869 13.251
586.067 13.417
586.265 13.606
586.463 13.802
586.661 13.983
586.859 14.163
587.057 14.362
587.255 14.538
587.453 14.721
587.651 14.897
587.849 15.056
588.047 15.242
588.245 15.456
588.443 15.713
588.641 15.957
588.839 16.195
589.037 16.441
589.235 16.665
589.433 16.915
589.631 17.179
589.829 17.410
590.027 17.623
590.225 17.836
590.423 18.079
590.621 18.282
590.819 18.495
591.017 18.728
591.215 18.933
591.413 19.132
591.611 19.327
591.809 19.560
592.006 19.805
592.204 20.047
592.402 20.313
592.600 20.546
592.798 20.773
592.996 20.986
593.194 21.218
593.392 21.496
593.590 21.776
593.788 22.060
593.986 22.311
594.184 22.566
594.382 22.845
594.580 23.119
594.778 23.361
594.976 23.616
595.174 23.900
595.372 24.171
595.570 24.391
595.768 24.624
595.966 24.881
596.164 25.138
596.362 25.384
596.560 25.634
596.758 25.870
596.956 26.129
597.154 26.402
597.352 26.647
597.550 26.922
597.748 27.260
597.946 27.558
598.144 27.866
598.342 28.167
598.540 28.449
598.738 28.713
598.936 28.963
599.134 29.223
599.332 29.502
599.530 29.839
599.728 30.129
599.926 30.363
600.124 30.653
600.322 30.941
600.520 31.240
600.718 31.509
600.916 31.823
601.114 32.184
601.312 32.540
601.510 32.823
601.708 33.109
601.905 33.423
602.103 33.746
602.301 34.089
602.499 34.421
602.697 34.728
602.895 35.077
603.093 35.386
603.291 35.677
603.489 35.962
603.687 36.271
603.885 36.545
604.083 36.830
604.281 37.124
604.479 37.402
604.677 37.679
604.875 37.969
605.073 38.270
605.271 38.551
605.469 38.816
605.667 39.080
605.865 39.368
606.063 39.696
606.261 40.074
606.459 40.403
606.657 40.725
606.855 41.028
607.053 41.344
607.251 41.628
607.449 41.922
607.647 42.235
607.845 42.618
608.043 42.982
608.241 43.317
608.439 43.555
608.637 43.808
608.835 44.074
609.033 44.375
609.231 44.658
609.429 44.958
609.627 45.299
609.825 45.644
610.023 45.918
610.221 46.199
610.419 46.506
610.617 46.817
610.815 47.169
611.013 47.503
611.211 47.799
611.409 48.091
611.607 48.409
611.804 48.676
612.002 48.951
612.200 49.276
612.398 49.583
612.596 49.853
612.794 50.114
612.992 50.391
613.190 50.678
613.388 50.969
613.586 51.280
613.784 51.600
613.982 51.907
614.180 52.192
614.378 52.446
614.576 52.722
614.774 52.963
614.972 53.213
615.170 53.503
615.368 53.778
615.566 54.000
615.764 54.199
615.962 54.370
616.160 54.609
616.358 54.834
616.556 55.096
616.754 55.317
616.952 55.553
617.150 55.827
617.348 56.030
617.546 56.233
617.744 56.473
617.942 56.711
618.140 56.984
618.338 57.184
618.536 57.381
618.734 57.526
618.932 57.731
619.130 57.954
619.328 58.138
619.526 58.308
619.724 58.482
619.922 58.686
620.120 58.904
620.318 59.098
620.516 59.298
620.714 59.480
620.912 59.720
621.110 59.926
621.308 60.090
621.506 60.241
621.704 60.451
621.901 60.686
622.099 60.824
622.297 60.934
622.495 61.081
622.693 61.272
622.891 61.426
623.089 61.507
623.287 61.632
623.485 61.771
623.683 61.913
623.881 62.017
624.079 62.110
624.277 62.260
624.475 62.415
624.673 62.559
624.871 62.703
625.069 62.872
625.267 63.026
625.465 63.180
625.663 63.325
625.861 63.505
626.059 63.681
626.257 63.784
626.455 63.880
626.653 64.019
626.851 64.108
627.049 64.187
627.247 64.248
627.445 64.348
627.643 64.430
627.841 64.556
628.039 64.649
628.237 64.678
628.435 64.768
628.633 64.863
628.831 64.915
629.029 65.024
629.227 65.115
629.425 65.266
629.623 65.391
629.821 65.454
630.019 65.494
630.217 65.555
630.415 65.638
630.613 65.720
630.811 65.838
631.009 65.894
631.207 65.906
631.405 65.927
631.603 65.942
631.801 66.016
631.998 66.108
632.196 66.177
632.394 66.231
632.592 66.324
632.790 66.415
632.988 66.455
633.186 66.529
633.384 66.572
633.582 66.624
633.780 66.718
633.978 66.762
634.176 66.815
634.374 66.837
634.572 66.834
634.770 66.848
634.968 66.887
635.166 66.948
635.364 66.994
635.562 67.066
635.760 67.132
635.958 67.171
636.156 67.233
636.354 67.279
636.552 67.379
636.750 67.464
636.948 67.522
637.146 67.589
637.344 67.681
637.542 67.684
637.740 67.636
637.938 67.600
638.136 67.732
638.334 68.025
638.532 67.997
638.730 67.926
638.928 67.928
639.126 67.964
639.324 67.956
639.522 67.945
639.720 68.055
639.918 68.224
640.116 68.372
640.314 68.275
640.512 67.960
640.710 67.978
640.908 68.078
641.106 68.173
641.304 68.147
641.502 68.104
641.699 68.101
641.897 68.122
642.095 68.121
642.293 68.096
642.491 68.094
642.689 68.133
642.887 68.162
643.085 68.139
643.283 68.109
643.481 68.178
643.679 68.250
643.877 68.268
644.075 68.274
644.273 68.308
644.471 68.346
644.669 68.398
644.867 68.429
645.065 68.433
645.263 68.472
645.461 68.547
645.659 68.604
645.857 68.657
646.055 68.707
646.253 68.721
646.451 68.672
646.649 68.649
646.847 68.627
647.045 68.596
647.243 68.683
647.441 68.733
647.639 68.736
647.837 68.764
648.035 68.757
648.233 68.737
648.431 68.747
648.629 68.806
648.827 68.866
649.025 68.929
649.223 68.999
649.421 69.008
649.619 69.020
649.817 68.985
650.015 68.951
650.213 68.930
650.411 68.923
650.609 68.918
650.807 68.948
651.005 68.941
651.203 68.906
651.401 68.926
651.599 68.936
651.796 68.942
651.994 68.960
652.192 68.947
652.390 68.986
652.588 69.011
652.786 69.074
652.984 69.044
653.182 69.069
653.380 69.123
653.578 69.124
653.776 69.108
653.974 69.124
654.172 69.153
654.370 69.153
654.568 69.117
654.766 69.085
654.964 68.981
655.162 68.983
655.360 68.974
655.558 68.934
655.756 68.931
655.954 68.942
656.152 68.934
656.350 68.928
656.548 68.899
656.746 68.902
656.944 68.944
657.142 68.995
657.340 68.980
657.538 68.978
657.736 69.008
657.934 68.998
658.132 69.026
658.330 69.047
658.528 69.053
658.726 69.108
658.924 69.160
659.122 69.200
659.320 69.251
659.518 69.241
659.716 69.220
659.914 69.198
660.112 69.246
660.310 69.181
660.508 69.122
660.706 69.099
660.904 69.099
661.102 69.049
661.300 69.015
661.498 69.007
661.696 69.038
661.893 69.063
662.091 69.064
662.289 69.019
662.487 69.066
662.685 69.076
662.883 69.046
663.081 69.061
663.279 69.122
663.477 69.072
663.675 69.016
663.873 69.081
664.071 69.082
664.269 69.064
664.467 69.012
664.665 69.040
664.863 69.094
665.061 69.146
665.259 69.139
665.457 69.119
665.655 69.144
665.853 69.133
666.051 69.088
666.249 69.044
666.447 69.081
666.645 69.207
666.843 69.182
667.041 69.086
667.239 69.054
667.437 69.094
667.635 69.122
667.833 69.136
668.031 69.149
668.229 69.148
668.427 69.193
668.625 69.217
668.823 69.146
669.021 69.133
669.219 69.215
669.417 69.235
669.615 69.194
669.813 69.173
670.011 69.213
670.209 69.272
670.407 69.256
670.605 69.211
670.803 69.168
671.001 69.167
671.199 69.186
671.397 69.120
671.595 69.103
671.792 69.136
671.990 69.131
672.188 69.130
672.386 69.094
672.584 69.084
672.782 69.109
672.980 69.142
673.178 69.176
673.376 69.178
673.574 69.220
673.772 69.231
673.970 69.213
674.168 69.230
674.366 69.219
674.564 69.230
674.762 69.252
674.960 69.246
675.158 69.220
675.356 69.165
675.554 69.146
675.752 69.096
675.950 69.060
676.148 69.036
676.346 68.986
676.544 68.926
676.742 68.887
676.940 68.876
677.138 68.916
677.336 68.952
677.534 68.921
677.732 68.918
677.930 69.012
678.128 69.055
678.326 69.052
678.524 69.072
678.722 69.104
678.920 69.150
679.118 69.182
679.316 69.145
679.514 69.111
679.712 69.135
679.910 69.105
680.108 69.064
680.306 69.011
680.504 68.952
680.702 68.943
680.900 68.931
681.098 68.882
681.296 68.808
681.494 68.852
681.691 68.897
681.889 68.928
682.087 68.960
682.285 68.922
682.483 68.973
682.681 69.080
682.879 69.104
683.077 69.156
683.275 69.231
683.473 69.336
683.671 69.313
683.869 69.277
684.067 69.278
684.265 69.295
684.463 69.386
684.661 69.398
684.859 69.313
685.057 69.250
685.255 69.215
685.453 69.189
685.651 69.160
685.849 69.128
686.047 69.087
686.245 69.074
686.443 69.051
686.641 68.972
686.839 68.981
687.037 68.994
687.235 68.994
687.433 68.968
687.631 68.955
687.829 68.960
688.027 68.994
688.225 69.024
688.423 68.966
688.621 68.939
688.819 68.947
689.017 68.895
689.215 68.890
689.413 68.899
689.611 68.934
689.809 68.921
690.007 68.898
690.205 68.881
690.403 68.905
690.601 68.995
690.799 69.043
690.997 69.045
691.195 69.066
691.393 69.103
691.591 69.147
691.788 69.145
691.986 69.139
692.184 69.132
692.382 69.127
692.580 69.115
692.778 69.068
692.976 69.024
693.174 68.989
693.372 69.010
693.570 69.022
693.768 69.104
693.966 69.171
694.164 69.236
694.362 69.241
694.560 69.208
694.758 69.173
694.956 69.184
695.154 69.246
695.352 69.282
695.550 69.252
695.748 69.225
695.946 69.155
696.144 69.099
696.342 69.101
696.540 69.138
696.744 69.207
696.948 69.269
697.152 69.313
697.357 69.310
697.561 69.316
697.765 69.367
697.969 69.352
698.173 69.306
698.377 69.335
698.581 69.363
698.786 69.351
698.990 69.326
699.194 69.236
699.398 69.179
699.602 69.149
699.806 69.123
700.010 69.066
700.215 69.057
700.419 69.085
700.623 69.040
700.827 68.932
701.031 68.851
701.235 68.848
701.440 68.895
701.644 68.872
701.848 68.912
702.052 68.957
702.256 68.969
702.460 69.017
702.664 69.018
702.869 68.987
703.073 69.045
703.277 69.126
703.481 69.118
703.685 69.171
703.889 69.191
704.093 69.113
704.298 69.032
704.502 69.038
704.706 69.043
704.910 69.078
705.114 69.127
705.318 69.119
705.522 69.086
705.727 69.077
705.931 68.993
706.135 68.947
706.339 68.904
706.543 68.987
706.747 69.009
706.951 68.956
707.156 68.921
707.360 68.933
707.564 68.927
707.768 68.910
707.972 68.883
708.176 68.957
708.380 69.052
708.585 69.123
708.789 69.063
708.993 69.039
709.197 69.061
709.401 69.022
709.605 68.984
709.810 68.952
710.014 68.972
710.218 68.992
710.422 68.961
710.626 68.936
710.830 68.948
711.034 68.963
711.239 68.959
711.443 68.958
711.647 68.993
711.851 68.974
712.055 68.995
712.259 69.022
712.463 69.007
712.668 68.957
712.872 68.961
713.076 68.958
713.280 69.015
713.484 69.030
713.688 69.053
713.892 69.022
714.097 69.041
714.301 69.065
714.505 69.074
714.709 69.105
714.913 69.145
715.117 69.123
715.321 69.083
715.526 69.028
715.730 69.049
715.934 69.001
716.138 69.054
716.342 69.112
716.546 69.073
716.750 69.054
716.955 69.101
717.159 69.162
717.363 69.225
717.567 69.270
717.771 69.254
717.975 69.161
718.180 69.156
718.384 69.079
718.588 69.032
718.792 69.083
718.996 69.097
719.200 69.021
719.404 68.921
719.609 68.910
719.813 68.926
720.017 68.964
720.221 69.013
720.425 69.019
720.629 69.036
720.833 68.988
721.038 68.925
721.242 68.867
721.446 68.889
721.650 68.915
721.854 68.903
722.058 68.898
722.262 68.885
722.467 68.921
722.671 68.965
722.875 68.984
723.079 69.019
723.283 69.014
723.487 69.023
723.691 69.044
723.896 69.077
724.100 69.029
724.304 68.979
724.508 68.959
724.712 68.889
724.916 68.899
725.120 68.929
725.325 68.938
725.529 68.936
725.733 68.953
725.937 68.980
726.141 68.974
726.345 68.970
726.550 68.960
726.754 68.986
726.958 69.079
727.162 69.040
727.366 68.931
727.570 68.866
727.774 68.921
727.979 68.879
728.183 68.808
728.387 68.821
728.591 68.874
728.795 68.928
728.999 68.938
729.203 68.880
729.408 68.934
729.612 69.036
729.816 69.041
730.020 68.970
730.224 69.058
730.428 69.111
730.632 69.086
730.837 69.109
731.041 69.118
731.245 69.108
731.449 69.125
731.653 69.118
731.857 69.116
732.061 69.165
732.266 69.197
732.470 69.144
732.674 69.120
732.878 69.145
733.082 69.106
733.286 69.059
733.490 69.013
733.695 68.995
733.899 68.975
734.103 69.013
734.307 69.092
734.511 69.107
734.715 69.111
734.920 69.063
735.124 68.947
735.328 68.886
735.532 68.882
735.736 68.969
735.940 68.995
736.144 68.991
736.349 68.947
736.553 68.866
736.757 68.804
736.961 68.706
737.165 68.755
737.369 68.875
737.573 68.896
737.778 68.905
737.982 68.807
738.186 68.735
738.390 68.697
738.594 68.684
738.798 68.710
739.002 68.810
739.207 68.908
739.411 68.925
739.615 68.857
739.819 68.877
740.023 68.843
740.227 68.868
740.431 68.929
740.636 68.916
740.840 68.932
741.044 68.915
741.248 68.882
741.452 68.860
741.656 68.794
741.860 68.786
742.065 68.798
742.269 68.896
742.473 68.963
742.677 68.941
742.881 68.952
743.085 68.882
743.290 68.835
743.494 68.880
743.698 68.928
743.902 68.930
744.106 68.959
744.310 68.920
744.514 68.843
744.719 68.782
744.923 68.814
745.127 68.932
745.331 69.073
745.535 69.097
745.739 68.941
745.943 68.898
746.148 68.936
746.352 68.957
746.556 69.084
746.760 69.133
746.964 69.172
747.168 69.174
747.372 69.105
747.577 68.994
747.781 68.977
747.985 69.077
748.189 69.064
748.393 69.022
748.597 69.047
748.801 68.985
749.006 68.953
749.210 68.935
749.414 68.896
749.618 68.842
749.822 68.882
750.026 68.911
750.230 68.923
750.435 68.951
750.639 69.035
750.843 69.025
751.047 69.000
751.251 68.999
751.455 68.937
751.660 68.901
751.864 68.902
752.068 68.898
752.272 68.876
752.476 68.792
752.680 68.745
752.884 68.598
753.089 68.548
753.293 68.588
753.497 68.566
753.701 68.603
753.905 68.692
754.109 68.663
754.313 68.625
754.518 68.678
754.722 68.741
754.926 68.815
755.130 68.970
755.334 68.983
755.538 68.889
755.742 68.844
755.947 68.833
756.151 68.764
756.355 68.843
756.559 68.857
756.763 68.740
756.967 68.661
757.171 68.608
757.376 68.526
757.580 68.555
757.784 68.591
757.988 68.622
758.192 68.576
758.396 68.598
758.600 68.528
758.805 68.500
759.009 68.651
759.213 68.889
759.417 68.976
759.621 68.931
759.825 68.884
760.030 68.976
760.234 69.133
760.438 69.211
760.642 69.231
760.846 69.257
761.050 69.224
761.254 69.134
761.459 68.975
761.663 68.917
761.867 68.970
762.071 68.937
762.275 68.787
762.479 68.628
762.683 68.653
762.888 68.644
763.092 68.579
763.296 68.628
763.500 68.679
763.709 68.649
763.918 68.587
764.126 68.554
764.335 68.572
764.544 68.646
764.753 68.720
764.962 68.671
765.171 68.593
765.379 68.711
765.588 68.768
765.797 68.740
766.006 68.732
766.215 68.809
766.424 68.844
766.632 68.872
766.841 68.851
767.050 68.804
767.259 68.787
767.468 68.874
767.677 68.790
767.885 68.712
768.094 68.687
768.303 68.767
768.512 68.785
768.721 68.729
768.929 68.682
769.138 68.711
769.347 68.725
769.556 68.683
769.765 68.578
769.974 68.638
770.182 68.675
770.391 68.665
770.600 68.570
770.809 68.508
771.018 68.536
771.227 68.550
771.435 68.568
771.644 68.617
771.853 68.733
772.062 68.813
772.271 68.711
772.480 68.597
772.688 68.598
772.897 68.628
773.106 68.663
773.315 68.590
773.524 68.594
773.732 68.556
773.941 68.518
774.150 68.488
774.359 68.455
774.568 68.508
774.777 68.620
774.985 68.615
775.194 68.632
775.403 68.588
775.612 68.679
775.821 68.667
776.030 68.565
776.238 68.531
776.447 68.471
776.656 68.490
776.865 68.495
777.074 68.488
777.283 68.594
777.491 68.657
777.700 68.694
777.909 68.659
778.118 68.713
778.327 68.751
778.535 68.705
778.744 68.708
778.953 68.686
779.162 68.611
779.371 68.514
779.580 68.401
779.788 68.353
779.997 68.369
780.206 68.412
780.415 68.302
780.624 68.283
780.833 68.361
781.041 68.405
781.250 68.434
781.459 68.551
781.668 68.586
781.877 68.516
782.086 68.422
782.294 68.328
782.503 68.265
782.712 68.259
782.921 68.261
783.130 68.240
783.338 68.272
783.547 68.227
783.756 68.177
783.965 68.240
784.174 68.345
784.383 68.396
784.591 68.409
784.800 68.496
785.009 68.542
785.218 68.503
785.427 68.427
785.636 68.350
785.844 68.297
786.053 68.282
786.262 68.283
786.471 68.229
786.680 68.179
786.889 68.166
787.097 68.181
787.306 68.198
787.515 68.334
787.724 68.455
787.933 68.470
788.141 68.542
788.350 68.621
788.559 68.576
788.768 68.487
788.977 68.453
789.186 68.354
789.394 68.203
789.603 68.160
789.812 68.045
790.021 67.917
790.230 67.930
790.439 68.025
790.647 67.909
790.856 67.725
791.065 67.752
791.274 67.744
791.483 67.911
791.692 68.049
791.900 68.067
792.109 68.175
792.318 68.261
792.527 68.250
792.736 68.098
792.944 68.098
793.153 68.278
793.362 68.341
793.571 68.419
793.780 68.302
793.989 68.185
794.197 68.156
794.406 68.022
794.615 67.922
794.824 67.929
795.033 67.973
795.242 68.016
795.450 68.011
795.659 67.966
795.868 67.892
796.077 67.986
796.286 68.056
796.495 68.098
796.703 68.269
796.912 68.356
797.121 68.339
797.330 68.407
797.539 68.396
797.747 68.296
797.956 68.359
798.165 68.532
798.374 68.533
798.583 68.449
798.792 68.503
799.000 68.495
799.209 68.488
799.418 68.587
799.627 68.528
799.836 68.399
800.045 68.629
800.253 68.636
800.462 68.469
800.671 68.388
800.880 68.483
801.089 68.550
801.298 68.575
801.506 68.554
801.715 68.537
801.924 68.538
802.133 68.622
802.342 68.437
802.550 68.361
802.759 68.519
802.968 68.538
803.177 68.413
803.386 68.274
803.595 68.036
803.803 67.944
804.012 67.723
804.221 67.674
804.430 67.747
804.639 67.719
804.848 67.677
805.056 67.535
805.265 67.571
805.474 67.671
805.683 67.724
805.892 67.833
806.101 67.974
806.309 68.047
806.518 68.046
806.727 67.994
806.936 68.148
807.145 68.207
807.353 68.207
807.562 68.074
807.771 68.123
807.980 68.225
808.189 68.157
808.398 67.944
808.606 67.915
808.815 67.907
809.024 67.853
809.233 67.776
809.442 67.871
809.651 67.881
809.859 68.009
810.068 67.970
810.277 67.731
810.486 67.691
810.695 67.761
810.904 67.779
811.112 67.857
811.321 67.826
811.530 67.792
811.740 67.704
811.949 67.758
812.159 67.762
812.368 67.740
812.578 67.774
812.787 68.011
812.997 68.392
813.206 68.453
813.416 68.410
813.625 68.514
813.835 68.483
814.044 68.509
814.254 68.471
814.463 68.428
814.673 68.378
814.882 68.432
815.092 68.226
815.301 67.820
815.511 67.741
815.720 67.628
815.930 67.637
816.139 67.677
816.349 67.520
816.558 67.400
816.768 67.433
816.977 67.439
817.187 67.428
817.396 67.389
817.606 67.483
817.815 67.659
818.025 67.738
818.234 67.574
818.444 67.504
818.653 67.709
818.863 67.818
819.072 67.831
819.282 67.999
819.491 67.960
819.701 67.894
819.910 67.740
820.120 67.637
820.329 67.796
820.539 67.941
820.748 68.069
820.958 68.147
821.167 68.218
821.377 68.145
821.586 67.826
821.796 67.741
822.005 67.894
822.215 68.132
822.424 68.133
822.634 68.043
822.843 68.086
823.053 67.966
823.262 67.848
823.472 67.783
823.681 67.672
823.891 67.732
824.100 67.789
824.310 67.835
824.519 67.623
824.729 67.494
824.938 67.349
825.148 67.213
825.357 67.336
825.567 67.358
825.776 67.437
825.986 67.699
826.195 67.808
826.405 67.809
826.614 67.727
826.824 67.831
827.033 67.972
827.243 68.023
827.452 68.091
827.662 68.110
827.871 68.106
828.081 68.112
828.290 68.077
828.500 67.931
828.709 67.974
828.919 68.034
829.128 67.926
829.338 67.863
829.547 67.945
829.757 68.026
829.966 67.850
830.176 67.682
830.385 67.647
830.595 67.677
830.804 67.732
831.014 67.645
831.223 67.674
831.433 67.762
831.642 67.730
831.852 67.571
832.061 67.265
832.271 67.264
832.480 67.589
832.690 67.626
832.899 67.598
833.109 67.850
833.318 67.998
833.528 67.817
833.737 67.678
833.947 67.577
834.156 67.601
834.366 67.941
834.575 68.037
834.785 67.834
834.994 67.771
835.204 67.592
835.413 67.402
835.623 67.318
835.832 67.441
836.042 67.643
836.251 68.016
836.461 68.116
836.670 67.968
836.880 67.881
837.089 67.868
837.299 67.840
837.508 67.924
837.718 67.988
837.927 68.086
838.137 68.069
838.346 67.986
838.556 67.715
838.765 67.733
838.975 67.826
839.184 67.958
839.394 67.965
839.603 67.883
839.813 67.849
840.022 67.760
840.232 67.646
840.441 67.594
840.651 67.672
840.860 67.824
841.070 67.654
841.279 67.603
841.489 67.659
841.698 67.742
841.908 67.726
842.117 67.534
842.327 67.437
842.536 67.512
842.746 67.494
842.955 67.496
843.165 67.481
843.374 67.715
843.584 67.739
843.793 67.555
844.003 67.520
844.212 67.718
844.422 67.905
844.631 67.977
844.841 68.021
845.050 68.179
845.260 68.195
845.469 68.104
845.679 67.870
845.888 67.912
846.098 68.105
846.307 68.017
846.517 67.768
846.726 67.761
846.936 68.025
847.145 68.014
847.355 67.792
847.564 67.588
847.774 68.179
847.983 69.332
848.193 69.306
848.402 69.152
848.612 69.105
848.821 69.084
849.031 69.076
849.240 68.792
849.450 68.694
849.659 68.847
849.869 68.909
850.078 68.269
850.288 67.475
850.497 67.564
850.707 67.629
850.916 67.663
851.126 67.772
851.335 67.786
851.545 67.913
851.754 68.178
851.964 68.330
852.173 68.400
852.383 68.411
852.592 68.237
852.802 68.135
853.011 68.131
853.221 68.126
853.430 68.120
853.640 68.157
853.849 68.146
854.059 67.887
854.268 67.642
854.478 67.725
854.687 67.744
854.897 67.760
855.106 67.792
855.316 67.708
855.525 67.569
855.735 67.448
855.944 67.404
856.154 67.520
856.363 67.638
856.573 67.726
856.782 67.482
856.992 67.394
857.201 67.300
857.411 67.170
857.620 67.188
857.830 67.368
858.039 67.532
858.249 67.565
858.458 67.410
858.668 67.432
858.877 67.526
859.087 67.885
859.296 68.080
859.506 68.030
859.715 68.043
859.925 68.090
860.134 68.117
860.344 68.211
860.553 68.142
860.763 68.113
860.972 67.987
861.182 67.862
861.391 67.684
861.601 67.410
861.810 67.459
862.020 67.470
862.229 67.406
862.439 67.521
862.648 67.652
862.858 67.870
863.067 67.923
863.277 67.873
863.486 67.960
863.696 67.993
863.905 68.196
864.115 68.325
864.324 68.484
864.534 68.660
864.743 68.648
864.953 68.612
865.162 68.561
865.372 68.406
865.581 68.373
865.791 68.581
866.000 68.594
866.210 68.721
866.419 68.846
866.629 68.703
866.838 68.456
867.048 68.328
867.257 68.422
867.467 68.565
867.676 68.747
867.886 68.853
868.095 68.619
868.305 68.541
868.514 68.231
868.724 67.922
868.933 67.852
869.143 67.763
869.352 67.698
869.562 67.652
869.771 67.589
869.981 67.616
870.190 67.543
870.400 67.357
870.609 67.263
870.819 67.411
871.028 67.569
871.238 67.968
871.447 68.311
871.657 68.318
871.866 67.857
872.076 67.909
872.285 67.700
872.495 67.572
872.704 67.640
872.914 67.872
873.123 68.044
873.333 68.109
873.542 67.904
873.752 67.808
873.961 68.026
874.171 68.354
874.380 68.021
874.590 68.098
874.799 68.621
875.009 69.003
875.218 69.254
875.428 68.847
875.637 68.741
875.847 69.094
876.056 69.215
876.266 68.952
876.475 68.715
876.685 68.978
876.894 69.283
877.104 69.066
877.313 68.786
877.523 68.571
877.732 68.914
877.942 68.889
878.151 68.527
878.361 68.290
878.570 68.315
878.780 68.583
878.989 68.696
879.199 68.855
879.408 68.753
879.618 68.487
879.827 68.270
880.037 68.357
880.246 68.488
880.456 68.399
880.665 68.299
880.875 68.451
881.084 68.749
881.294 68.508
881.503 67.850
881.713 67.850
881.922 68.132
882.132 68.097
882.341 67.936
882.551 67.974
882.760 68.103
882.970 68.200
883.179 68.347
883.389 68.128
883.598 68.137
883.808 68.460
884.017 68.595
884.227 68.489
884.436 68.452
884.646 68.356
884.855 68.140
885.065 67.955
885.274 68.037
885.484 68.099
885.693 68.085
885.903 67.745
886.112 67.615
886.322 67.776
886.531 68.132
886.741 68.392
886.950 68.545
887.160 68.620
887.369 68.540
887.579 68.643
887.788 68.448
887.998 68.511
888.207 69.001
888.417 69.382
888.626 69.359
888.836 68.986
889.045 68.669
889.255 68.633
889.464 69.083
889.674 69.437
889.883 69.299
890.093 69.301
890.302 68.973
890.512 68.789
890.721 68.825
890.931 68.681
891.140 68.658
891.350 68.847
891.559 68.843
891.769 68.658
891.978 68.563
892.188 68.795
892.397 68.793
892.607 68.993
892.816 69.252
893.026 68.823
893.235 68.564
893.445 68.906
893.654 69.121
893.864 69.213
894.073 69.024
894.283 69.039
894.492 68.743
894.702 68.712
894.911 68.772
895.121 68.512
895.330 68.601
895.540 68.929
895.749 69.092
895.959 69.143
896.168 69.168
896.378 69.124
896.587 69.323
896.797 69.403
897.006 69.442
897.216 69.574
897.425 69.482
897.635 69.219
897.844 69.116
898.054 68.981
898.263 68.632
898.473 68.239
898.682 67.972
898.892 67.817
899.101 68.101
899.311 67.873
899.520 67.521
899.730 67.888
899.939 68.421
900.149 68.373
900.358 68.181
900.568 68.382
900.777 68.941
900.987 69.324
901.196 68.977
901.406 68.726
901.615 68.975
901.825 69.055
902.034 68.590
902.244 68.430
902.453 68.563
902.663 68.552
902.872 68.527
903.082 68.399
903.291 68.414
903.501 68.658
903.710 68.554
903.920 68.876
904.129 69.008
904.339 69.330
904.548 69.163
904.758 68.780
904.967 68.718
905.177 68.860
905.386 69.215
905.596 69.232
905.805 69.322
906.015 69.449
906.224 68.924
906.434 68.901
906.643 68.689
906.853 68.517
907.062 68.901
907.272 69.004
907.481 68.842
907.691 68.728
907.900 68.641
908.110 68.512
908.319 68.393
908.529 68.313
908.738 68.047
908.948 68.214
909.157 68.296
909.367 67.984
909.576 68.112
909.786 68.209
909.995 67.832
910.205 67.731
910.414 67.565
910.624 67.751
910.833 68.031
911.043 68.185
911.252 68.355
911.462 68.941
911.672 69.099
911.881 69.048
912.091 68.843
912.300 69.051
912.512 69.190
912.724 69.527
912.937 69.710
913.149 70.046
913.361 70.420
913.573 70.318
913.786 69.903
913.998 69.947
914.210 69.711
914.422 70.095
914.634 70.107
914.847 69.981
915.059 69.648
915.271 69.614
915.483 69.115
915.696 68.644
915.908 68.775
916.120 68.890
916.332 69.000
916.544 69.345
916.757 69.283
916.969 68.987
917.181 69.117
917.393 69.520
917.606 69.406
917.818 69.492
918.030 69.595
918.242 69.667
918.454 69.412
918.667 69.272
918.879 69.129
919.091 68.966
919.303 68.796
919.516 68.468
919.728 68.387
919.940 68.523
920.152 68.703
920.364 68.956
920.577 68.626
920.789 68.314
921.001 68.072
921.213 68.534
921.426 69.155
921.638 69.703
921.850 69.551
922.062 69.064
922.274 68.771
922.487 68.746
922.699 68.438
922.911 68.606
923.123 69.283
923.336 69.747
923.548 69.269
923.760 68.783
923.972 68.564
924.184 68.666
924.397 68.744
924.609 69.094
924.821 69.429
925.033 69.356
925.246 69.117
925.458 68.886
925.670 68.718
925.882 68.872
926.094 68.657
926.307 68.491
926.519 68.612
926.731 69.160
926.943 69.254
927.156 68.685
927.368 68.560
927.580 68.653
927.792 68.875
928.004 69.165
928.217 69.030
928.429 69.473
928.641 69.935
928.853 70.302
929.066 70.195
929.278 70.134
929.490 70.554
929.702 71.136
929.914 71.276
930.127 71.301
930.339 71.014
930.551 71.012
930.763 70.598
930.976 70.248
931.188 70.033
931.400 69.468
931.612 69.288
931.824 69.262
932.037 68.817
932.249 69.033
932.461 69.240
932.673 69.293
932.886 69.698
933.098 69.981
933.310 70.273
933.522 70.653
933.734 71.552
933.947 71.384
934.159 71.031
934.371 71.397
934.583 70.805
934.796 69.996
935.008 69.903
935.220 69.572
935.432 68.907
935.644 68.583
935.857 68.334
936.069 67.985
936.281 68.406
936.493 67.942
936.706 68.408
936.918 69.581
937.130 70.121
937.342 70.601
937.554 71.279
937.767 72.192
937.979 72.275
938.191 72.165
938.403 72.311
938.616 71.647
938.828 72.188
939.040 72.292
939.252 72.053
939.464 71.929
939.677 71.710
939.889 71.083
940.101 70.729
940.313 71.010
940.526 71.277
940.738 71.013
940.950 71.417
941.162 71.053
941.374 70.602
941.587 71.010
941.799 71.490
942.011 71.398
942.223 71.615
942.436 71.702
942.648 71.610
942.860 71.739
943.072 71.212
943.284 71.205
943.497 71.915
943.709 72.017
943.921 70.872
944.133 70.984
944.346 71.389
944.558 71.284
944.770 71.554
944.982 71.792
945.194 71.449
945.407 71.662
945.619 71.238
945.831 71.296
946.043 72.194
946.256 73.452
946.468 73.584
946.680 73.429
946.892 73.556
947.104 73.166
947.317 72.607
947.529 72.031
947.741 72.895
947.953 73.570
948.166 72.529
948.378 71.818
948.590 72.126
948.802 71.685
949.014 71.714
949.227 71.107
949.439 71.030
949.651 72.148
949.863 74.211
950.076 74.212
950.288 74.561
950.500 75.499
950.712 74.460
950.924 72.934
951.137 73.733
951.349 74.644
951.561 74.572
951.773 76.771
951.986 79.255
952.198 77.159
952.410 75.916
952.622 74.380
952.834 74.577
953.047 76.217
953.259 75.588
953.471 73.589
953.683 72.069
953.896 73.891
954.108 73.254
954.320 69.368
954.532 69.086
954.744 70.023
954.957 71.315
955.169 70.829
955.381 70.559
955.593 71.356
955.806 71.925
956.018 72.471
956.230 71.693
956.442 70.466
956.654 71.121
956.867 71.491
957.079 71.376
957.291 71.505
957.503 72.240
957.716 71.243
957.928 71.005
958.140 71.029
958.352 71.416
958.564 71.394
958.777 70.719
958.989 69.553
959.201 70.735
959.413 71.703
959.626 70.923
959.838 69.699
960.050 69.514
960.262 69.770
960.474 70.646
960.687 71.377
960.899 71.538
961.111 71.934
961.323 72.975
961.536 72.553
961.748 72.700
961.960 73.539
962.172 73.430
962.384 72.975
962.597 73.662
962.809 75.133
963.021 74.910
963.233 73.849
963.446 72.822
963.658 71.664
963.870 72.149
964.082 71.804
964.294 71.553
964.507 71.551
964.719 71.450
964.931 70.886
965.143 69.679
965.356 69.614
965.568 70.244
965.780 71.810
966.000 72.734
966.221 71.598
966.441 71.173
966.662 72.003
966.882 73.798
967.103 74.723
967.323 74.139
967.543 74.216
967.764 73.210
967.984 72.106
968.205 70.951
968.425 71.849
968.645 72.177
968.866 71.481
969.086 71.015
969.307 70.306
969.527 71.048
969.748 71.830
969.968 70.984
970.188 70.787
970.409 71.110
970.629 72.364
970.850 73.906
971.070 74.299
971.290 75.104
971.511 74.393
971.731 74.779
971.952 74.854
972.172 73.524
972.393 73.270
972.613 73.728
972.833 74.579
973.054 75.255
973.274 73.300
973.495 72.626
973.715 72.930
973.936 74.108
974.156 73.033
974.376 72.096
974.597 73.315
974.817 73.599
975.038 73.439
975.258 73.205
975.478 72.626
975.699 72.739
975.919 73.022
976.140 73.083
976.360 72.274
976.581 72.353
976.801 72.958
977.021 72.969
977.242 71.637
977.462 71.255
977.683 72.660
977.903 72.307
978.123 72.951
978.344 73.270
978.564 72.664
978.785 72.606
979.005 73.282
979.226 73.772
979.446 74.730
979.666 76.205
979.887 75.841
980.107 74.605
980.328 75.055
980.548 75.162
980.769 74.455
980.989 72.565
981.209 72.878
981.430 74.311
981.650 74.003
981.871 73.385
982.091 72.602
982.311 74.075
982.532 72.986
982.752 72.006
982.973 71.114
983.193 71.733
983.414 74.340
983.634 75.111
983.854 73.562
984.075 73.868
984.295 74.345
984.516 74.959
984.736 74.946
984.956 75.630
985.177 75.326
985.397 74.636
985.618 75.338
985.838 75.297
986.059 74.488
986.279 74.339
986.499 73.540
986.720 72.916
986.940 74.220
987.161 72.460
987.381 71.934
987.602 73.719
987.822 76.813
988.042 75.866
988.263 74.617
988.483 74.020
988.704 73.073
988.924 72.147
989.144 71.936
989.365 71.895
989.585 74.511
989.806 74.285
990.026 71.809
990.247 68.829
990.467 68.902
990.687 70.150
990.908 71.516
991.128 73.689
991.349 74.965
991.569 75.022
991.789 74.528
992.010 74.026
992.230 75.161
992.451 75.259
992.671 75.552
992.892 78.321
993.112 79.472
993.332 78.313
993.553 76.962
993.773 78.278
993.994 78.843
994.214 79.343
994.435 78.720
994.655 80.322
994.875 81.864
995.096 83.822
995.316 83.011
995.537 79.265
995.757 76.924
995.977 75.362
996.198 70.588
996.418 68.146
996.639 67.112
996.859 68.032
997.080 67.772
997.300 69.522
997.520 68.483
997.741 65.235
997.961 68.065
998.182 70.837
998.402 70.048
998.622 75.274
998.843 81.609
999.063 82.677
999.284 81.144
999.504 77.452
999.725 74.423
999.945 73.835
1000.165 76.962
1000.386 76.005
1000.606 76.091
1000.827 79.537
1001.047 76.682
1001.268 70.016
1001.488 69.651
1001.708 74.342
1001.929 79.211
1002.149 80.721
1002.370 78.056
1002.590 77.458
1002.810 81.733
1003.031 80.736
1003.251 78.213
1003.472 80.376
1003.692 83.156
1003.913 82.714
1004.133 77.013
1004.353 74.447
1004.574 74.944
1004.794 79.678
1005.015 81.597
1005.235 74.924
1005.455 73.785
1005.676 75.021
1005.896 73.248
1006.117 71.153
1006.337 70.228
1006.558 75.094
1006.778 74.746
1006.998 71.886
1007.219 70.606
1007.439 68.496
1007.660 72.369
1007.880 76.357
1008.101 77.202
1008.321 73.834
1008.541 72.604
1008.762 74.941
1008.982 72.938
1009.203 74.699
1009.423 77.106
1009.643 74.244
1009.864 74.214
1010.084 71.901
1010.305 69.725
1010.525 72.455
1010.746 74.573
1010.966 71.623
1011.186 66.379
1011.407 64.429
1011.627 62.308
1011.848 59.893
1012.068 60.809
1012.288 58.641
1012.509 58.115
1012.729 55.963
1012.950 47.350
