290.982 90.079
291.167 91.380
291.352 91.861
291.537 91.818
291.722 92.056
291.907 95.606
292.091 94.961
292.276 92.172
292.461 90.163
292.646 88.978
292.831 90.271
293.016 88.565
293.201 85.472
293.386 84.536
293.571 85.594
293.756 85.730
293.940 86.100
294.125 85.211
294.310 86.782
294.495 88.657
294.680 87.471
294.865 85.861
295.050 86.796
295.235 87.395
295.420 86.111
295.605 83.642
295.789 84.353
295.974 85.146
296.159 83.948
296.344 82.998
296.529 81.991
296.714 83.185
296.899 83.721
297.084 85.258
297.269 85.918
297.454 88.054
297.638 90.022
297.823 88.746
298.008 87.403
298.193 88.568
298.378 89.938
298.563 89.863
298.748 91.628
298.933 91.823
299.118 90.107
299.303 90.187
299.487 88.511
299.672 86.593
299.857 84.598
300.042 85.860
300.227 86.264
300.412 84.954
300.597 84.420
300.782 80.621
300.967 79.894
301.152 80.274
301.336 80.045
301.521 80.728
301.706 83.152
301.891 84.865
302.076 84.638
302.261 84.093
302.446 85.023
302.631 84.928
302.816 88.377
303.001 89.202
303.185 87.294
303.370 86.477
303.555 86.557
303.740 84.682
303.925 83.650
304.110 83.013
304.295 83.804
304.480 83.310
304.665 82.503
304.850 80.261
305.034 79.224
305.219 80.473
305.404 81.278
305.589 81.603
305.774 81.541
305.959 82.580
306.144 81.767
306.329 79.003
306.514 77.955
306.699 78.406
306.883 77.574
307.068 77.426
307.253 77.090
307.438 77.937
307.623 77.971
307.808 76.573
307.993 74.353
308.178 73.379
308.363 73.691
308.548 74.623
308.732 75.576
308.917 75.527
309.102 74.744
309.287 74.435
309.472 74.400
309.657 74.652
309.842 74.218
310.027 73.711
310.212 73.591
310.397 72.964
310.581 71.140
310.766 70.623
310.951 71.450
311.136 71.326
311.321 70.920
311.506 69.328
311.691 67.806
311.876 67.478
312.061 67.403
312.245 69.327
312.430 71.915
312.615 73.837
312.800 72.988
312.985 70.617
313.170 70.244
313.347 71.421
313.523 70.747
313.700 70.306
313.877 70.841
314.054 72.240
314.230 71.585
314.407 69.328
314.584 67.630
314.761 67.156
314.937 67.942
315.114 69.099
315.291 68.653
315.467 68.895
315.644 67.029
315.821 66.971
315.998 67.173
316.174 66.574
316.351 67.407
316.528 67.933
316.704 67.677
316.881 67.436
317.058 67.063
317.235 67.512
317.411 67.885
317.588 69.919
317.765 69.570
317.942 68.657
318.118 69.309
318.295 68.322
318.472 66.576
318.648 66.871
318.825 67.427
319.002 66.379
319.179 65.347
319.355 65.267
319.532 65.145
319.709 64.853
319.885 65.716
320.062 65.364
320.239 64.971
320.416 66.384
320.592 66.531
320.769 65.767
320.946 65.970
321.123 65.980
321.299 65.681
321.476 64.452
321.653 64.810
321.829 63.497
322.006 62.185
322.183 62.872
322.360 62.103
322.536 61.717
322.713 62.594
322.890 62.318
323.066 61.189
323.243 61.483
323.420 64.342
323.597 64.498
323.773 63.869
323.950 64.798
324.127 65.184
324.304 65.618
324.480 64.859
324.657 64.008
324.834 64.266
325.010 64.736
325.187 64.036
325.364 62.234
325.541 61.593
325.717 61.611
325.894 60.242
326.071 58.885
326.248 58.978
326.424 60.101
326.601 60.374
326.778 59.956
326.954 60.187
327.131 59.650
327.308 58.110
327.485 58.598
327.661 59.665
327.838 60.204
328.015 60.616
328.191 59.909
328.368 58.652
328.545 56.975
328.722 56.855
328.898 58.155
329.075 59.229
329.252 59.713
329.429 58.974
329.605 59.084
329.782 59.160
329.959 58.751
330.135 58.201
330.312 58.771
330.489 60.004
330.666 60.017
330.842 58.499
331.019 57.721
331.196 58.052
331.372 58.380
331.549 57.072
331.726 56.766
331.903 57.360
332.079 58.062
332.256 56.861
332.433 55.672
332.610 54.930
332.786 54.852
332.963 54.803
333.140 54.370
333.316 55.857
333.493 56.403
333.670 56.113
333.847 56.719
334.023 56.827
334.200 57.045
334.377 56.768
334.553 57.187
334.730 56.786
334.907 55.876
335.084 56.042
335.260 54.946
335.437 54.667
335.614 55.160
335.791 54.003
335.967 53.044
336.144 53.324
336.321 54.219
336.497 54.341
336.674 54.384
336.851 54.944
337.028 54.399
337.204 53.552
337.381 54.290
337.558 55.034
337.734 54.531
337.911 53.759
338.088 53.697
338.265 55.092
338.441 55.472
338.618 54.209
338.795 53.581
338.972 54.026
339.148 54.556
339.325 53.661
339.502 51.282
339.678 51.412
339.855 52.440
340.032 52.023
340.209 50.743
340.385 50.339
340.562 50.576
340.739 50.272
340.916 49.423
341.092 49.357
341.269 49.564
341.446 49.923
341.622 49.137
341.799 48.539
341.976 48.818
342.153 48.836
342.329 48.671
342.506 49.125
342.683 48.904
342.859 48.338
343.036 47.878
343.213 47.387
343.390 47.188
343.566 47.496
343.743 47.356
343.920 46.848
344.097 45.783
344.273 45.110
344.450 44.577
344.627 45.140
344.803 46.519
344.980 46.199
345.157 45.845
345.334 45.837
345.510 45.772
345.687 45.370
345.864 45.574
346.040 45.961
346.217 46.107
346.394 46.353
346.571 45.759
346.747 44.081
346.924 44.101
347.101 44.989
347.278 45.467
347.454 46.125
347.631 45.835
347.808 44.633
347.984 44.707
348.161 45.115
348.338 45.268
348.515 45.435
348.691 45.687
348.868 45.075
349.045 43.574
349.221 42.968
349.398 42.061
349.575 42.611
349.752 43.718
349.928 43.190
350.105 42.328
350.282 41.515
350.459 41.754
350.635 41.989
350.812 41.531
350.989 42.370
351.165 43.416
351.342 43.326
351.519 42.792
351.696 42.209
351.872 41.959
352.049 41.892
352.226 42.406
352.402 42.234
352.579 42.511
352.756 43.501
352.933 43.212
353.109 41.872
353.286 41.529
353.463 41.709
353.640 41.811
353.816 41.624
353.993 41.809
354.170 41.743
354.346 41.766
354.523 41.523
354.700 40.898
354.877 40.844
355.053 40.834
355.230 41.075
355.407 41.394
355.584 41.642
355.760 41.982
355.937 41.884
356.114 41.870
356.290 41.652
356.467 41.751
356.644 41.884
356.821 41.550
356.997 42.163
357.174 42.505
357.351 42.435
357.527 42.342
357.704 42.194
357.881 42.650
358.058 43.311
358.234 43.285
358.411 42.887
358.588 42.605
358.765 42.642
358.941 42.451
359.118 42.416
359.295 42.260
359.471 41.713
359.648 41.857
359.825 41.968
360.002 41.272
360.178 41.694
360.355 42.270
360.532 42.545
360.708 42.677
360.885 42.379
361.062 41.594
361.239 41.200
361.415 41.623
361.592 41.838
361.769 41.681
361.946 42.298
362.122 42.338
362.299 41.454
362.476 41.442
362.652 41.559
362.829 42.255
363.006 42.810
363.183 43.643
363.359 43.874
363.536 43.428
363.713 43.209
363.889 42.853
364.066 42.366
364.243 42.503
364.420 42.264
364.596 41.984
364.773 41.461
364.950 41.680
365.127 41.690
365.303 41.809
365.480 42.599
365.661 42.939
365.841 43.129
366.022 43.362
366.202 43.383
366.383 43.353
366.563 43.840
366.744 44.172
366.924 44.180
367.105 44.118
367.286 43.628
367.466 42.750
367.647 42.586
367.827 42.443
368.008 42.575
368.188 43.034
368.369 43.660
368.549 43.536
368.730 42.858
368.911 42.666
369.091 42.695
369.272 42.926
369.452 43.407
369.633 43.039
369.813 42.669
369.994 42.925
370.174 42.820
370.355 42.281
370.535 42.163
370.716 42.857
370.897 43.059
371.077 42.731
371.258 42.926
371.438 43.408
371.619 43.892
371.799 43.924
371.980 43.079
372.160 43.132
372.341 43.700
372.522 43.991
372.702 43.926
372.883 43.877
373.063 43.775
373.244 43.569
373.424 43.124
373.605 42.990
373.785 43.098
373.966 43.291
374.147 43.253
374.327 43.211
374.508 43.111
374.688 42.780
374.869 42.810
375.049 43.220
375.230 43.646
375.410 43.488
375.591 43.260
375.772 43.531
375.952 44.092
376.133 44.028
376.313 43.824
376.494 43.359
376.674 43.474
376.855 43.611
377.035 43.250
377.216 43.032
377.397 43.466
377.577 43.663
377.758 43.248
377.938 42.840
378.119 42.907
378.299 42.810
378.480 43.083
378.660 43.411
378.841 43.362
379.021 43.065
379.202 42.472
379.383 41.743
379.563 41.310
379.744 41.222
379.924 41.087
380.105 40.924
380.285 40.591
380.466 40.314
380.646 39.729
380.827 39.139
381.008 39.379
381.188 39.795
381.369 40.126
381.549 40.002
381.730 39.927
381.910 39.914
382.091 39.757
382.271 39.979
382.452 40.006
382.633 39.989
382.813 40.435
382.994 40.747
383.174 40.424
383.355 40.159
383.535 40.474
383.716 40.727
383.896 40.618
384.077 40.533
384.258 40.573
384.438 40.637
384.619 40.638
384.799 40.209
384.980 39.917
385.160 39.849
385.341 39.635
385.521 39.328
385.702 39.081
385.882 39.179
386.063 39.218
386.244 39.033
386.424 39.017
386.605 38.829
386.785 38.818
386.966 38.647
387.146 38.622
387.327 38.652
387.507 38.613
387.688 38.684
387.869 38.690
388.049 38.908
388.230 38.930
388.410 38.819
388.591 38.786
388.771 38.830
388.952 38.846
389.132 38.677
389.313 38.645
389.494 38.603
389.674 38.361
389.855 38.153
390.035 37.968
390.216 37.840
390.396 37.951
390.577 37.974
390.757 37.589
390.938 37.370
391.119 37.438
391.299 37.500
391.480 37.491
391.660 37.444
391.841 37.391
392.021 37.187
392.202 37.014
392.382 36.636
392.563 36.532
392.743 36.678
392.924 36.594
393.105 36.460
393.285 36.346
393.466 36.209
393.646 36.291
393.827 36.238
394.007 35.928
394.188 35.952
394.368 36.019
394.549 35.883
394.730 35.670
394.910 35.653
395.091 35.581
395.271 35.774
395.452 36.030
395.632 35.767
395.813 35.669
395.993 35.919
396.174 35.889
396.355 35.706
396.535 35.848
396.716 36.169
396.896 36.358
397.077 36.306
397.257 35.861
397.438 35.291
397.618 35.145
397.799 35.110
397.980 35.162
398.160 35.234
398.341 35.269
398.521 35.140
398.702 34.859
398.882 34.533
399.063 34.501
399.243 34.619
399.424 34.688
399.605 34.842
399.785 34.727
399.966 34.488
400.146 34.322
400.327 34.344
400.507 34.391
400.688 34.283
400.868 34.174
401.049 34.155
401.229 33.995
401.410 34.073
401.591 34.105
401.771 34.267
401.952 34.342
402.132 34.211
402.313 34.057
402.493 34.098
402.674 34.363
402.854 34.554
403.035 34.664
403.216 34.532
403.396 34.568
403.577 34.638
403.757 34.395
403.938 34.214
404.118 34.158
404.299 34.096
404.479 33.842
404.660 33.560
404.841 33.406
405.023 33.279
405.204 33.286
405.385 33.254
405.566 33.237
405.748 33.214
405.929 33.149
406.110 33.408
406.292 33.631
406.473 33.885
406.654 34.016
406.835 33.955
407.017 33.799
407.198 33.898
407.379 33.925
407.560 33.806
407.742 33.805
407.923 33.965
408.104 33.721
408.286 33.454
408.467 33.251
408.648 33.402
408.829 33.775
409.011 33.843
409.192 33.724
409.373 33.613
409.555 33.618
409.736 33.685
409.917 33.657
410.098 33.796
410.280 33.969
410.461 34.032
410.642 33.827
410.823 33.346
411.005 33.369
411.186 33.674
411.367 33.866
411.549 33.941
411.730 33.932
411.911 33.838
412.092 33.754
412.274 33.768
412.455 33.730
412.636 33.641
412.818 33.801
412.999 33.830
413.180 33.739
413.361 33.592
413.543 33.449
413.724 33.452
413.905 33.567
414.087 33.657
414.268 33.602
414.449 33.499
414.630 33.502
414.812 33.630
414.993 33.729
415.174 33.573
415.355 33.470
415.537 33.454
415.718 33.529
415.899 33.499
416.081 33.375
416.262 33.219
416.443 33.256
416.624 33.267
416.806 33.127
416.987 32.875
417.168 32.804
417.350 32.859
417.531 32.961
417.712 32.972
417.893 33.017
418.075 33.116
418.256 33.143
418.437 33.123
418.618 33.098
418.800 33.118
418.981 33.375
419.162 33.540
419.344 33.686
419.525 33.768
419.706 33.750
419.887 33.725
420.069 33.644
420.250 33.748
420.431 33.807
420.613 33.917
420.794 33.977
420.975 33.844
421.156 33.867
421.338 33.810
421.519 33.624
421.700 33.544
421.882 33.455
422.063 33.410
422.244 33.351
422.425 33.350
422.607 33.180
422.788 33.003
422.969 32.999
423.150 33.062
423.332 33.172
423.513 33.281
423.694 33.201
423.876 33.235
424.057 33.339
424.238 33.386
424.419 33.533
424.601 33.959
424.782 34.117
424.963 34.160
425.145 34.062
425.326 33.954
425.507 33.821
425.688 33.908
425.870 33.786
426.051 33.610
426.232 33.574
426.413 33.391
426.595 32.967
426.776 32.746
426.957 32.669
427.139 32.732
427.320 32.592
427.501 32.450
427.682 32.218
427.864 32.268
428.045 32.344
428.226 32.318
428.408 32.263
428.589 32.285
428.770 32.323
428.951 32.221
429.133 32.021
429.314 32.047
429.495 32.206
429.677 32.326
429.858 32.352
430.039 32.266
430.220 32.236
430.402 32.216
430.583 32.212
430.764 32.207
430.945 32.229
431.127 32.191
431.308 32.172
431.489 32.124
431.671 32.112
431.852 32.005
432.033 31.925
432.214 31.833
432.396 31.771
432.577 31.647
432.758 31.561
432.940 31.562
433.121 31.549
433.302 31.403
433.483 31.447
433.665 31.522
433.846 31.559
434.027 31.595
434.208 31.570
434.390 31.563
434.571 31.615
434.752 31.628
434.934 31.514
435.115 31.455
435.296 31.431
435.477 31.226
435.659 31.094
435.840 31.078
436.030 31.093
436.220 30.948
436.410 30.805
436.600 30.666
436.790 30.625
436.980 30.658
437.170 30.574
437.360 30.513
437.550 30.481
437.741 30.417
437.931 30.318
438.121 30.259
438.311 30.295
438.501 30.258
438.691 30.282
438.881 30.195
439.071 30.073
439.261 30.022
439.451 29.866
439.641 29.793
439.831 29.634
440.021 29.431
440.211 29.208
440.401 29.121
440.591 29.111
440.781 29.087
440.971 29.101
441.161 28.981
441.351 28.820
441.542 28.786
441.732 28.655
441.922 28.512
442.112 28.476
442.302 28.476
442.492 28.381
442.682 28.177
442.872 27.872
443.062 27.575
443.252 27.483
443.442 27.505
443.632 27.406
443.822 27.293
444.012 27.185
444.202 27.039
444.392 26.868
444.582 26.695
444.772 26.571
444.962 26.527
445.153 26.452
445.343 26.242
445.533 25.974
445.723 25.772
445.913 25.624
446.103 25.514
446.293 25.384
446.483 25.237
446.673 25.123
446.863 25.051
447.053 24.927
447.243 24.828
447.433 24.744
447.623 24.688
447.813 24.592
448.003 24.491
448.193 24.352
448.383 24.221
448.573 24.085
448.764 23.815
448.954 23.614
449.144 23.450
449.334 23.254
449.524 23.085
449.714 22.912
449.904 22.799
450.094 22.658
450.284 22.512
450.474 22.358
450.664 22.201
450.854 22.146
451.044 22.015
451.234 21.853
451.424 21.677
451.614 21.537
451.804 21.433
451.994 21.281
452.184 21.119
452.375 21.025
452.565 20.900
452.755 20.776
452.945 20.640
453.135 20.545
453.325 20.447
453.515 20.413
453.705 20.320
453.895 20.128
454.085 19.974
454.275 19.912
454.465 19.796
454.655 19.620
454.845 19.460
455.035 19.415
455.225 19.251
455.415 19.051
455.605 18.910
455.795 18.846
455.985 18.718
456.176 18.562
456.366 18.387
456.556 18.209
456.746 18.078
456.936 17.998
457.126 17.873
457.316 17.763
457.506 17.656
457.696 17.471
457.886 17.249
458.076 17.105
458.266 17.015
458.456 16.872
458.646 16.722
458.836 16.619
459.026 16.529
459.216 16.403
459.406 16.260
459.596 16.150
459.787 16.035
459.977 15.949
460.167 15.906
460.357 15.781
460.547 15.655
460.737 15.563
460.927 15.502
461.117 15.321
461.307 15.208
461.497 15.150
461.687 15.075
461.877 15.040
462.067 14.963
462.257 14.920
462.447 14.850
462.637 14.718
462.827 14.632
463.017 14.582
463.207 14.638
463.397 14.568
463.588 14.480
463.778 14.455
463.968 14.367
464.158 14.268
464.348 14.126
464.538 14.096
464.728 14.052
464.918 13.954
465.108 13.852
465.298 13.670
465.488 13.539
465.678 13.471
465.868 13.419
466.058 13.338
466.248 13.200
466.438 13.093
466.628 13.020
466.818 12.963
467.008 12.924
467.199 12.855
467.389 12.754
467.579 12.645
467.769 12.565
467.959 12.395
468.149 12.243
468.339 12.229
468.529 12.229
468.719 12.185
468.909 12.064
469.099 11.935
469.289 11.824
469.479 11.772
469.669 11.702
469.859 11.594
470.049 11.508
470.239 11.485
470.429 11.403
470.619 11.220
470.810 11.053
471.000 11.044
471.190 11.094
471.380 11.061
471.570 11.035
471.760 10.998
471.950 10.944
472.140 10.918
472.330 10.877
472.520 10.802
472.710 10.766
472.900 10.701
473.090 10.600
473.280 10.460
473.470 10.364
473.660 10.276
473.850 10.192
474.040 10.119
474.230 10.047
474.421 9.938
474.611 9.849
474.801 9.779
474.991 9.753
475.181 9.726
475.371 9.676
475.561 9.609
475.751 9.475
475.941 9.374
476.131 9.305
476.321 9.238
476.511 9.179
476.701 9.133
476.891 9.034
477.081 8.878
477.271 8.711
477.461 8.582
477.651 8.495
477.841 8.449
478.031 8.378
478.222 8.300
478.412 8.227
478.602 8.156
478.792 8.113
478.982 8.109
479.172 8.077
479.362 8.031
479.552 7.997
479.742 7.914
479.932 7.873
480.122 7.867
480.312 7.817
480.502 7.801
480.692 7.765
480.882 7.643
481.072 7.536
481.262 7.506
481.452 7.498
481.642 7.447
481.833 7.450
482.023 7.393
482.213 7.339
482.403 7.316
482.593 7.214
482.783 7.174
482.973 7.205
483.163 7.203
483.353 7.136
483.543 7.109
483.733 7.094
483.923 7.017
484.113 7.006
484.303 6.978
484.493 6.892
484.683 6.888
484.873 6.860
485.063 6.779
485.253 6.728
485.443 6.724
485.634 6.629
485.824 6.565
486.014 6.548
486.204 6.499
486.394 6.481
486.584 6.482
486.774 6.402
486.964 6.355
487.154 6.339
487.344 6.300
487.534 6.233
487.724 6.230
487.914 6.222
488.104 6.186
488.294 6.170
488.484 6.120
488.674 6.072
488.864 6.062
489.054 6.004
489.245 5.954
489.435 5.961
489.625 6.004
489.815 6.040
490.005 6.086
490.195 6.063
490.385 6.023
490.575 6.033
490.765 6.099
490.955 6.162
491.145 6.194
491.335 6.221
491.525 6.189
491.715 6.116
491.905 6.054
492.095 5.991
492.285 5.962
492.475 5.935
492.665 5.883
492.856 5.832
493.046 5.744
493.236 5.683
493.426 5.653
493.616 5.612
493.806 5.618
493.996 5.600
494.186 5.566
494.376 5.593
494.566 5.576
494.756 5.537
494.946 5.499
495.136 5.490
495.326 5.499
495.516 5.537
495.706 5.593
495.896 5.586
496.086 5.586
496.276 5.576
496.467 5.535
496.657 5.548
496.847 5.558
497.037 5.563
497.227 5.581
497.417 5.570
497.607 5.485
497.797 5.418
497.987 5.407
498.177 5.378
498.367 5.380
498.557 5.388
498.747 5.389
498.937 5.403
499.127 5.376
499.317 5.329
499.507 5.306
499.697 5.320
499.887 5.360
500.077 5.365
500.268 5.349
500.458 5.307
500.648 5.261
500.838 5.226
501.028 5.213
501.218 5.223
501.408 5.217
501.598 5.201
501.788 5.189
501.978 5.188
502.168 5.143
502.358 5.136
502.548 5.149
502.738 5.173
502.928 5.175
503.118 5.156
503.308 5.147
503.498 5.164
503.688 5.173
503.879 5.158
504.069 5.127
504.259 5.156
504.449 5.164
504.639 5.155
504.829 5.156
505.019 5.152
505.209 5.132
505.399 5.110
505.589 5.089
505.779 5.067
505.969 5.039
506.159 5.012
506.349 4.990
506.539 4.978
506.729 4.967
506.919 4.941
507.109 4.927
507.299 4.919
507.490 4.897
507.680 4.848
507.870 4.840
508.060 4.843
508.250 4.828
508.440 4.811
508.630 4.783
508.820 4.748
509.010 4.713
509.200 4.668
509.390 4.639
509.580 4.609
509.770 4.617
509.960 4.618
510.150 4.601
510.340 4.600
510.530 4.591
510.720 4.607
510.910 4.633
511.100 4.658
511.291 4.645
511.481 4.631
511.671 4.635
511.861 4.707
512.051 4.833
512.241 4.856
512.431 4.867
512.621 4.869
512.811 4.855
513.001 4.841
513.191 4.799
513.381 4.801
513.571 4.803
513.761 4.787
513.951 4.687
514.141 4.521
514.331 4.490
514.521 4.423
514.711 4.396
514.902 4.416
515.092 4.425
515.282 4.462
515.472 4.471
515.662 4.439
515.852 4.432
516.042 4.424
516.232 4.418
516.422 4.400
516.612 4.419
516.802 4.401
516.992 4.347
517.182 4.307
517.372 4.273
517.562 4.290
517.752 4.328
517.942 4.322
518.132 4.335
518.322 4.355
518.513 4.368
518.703 4.377
518.893 4.398
519.083 4.461
519.273 4.521
519.463 4.496
519.653 4.483
519.843 4.475
520.033 4.465
520.223 4.446
520.413 4.438
520.603 4.424
520.793 4.402
520.983 4.385
521.173 4.325
521.363 4.271
521.553 4.321
521.743 4.311
521.933 4.315
522.123 4.365
522.314 4.405
522.504 4.378
522.694 4.349
522.884 4.355
523.074 4.348
523.264 4.352
523.454 4.333
523.644 4.319
523.834 4.322
524.024 4.324
524.214 4.287
524.404 4.238
524.594 4.253
524.784 4.315
524.974 4.325
525.164 4.323
525.354 4.296
525.544 4.289
525.734 4.261
525.925 4.233
526.115 4.216
526.305 4.263
526.495 4.336
526.685 4.357
526.875 4.347
527.065 4.348
527.255 4.343
527.445 4.362
527.635 4.370
527.825 4.387
528.015 4.438
528.205 4.446
528.395 4.401
528.585 4.350
528.775 4.323
528.965 4.312
529.155 4.311
529.345 4.336
529.535 4.355
529.726 4.376
529.916 4.368
530.106 4.364
530.296 4.383
530.486 4.398
530.676 4.402
530.866 4.414
531.056 4.418
531.246 4.418
531.436 4.413
531.626 4.421
531.816 4.400
532.006 4.416
532.196 4.399
532.386 4.368
532.576 4.338
532.766 4.328
532.956 4.316
533.146 4.311
533.337 4.304
533.527 4.296
533.717 4.259
533.907 4.275
534.097 4.291
534.287 4.309
534.477 4.333
534.667 4.371
534.857 4.396
535.047 4.416
535.237 4.431
535.427 4.447
535.617 4.472
535.807 4.516
535.997 4.529
536.187 4.527
536.377 4.544
536.567 4.555
536.757 4.558
536.948 4.561
537.138 4.566
537.328 4.592
537.518 4.637
537.708 4.670
537.898 4.696
538.088 4.724
538.278 4.740
538.468 4.743
538.658 4.749
538.848 4.765
539.038 4.776
539.228 4.814
539.418 4.843
539.608 4.857
539.798 4.859
539.988 4.872
540.178 4.888
540.368 4.932
540.558 4.961
540.749 4.985
540.939 5.003
541.129 5.061
541.319 5.120
541.509 5.355
541.699 5.796
541.889 5.837
542.079 5.877
542.269 5.922
542.459 5.925
542.649 5.926
542.839 5.962
543.029 6.030
543.219 6.071
543.409 6.072
543.599 5.874
543.789 5.505
543.979 5.543
544.169 5.579
544.360 5.607
544.550 5.665
544.740 5.711
544.930 5.751
545.120 5.777
545.310 5.808
545.500 5.878
545.690 5.957
545.880 5.999
546.070 6.048
546.267 6.088
546.463 6.137
546.660 6.194
546.857 6.295
547.054 6.392
547.251 6.436
547.447 6.475
547.644 6.496
547.841 6.543
548.038 6.606
548.234 6.680
548.431 6.793
548.628 6.920
548.825 7.005
549.021 7.075
549.218 7.155
549.415 7.262
549.612 7.373
549.808 7.532
550.005 7.684
550.202 7.816
550.399 7.964
550.595 8.101
550.792 8.229
550.989 8.362
551.186 8.508
551.382 8.695
551.579 8.882
551.776 9.057
551.973 9.184
552.169 9.320
552.366 9.481
552.563 9.653
552.760 9.855
552.956 10.058
553.153 10.264
553.350 10.509
553.547 10.729
553.743 10.934
553.940 11.151
554.137 11.391
554.334 11.609
554.530 11.853
554.727 12.097
554.924 12.331
555.121 12.567
555.317 12.822
555.514 13.062
555.711 13.298
555.908 13.589
556.104 13.900
556.301 14.215
556.498 14.560
556.695 14.903
556.891 15.227
557.088 15.510
557.285 15.818
557.482 16.173
557.678 16.530
557.875 16.886
558.072 17.293
558.269 17.680
558.465 18.025
558.662 18.365
558.859 18.698
559.056 19.064
559.252 19.469
559.449 19.921
559.646 20.378
559.843 20.770
560.039 21.168
560.236 21.535
560.433 21.941
560.630 22.413
560.826 22.899
561.023 23.391
561.220 23.891
561.417 24.394
561.613 24.873
561.810 25.322
562.007 25.835
562.204 26.343
562.400 26.860
562.597 27.366
562.794 27.884
562.991 28.416
563.187 28.914
563.384 29.383
563.581 29.886
563.778 30.359
563.974 30.859
564.171 31.372
564.368 31.897
564.565 32.430
564.761 32.936
564.958 33.443
565.155 33.956
565.352 34.495
565.548 35.045
565.745 35.589
565.942 36.122
566.139 36.654
566.335 37.170
566.532 37.709
566.729 38.229
566.926 38.757
567.122 39.276
567.319 39.791
567.516 40.331
567.713 40.845
567.909 41.313
568.106 41.833
568.303 42.358
568.500 42.865
568.696 43.365
568.893 43.875
569.090 44.410
569.287 44.925
569.483 45.426
569.680 45.884
569.877 46.369
570.074 46.835
570.270 47.218
570.467 47.628
570.664 48.107
570.861 48.549
571.057 48.980
571.254 49.370
571.451 49.733
571.648 50.132
571.844 50.573
572.041 50.978
572.238 51.392
572.435 51.852
572.631 52.272
572.828 52.681
573.025 53.019
573.222 53.365
573.418 53.724
573.615 54.040
573.812 54.346
574.009 54.608
574.205 54.922
574.402 55.256
574.599 55.580
574.796 55.860
574.992 56.138
575.189 56.501
575.386 56.765
575.583 57.059
575.779 57.403
575.976 57.687
576.173 58.004
576.370 58.291
576.567 58.536
576.763 58.765
576.960 59.040
577.158 59.256
577.356 59.448
577.554 59.697
577.752 59.907
577.950 60.152
578.148 60.383
578.346 60.584
578.544 60.765
578.742 60.953
578.940 61.141
579.138 61.297
579.336 61.475
579.534 61.693
579.732 61.873
579.930 62.045
580.128 62.203
580.326 62.365
580.524 62.484
580.722 62.665
580.920 62.851
581.118 63.033
581.316 63.235
581.514 63.413
581.712 63.527
581.909 63.676
582.107 63.832
582.305 63.933
582.503 64.090
582.701 64.255
582.899 64.376
583.097 64.479
583.295 64.595
583.493 64.713
583.691 64.794
583.889 64.884
584.087 64.946
584.285 65.008
584.483 65.114
584.681 65.201
584.879 65.300
585.077 65.335
585.275 65.423
585.473 65.533
585.671 65.648
585.869 65.786
586.067 65.847
586.265 65.953
586.463 66.090
586.661 66.182
586.859 66.226
587.057 66.299
587.255 66.395
587.453 66.482
587.651 66.536
587.849 66.495
588.047 66.502
588.245 66.584
588.443 66.660
588.641 66.688
588.839 66.734
589.037 66.812
589.235 66.861
589.433 66.941
589.631 67.024
589.829 67.065
590.027 67.158
590.225 67.167
590.423 67.187
590.621 67.191
590.819 67.218
591.017 67.258
591.215 67.300
591.413 67.327
591.611 67.336
591.809 67.352
592.006 67.362
592.204 67.363
592.402 67.405
592.600 67.447
592.798 67.445
592.996 67.413
593.194 67.411
593.392 67.432
593.590 67.457
593.788 67.470
593.986 67.429
594.184 67.432
594.382 67.453
594.580 67.529
594.778 67.562
594.976 67.630
595.174 67.714
595.372 67.762
595.570 67.790
595.768 67.814
595.966 67.827
596.164 67.866
596.362 67.889
596.560 67.892
596.758 67.870
596.956 67.896
597.154 67.912
597.352 67.917
597.550 67.929
597.748 67.948
597.946 67.982
598.144 68.038
598.342 68.058
598.540 68.096
598.738 68.142
598.936 68.183
599.134 68.205
599.332 68.231
599.530 68.304
599.728 68.322
599.926 68.247
600.124 68.181
600.322 68.168
600.520 68.230
600.718 68.213
600.916 68.181
601.114 68.178
601.312 68.144
601.510 68.071
601.708 68.044
601.905 68.065
602.103 68.139
602.301 68.201
602.499 68.197
602.697 68.161
602.895 68.153
603.093 68.178
603.291 68.177
603.489 68.207
603.687 68.263
603.885 68.247
604.083 68.225
604.281 68.175
604.479 68.135
604.677 68.161
604.875 68.170
605.073 68.196
605.271 68.130
605.469 68.063
605.667 68.018
605.865 67.987
606.063 67.971
606.261 68.016
606.459 68.049
606.657 68.056
606.855 68.019
607.053 67.972
607.251 67.970
607.449 68.037
607.647 68.072
607.845 68.115
608.043 68.202
608.241 68.226
608.439 68.172
608.637 68.109
608.835 68.074
609.033 68.062
609.231 68.086
609.429 68.109
609.627 68.130
609.825 68.144
610.023 68.159
610.221 68.145
610.419 68.156
610.617 68.147
610.815 68.146
611.013 68.171
611.211 68.161
611.409 68.095
611.607 68.016
611.804 67.966
612.002 67.952
612.200 67.937
612.398 67.886
612.596 67.813
612.794 67.800
612.992 67.856
613.190 67.910
613.388 67.917
613.586 67.976
613.784 67.992
613.982 67.984
614.180 67.989
614.378 67.974
614.576 67.971
614.774 67.974
614.972 67.919
615.170 67.862
615.368 67.819
615.566 67.821
615.764 67.765
615.962 67.770
616.160 67.785
616.358 67.762
616.556 67.734
616.754 67.702
616.952 67.672
617.150 67.664
617.348 67.653
617.546 67.621
617.744 67.636
617.942 67.670
618.140 67.695
618.338 67.726
618.536 67.735
618.734 67.709
618.932 67.715
619.130 67.726
619.328 67.753
619.526 67.746
619.724 67.697
619.922 67.631
620.120 67.601
620.318 67.585
620.516 67.548
620.714 67.518
620.912 67.531
621.110 67.540
621.308 67.514
621.506 67.488
621.704 67.526
621.901 67.618
622.099 67.617
622.297 67.583
622.495 67.542
622.693 67.560
622.891 67.553
623.089 67.527
623.287 67.515
623.485 67.572
623.683 67.562
623.881 67.499
624.079 67.417
624.277 67.415
624.475 67.458
624.673 67.482
624.871 67.441
625.069 67.430
625.267 67.421
625.465 67.415
625.663 67.347
625.861 67.355
626.059 67.395
626.257 67.425
626.455 67.418
626.653 67.386
626.851 67.299
627.049 67.239
627.247 67.201
627.445 67.168
627.643 67.143
627.841 67.222
628.039 67.269
628.237 67.272
628.435 67.279
628.633 67.299
628.831 67.338
629.029 67.414
629.227 67.464
629.425 67.515
629.623 67.580
629.821 67.593
630.019 67.545
630.217 67.504
630.415 67.490
630.613 67.491
630.811 67.521
631.009 67.496
631.207 67.452
631.405 67.408
631.603 67.388
631.801 67.434
631.998 67.403
632.196 67.360
632.394 67.373
632.592 67.386
632.790 67.353
632.988 67.331
633.186 67.363
633.384 67.394
633.582 67.430
633.780 67.453
633.978 67.366
634.176 67.411
634.374 67.457
634.572 67.419
634.770 67.355
634.968 67.351
635.166 67.355
635.364 67.322
635.562 67.326
635.760 67.286
635.958 67.267
636.156 67.347
636.354 67.330
636.552 67.288
636.750 67.296
636.948 67.312
637.146 67.305
637.344 67.339
637.542 67.279
637.740 67.200
637.938 67.189
638.136 67.395
638.334 67.717
638.532 67.623
638.730 67.593
638.928 67.546
639.126 67.544
639.324 67.528
639.522 67.503
639.720 67.551
639.918 67.598
640.116 67.639
640.314 67.437
640.512 66.993
640.710 67.073
640.908 67.133
641.106 67.203
641.304 67.238
641.502 67.269
641.699 67.250
641.897 67.263
642.095 67.267
642.293 67.306
642.491 67.292
642.689 67.310
642.887 67.309
643.085 67.298
643.283 67.252
643.481 67.235
643.679 67.225
643.877 67.190
644.075 67.166
644.273 67.209
644.471 67.232
644.669 67.271
644.867 67.315
645.065 67.324
645.263 67.310
645.461 67.348
645.659 67.386
645.857 67.419
646.055 67.488
646.253 67.507
646.451 67.479
646.649 67.410
646.847 67.329
647.045 67.350
647.243 67.390
647.441 67.438
647.639 67.451
647.837 67.430
648.035 67.396
648.233 67.370
648.431 67.349
648.629 67.317
648.827 67.298
649.025 67.338
649.223 67.275
649.421 67.172
649.619 67.162
649.817 67.183
650.015 67.205
650.213 67.205
650.411 67.162
650.609 67.126
650.807 67.118
651.005 67.143
651.203 67.180
651.401 67.177
651.599 67.201
651.796 67.250
651.994 67.298
652.192 67.287
652.390 67.297
652.588 67.318
652.786 67.351
652.984 67.380
653.182 67.392
653.380 67.347
653.578 67.316
653.776 67.331
653.974 67.273
654.172 67.142
654.370 67.084
654.568 67.057
654.766 67.025
654.964 67.055
655.162 67.098
655.360 67.088
655.558 67.078
655.756 67.079
655.954 67.081
656.152 67.043
656.350 67.095
656.548 67.111
656.746 67.084
656.944 67.055
657.142 66.982
657.340 66.926
657.538 66.917
657.736 66.897
657.934 66.935
658.132 66.967
658.330 66.990
658.528 66.937
658.726 66.963
658.924 66.945
659.122 66.967
659.320 67.017
659.518 66.995
659.716 66.975
659.914 66.992
660.112 66.997
660.310 66.942
660.508 66.923
660.706 66.959
660.904 66.923
661.102 66.939
661.300 66.957
661.498 66.946
661.696 66.938
661.893 66.925
662.091 66.913
662.289 66.916
662.487 66.959
662.685 66.954
662.883 66.883
663.081 66.856
663.279 66.883
663.477 66.860
663.675 66.854
663.873 66.859
664.071 66.880
664.269 66.903
664.467 66.894
664.665 66.901
664.863 66.945
665.061 67.001
665.259 67.050
665.457 67.094
665.655 67.134
665.853 67.087
666.051 67.083
666.249 67.122
666.447 67.146
666.645 67.182
666.843 67.147
667.041 67.063
667.239 67.007
667.437 66.989
667.635 66.958
667.833 66.896
668.031 66.877
668.229 66.883
668.427 66.863
668.625 66.831
668.823 66.782
669.021 66.785
669.219 66.803
669.417 66.833
669.615 66.781
669.813 66.766
670.011 66.831
670.209 66.849
670.407 66.844
670.605 66.752
670.803 66.714
671.001 66.779
671.199 66.813
671.397 66.848
671.595 66.904
671.792 67.010
671.990 66.970
672.188 66.896
672.386 66.935
672.584 66.954
672.782 66.982
672.980 66.997
673.178 66.932
673.376 66.893
673.574 66.905
673.772 66.843
673.970 66.760
674.168 66.840
674.366 66.891
674.564 66.839
674.762 66.799
674.960 66.827
675.158 66.827
675.356 66.809
675.554 66.781
675.752 66.734
675.950 66.728
676.148 66.745
676.346 66.686
676.544 66.667
676.742 66.717
676.940 66.776
677.138 66.805
677.336 66.870
677.534 66.927
677.732 66.941
677.930 66.932
678.128 66.924
678.326 66.891
678.524 66.858
678.722 66.856
678.920 66.840
679.118 66.827
679.316 66.786
679.514 66.710
679.712 66.668
679.910 66.658
680.108 66.614
680.306 66.625
680.504 66.676
680.702 66.728
680.900 66.765
681.098 66.771
681.296 66.734
681.494 66.775
681.691 66.766
681.889 66.752
682.087 66.708
682.285 66.727
682.483 66.716
682.681 66.717
682.879 66.763
683.077 66.792
683.275 66.789
683.473 66.753
683.671 66.680
683.869 66.694
684.067 66.704
684.265 66.735
684.463 66.801
684.661 66.813
684.859 66.775
685.057 66.746
685.255 66.700
685.453 66.722
685.651 66.841
685.849 66.931
686.047 67.000
686.245 67.007
686.443 67.008
686.641 66.997
686.839 67.045
687.037 67.034
687.235 66.960
687.433 66.952
687.631 66.904
687.829 66.825
688.027 66.752
688.225 66.695
688.423 66.674
688.621 66.692
688.819 66.706
689.017 66.670
689.215 66.646
689.413 66.688
689.611 66.669
689.809 66.661
690.007 66.688
690.205 66.707
690.403 66.720
690.601 66.695
690.799 66.670
690.997 66.681
691.195 66.716
691.393 66.788
691.591 66.798
691.788 66.842
691.986 66.925
692.184 66.917
692.382 66.934
692.580 66.922
692.778 66.962
692.976 66.951
693.174 66.885
693.372 66.880
693.570 66.878
693.768 66.903
693.966 66.873
694.164 66.819
694.362 66.815
694.560 66.812
694.758 66.834
694.956 66.886
695.154 66.975
695.352 67.037
695.550 67.010
695.748 66.994
695.946 66.987
696.144 67.009
696.342 67.035
696.540 67.031
696.744 67.010
696.948 67.041
697.152 67.022
697.357 66.985
697.561 66.951
697.765 66.933
697.969 66.954
698.173 66.965
698.377 66.950
698.581 66.954
698.786 66.995
698.990 67.015
699.194 66.957
699.398 66.943
699.602 66.942
699.806 66.938
700.010 66.940
700.215 66.883
700.419 66.887
700.623 66.927
700.827 66.903
701.031 66.857
701.235 66.870
701.440 66.883
701.644 66.887
701.848 66.904
702.052 66.913
702.256 66.928
702.460 66.944
702.664 66.909
702.869 66.894
703.073 66.919
703.277 67.010
703.481 67.037
703.685 67.043
703.889 66.961
704.093 66.878
704.298 66.873
704.502 66.908
704.706 66.969
704.910 66.988
705.114 66.945
705.318 66.973
705.522 66.929
705.727 66.927
705.931 66.954
706.135 66.995
706.339 67.028
706.543 67.084
706.747 67.091
706.951 67.062
707.156 67.039
707.360 67.074
707.564 67.018
707.768 66.974
707.972 66.946
708.176 66.953
708.380 67.008
708.585 67.068
708.789 67.038
708.993 67.015
709.197 67.012
709.401 67.036
709.605 67.067
709.810 67.114
710.014 67.162
710.218 67.202
710.422 67.199
710.626 67.262
710.830 67.325
711.034 67.317
711.239 67.294
711.443 67.271
711.647 67.223
711.851 67.124
712.055 67.068
712.259 67.006
712.463 66.954
712.668 66.917
712.872 66.801
713.076 66.722
713.280 66.762
713.484 66.806
713.688 66.845
713.892 66.863
714.097 66.914
714.301 67.019
714.505 67.104
714.709 67.083
714.913 67.116
715.117 67.178
715.321 67.200
715.526 67.165
715.730 67.172
715.934 67.183
716.138 67.218
716.342 67.217
716.546 67.144
716.750 67.166
716.955 67.230
717.159 67.249
717.363 67.255
717.567 67.255
717.771 67.318
717.975 67.318
718.180 67.303
718.384 67.273
718.588 67.286
718.792 67.319
718.996 67.318
719.200 67.347
719.404 67.314
719.609 67.295
719.813 67.263
720.017 67.176
720.221 67.125
720.425 67.167
720.629 67.222
720.833 67.232
721.038 67.228
721.242 67.163
721.446 67.079
721.650 67.077
721.854 67.104
722.058 67.165
722.262 67.181
722.467 67.201
722.671 67.109
722.875 67.083
723.079 67.122
723.283 67.113
723.487 67.144
723.691 67.212
723.896 67.211
724.100 67.152
724.304 67.057
724.508 67.032
724.712 67.003
724.916 67.070
725.120 67.127
725.325 67.162
725.529 67.168
725.733 67.151
725.937 67.130
726.141 67.071
726.345 67.014
726.550 67.006
726.754 67.041
726.958 67.115
727.162 67.057
727.366 66.943
727.570 66.831
727.774 66.764
727.979 66.727
728.183 66.712
728.387 66.759
728.591 66.807
728.795 66.871
728.999 66.849
729.203 66.802
729.408 66.869
729.612 67.052
729.816 67.087
730.020 67.069
730.224 67.084
730.428 67.071
730.632 67.077
730.837 67.150
731.041 67.186
731.245 67.241
731.449 67.327
731.653 67.372
731.857 67.254
732.061 67.246
732.266 67.324
732.470 67.295
732.674 67.306
732.878 67.359
733.082 67.386
733.286 67.387
733.490 67.369
733.695 67.277
733.899 67.177
734.103 67.199
734.307 67.231
734.511 67.171
734.715 67.239
734.920 67.278
735.124 67.214
735.328 67.150
735.532 67.136
735.736 67.142
735.940 67.176
736.144 67.227
736.349 67.194
736.553 67.186
736.757 67.263
736.961 67.256
737.165 67.287
737.369 67.324
737.573 67.324
737.778 67.292
737.982 67.230
738.186 67.209
738.390 67.189
738.594 67.193
738.798 67.189
739.002 67.187
739.207 67.221
739.411 67.226
739.615 67.223
739.819 67.238
740.023 67.219
740.227 67.264
740.431 67.357
740.636 67.401
740.840 67.469
741.044 67.479
741.248 67.446
741.452 67.394
741.656 67.366
741.860 67.303
742.065 67.293
742.269 67.381
742.473 67.507
742.677 67.522
742.881 67.528
743.085 67.435
743.290 67.451
743.494 67.543
743.698 67.605
743.902 67.587
744.106 67.656
744.310 67.587
744.514 67.551
744.719 67.436
744.923 67.343
745.127 67.376
745.331 67.497
745.535 67.446
745.739 67.291
745.943 67.217
746.148 67.183
746.352 67.139
746.556 67.223
746.760 67.169
746.964 67.231
747.168 67.296
747.372 67.321
747.577 67.181
747.781 67.159
747.985 67.263
748.189 67.267
748.393 67.282
748.597 67.369
748.801 67.365
749.006 67.389
749.210 67.306
749.414 67.233
749.618 67.125
749.822 67.099
750.026 67.086
750.230 67.033
750.435 67.022
750.639 67.046
750.843 66.967
751.047 66.949
751.251 66.878
751.455 66.875
751.660 66.818
751.864 66.833
752.068 66.945
752.272 67.009
752.476 67.014
752.680 67.061
752.884 67.080
753.089 67.098
753.293 67.106
753.497 67.210
753.701 67.268
753.905 67.382
754.109 67.447
754.313 67.454
754.518 67.467
754.722 67.441
754.926 67.506
755.130 67.550
755.334 67.634
755.538 67.656
755.742 67.647
755.947 67.652
756.151 67.682
756.355 67.725
756.559 67.722
756.763 67.642
756.967 67.680
757.171 67.544
757.376 67.440
757.580 67.402
757.784 67.371
757.988 67.321
758.192 67.250
758.396 67.161
758.600 67.065
758.805 66.999
759.009 67.103
759.213 67.234
759.417 67.353
759.621 67.321
759.825 67.201
760.030 67.264
760.234 67.321
760.438 67.305
760.642 67.329
760.846 67.294
761.050 67.275
761.254 67.234
761.459 67.161
761.663 66.989
761.867 66.973
762.071 66.963
762.275 66.818
762.479 66.766
762.683 66.876
762.888 66.880
763.092 66.880
763.296 66.995
763.500 67.071
763.709 67.027
763.918 67.196
764.126 67.321
764.335 67.433
764.544 67.538
764.753 67.658
764.962 67.608
765.171 67.554
765.379 67.592
765.588 67.570
765.797 67.475
766.006 67.429
766.215 67.315
766.424 67.231
766.632 67.231
766.841 67.254
767.050 67.153
767.259 67.113
767.468 67.145
767.677 67.078
767.885 66.948
768.094 66.958
768.303 67.052
768.512 67.140
768.721 67.138
768.929 67.075
769.138 67.099
769.347 67.146
769.556 67.181
769.765 67.183
769.974 67.260
770.182 67.362
770.391 67.351
770.600 67.306
770.809 67.250
771.018 67.213
771.227 67.175
771.435 67.167
771.644 67.218
771.853 67.193
772.062 67.185
772.271 67.146
772.480 67.111
772.688 67.143
772.897 67.179
773.106 67.316
773.315 67.401
773.524 67.409
773.732 67.307
773.941 67.243
774.150 67.224
774.359 67.219
774.568 67.195
774.777 67.183
774.985 67.157
775.194 67.095
775.403 67.042
775.612 67.076
775.821 67.118
776.030 67.140
776.238 67.107
776.447 67.147
776.656 67.204
776.865 67.218
777.074 67.272
777.283 67.364
777.491 67.454
777.700 67.418
777.909 67.317
778.118 67.281
778.327 67.249
778.535 67.253
778.744 67.297
778.953 67.282
779.162 67.192
779.371 67.051
779.580 66.971
779.788 66.950
779.997 66.919
780.206 66.978
780.415 66.997
780.624 67.027
780.833 67.052
781.041 67.060
781.250 67.068
781.459 67.207
781.668 67.360
781.877 67.307
782.086 67.142
782.294 67.045
782.503 67.022
782.712 67.055
782.921 67.152
783.130 67.183
783.338 67.160
783.547 67.175
783.756 67.157
783.965 67.143
784.174 67.215
784.383 67.384
784.591 67.464
784.800 67.476
785.009 67.386
785.218 67.313
785.427 67.214
785.636 67.051
785.844 66.903
786.053 66.845
786.262 66.870
786.471 66.847
786.680 66.675
786.889 66.583
787.097 66.522
787.306 66.548
787.515 66.566
787.724 66.643
787.933 66.717
788.141 66.800
788.350 66.873
788.559 66.791
788.768 66.747
788.977 66.844
789.186 66.879
789.394 66.845
789.603 66.826
789.812 66.790
790.021 66.682
790.230 66.702
790.439 66.703
790.647 66.694
790.856 66.614
791.065 66.620
791.274 66.709
791.483 66.816
791.692 66.952
791.900 66.989
792.109 66.963
792.318 67.026
792.527 67.065
792.736 67.049
792.944 67.044
793.153 67.161
793.362 67.198
793.571 67.093
793.780 67.000
793.989 66.941
794.197 67.003
794.406 67.040
794.615 66.952
794.824 66.877
795.033 66.840
795.242 66.843
795.450 66.829
795.659 66.839
795.868 66.722
796.077 66.640
796.286 66.570
796.495 66.578
796.703 66.693
796.912 66.837
797.121 66.836
797.330 66.889
797.539 66.781
797.747 66.636
797.956 66.550
798.165 66.721
798.374 66.873
798.583 66.849
798.792 66.780
799.000 66.670
799.209 66.646
799.418 66.758
799.627 66.799
799.836 66.833
800.045 67.098
800.253 67.108
800.462 67.059
800.671 67.017
800.880 67.047
801.089 67.045
801.298 66.975
801.506 66.895
801.715 66.830
801.924 66.726
802.133 66.656
802.342 66.544
802.550 66.622
802.759 66.714
802.968 66.853
803.177 66.946
803.386 67.044
803.595 67.039
803.803 67.014
804.012 66.918
804.221 66.981
804.430 67.041
804.639 67.032
804.848 67.004
805.056 66.927
805.265 66.903
805.474 66.963
805.683 66.986
805.892 67.064
806.101 67.251
806.309 67.375
806.518 67.331
806.727 67.345
806.936 67.359
807.145 67.396
807.353 67.340
807.562 67.199
807.771 67.141
807.980 67.176
808.189 67.137
808.398 66.933
808.606 66.933
808.815 67.026
809.024 66.909
809.233 66.761
809.442 66.667
809.651 66.634
809.859 66.612
810.068 66.612
810.277 66.428
810.486 66.405
810.695 66.453
810.904 66.474
811.112 66.418
811.321 66.382
811.530 66.445
811.740 66.401
811.949 66.495
812.159 66.480
812.368 66.405
812.578 66.423
812.787 66.565
812.997 66.842
813.206 66.804
813.416 66.767
813.625 66.862
813.835 66.793
814.044 66.912
814.254 66.961
814.463 67.021
814.673 66.982
814.882 67.061
815.092 66.872
815.301 66.530
815.511 66.550
815.720 66.628
815.930 66.751
816.139 66.879
816.349 66.731
816.558 66.594
816.768 66.620
816.977 66.702
817.187 66.679
817.396 66.692
817.606 66.762
817.815 66.781
818.025 66.632
818.234 66.415
818.444 66.343
818.653 66.425
818.863 66.468
819.072 66.477
819.282 66.613
819.491 66.726
819.701 66.736
819.910 66.785
820.120 66.757
820.329 66.885
820.539 67.061
820.748 67.112
820.958 67.178
821.167 67.254
821.377 67.322
821.586 67.251
821.796 67.043
822.005 67.174
822.215 67.237
822.424 67.243
822.634 67.132
822.843 67.083
823.053 67.110
823.262 67.215
823.472 67.281
823.681 67.142
823.891 67.005
824.100 67.103
824.310 67.124
824.519 66.905
824.729 66.735
824.938 66.732
825.148 66.687
825.357 66.726
825.567 66.668
825.776 66.573
825.986 66.681
826.195 66.843
826.405 66.811
826.614 66.768
826.824 67.055
827.033 67.297
827.243 67.363
827.452 67.365
827.662 67.265
827.871 67.188
828.081 67.208
828.290 67.268
828.500 67.121
828.709 67.153
828.919 67.156
829.128 66.962
829.338 66.763
829.547 66.794
829.757 66.899
829.966 66.850
830.176 66.743
830.385 66.686
830.595 66.682
830.804 66.676
831.014 66.553
831.223 66.557
831.433 66.621
831.642 66.747
831.852 66.655
832.061 66.511
832.271 66.591
832.480 66.862
832.690 66.720
832.899 66.551
833.109 66.838
833.318 66.963
833.528 66.846
833.737 66.675
833.947 66.572
834.156 66.630
834.366 66.818
834.575 66.722
834.785 66.547
834.994 66.880
835.204 66.997
835.413 66.815
835.623 66.778
835.832 66.793
836.042 66.889
836.251 66.996
836.461 66.821
836.670 66.653
836.880 66.724
837.089 66.756
837.299 66.543
837.508 66.527
837.718 66.579
837.927 66.656
838.137 66.661
838.346 66.651
838.556 66.663
838.765 66.924
838.975 67.096
839.184 67.156
839.394 67.001
839.603 66.871
839.813 66.802
840.022 66.736
840.232 66.710
840.441 66.814
840.651 66.938
840.860 66.839
841.070 66.850
841.279 66.814
841.489 66.760
841.698 66.882
841.908 66.876
842.117 66.726
842.327 66.606
842.536 66.602
842.746 66.530
842.955 66.611
843.165 66.820
843.374 66.770
843.584 66.726
843.793 66.788
844.003 66.959
844.212 67.188
844.422 67.273
844.631 67.188
844.841 67.134
845.050 67.244
845.260 67.192
845.469 67.063
845.679 66.950
845.888 66.951
846.098 66.923
846.307 66.765
846.517 66.586
846.726 66.483
846.936 66.975
847.145 67.245
847.355 67.091
847.564 66.924
847.774 67.483
847.983 68.508
848.193 68.512
848.402 68.487
848.612 68.491
848.821 68.644
849.031 68.845
849.240 68.500
849.450 68.219
849.659 68.213
849.869 68.141
850.078 67.462
850.288 66.687
850.497 66.809
850.707 66.778
850.916 66.647
851.126 66.450
851.335 66.330
851.545 66.379
851.754 66.551
851.964 66.791
852.173 66.937
852.383 66.982
852.592 66.823
852.802 66.857
853.011 66.967
853.221 67.004
853.430 67.014
853.640 67.125
853.849 67.139
854.059 67.066
854.268 67.001
854.478 67.030
854.687 67.025
854.897 67.053
855.106 67.073
855.316 66.990
855.525 66.975
855.735 67.064
855.944 66.966
856.154 67.009
856.363 67.069
856.573 66.999
856.782 66.952
856.992 66.954
857.201 66.950
857.411 66.788
857.620 66.905
857.830 66.998
858.039 66.974
858.249 66.943
858.458 66.796
858.668 66.694
858.877 66.651
859.087 66.835
859.296 67.014
859.506 67.044
859.715 67.160
859.925 67.108
860.134 67.135
860.344 67.309
860.553 67.528
860.763 67.580
860.972 67.597
861.182 67.600
861.391 67.498
861.601 67.241
861.810 67.157
862.020 67.067
862.229 66.934
862.439 67.062
862.648 67.154
862.858 67.045
863.067 66.944
863.277 66.912
863.486 67.139
863.696 67.100
863.905 67.054
864.115 66.980
864.324 66.950
864.534 67.123
864.743 66.860
864.953 66.701
865.162 66.627
865.372 66.508
865.581 66.246
865.791 66.270
866.000 66.359
866.210 66.632
866.419 66.724
866.629 66.528
866.838 66.364
867.048 66.680
867.257 67.132
867.467 67.419
867.676 67.975
867.886 68.260
868.095 67.909
868.305 67.741
868.514 67.537
868.724 67.365
868.933 67.671
869.143 67.586
869.352 67.052
869.562 66.576
869.771 66.526
869.981 66.194
870.190 66.111
870.400 66.124
870.609 66.079
870.819 66.262
871.028 66.645
871.238 66.750
871.447 66.963
871.657 67.394
871.866 67.268
872.076 67.238
872.285 67.226
872.495 67.213
872.704 67.158
872.914 67.364
873.123 67.426
873.333 67.428
873.542 67.298
873.752 67.241
873.961 67.256
874.171 67.317
874.380 66.999
874.590 66.995
874.799 67.242
875.009 67.511
875.218 67.652
875.428 67.319
875.637 67.227
875.847 67.628
876.056 67.866
876.266 67.715
876.475 67.694
876.685 68.046
876.894 68.354
877.104 68.367
877.313 68.431
877.523 68.341
877.732 68.530
877.942 68.409
878.151 68.070
878.361 67.824
878.570 67.824
878.780 67.824
878.989 67.771
879.199 67.909
879.408 67.750
879.618 67.216
879.827 67.178
880.037 67.517
880.246 67.931
880.456 67.829
880.665 67.678
880.875 67.820
881.084 68.096
881.294 68.007
881.503 67.354
881.713 67.176
881.922 67.470
882.132 67.299
882.341 67.007
882.551 66.811
882.760 66.947
882.970 67.038
883.179 67.153
883.389 67.140
883.598 66.954
883.808 67.082
884.017 67.330
884.227 67.199
884.436 67.135
884.646 67.146
884.855 67.069
885.065 66.899
885.274 67.068
885.484 67.235
885.693 67.396
885.903 67.322
886.112 67.356
886.322 67.313
886.531 67.752
886.741 67.960
886.950 68.010
887.160 68.126
887.369 68.010
887.579 67.916
887.788 67.539
887.998 67.387
888.207 67.919
888.417 68.215
888.626 68.172
888.836 67.682
889.045 67.460
889.255 67.407
889.464 67.502
889.674 67.695
889.883 67.514
890.093 67.500
890.302 67.221
890.512 66.916
890.721 67.038
890.931 67.068
891.140 67.228
891.350 67.285
891.559 67.261
891.769 67.072
891.978 67.080
892.188 67.404
892.397 67.537
892.607 67.773
892.816 68.121
893.026 67.561
893.235 67.078
893.445 67.165
893.654 67.389
893.864 67.588
894.073 67.533
894.283 67.453
894.492 67.309
894.702 67.372
894.911 67.281
895.121 67.103
895.330 67.336
895.540 67.852
895.749 68.124
895.959 68.214
896.168 68.148
896.378 68.122
896.587 68.486
896.797 68.514
897.006 68.320
897.216 68.539
897.425 68.203
897.635 67.961
897.844 68.235
898.054 68.023
898.263 67.680
898.473 67.210
898.682 66.894
898.892 66.755
899.101 67.167
899.311 67.300
899.520 67.028
899.730 67.434
899.939 67.766
900.149 67.442
900.358 67.490
900.568 67.771
900.777 68.327
900.987 68.715
901.196 68.456
901.406 68.079
901.615 68.053
901.825 68.186
902.034 67.828
902.244 67.703
902.453 67.657
902.663 67.552
902.872 67.282
903.082 67.139
903.291 67.181
903.501 67.295
903.710 67.199
903.920 67.400
904.129 67.394
904.339 67.716
904.548 67.681
904.758 67.679
904.967 67.808
905.177 68.038
905.386 68.259
905.596 68.350
905.805 68.508
906.015 68.864
906.224 68.668
906.434 68.497
906.643 68.204
906.853 67.801
907.062 67.841
907.272 67.667
907.481 67.441
907.691 67.432
907.900 67.448
908.110 67.230
908.319 66.877
908.529 66.739
908.738 66.818
908.948 66.972
909.157 67.137
909.367 66.993
909.576 67.302
909.786 67.597
909.995 67.347
910.205 67.048
910.414 66.980
910.624 67.160
910.833 67.376
911.043 67.423
911.252 67.785
911.462 68.605
911.672 68.841
911.881 68.675
912.091 68.249
912.300 68.226
912.512 68.223
912.724 68.398
912.937 68.277
913.149 68.146
913.361 68.297
913.573 67.954
913.786 67.499
913.998 67.591
914.210 67.336
914.422 67.607
914.634 67.533
914.847 67.409
915.059 66.914
915.271 66.985
915.483 66.984
915.696 66.874
915.908 67.168
916.120 67.248
916.332 67.068
916.544 67.267
916.757 67.267
916.969 67.273
917.181 67.504
917.393 67.744
917.606 67.483
917.818 67.472
918.030 67.460
918.242 67.242
918.454 67.040
918.667 67.237
918.879 67.291
919.091 67.157
919.303 66.874
919.516 66.646
919.728 66.911
919.940 67.514
920.152 67.506
920.364 67.147
920.577 66.593
920.789 66.244
921.001 65.869
921.213 66.234
921.426 66.957
921.638 67.444
921.850 67.140
922.062 66.730
922.274 66.400
922.487 66.467
922.699 66.650
922.911 67.088
923.123 67.643
923.336 67.993
923.548 67.621
923.760 67.188
923.972 66.984
924.184 67.170
924.397 67.278
924.609 67.165
924.821 67.368
925.033 67.412
925.246 67.352
925.458 67.132
925.670 66.870
925.882 66.995
926.094 66.765
926.307 66.584
926.519 66.969
926.731 67.297
926.943 67.261
927.156 66.840
927.368 66.773
927.580 66.801
927.792 67.118
928.004 67.600
928.217 67.350
928.429 67.587
928.641 67.954
928.853 68.083
929.066 68.247
929.278 68.652
929.490 68.946
929.702 69.208
929.914 69.274
930.127 69.218
930.339 69.282
930.551 69.610
930.763 69.625
930.976 69.655
931.188 69.525
931.400 68.922
931.612 68.390
931.824 68.432
932.037 68.422
932.249 69.219
932.461 69.355
932.673 68.986
932.886 69.044
933.098 69.293
933.310 69.894
933.522 69.950
933.734 70.503
933.947 70.959
934.159 70.881
934.371 71.055
934.583 70.150
934.796 69.591
935.008 69.687
935.220 69.914
935.432 69.358
935.644 68.665
935.857 68.987
936.069 68.898
936.281 68.691
936.493 68.211
936.706 68.524
936.918 69.443
937.130 70.053
937.342 69.985
937.554 69.572
937.767 69.988
937.979 69.873
938.191 69.224
938.403 69.259
938.616 69.093
938.828 69.802
939.040 69.803
939.252 69.417
939.464 69.210
939.677 69.289
939.889 69.234
940.101 69.231
940.313 70.139
940.526 70.681
940.738 70.581
940.950 70.758
941.162 70.379
941.374 70.401
941.587 71.183
941.799 71.324
942.011 71.443
942.223 71.865
942.436 72.346
942.648 71.843
942.860 71.828
943.072 71.113
943.284 71.244
943.497 71.438
943.709 71.195
943.921 70.009
944.133 69.993
944.346 70.019
944.558 69.802
944.770 69.504
944.982 69.656
945.194 69.769
945.407 70.573
945.619 70.091
945.831 69.947
946.043 70.391
946.256 71.209
946.468 71.043
946.680 70.365
946.892 70.142
947.104 69.800
947.317 69.380
947.529 68.832
947.741 69.897
947.953 70.854
948.166 69.992
948.378 69.763
948.590 70.600
948.802 70.662
949.014 71.125
949.227 70.506
949.439 69.916
949.651 70.817
949.863 72.681
950.076 72.040
950.288 71.698
950.500 72.635
950.712 71.818
950.924 70.636
951.137 71.314
951.349 71.572
951.561 72.076
951.773 73.598
951.986 74.320
952.198 72.670
952.410 71.526
952.622 70.308
952.834 69.844
953.047 71.286
953.259 70.812
953.471 69.195
953.683 67.768
953.896 68.942
954.108 69.090
954.320 67.043
954.532 66.981
954.744 68.083
954.957 69.528
955.169 69.384
955.381 68.632
955.593 68.814
955.806 68.862
956.018 69.289
956.230 68.514
956.442 67.276
956.654 67.950
956.867 67.491
957.079 67.523
957.291 67.965
957.503 69.039
957.716 69.191
957.928 70.106
958.140 70.944
958.352 71.790
958.564 72.007
958.777 71.278
958.989 70.398
959.201 72.346
959.413 73.549
959.626 72.378
959.838 70.987
960.050 70.125
960.262 69.720
960.474 70.901
960.687 72.091
960.899 72.445
961.111 72.951
961.323 74.048
961.536 73.328
961.748 72.291
961.960 72.813
962.172 72.764
962.384 72.154
962.597 72.068
962.809 72.201
963.021 70.621
963.233 69.039
963.446 68.272
963.658 67.445
963.870 68.383
964.082 69.760
964.294 70.731
964.507 70.836
964.719 71.203
964.931 71.044
965.143 69.715
965.356 69.954
965.568 70.611
965.780 71.889
966.000 72.095
966.221 70.357
966.441 68.970
966.662 69.153
966.882 70.375
967.103 70.466
967.323 69.886
967.543 70.251
967.764 70.281
967.984 70.474
968.205 70.115
968.425 70.967
968.645 71.628
968.866 70.606
969.086 69.209
969.307 68.585
969.527 69.557
969.748 69.673
969.968 68.935
970.188 68.018
970.409 67.094
970.629 66.791
970.850 67.544
971.070 67.093
971.290 67.796
971.511 67.453
971.731 67.726
971.952 67.866
972.172 67.215
972.393 67.332
972.613 68.868
972.833 70.318
973.054 71.637
973.274 70.737
973.495 70.416
973.715 70.789
973.936 71.983
974.156 71.906
974.376 71.238
974.597 72.738
974.817 73.018
975.038 71.891
975.258 71.023
975.478 70.099
975.699 70.024
975.919 71.359
976.140 72.004
976.360 71.585
976.581 71.388
976.801 71.698
977.021 71.602
977.242 70.091
977.462 69.610
977.683 71.512
977.903 71.754
978.123 72.544
978.344 72.611
978.564 71.372
978.785 70.952
979.005 71.654
979.226 72.410
979.446 72.823
979.666 73.840
979.887 73.749
980.107 72.499
980.328 72.589
980.548 72.308
980.769 70.843
980.989 69.313
981.209 69.182
981.430 69.929
981.650 69.401
981.871 68.639
982.091 68.565
982.311 70.215
982.532 69.862
982.752 69.842
982.973 70.370
983.193 72.682
983.414 75.257
983.634 76.697
983.854 75.419
984.075 75.681
984.295 77.667
984.516 78.280
984.736 77.823
984.956 78.028
985.177 78.020
985.397 76.135
985.618 75.447
985.838 76.740
986.059 75.567
986.279 74.404
986.499 73.657
986.720 72.680
986.940 74.476
987.161 73.579
987.381 72.075
987.602 71.969
987.822 73.953
988.042 73.432
988.263 72.925
988.483 73.668
988.704 73.891
988.924 72.932
989.144 71.692
989.365 70.807
989.585 73.593
989.806 74.026
990.026 72.522
990.247 70.743
990.467 70.119
990.687 68.868
990.908 69.321
991.128 70.861
991.349 72.575
991.569 73.495
991.789 73.005
992.010 71.765
992.230 72.344
992.451 72.647
992.671 73.527
992.892 77.150
993.112 79.616
993.332 78.686
993.553 77.652
993.773 78.120
993.994 76.735
994.214 76.138
994.435 75.506
994.655 75.958
994.875 76.493
995.096 78.922
995.316 78.959
995.537 75.129
995.757 72.529
995.977 73.111
996.198 70.361
996.418 70.297
996.639 71.318
996.859 71.906
997.080 72.511
997.300 75.170
997.520 72.896
997.741 67.390
997.961 68.321
998.182 69.780
998.402 67.785
998.622 72.111
998.843 77.239
999.063 76.781
999.284 75.858
999.504 74.112
999.725 71.478
999.945 70.772
1000.165 75.416
1000.386 76.911
1000.606 77.935
1000.827 79.020
1001.047 75.013
1001.268 68.287
1001.488 67.542
1001.708 72.582
1001.929 76.885
1002.149 78.471
1002.370 76.719
1002.590 74.226
1002.810 75.830
1003.031 74.658
1003.251 73.621
1003.472 76.010
1003.692 79.705
1003.913 80.805
1004.133 75.326
1004.353 73.115
1004.574 72.911
1004.794 76.181
1005.015 79.513
1005.235 75.529
1005.455 74.603
1005.676 77.098
1005.896 77.249
1006.117 76.771
1006.337 76.427
1006.558 81.480
1006.778 79.818
1006.998 75.181
1007.219 72.651
1007.439 67.967
1007.660 69.058
1007.880 71.905
1008.101 70.612
1008.321 66.517
1008.541 65.371
1008.762 67.233
1008.982 65.276
1009.203 66.816
1009.423 69.411
1009.643 71.214
1009.864 74.604
1010.084 72.313
1010.305 72.667
1010.525 76.817
1010.746 79.449
1010.966 77.119
1011.186 71.875
1011.407 67.847
1011.627 64.907
1011.848 65.464
1012.068 64.256
1012.288 61.389
1012.509 63.538
1012.729 60.584
1012.950 52.125
