290.982 85.499
291.167 86.267
291.352 86.974
291.537 86.900
291.722 86.986
291.907 91.057
292.091 90.885
292.276 88.017
292.461 86.696
292.646 85.827
292.831 86.104
293.016 83.144
293.201 79.512
293.386 78.641
293.571 80.217
293.756 80.522
293.940 79.745
294.125 78.519
294.310 79.952
294.495 81.287
294.680 80.092
294.865 78.958
295.050 81.075
295.235 82.662
295.420 81.794
295.605 79.182
295.789 80.369
295.974 81.867
296.159 81.427
296.344 81.010
296.529 79.841
296.714 80.398
296.899 80.789
297.084 81.776
297.269 82.884
297.454 83.979
297.638 84.957
297.823 83.054
298.008 81.702
298.193 81.732
298.378 81.636
298.563 80.832
298.748 82.677
298.933 83.426
299.118 81.635
299.303 81.129
299.487 79.688
299.672 77.470
299.857 75.469
300.042 76.264
300.227 76.318
300.412 76.005
300.597 76.750
300.782 74.029
300.967 73.494
301.152 74.136
301.336 73.663
301.521 74.395
301.706 77.654
301.891 79.700
302.076 80.262
302.261 80.466
302.446 81.460
302.631 80.807
302.816 83.577
303.001 83.969
303.185 81.764
303.370 81.271
303.555 81.001
303.740 78.878
303.925 77.742
304.110 76.689
304.295 76.983
304.480 76.336
304.665 75.736
304.850 73.385
305.034 72.359
305.219 73.927
305.404 73.895
305.589 74.676
305.774 75.727
305.959 77.141
306.144 76.903
306.329 74.901
306.514 73.827
306.699 73.692
306.883 72.987
307.068 72.157
307.253 71.372
307.438 72.823
307.623 72.844
307.808 70.861
307.993 68.738
308.178 68.047
308.363 68.687
308.548 69.983
308.732 71.618
308.917 72.000
309.102 72.205
309.287 72.496
309.472 72.220
309.657 72.475
309.842 71.879
310.027 70.619
310.212 70.170
310.397 70.166
310.581 69.193
310.766 67.805
310.951 67.828
311.136 67.274
311.321 66.753
311.506 65.837
311.691 64.769
311.876 65.033
312.061 65.141
312.245 66.871
312.430 68.401
312.615 69.713
312.800 69.784
312.985 68.178
313.170 68.203
313.347 69.593
313.523 69.326
313.700 68.768
313.877 69.049
314.054 70.401
314.230 69.530
314.407 66.887
314.584 64.892
314.761 64.427
314.937 64.730
315.114 65.278
315.291 64.763
315.467 64.435
315.644 62.397
315.821 61.501
315.998 60.687
316.174 60.130
316.351 61.239
316.528 61.523
316.704 60.535
316.881 60.006
317.058 59.839
317.235 59.944
317.411 60.634
317.588 62.601
317.765 62.773
317.942 63.139
318.118 63.836
318.295 62.782
318.472 61.432
318.648 62.399
318.825 63.159
319.002 61.954
319.179 60.344
319.355 59.763
319.532 59.419
319.709 58.998
319.885 59.129
320.062 59.159
320.239 59.660
320.416 60.908
320.592 60.683
320.769 60.571
320.946 61.049
321.123 61.518
321.299 60.819
321.476 59.424
321.653 60.415
321.829 60.076
322.006 58.053
322.183 57.693
322.360 56.627
322.536 56.198
322.713 56.285
322.890 55.859
323.066 55.023
323.243 55.483
323.420 58.642
323.597 58.667
323.773 57.113
323.950 57.874
324.127 58.843
324.304 59.078
324.480 58.171
324.657 57.566
324.834 57.580
325.010 57.811
325.187 57.007
325.364 54.706
325.541 53.459
325.717 54.446
325.894 53.609
326.071 50.899
326.248 50.589
326.424 52.255
326.601 52.531
326.778 52.216
326.954 51.677
327.131 51.529
327.308 50.294
327.485 50.036
327.661 49.809
327.838 49.968
328.015 51.131
328.191 50.747
328.368 49.016
328.545 47.651
328.722 47.416
328.898 48.493
329.075 48.675
329.252 48.690
329.429 48.562
329.605 49.330
329.782 50.036
329.959 49.625
330.135 49.423
330.312 50.372
330.489 51.171
330.666 51.218
330.842 50.180
331.019 50.018
331.196 50.276
331.372 49.978
331.549 48.574
331.726 47.379
331.903 47.549
332.079 48.224
332.256 46.824
332.433 45.178
332.610 44.056
332.786 44.266
332.963 44.398
333.140 44.326
333.316 45.809
333.493 45.842
333.670 45.419
333.847 46.394
334.023 45.770
334.200 44.978
334.377 45.149
334.553 46.160
334.730 45.936
334.907 44.848
335.084 44.841
335.260 43.942
335.437 44.335
335.614 45.348
335.791 44.461
335.967 44.226
336.144 45.101
336.321 45.255
336.497 44.628
336.674 44.718
336.851 45.514
337.028 45.005
337.204 44.576
337.381 44.948
337.558 45.097
337.734 44.108
337.911 43.326
338.088 43.333
338.265 44.966
338.441 45.842
338.618 44.494
338.795 43.497
338.972 44.261
339.148 44.597
339.325 43.689
339.502 42.233
339.678 42.507
339.855 43.036
340.032 42.508
340.209 41.164
340.385 40.638
340.562 40.845
340.739 40.710
340.916 39.799
341.092 39.782
341.269 40.235
341.446 40.445
341.622 40.145
341.799 40.335
341.976 40.847
342.153 41.101
342.329 41.033
342.506 41.716
342.683 41.637
342.859 41.405
343.036 41.179
343.213 40.676
343.390 40.145
343.566 40.230
343.743 39.655
343.920 39.033
344.097 38.240
344.273 37.731
344.450 37.210
344.627 37.801
344.803 38.669
344.980 38.587
345.157 38.013
345.334 37.892
345.510 37.737
345.687 37.432
345.864 37.817
346.040 38.084
346.217 37.897
346.394 37.769
346.571 37.181
346.747 35.492
346.924 35.016
347.101 36.108
347.278 36.498
347.454 36.692
347.631 36.423
347.808 35.155
347.984 35.195
348.161 35.795
348.338 35.718
348.515 35.469
348.691 35.783
348.868 35.448
349.045 33.946
349.221 33.561
349.398 32.759
349.575 32.890
349.752 33.837
349.928 33.354
350.105 32.396
350.282 31.867
350.459 32.172
350.635 32.573
350.812 32.552
350.989 33.245
351.165 33.880
351.342 33.891
351.519 33.357
351.696 32.736
351.872 32.593
352.049 32.757
352.226 33.447
352.402 33.091
352.579 32.675
352.756 32.757
352.933 32.078
353.109 30.715
353.286 30.118
353.463 30.425
353.640 30.325
353.816 29.392
353.993 29.016
354.170 28.512
354.346 28.737
354.523 29.051
354.700 28.539
354.877 28.514
355.053 28.566
355.230 28.723
355.407 28.932
355.584 29.569
355.760 30.852
355.937 31.195
356.114 31.301
356.290 30.867
356.467 30.659
356.644 30.660
356.821 30.453
356.997 31.154
357.174 31.649
357.351 31.281
357.527 30.808
357.704 30.337
357.881 30.507
358.058 30.838
358.234 30.829
358.411 30.560
358.588 30.493
358.765 30.397
358.941 29.914
359.118 29.739
359.295 29.714
359.471 29.147
359.648 29.067
359.825 28.895
360.002 28.117
360.178 28.371
360.355 28.542
360.532 28.255
360.708 28.135
360.885 27.987
361.062 26.951
361.239 26.464
361.415 26.605
361.592 26.084
361.769 25.437
361.946 25.771
362.122 25.633
362.299 24.693
362.476 24.831
362.652 24.941
362.829 25.239
363.006 25.830
363.183 26.395
363.359 26.360
363.536 26.040
363.713 26.092
363.889 25.957
364.066 25.259
364.243 25.268
364.420 24.980
364.596 24.706
364.773 24.080
364.950 24.201
365.127 23.966
365.303 23.828
365.480 24.581
365.661 24.848
365.841 24.711
366.022 24.897
366.202 25.218
366.383 24.929
366.563 24.778
366.744 24.942
366.924 24.738
367.105 24.617
367.286 24.315
367.466 23.421
367.647 23.181
367.827 22.968
368.008 23.004
368.188 22.794
368.369 22.962
368.549 23.132
368.730 22.593
368.911 22.324
369.091 22.335
369.272 22.315
369.452 22.692
369.633 22.361
369.813 22.204
369.994 22.462
370.174 22.232
370.355 21.810
370.535 21.421
370.716 21.847
370.897 21.922
371.077 21.337
371.258 21.567
371.438 22.087
371.619 22.371
371.799 22.275
371.980 21.426
372.160 21.427
372.341 21.806
372.522 22.126
372.702 22.120
372.883 22.107
373.063 22.213
373.244 22.108
373.424 21.495
373.605 21.494
373.785 21.558
373.966 21.626
374.147 21.716
374.327 22.067
374.508 22.227
374.688 21.945
374.869 21.884
375.049 22.396
375.230 22.859
375.410 22.825
375.591 22.283
375.772 22.141
375.952 22.523
376.133 22.536
376.313 22.000
376.494 21.235
376.674 21.228
376.855 21.394
377.035 20.889
377.216 20.367
377.397 20.497
377.577 20.688
377.758 20.616
377.938 20.352
378.119 20.141
378.299 20.028
378.480 20.385
378.660 20.401
378.841 20.110
379.021 19.744
379.202 19.289
379.383 18.843
379.563 18.632
379.744 18.400
379.924 18.166
380.105 18.267
380.285 18.156
380.466 17.561
380.646 17.090
380.827 16.773
381.008 16.842
381.188 17.035
381.369 17.491
381.549 17.322
381.730 17.086
381.910 17.056
382.091 16.812
382.271 16.729
382.452 16.969
382.633 17.140
382.813 17.531
382.994 17.967
383.174 17.869
383.355 17.463
383.535 17.598
383.716 17.899
383.896 17.815
384.077 17.842
384.258 18.007
384.438 18.031
384.619 18.023
384.799 17.703
384.980 17.386
385.160 17.179
385.341 16.929
385.521 16.681
385.702 16.504
385.882 16.632
386.063 16.506
386.244 16.289
386.424 16.173
386.605 15.857
386.785 15.594
386.966 15.263
387.146 15.094
387.327 14.928
387.507 14.922
387.688 14.870
387.869 14.689
388.049 14.876
388.230 14.954
388.410 14.998
388.591 15.056
388.771 15.206
388.952 15.453
389.132 15.523
389.313 15.628
389.494 15.563
389.674 15.547
389.855 15.356
390.035 15.217
390.216 15.336
390.396 15.552
390.577 15.706
390.757 15.474
390.938 15.270
391.119 15.234
391.299 15.163
391.480 15.176
391.660 15.191
391.841 15.386
392.021 15.237
392.202 14.988
392.382 14.737
392.563 14.590
392.743 14.550
392.924 14.454
393.105 14.455
393.285 14.425
393.466 14.401
393.646 14.461
393.827 14.363
394.007 14.081
394.188 14.075
394.368 14.092
394.549 14.068
394.730 14.115
394.910 14.148
395.091 14.108
395.271 14.404
395.452 14.597
395.632 14.239
395.813 14.015
395.993 14.187
396.174 14.135
396.355 13.890
396.535 13.817
396.716 13.968
396.896 14.220
397.077 14.226
397.257 13.752
397.438 13.253
397.618 13.124
397.799 13.157
397.980 13.198
398.160 13.099
398.341 13.051
398.521 13.046
398.702 12.892
398.882 12.508
399.063 12.407
399.243 12.564
399.424 12.690
399.605 12.953
399.785 12.943
399.966 12.731
400.146 12.683
400.327 12.740
400.507 12.840
400.688 12.693
400.868 12.541
401.049 12.419
401.229 12.197
401.410 12.215
401.591 12.197
401.771 12.335
401.952 12.492
402.132 12.444
402.313 12.393
402.493 12.356
402.674 12.594
402.854 12.842
403.035 13.050
403.216 12.912
403.396 12.836
403.577 12.809
403.757 12.498
403.938 12.267
404.118 12.121
404.299 11.918
404.479 11.714
404.660 11.493
404.841 11.354
405.023 11.199
405.204 11.173
405.385 11.158
405.566 11.055
405.748 10.992
405.929 11.039
406.110 11.377
406.292 11.616
406.473 11.792
406.654 11.858
406.835 11.751
407.017 11.592
407.198 11.643
407.379 11.546
407.560 11.388
407.742 11.324
407.923 11.210
408.104 10.807
408.286 10.547
408.467 10.314
408.648 10.402
408.829 10.795
409.011 10.905
409.192 10.860
409.373 10.822
409.555 10.903
409.736 11.134
409.917 11.318
410.098 11.497
410.280 11.566
410.461 11.596
410.642 11.264
410.823 10.665
411.005 10.609
411.186 10.870
411.367 11.042
411.549 11.106
411.730 11.061
411.911 10.916
412.092 10.829
412.274 10.839
412.455 10.727
412.636 10.766
412.818 10.962
412.999 10.905
413.180 10.724
413.361 10.614
413.543 10.576
413.724 10.491
413.905 10.417
414.087 10.353
414.268 10.243
414.449 10.207
414.630 10.188
414.812 10.245
414.993 10.316
415.174 10.151
415.355 10.017
415.537 9.929
415.718 10.004
415.899 10.027
416.081 9.986
416.262 9.907
416.443 9.902
416.624 9.868
416.806 9.716
416.987 9.549
417.168 9.504
417.350 9.423
417.531 9.344
417.712 9.224
417.893 9.257
418.075 9.393
418.256 9.374
418.437 9.233
418.618 9.110
418.800 9.066
418.981 9.165
419.162 9.245
419.344 9.335
419.525 9.404
419.706 9.385
419.887 9.238
420.069 9.105
420.250 9.184
420.431 9.275
420.613 9.363
420.794 9.314
420.975 9.156
421.156 9.134
421.338 9.061
421.519 8.888
421.700 8.801
421.882 8.814
422.063 8.741
422.244 8.690
422.425 8.708
422.607 8.581
422.788 8.570
422.969 8.632
423.150 8.750
423.332 8.971
423.513 9.107
423.694 9.029
423.876 8.980
424.057 8.993
424.238 8.913
424.419 9.026
424.601 9.440
424.782 9.560
424.963 9.613
425.145 9.460
425.326 9.219
425.507 9.051
425.688 9.170
425.870 9.121
426.051 8.984
426.232 8.959
426.413 8.838
426.595 8.449
426.776 8.229
426.957 8.178
427.139 8.333
427.320 8.298
427.501 8.265
427.682 8.061
427.864 8.059
428.045 8.127
428.226 8.091
428.408 8.000
428.589 7.968
428.770 7.975
428.951 7.815
429.133 7.589
429.314 7.541
429.495 7.529
429.677 7.571
429.858 7.544
430.039 7.464
430.220 7.479
430.402 7.467
430.583 7.557
430.764 7.595
430.945 7.660
431.127 7.615
431.308 7.616
431.489 7.676
431.671 7.656
431.852 7.605
432.033 7.626
432.214 7.612
432.396 7.567
432.577 7.379
432.758 7.277
432.940 7.262
433.121 7.258
433.302 7.172
433.483 7.179
433.665 7.318
433.846 7.482
434.027 7.475
434.208 7.446
434.390 7.497
434.571 7.549
434.752 7.597
434.934 7.587
435.115 7.609
435.296 7.668
435.477 7.623
435.659 7.570
435.840 7.503
436.030 7.577
436.220 7.548
436.410 7.474
436.600 7.437
436.790 7.419
436.980 7.437
437.170 7.396
437.360 7.394
437.550 7.424
437.741 7.405
437.931 7.341
438.121 7.288
438.311 7.282
438.501 7.300
438.691 7.422
438.881 7.429
439.071 7.370
439.261 7.325
439.451 7.209
439.641 7.060
439.831 6.907
440.021 6.819
440.211 6.756
440.401 6.806
440.591 6.810
440.781 6.767
440.971 6.785
441.161 6.720
441.351 6.660
441.542 6.709
441.732 6.776
441.922 6.827
442.112 6.914
442.302 6.994
442.492 6.942
442.682 6.826
442.872 6.673
443.062 6.592
443.252 6.591
443.442 6.667
443.632 6.674
443.822 6.612
444.012 6.491
444.202 6.389
444.392 6.333
444.582 6.293
444.772 6.303
444.962 6.350
445.153 6.362
445.343 6.337
445.533 6.240
445.723 6.170
445.913 6.165
446.103 6.243
446.293 6.290
446.483 6.268
446.673 6.308
446.863 6.361
447.053 6.396
447.243 6.437
447.433 6.463
447.623 6.513
447.813 6.543
448.003 6.593
448.193 6.592
448.383 6.559
448.573 6.528
448.764 6.394
448.954 6.366
449.144 6.328
449.334 6.230
449.524 6.177
449.714 6.171
449.904 6.154
450.094 6.138
450.284 6.137
450.474 6.145
450.664 6.144
450.854 6.212
451.044 6.190
451.234 6.139
451.424 6.075
451.614 6.082
451.804 6.127
451.994 6.112
452.184 6.063
452.375 6.097
452.565 6.097
452.755 6.097
452.945 6.134
453.135 6.162
453.325 6.181
453.515 6.283
453.705 6.318
453.895 6.276
454.085 6.302
454.275 6.396
454.465 6.358
454.655 6.266
454.845 6.242
455.035 6.289
455.225 6.221
455.415 6.167
455.605 6.183
455.795 6.222
455.985 6.135
456.176 6.021
456.366 5.921
456.556 5.894
456.746 5.922
456.936 5.903
457.126 5.844
457.316 5.850
457.506 5.864
457.696 5.811
457.886 5.677
458.076 5.646
458.266 5.653
458.456 5.603
458.646 5.546
458.836 5.531
459.026 5.549
459.216 5.526
459.406 5.511
459.596 5.505
459.787 5.454
459.977 5.488
460.167 5.562
460.357 5.552
460.547 5.537
460.737 5.538
460.927 5.561
461.117 5.494
461.307 5.493
461.497 5.569
461.687 5.594
461.877 5.667
462.067 5.740
462.257 5.801
462.447 5.838
462.637 5.800
462.827 5.801
463.017 5.826
463.207 5.932
463.397 5.906
463.588 5.829
463.778 5.837
463.968 5.776
464.158 5.685
464.348 5.582
464.538 5.594
464.728 5.633
464.918 5.648
465.108 5.620
465.298 5.510
465.488 5.448
465.678 5.450
465.868 5.453
466.058 5.440
466.248 5.393
466.438 5.417
466.628 5.450
466.818 5.475
467.008 5.489
467.199 5.477
467.389 5.462
467.579 5.486
467.769 5.506
467.959 5.449
468.149 5.381
468.339 5.412
468.529 5.430
468.719 5.452
468.909 5.411
469.099 5.332
469.289 5.295
469.479 5.317
469.669 5.268
469.859 5.197
470.049 5.162
470.239 5.202
470.429 5.219
470.619 5.147
470.810 5.026
471.000 5.047
471.190 5.142
471.380 5.172
471.570 5.215
471.760 5.294
471.950 5.358
472.140 5.432
472.330 5.529
472.520 5.537
472.710 5.536
472.900 5.574
473.090 5.559
473.280 5.497
473.470 5.493
473.660 5.485
473.850 5.463
474.040 5.454
474.230 5.421
474.421 5.349
474.611 5.309
474.801 5.310
474.991 5.355
475.181 5.369
475.371 5.379
475.561 5.393
475.751 5.319
475.941 5.249
476.131 5.229
476.321 5.249
476.511 5.238
476.701 5.240
476.891 5.196
477.081 5.093
477.271 5.015
477.461 4.976
477.651 4.943
477.841 4.961
478.031 4.988
478.222 4.961
478.412 4.910
478.602 4.905
478.792 4.924
478.982 4.970
479.172 4.965
479.362 4.982
479.552 5.002
479.742 4.958
479.932 4.955
480.122 4.952
480.312 4.944
480.502 4.981
480.692 4.983
480.882 4.895
481.072 4.859
481.262 4.912
481.452 4.931
481.642 4.929
481.833 4.989
482.023 4.994
482.213 5.012
482.403 5.050
482.593 5.012
482.783 5.025
482.973 5.110
483.163 5.164
483.353 5.125
483.543 5.138
483.733 5.152
483.923 5.113
484.113 5.128
484.303 5.114
484.493 5.048
484.683 5.087
484.873 5.069
485.063 5.019
485.253 4.977
485.443 5.007
485.634 4.970
485.824 4.923
486.014 4.920
486.204 4.922
486.394 4.953
486.584 4.983
486.774 4.922
486.964 4.917
487.154 4.921
487.344 4.932
487.534 4.893
487.724 4.887
487.914 4.911
488.104 4.907
488.294 4.889
488.484 4.865
488.674 4.849
488.864 4.861
489.054 4.848
489.245 4.830
489.435 4.835
489.625 4.879
489.815 4.924
490.005 4.998
490.195 5.012
490.385 4.995
490.575 5.005
490.765 5.074
490.955 5.137
491.145 5.157
491.335 5.183
491.525 5.153
491.715 5.136
491.905 5.139
492.095 5.087
492.285 5.043
492.475 5.024
492.665 4.994
492.856 4.946
493.046 4.892
493.236 4.870
493.426 4.870
493.616 4.844
493.806 4.818
493.996 4.767
494.186 4.720
494.376 4.739
494.566 4.726
494.756 4.708
494.946 4.693
495.136 4.687
495.326 4.686
495.516 4.705
495.706 4.760
495.896 4.777
496.086 4.787
496.276 4.789
496.467 4.804
496.657 4.900
496.847 4.908
497.037 4.900
497.227 4.907
497.417 4.894
497.607 4.849
497.797 4.835
497.987 4.845
498.177 4.828
498.367 4.846
498.557 4.846
498.747 4.779
498.937 4.796
499.127 4.790
499.317 4.738
499.507 4.725
499.697 4.745
499.887 4.791
500.077 4.790
500.268 4.791
500.458 4.764
500.648 4.720
500.838 4.695
501.028 4.682
501.218 4.686
501.408 4.697
501.598 4.712
501.788 4.696
501.978 4.672
502.168 4.625
502.358 4.641
502.548 4.664
502.738 4.656
502.928 4.671
503.118 4.683
503.308 4.708
503.498 4.739
503.688 4.728
503.879 4.718
504.069 4.685
504.259 4.729
504.449 4.725
504.639 4.703
504.829 4.727
505.019 4.714
505.209 4.695
505.399 4.683
505.589 4.674
505.779 4.666
505.969 4.630
506.159 4.620
506.349 4.615
506.539 4.606
506.729 4.612
506.919 4.624
507.109 4.633
507.299 4.609
507.490 4.572
507.680 4.540
507.870 4.522
508.060 4.545
508.250 4.540
508.440 4.524
508.630 4.544
508.820 4.548
509.010 4.520
509.200 4.500
509.390 4.512
509.580 4.505
509.770 4.509
509.960 4.522
510.150 4.500
510.340 4.498
510.530 4.509
510.720 4.507
510.910 4.520
511.100 4.553
511.291 4.536
511.481 4.537
511.671 4.567
511.861 4.660
512.051 4.796
512.241 4.821
512.431 4.834
512.621 4.825
512.811 4.787
513.001 4.750
513.191 4.705
513.381 4.707
513.571 4.696
513.761 4.682
513.951 4.601
514.141 4.446
514.331 4.441
514.521 4.410
514.711 4.403
514.902 4.449
515.092 4.477
515.282 4.518
515.472 4.520
515.662 4.484
515.852 4.467
516.042 4.448
516.232 4.463
516.422 4.483
516.612 4.508
516.802 4.504
516.992 4.469
517.182 4.444
517.372 4.423
517.562 4.455
517.752 4.505
517.942 4.525
518.132 4.562
518.322 4.580
518.513 4.568
518.703 4.575
518.893 4.607
519.083 4.667
519.273 4.726
519.463 4.709
519.653 4.711
519.843 4.740
520.033 4.751
520.223 4.742
520.413 4.742
520.603 4.734
520.793 4.710
520.983 4.679
521.173 4.641
521.363 4.603
521.553 4.639
521.743 4.652
521.933 4.643
522.123 4.666
522.314 4.687
522.504 4.660
522.694 4.627
522.884 4.612
523.074 4.593
523.264 4.592
523.454 4.583
523.644 4.599
523.834 4.611
524.024 4.628
524.214 4.598
524.404 4.553
524.594 4.564
524.784 4.622
524.974 4.659
525.164 4.676
525.354 4.664
525.544 4.667
525.734 4.630
525.925 4.571
526.115 4.528
526.305 4.566
526.495 4.622
526.685 4.633
526.875 4.621
527.065 4.619
527.255 4.614
527.445 4.608
527.635 4.614
527.825 4.642
528.015 4.715
528.205 4.721
528.395 4.661
528.585 4.637
528.775 4.653
528.965 4.672
529.155 4.689
529.345 4.723
529.535 4.738
529.726 4.728
529.916 4.705
530.106 4.692
530.296 4.720
530.486 4.736
530.676 4.717
530.866 4.711
531.056 4.706
531.246 4.692
531.436 4.667
531.626 4.660
531.816 4.643
532.006 4.650
532.196 4.633
532.386 4.613
532.576 4.589
532.766 4.589
532.956 4.565
533.146 4.565
533.337 4.569
533.527 4.567
533.717 4.548
533.907 4.573
534.097 4.584
534.287 4.598
534.477 4.617
534.667 4.652
534.857 4.669
535.047 4.695
535.237 4.707
535.427 4.694
535.617 4.698
535.807 4.736
535.997 4.739
536.187 4.719
536.377 4.718
536.567 4.717
536.757 4.713
536.948 4.710
537.138 4.686
537.328 4.678
537.518 4.706
537.708 4.731
537.898 4.728
538.088 4.729
538.278 4.743
538.468 4.725
538.658 4.710
538.848 4.722
539.038 4.731
539.228 4.736
539.418 4.737
539.608 4.745
539.798 4.740
539.988 4.734
540.178 4.728
540.368 4.740
540.558 4.736
540.749 4.726
540.939 4.730
541.129 4.771
541.319 4.834
541.509 5.060
541.699 5.457
541.889 5.467
542.079 5.495
542.269 5.521
542.459 5.540
542.649 5.555
542.839 5.565
543.029 5.574
543.219 5.564
543.409 5.527
543.599 5.305
543.789 4.933
543.979 4.945
544.169 4.940
544.360 4.945
544.550 4.948
544.740 4.955
544.930 4.973
545.120 4.985
545.310 4.966
545.500 4.994
545.690 5.025
545.880 5.002
546.070 4.980
546.267 4.979
546.463 4.981
546.660 4.979
546.857 4.989
547.054 5.012
547.251 5.009
547.447 5.004
547.644 4.972
547.841 4.952
548.038 4.947
548.234 4.972
548.431 5.000
548.628 5.022
548.825 5.039
549.021 5.064
549.218 5.060
549.415 5.035
549.612 5.018
549.808 5.042
550.005 5.079
550.202 5.091
550.399 5.100
550.595 5.117
550.792 5.127
550.989 5.119
551.186 5.117
551.382 5.155
551.579 5.209
551.776 5.272
551.973 5.308
552.169 5.325
552.366 5.350
552.563 5.363
552.760 5.380
552.956 5.390
553.153 5.419
553.350 5.474
553.547 5.496
553.743 5.506
553.940 5.512
554.137 5.522
554.334 5.510
554.530 5.543
554.727 5.586
554.924 5.612
555.121 5.633
555.317 5.629
555.514 5.627
555.711 5.617
555.908 5.622
556.104 5.636
556.301 5.646
556.498 5.668
556.695 5.673
556.891 5.674
557.088 5.651
557.285 5.651
557.482 5.685
557.678 5.687
557.875 5.718
558.072 5.777
558.269 5.819
558.465 5.845
558.662 5.851
558.859 5.837
559.056 5.837
559.252 5.886
559.449 5.933
559.646 5.984
559.843 5.995
560.039 5.984
560.236 5.972
560.433 5.958
560.630 5.965
560.826 6.007
561.023 6.065
561.220 6.118
561.417 6.140
561.613 6.154
561.810 6.125
562.007 6.153
562.204 6.204
562.400 6.258
562.597 6.319
562.794 6.377
562.991 6.437
563.187 6.478
563.384 6.495
563.581 6.529
563.778 6.576
563.974 6.645
564.171 6.692
564.368 6.716
564.565 6.735
564.761 6.762
564.958 6.804
565.155 6.825
565.352 6.837
565.548 6.879
565.745 6.933
565.942 6.959
566.139 6.990
566.335 7.035
566.532 7.090
566.729 7.146
566.926 7.207
567.122 7.244
567.319 7.278
567.516 7.354
567.713 7.438
567.909 7.499
568.106 7.573
568.303 7.638
568.500 7.710
568.696 7.779
568.893 7.838
569.090 7.912
569.287 7.974
569.483 8.066
569.680 8.118
569.877 8.151
570.074 8.212
570.270 8.257
570.467 8.320
570.664 8.391
570.861 8.464
571.057 8.526
571.254 8.543
571.451 8.612
571.648 8.676
571.844 8.753
572.041 8.841
572.238 8.909
572.435 8.993
572.631 9.085
572.828 9.170
573.025 9.211
573.222 9.293
573.418 9.412
573.615 9.486
573.812 9.578
574.009 9.696
574.205 9.777
574.402 9.849
574.599 9.948
574.796 10.037
574.992 10.111
575.189 10.231
575.386 10.291
575.583 10.362
575.779 10.453
575.976 10.514
576.173 10.594
576.370 10.717
576.567 10.820
576.763 10.919
576.960 11.028
577.158 11.126
577.356 11.255
577.554 11.416
577.752 11.556
577.950 11.696
578.148 11.827
578.346 11.929
578.544 12.020
578.742 12.132
578.940 12.230
579.138 12.337
579.336 12.493
579.534 12.627
579.732 12.754
579.930 12.862
580.128 12.965
580.326 13.087
580.524 13.222
580.722 13.364
580.920 13.494
581.118 13.662
581.316 13.793
581.514 13.873
581.712 13.975
581.909 14.099
582.107 14.279
582.305 14.463
582.503 14.631
582.701 14.786
582.899 14.937
583.097 15.091
583.295 15.235
583.493 15.424
583.691 15.634
583.889 15.833
584.087 16.021
584.285 16.154
584.483 16.315
584.681 16.498
584.879 16.678
585.077 16.858
585.275 17.073
585.473 17.284
585.671 17.495
585.869 17.730
586.067 17.915
586.265 18.111
586.463 18.353
586.661 18.560
586.859 18.745
587.057 18.948
587.255 19.162
587.453 19.342
587.651 19.561
587.849 19.752
588.047 19.922
588.245 20.171
588.443 20.432
588.641 20.649
588.839 20.894
589.037 21.184
589.235 21.463
589.433 21.728
589.631 22.016
589.829 22.232
590.027 22.468
590.225 22.709
590.423 22.922
590.621 23.126
590.819 23.369
591.017 23.582
591.215 23.763
591.413 23.963
591.611 24.197
591.809 24.442
592.006 24.710
592.204 24.956
592.402 25.239
592.600 25.492
592.798 25.751
592.996 26.022
593.194 26.310
593.392 26.633
593.590 26.928
593.788 27.187
593.986 27.461
594.184 27.763
594.382 28.074
594.580 28.379
594.778 28.713
594.976 29.055
595.174 29.345
595.372 29.616
595.570 29.881
595.768 30.170
595.966 30.476
596.164 30.794
596.362 31.101
596.560 31.419
596.758 31.692
596.956 31.950
597.154 32.244
597.352 32.546
597.550 32.864
597.748 33.206
597.946 33.536
598.144 33.881
598.342 34.162
598.540 34.436
598.738 34.739
598.936 35.084
599.134 35.404
599.332 35.660
599.530 35.995
599.728 36.325
599.926 36.577
600.124 36.843
600.322 37.160
600.520 37.498
600.718 37.753
600.916 37.978
601.114 38.237
601.312 38.545
601.510 38.820
601.708 39.070
601.905 39.374
602.103 39.703
602.301 40.050
602.499 40.309
602.697 40.561
602.895 40.903
603.093 41.284
603.291 41.602
603.489 41.879
603.687 42.198
603.885 42.469
604.083 42.734
604.281 42.990
604.479 43.236
604.677 43.498
604.875 43.795
605.073 44.075
605.271 44.314
605.469 44.568
605.667 44.794
605.865 45.033
606.063 45.356
606.261 45.689
606.459 45.940
606.657 46.171
606.855 46.424
607.053 46.653
607.251 46.894
607.449 47.098
607.647 47.283
607.845 47.553
608.043 47.853
608.241 48.051
608.439 48.189
608.637 48.441
608.835 48.742
609.033 49.008
609.231 49.244
609.429 49.428
609.627 49.670
609.825 49.935
610.023 50.150
610.221 50.298
610.419 50.506
610.617 50.692
610.815 50.871
611.013 51.023
611.211 51.165
611.409 51.316
611.607 51.504
611.804 51.693
612.002 51.880
612.200 52.069
612.398 52.256
612.596 52.416
612.794 52.583
612.992 52.724
613.190 52.853
613.388 52.986
613.586 53.164
613.784 53.392
613.982 53.559
614.180 53.734
614.378 53.877
614.576 53.996
614.774 54.099
614.972 54.233
615.170 54.391
615.368 54.567
615.566 54.706
615.764 54.840
615.962 54.931
616.160 55.004
616.358 55.062
616.556 55.165
616.754 55.291
616.952 55.422
617.150 55.543
617.348 55.672
617.546 55.732
617.744 55.811
617.942 55.899
618.140 55.984
618.338 56.112
618.536 56.232
618.734 56.345
618.932 56.482
619.130 56.574
619.328 56.676
619.526 56.800
619.724 56.927
619.922 57.056
620.120 57.139
620.318 57.209
620.516 57.312
620.714 57.387
620.912 57.486
621.110 57.581
621.308 57.669
621.506 57.764
621.704 57.828
621.901 57.928
622.099 58.019
622.297 58.133
622.495 58.239
622.693 58.326
622.891 58.393
623.089 58.449
623.287 58.520
623.485 58.625
623.683 58.675
623.881 58.702
624.079 58.745
624.277 58.829
624.475 58.872
624.673 58.928
624.871 58.973
625.069 59.052
625.267 59.107
625.465 59.146
625.663 59.173
625.861 59.230
626.059 59.315
626.257 59.388
626.455 59.455
626.653 59.484
626.851 59.511
627.049 59.566
627.247 59.605
627.445 59.674
627.643 59.677
627.841 59.722
628.039 59.799
628.237 59.818
628.435 59.829
628.633 59.805
628.831 59.837
629.029 59.871
629.227 59.868
629.425 59.927
629.623 59.937
629.821 60.003
630.019 60.039
630.217 60.016
630.415 60.048
630.613 60.078
630.811 60.148
631.009 60.194
631.207 60.243
631.405 60.279
631.603 60.254
631.801 60.267
631.998 60.274
632.196 60.278
632.394 60.319
632.592 60.335
632.790 60.372
632.988 60.424
633.186 60.487
633.384 60.498
633.582 60.532
633.780 60.614
633.978 60.650
634.176 60.702
634.374 60.744
634.572 60.759
634.770 60.760
634.968 60.748
635.166 60.734
635.364 60.704
635.562 60.732
635.760 60.757
635.958 60.707
636.156 60.643
636.354 60.609
636.552 60.602
636.750 60.640
636.948 60.706
637.146 60.778
637.344 60.853
637.542 60.873
637.740 60.842
637.938 60.825
638.136 61.107
638.334 61.598
638.532 61.564
638.730 61.544
638.928 61.520
639.126 61.500
639.324 61.474
639.522 61.481
639.720 61.544
639.918 61.586
640.116 61.599
640.314 61.392
640.512 61.015
640.710 61.134
640.908 61.232
641.106 61.320
641.304 61.331
641.502 61.294
641.699 61.206
641.897 61.154
642.095 61.142
642.293 61.160
642.491 61.148
642.689 61.114
642.887 61.067
643.085 61.041
643.283 60.982
643.481 60.991
643.679 61.072
643.877 61.157
644.075 61.230
644.273 61.281
644.471 61.295
644.669 61.318
644.867 61.352
645.065 61.372
645.263 61.378
645.461 61.418
645.659 61.473
645.857 61.507
646.055 61.509
646.253 61.473
646.451 61.487
646.649 61.486
646.847 61.462
647.045 61.439
647.243 61.429
647.441 61.465
647.639 61.481
647.837 61.447
648.035 61.417
648.233 61.406
648.431 61.439
648.629 61.471
648.827 61.498
649.025 61.522
649.223 61.578
649.421 61.646
649.619 61.653
649.817 61.640
650.015 61.705
650.213 61.675
650.411 61.625
650.609 61.573
650.807 61.513
651.005 61.510
651.203 61.532
651.401 61.553
651.599 61.526
651.796 61.547
651.994 61.561
652.192 61.523
652.390 61.577
652.588 61.619
652.786 61.620
652.984 61.634
653.182 61.654
653.380 61.658
653.578 61.607
653.776 61.594
653.974 61.569
654.172 61.559
654.370 61.543
654.568 61.499
654.766 61.489
654.964 61.518
655.162 61.523
655.360 61.510
655.558 61.502
655.756 61.535
655.954 61.581
656.152 61.605
656.350 61.603
656.548 61.581
656.746 61.556
656.944 61.569
657.142 61.558
657.340 61.581
657.538 61.587
657.736 61.524
657.934 61.533
658.132 61.552
658.330 61.555
658.528 61.576
658.726 61.648
658.924 61.731
659.122 61.729
659.320 61.745
659.518 61.723
659.716 61.730
659.914 61.810
660.112 61.837
660.310 61.817
660.508 61.800
660.706 61.801
660.904 61.788
661.102 61.785
661.300 61.855
661.498 61.858
661.696 61.874
661.893 61.924
662.091 61.910
662.289 61.875
662.487 61.892
662.685 61.891
662.883 61.842
663.081 61.810
663.279 61.797
663.477 61.747
663.675 61.781
663.873 61.838
664.071 61.807
664.269 61.735
664.467 61.684
664.665 61.695
664.863 61.753
665.061 61.833
665.259 61.864
665.457 61.885
665.655 61.895
665.853 61.865
666.051 61.830
666.249 61.817
666.447 61.902
666.645 61.951
666.843 61.902
667.041 61.838
667.239 61.778
667.437 61.755
667.635 61.708
667.833 61.724
668.031 61.733
668.229 61.759
668.427 61.800
668.625 61.817
668.823 61.824
669.021 61.870
669.219 61.913
669.417 61.935
669.615 61.880
669.813 61.878
670.011 61.855
670.209 61.845
670.407 61.805
670.605 61.721
670.803 61.685
671.001 61.723
671.199 61.701
671.397 61.592
671.595 61.619
671.792 61.732
671.990 61.709
672.188 61.655
672.386 61.654
672.584 61.675
672.782 61.727
672.980 61.748
673.178 61.735
673.376 61.719
673.574 61.804
673.772 61.757
673.970 61.701
674.168 61.795
674.366 61.925
674.564 61.953
674.762 61.940
674.960 61.936
675.158 61.974
675.356 61.973
675.554 62.011
675.752 61.984
675.950 61.986
676.148 61.998
676.346 61.960
676.544 61.899
676.742 61.874
676.940 61.914
677.138 61.919
677.336 61.860
677.534 61.803
677.732 61.807
677.930 61.866
678.128 61.917
678.326 61.918
678.524 61.905
678.722 61.908
678.920 61.956
679.118 61.958
679.316 61.962
679.514 61.972
679.712 62.009
679.910 61.964
680.108 61.920
680.306 61.888
680.504 61.848
680.702 61.848
680.900 61.840
681.098 61.819
681.296 61.792
681.494 61.820
681.691 61.809
681.889 61.807
682.087 61.821
682.285 61.768
682.483 61.727
682.681 61.834
682.879 61.888
683.077 61.937
683.275 61.931
683.473 61.881
683.671 61.809
683.869 61.826
684.067 61.833
684.265 61.882
684.463 61.987
684.661 62.025
684.859 61.959
685.057 61.923
685.255 61.905
685.453 61.941
685.651 62.018
685.849 62.083
686.047 62.103
686.245 62.146
686.443 62.138
686.641 62.115
686.839 62.176
687.037 62.187
687.235 62.148
687.433 62.142
687.631 62.158
687.829 62.202
688.027 62.193
688.225 62.208
688.423 62.161
688.621 62.114
688.819 62.150
689.017 62.180
689.215 62.192
689.413 62.234
689.611 62.241
689.809 62.193
690.007 62.122
690.205 62.104
690.403 62.113
690.601 62.134
690.799 62.184
690.997 62.176
691.195 62.143
691.393 62.153
691.591 62.182
691.788 62.160
691.986 62.196
692.184 62.229
692.382 62.295
692.580 62.325
692.778 62.318
692.976 62.321
693.174 62.312
693.372 62.275
693.570 62.239
693.768 62.269
693.966 62.304
694.164 62.256
694.362 62.226
694.560 62.223
694.758 62.181
694.956 62.203
695.154 62.167
695.352 62.214
695.550 62.229
695.748 62.214
695.946 62.196
696.144 62.220
696.342 62.304
696.540 62.356
696.744 62.333
696.948 62.323
697.152 62.310
697.357 62.358
697.561 62.314
697.765 62.331
697.969 62.434
698.173 62.433
698.377 62.413
698.581 62.382
698.786 62.401
698.990 62.429
699.194 62.421
699.398 62.400
699.602 62.383
699.806 62.429
700.010 62.458
700.215 62.452
700.419 62.469
700.623 62.462
700.827 62.414
701.031 62.359
701.235 62.387
701.440 62.449
701.644 62.488
701.848 62.542
702.052 62.541
702.256 62.524
702.460 62.508
702.664 62.449
702.869 62.454
703.073 62.550
703.277 62.569
703.481 62.575
703.685 62.632
703.889 62.633
704.093 62.572
704.298 62.493
704.502 62.471
704.706 62.481
704.910 62.490
705.114 62.419
705.318 62.366
705.522 62.333
705.727 62.258
705.931 62.149
706.135 62.103
706.339 62.076
706.543 62.094
706.747 62.132
706.951 62.143
707.156 62.170
707.360 62.260
707.564 62.278
707.768 62.288
707.972 62.321
708.176 62.387
708.380 62.473
708.585 62.508
708.789 62.512
708.993 62.491
709.197 62.388
709.401 62.351
709.605 62.297
709.810 62.280
710.014 62.321
710.218 62.310
710.422 62.289
710.626 62.304
710.830 62.323
711.034 62.301
711.239 62.280
711.443 62.366
711.647 62.418
711.851 62.447
712.055 62.440
712.259 62.433
712.463 62.466
712.668 62.502
712.872 62.488
713.076 62.547
713.280 62.658
713.484 62.687
713.688 62.700
713.892 62.692
714.097 62.703
714.301 62.742
714.505 62.742
714.709 62.733
714.913 62.686
715.117 62.629
715.321 62.558
715.526 62.513
715.730 62.574
715.934 62.576
716.138 62.610
716.342 62.637
716.546 62.600
716.750 62.621
716.955 62.612
717.159 62.638
717.363 62.649
717.567 62.578
717.771 62.528
717.975 62.441
718.180 62.414
718.384 62.385
718.588 62.368
718.792 62.448
718.996 62.526
719.200 62.523
719.404 62.485
719.609 62.540
719.813 62.645
720.017 62.682
720.221 62.698
720.425 62.730
720.629 62.756
720.833 62.753
721.038 62.651
721.242 62.580
721.446 62.616
721.650 62.708
721.854 62.753
722.058 62.809
722.262 62.790
722.467 62.807
722.671 62.775
722.875 62.782
723.079 62.850
723.283 62.952
723.487 62.966
723.691 62.953
723.896 62.864
724.100 62.753
724.304 62.637
724.508 62.677
724.712 62.640
724.916 62.636
725.120 62.628
725.325 62.584
725.529 62.530
725.733 62.518
725.937 62.586
726.141 62.668
726.345 62.692
726.550 62.709
726.754 62.710
726.958 62.785
727.162 62.813
727.366 62.796
727.570 62.825
727.774 62.866
727.979 62.841
728.183 62.708
728.387 62.600
728.591 62.609
728.795 62.655
728.999 62.664
729.203 62.660
729.408 62.650
729.612 62.702
729.816 62.663
730.020 62.613
730.224 62.561
730.428 62.611
730.632 62.661
730.837 62.726
731.041 62.723
731.245 62.690
731.449 62.692
731.653 62.734
731.857 62.649
732.061 62.625
732.266 62.575
732.470 62.590
732.674 62.584
732.878 62.648
733.082 62.636
733.286 62.667
733.490 62.742
733.695 62.771
733.899 62.717
734.103 62.817
734.307 62.938
734.511 62.986
734.715 63.011
734.920 63.033
735.124 63.007
735.328 63.001
735.532 62.994
735.736 62.995
735.940 63.019
736.144 63.093
736.349 63.083
736.553 63.024
736.757 63.065
736.961 63.143
737.165 63.195
737.369 63.178
737.573 63.144
737.778 63.119
737.982 63.052
738.186 62.974
738.390 62.954
738.594 62.870
738.798 62.814
739.002 62.877
739.207 62.841
739.411 62.795
739.615 62.806
739.819 62.817
740.023 62.790
740.227 62.749
740.431 62.762
740.636 62.719
740.840 62.731
741.044 62.770
741.248 62.690
741.452 62.671
741.656 62.702
741.860 62.667
742.065 62.696
742.269 62.743
742.473 62.785
742.677 62.775
742.881 62.823
743.085 62.849
743.290 62.842
743.494 62.889
743.698 62.940
743.902 62.915
744.106 62.967
744.310 62.926
744.514 62.899
744.719 62.929
744.923 63.010
745.127 63.058
745.331 63.128
745.535 63.131
745.739 62.986
745.943 62.851
746.148 62.797
746.352 62.781
746.556 62.820
746.760 62.819
746.964 62.762
747.168 62.687
747.372 62.655
747.577 62.588
747.781 62.614
747.985 62.767
748.189 62.852
748.393 62.878
748.597 62.901
748.801 62.880
749.006 62.898
749.210 62.975
749.414 62.925
749.618 62.812
749.822 62.774
750.026 62.702
750.230 62.615
750.435 62.629
750.639 62.698
750.843 62.675
751.047 62.653
751.251 62.611
751.455 62.529
751.660 62.596
751.864 62.697
752.068 62.756
752.272 62.824
752.476 62.889
752.680 62.915
752.884 62.888
753.089 62.811
753.293 62.805
753.497 62.852
753.701 62.855
753.905 62.860
754.109 62.799
754.313 62.711
754.518 62.663
754.722 62.649
754.926 62.716
755.130 62.702
755.334 62.719
755.538 62.721
755.742 62.678
755.947 62.714
756.151 62.700
756.355 62.758
756.559 62.788
756.763 62.767
756.967 62.750
757.171 62.663
757.376 62.589
757.580 62.577
757.784 62.588
757.988 62.586
758.192 62.532
758.396 62.619
758.600 62.611
758.805 62.645
759.009 62.761
759.213 62.905
759.417 62.974
759.621 62.990
759.825 62.977
760.030 63.033
760.234 63.156
760.438 63.186
760.642 63.062
760.846 63.030
761.050 62.988
761.254 62.840
761.459 62.677
761.663 62.487
761.867 62.421
762.071 62.319
762.275 62.158
762.479 62.022
762.683 62.059
762.888 62.080
763.092 62.040
763.296 62.037
763.500 62.035
763.709 61.989
763.918 62.062
764.126 62.121
764.335 62.270
764.544 62.434
764.753 62.519
764.962 62.496
765.171 62.423
765.379 62.466
765.588 62.539
765.797 62.584
766.006 62.597
766.215 62.562
766.424 62.538
766.632 62.511
766.841 62.432
767.050 62.338
767.259 62.350
767.468 62.554
767.677 62.562
767.885 62.457
768.094 62.445
768.303 62.533
768.512 62.599
768.721 62.595
768.929 62.628
769.138 62.679
769.347 62.689
769.556 62.690
769.765 62.534
769.974 62.480
770.182 62.534
770.391 62.540
770.600 62.451
770.809 62.391
771.018 62.445
771.227 62.390
771.435 62.405
771.644 62.478
771.853 62.390
772.062 62.342
772.271 62.316
772.480 62.347
772.688 62.385
772.897 62.402
773.106 62.484
773.315 62.410
773.524 62.433
773.732 62.425
773.941 62.411
774.150 62.484
774.359 62.536
774.568 62.583
774.777 62.515
774.985 62.506
775.194 62.523
775.403 62.472
775.612 62.509
775.821 62.505
776.030 62.447
776.238 62.409
776.447 62.358
776.656 62.403
776.865 62.465
777.074 62.558
777.283 62.589
777.491 62.552
777.700 62.581
777.909 62.608
778.118 62.646
778.327 62.647
778.535 62.643
778.744 62.700
778.953 62.652
779.162 62.503
779.371 62.419
779.580 62.441
779.788 62.529
779.997 62.478
780.206 62.391
780.415 62.310
780.624 62.265
780.833 62.249
781.041 62.194
781.250 62.103
781.459 62.215
781.668 62.271
781.877 62.083
782.086 61.928
782.294 61.888
782.503 61.967
782.712 62.006
782.921 62.011
783.130 62.070
783.338 62.215
783.547 62.303
783.756 62.285
783.965 62.283
784.174 62.380
784.383 62.478
784.591 62.481
784.800 62.520
785.009 62.537
785.218 62.573
785.427 62.550
785.636 62.379
785.844 62.238
786.053 62.105
786.262 62.064
786.471 62.052
786.680 61.957
786.889 61.961
787.097 61.880
787.306 61.893
787.515 61.871
787.724 61.805
787.933 61.825
788.141 61.890
788.350 61.960
788.559 61.985
788.768 62.005
788.977 62.071
789.186 62.061
789.394 61.908
789.603 61.789
789.812 61.709
790.021 61.633
790.230 61.653
790.439 61.774
790.647 61.782
790.856 61.599
791.065 61.546
791.274 61.583
791.483 61.654
791.692 61.814
791.900 61.762
792.109 61.792
792.318 61.957
792.527 61.955
792.736 61.869
792.944 61.946
793.153 62.108
793.362 62.125
793.571 62.009
793.780 61.927
793.989 61.996
794.197 62.154
794.406 62.188
794.615 62.094
794.824 62.060
795.033 62.109
795.242 62.088
795.450 61.936
795.659 61.840
795.868 61.776
796.077 61.743
796.286 61.699
796.495 61.663
796.703 61.712
796.912 61.745
797.121 61.733
797.330 61.749
797.539 61.628
797.747 61.596
797.956 61.683
798.165 61.816
798.374 61.882
798.583 61.773
798.792 61.727
799.000 61.688
799.209 61.756
799.418 61.831
799.627 61.784
799.836 61.767
800.045 62.001
800.253 61.975
800.462 61.971
800.671 61.956
800.880 62.031
801.089 62.086
801.298 62.055
801.506 61.860
801.715 61.777
801.924 61.778
802.133 61.865
802.342 61.773
802.550 61.784
802.759 61.848
802.968 61.880
803.177 61.801
803.386 61.820
803.595 61.840
803.803 61.926
804.012 61.933
804.221 61.916
804.430 61.917
804.639 61.979
804.848 62.018
805.056 61.948
805.265 61.977
805.474 62.062
805.683 62.065
805.892 62.058
806.101 62.064
806.309 62.000
806.518 61.933
806.727 61.862
806.936 61.871
807.145 61.937
807.353 61.988
807.562 61.926
807.771 61.999
807.980 61.971
808.189 61.852
808.398 61.758
808.606 61.795
808.815 61.877
809.024 61.888
809.233 61.798
809.442 61.779
809.651 61.639
809.859 61.627
810.068 61.586
810.277 61.515
810.486 61.582
810.695 61.605
810.904 61.606
811.112 61.629
811.321 61.606
811.530 61.600
811.740 61.457
811.949 61.529
812.159 61.468
812.368 61.346
812.578 61.351
812.787 61.470
812.997 61.891
813.206 62.076
813.416 62.136
813.625 62.168
813.835 62.015
814.044 62.091
814.254 62.143
814.463 62.164
814.673 62.257
814.882 62.370
815.092 62.292
815.301 61.856
815.511 61.730
815.720 61.703
815.930 61.771
816.139 61.961
816.349 61.832
816.558 61.720
816.768 61.865
816.977 61.833
817.187 61.745
817.396 61.734
817.606 61.860
817.815 61.899
818.025 61.705
818.234 61.541
818.444 61.535
818.653 61.689
818.863 61.784
819.072 61.719
819.282 61.913
819.491 62.085
819.701 62.071
819.910 62.055
820.120 62.101
820.329 62.403
820.539 62.588
820.748 62.581
820.958 62.587
821.167 62.694
821.377 62.783
821.586 62.614
821.796 62.457
822.005 62.575
822.215 62.606
822.424 62.435
822.634 62.110
822.843 62.045
823.053 62.044
823.262 62.122
823.472 62.108
823.681 62.034
823.891 62.128
824.100 62.336
824.310 62.305
824.519 62.139
824.729 62.092
824.938 62.175
825.148 62.089
825.357 62.073
825.567 61.963
825.776 61.825
825.986 61.708
826.195 61.488
826.405 61.184
826.614 61.104
826.824 61.281
827.033 61.485
827.243 61.565
827.452 61.674
827.662 61.740
827.871 61.743
828.081 61.833
828.290 62.082
828.500 62.178
828.709 62.344
828.919 62.412
829.128 62.255
829.338 62.139
829.547 62.175
829.757 62.170
829.966 61.965
830.176 61.785
830.385 61.728
830.595 61.714
830.804 61.678
831.014 61.418
831.223 61.361
831.433 61.538
831.642 61.562
831.852 61.401
832.061 61.223
832.271 61.316
832.480 61.566
832.690 61.555
832.899 61.418
833.109 61.762
833.318 62.141
833.528 62.143
833.737 61.982
833.947 62.069
834.156 62.254
834.366 62.572
834.575 62.574
834.785 62.399
834.994 62.448
835.204 62.430
835.413 62.221
835.623 62.115
835.832 62.128
836.042 62.209
836.251 62.246
836.461 62.128
836.670 61.957
836.880 61.952
837.089 62.054
837.299 61.988
837.508 62.038
837.718 62.017
837.927 62.033
838.137 62.002
838.346 61.894
838.556 61.796
838.765 61.820
838.975 61.893
839.184 62.025
839.394 61.960
839.603 61.918
839.813 62.001
840.022 61.934
840.232 61.776
840.441 61.810
840.651 61.987
840.860 62.014
841.070 62.077
841.279 62.209
841.489 62.123
841.698 62.171
841.908 62.166
842.117 61.982
842.327 61.885
842.536 62.060
842.746 62.137
842.955 62.175
843.165 62.297
843.374 62.397
843.584 62.290
843.793 62.284
844.003 62.358
844.212 62.518
844.422 62.558
844.631 62.547
844.841 62.351
845.050 62.300
845.260 62.379
845.469 62.318
845.679 62.185
845.888 62.170
846.098 62.296
846.307 62.288
846.517 62.193
846.726 62.144
846.936 62.487
847.145 62.728
847.355 62.703
847.564 62.452
847.774 62.851
847.983 63.809
848.193 63.888
848.402 63.732
848.612 63.590
848.821 63.630
849.031 63.698
849.240 63.454
849.450 63.263
849.659 63.222
849.869 63.243
850.078 62.757
850.288 61.971
850.497 61.963
850.707 62.049
850.916 62.103
851.126 62.084
851.335 62.066
851.545 62.054
851.754 62.162
851.964 62.280
852.173 62.284
852.383 62.101
852.592 61.845
852.802 61.887
853.011 61.963
853.221 61.985
853.430 61.981
853.640 62.133
853.849 62.343
854.059 62.264
854.268 62.151
854.478 62.328
854.687 62.655
854.897 62.774
855.106 62.688
855.316 62.575
855.525 62.594
855.735 62.576
855.944 62.457
856.154 62.436
856.363 62.479
856.573 62.502
856.782 62.088
856.992 61.678
857.201 61.720
857.411 61.758
857.620 61.822
857.830 61.756
858.039 61.632
858.249 61.561
858.458 61.380
858.668 61.419
858.877 61.377
859.087 61.713
859.296 62.103
859.506 62.070
859.715 61.919
859.925 61.763
860.134 61.752
860.344 61.843
860.553 61.941
860.763 62.098
860.972 62.066
861.182 62.136
861.391 62.276
861.601 61.986
861.810 61.908
862.020 61.955
862.229 62.049
862.439 62.079
862.648 62.136
862.858 62.003
863.067 61.782
863.277 61.778
863.486 62.005
863.696 61.909
863.905 61.980
864.115 62.163
864.324 62.274
864.534 62.258
864.743 62.233
864.953 62.233
865.162 62.374
865.372 62.400
865.581 62.298
865.791 62.311
866.000 62.203
866.210 62.452
866.419 62.559
866.629 62.478
866.838 62.498
867.048 62.502
867.257 62.585
867.467 62.679
867.676 62.899
867.886 62.938
868.095 62.697
868.305 62.623
868.514 62.411
868.724 62.059
868.933 62.081
869.143 62.005
869.352 61.945
869.562 61.922
869.771 62.030
869.981 61.956
870.190 61.923
870.400 61.931
870.609 62.049
870.819 62.103
871.028 62.333
871.238 62.506
871.447 62.642
871.657 62.732
871.866 62.554
872.076 62.587
872.285 62.427
872.495 62.428
872.704 62.437
872.914 62.565
873.123 62.723
873.333 62.635
873.542 62.344
873.752 62.240
873.961 62.427
874.171 62.462
874.380 61.836
874.590 61.857
874.799 62.338
875.009 62.516
875.218 62.678
875.428 62.413
875.637 62.423
875.847 62.952
876.056 63.147
876.266 62.964
876.475 63.124
876.685 63.596
876.894 63.967
877.104 63.659
877.313 63.506
877.523 63.471
877.732 63.714
877.942 63.755
878.151 63.303
878.361 63.047
878.570 63.075
878.780 63.040
878.989 63.089
879.199 63.120
879.408 62.965
879.618 62.680
879.827 62.373
880.037 62.510
880.246 62.664
880.456 62.702
880.665 62.714
880.875 62.821
881.084 63.110
881.294 63.032
881.503 62.486
881.713 62.511
881.922 62.864
882.132 62.860
882.341 62.559
882.551 62.440
882.760 62.592
882.970 62.751
883.179 62.903
883.389 62.780
883.598 62.843
883.808 63.122
884.017 63.376
884.227 63.149
884.436 62.940
884.646 62.857
884.855 62.645
885.065 62.481
885.274 62.534
885.484 62.704
885.693 62.831
885.903 62.430
886.112 62.197
886.322 62.191
886.531 62.576
886.741 62.997
886.950 63.241
887.160 63.357
887.369 63.278
887.579 63.213
887.788 62.809
887.998 62.690
888.207 63.032
888.417 63.236
888.626 63.090
888.836 62.661
889.045 62.335
889.255 62.288
889.464 62.632
889.674 62.856
889.883 62.664
890.093 62.540
890.302 62.201
890.512 62.233
890.721 62.516
890.931 62.553
891.140 62.774
891.350 62.863
891.559 62.852
891.769 62.669
891.978 62.629
892.188 62.993
892.397 63.080
892.607 63.339
892.816 63.516
893.026 63.021
893.235 62.752
893.445 62.857
893.654 63.143
893.864 63.334
894.073 63.240
894.283 63.134
894.492 62.843
894.702 62.880
894.911 63.143
895.121 62.944
895.330 62.935
895.540 63.151
895.749 63.227
895.959 63.188
896.168 63.201
896.378 63.245
896.587 63.547
896.797 63.561
897.006 63.479
897.216 63.325
897.425 63.237
897.635 63.355
897.844 63.319
898.054 63.071
898.263 63.013
898.473 62.741
898.682 62.492
898.892 62.478
899.101 62.917
899.311 62.983
899.520 62.564
899.730 62.613
899.939 62.731
900.149 62.781
900.358 62.771
900.568 62.903
900.777 63.353
900.987 63.576
901.196 63.082
901.406 62.724
901.615 62.889
901.825 63.235
902.034 63.036
902.244 62.900
902.453 62.895
902.663 62.906
902.872 62.610
903.082 62.345
903.291 62.459
903.501 62.684
903.710 62.610
903.920 62.768
904.129 62.687
904.339 62.880
904.548 62.981
904.758 62.851
904.967 62.923
905.177 63.150
905.386 63.260
905.596 63.153
905.805 63.391
906.015 63.842
906.224 63.795
906.434 63.725
906.643 63.755
906.853 63.668
907.062 63.958
907.272 63.859
907.481 63.640
907.691 63.767
907.900 63.678
908.110 63.507
908.319 63.397
908.529 63.024
908.738 62.698
908.948 62.576
909.157 62.437
909.367 62.194
909.576 62.539
909.786 62.794
909.995 62.505
910.205 62.454
910.414 62.088
910.624 61.876
910.833 62.232
911.043 62.344
911.252 62.511
911.462 63.161
911.672 63.412
911.881 63.211
912.091 62.755
912.300 62.785
912.512 62.847
912.724 63.071
912.937 63.093
913.149 63.194
913.361 63.782
913.573 63.565
913.786 62.974
913.998 62.922
914.210 62.759
914.422 63.290
914.634 63.087
914.847 62.901
915.059 62.789
915.271 62.827
915.483 62.391
915.696 62.058
915.908 62.364
916.120 62.563
916.332 62.547
916.544 62.884
916.757 62.678
916.969 62.691
917.181 62.811
917.393 62.951
917.606 62.862
917.818 63.031
918.030 62.991
918.242 62.942
918.454 62.851
918.667 62.945
918.879 62.969
919.091 62.969
919.303 62.930
919.516 63.013
919.728 63.368
919.940 63.803
920.152 63.985
920.364 63.874
920.577 63.585
920.789 63.321
921.001 63.051
921.213 63.340
921.426 63.892
921.638 64.352
921.850 63.965
922.062 63.453
922.274 63.035
922.487 63.046
922.699 63.244
922.911 63.451
923.123 64.035
923.336 64.338
923.548 63.940
923.760 63.687
923.972 63.612
924.184 63.730
924.397 63.839
924.609 64.054
924.821 64.157
925.033 64.268
925.246 64.166
925.458 64.000
925.670 63.987
925.882 64.064
926.094 63.536
926.307 63.229
926.519 63.478
926.731 63.561
926.943 63.250
927.156 62.621
927.368 62.148
927.580 62.274
927.792 62.565
928.004 62.845
928.217 62.614
928.429 63.125
928.641 63.515
928.853 63.689
929.066 63.914
929.278 64.205
929.490 64.505
929.702 64.998
929.914 65.013
930.127 65.089
930.339 65.113
930.551 65.502
930.763 65.317
930.976 65.151
931.188 65.143
931.400 64.651
931.612 64.406
931.824 64.630
932.037 64.653
932.249 64.944
932.461 64.787
932.673 64.512
932.886 64.522
933.098 64.643
933.310 64.818
933.522 65.318
933.734 66.115
933.947 66.332
934.159 66.400
934.371 66.496
934.583 66.035
934.796 65.577
935.008 65.290
935.220 65.267
935.432 64.900
935.644 64.632
935.857 64.284
936.069 63.677
936.281 63.442
936.493 62.666
936.706 62.995
936.918 64.116
937.130 64.390
937.342 64.710
937.554 64.899
937.767 65.634
937.979 65.989
938.191 65.930
938.403 66.573
938.616 66.590
938.828 67.393
939.040 67.455
939.252 67.101
939.464 66.746
939.677 66.663
939.889 66.019
940.101 65.702
940.313 66.325
940.526 66.292
940.738 65.752
940.950 65.866
941.162 65.431
941.374 65.472
941.587 65.925
941.799 66.520
942.011 66.431
942.223 66.946
942.436 67.153
942.648 66.383
942.860 66.490
943.072 66.055
943.284 66.447
943.497 66.607
943.709 65.573
943.921 64.585
944.133 65.220
944.346 65.792
944.558 65.969
944.770 65.639
944.982 65.327
945.194 65.344
945.407 65.782
945.619 65.065
945.831 65.393
946.043 66.221
946.256 66.745
946.468 66.394
946.680 65.958
946.892 65.563
947.104 65.562
947.317 65.842
947.529 65.506
947.741 66.343
947.953 67.455
948.166 66.757
948.378 66.700
948.590 67.741
948.802 67.599
949.014 67.875
949.227 67.670
949.439 67.778
949.651 68.373
949.863 69.783
950.076 69.724
950.288 69.434
950.500 70.131
950.712 69.460
950.924 68.092
951.137 68.975
951.349 70.123
951.561 70.586
951.773 71.551
951.986 71.895
952.198 70.033
952.410 68.179
952.622 66.477
952.834 66.397
953.047 68.063
953.259 67.702
953.471 65.849
953.683 64.029
953.896 64.835
954.108 64.919
954.320 63.543
954.532 63.321
954.744 65.021
954.957 67.000
955.169 66.921
955.381 66.497
955.593 66.684
955.806 66.350
956.018 66.555
956.230 66.320
956.442 65.219
956.654 65.957
956.867 66.498
957.079 66.096
957.291 66.718
957.503 68.167
957.716 67.776
957.928 68.139
958.140 68.652
958.352 69.068
958.564 68.511
958.777 67.583
958.989 66.538
959.201 67.894
959.413 68.878
959.626 67.415
959.838 65.672
960.050 65.149
960.262 64.853
960.474 65.925
960.687 67.367
960.899 68.171
961.111 68.905
961.323 69.499
961.536 68.512
961.748 68.093
961.960 68.730
962.172 67.915
962.384 67.056
962.597 67.593
962.809 68.783
963.021 67.522
963.233 65.713
963.446 65.362
963.658 65.230
963.870 65.957
964.082 66.759
964.294 67.130
964.507 67.765
964.719 68.532
964.931 68.478
965.143 67.187
965.356 67.522
965.568 68.787
965.780 70.127
966.000 70.387
966.221 69.273
966.441 68.350
966.662 68.897
966.882 69.942
967.103 69.648
967.323 68.205
967.543 67.989
967.764 67.616
967.984 67.169
968.205 66.173
968.425 67.078
968.645 67.354
968.866 66.687
969.086 65.726
969.307 65.335
969.527 66.327
969.748 67.615
969.968 67.880
970.188 67.499
970.409 66.769
970.629 67.453
970.850 68.614
971.070 68.730
971.290 69.328
971.511 69.116
971.731 69.876
971.952 70.529
972.172 69.526
972.393 69.036
972.613 70.024
972.833 71.613
973.054 72.287
973.274 70.352
973.495 70.061
973.715 70.873
973.936 72.436
974.156 71.881
974.376 71.774
974.597 73.184
974.817 72.927
975.038 71.585
975.258 70.247
975.478 69.555
975.699 70.255
975.919 71.349
976.140 71.138
976.360 69.733
976.581 69.378
976.801 68.530
977.021 67.585
977.242 66.758
977.462 66.800
977.683 69.321
977.903 69.639
978.123 70.454
978.344 70.204
978.564 69.536
978.785 69.273
979.005 70.098
979.226 71.302
979.446 72.265
979.666 73.147
979.887 73.439
980.107 72.052
980.328 71.741
980.548 71.845
980.769 72.088
980.989 70.653
981.209 71.053
981.430 71.847
981.650 71.121
981.871 71.388
982.091 72.055
982.311 72.892
982.532 71.461
982.752 71.239
982.973 70.287
983.193 69.571
983.414 71.036
983.634 70.759
983.854 68.519
984.075 68.917
984.295 69.017
984.516 68.398
984.736 68.707
984.956 70.283
985.177 70.606
985.397 69.258
985.618 69.428
985.838 70.466
986.059 70.823
986.279 71.450
986.499 70.801
986.720 70.073
986.940 71.581
987.161 69.739
987.381 68.220
987.602 68.610
987.822 71.212
988.042 71.004
988.263 70.344
988.483 70.665
988.704 70.271
988.924 69.319
989.144 69.842
989.365 69.864
989.585 73.524
989.806 74.913
990.026 73.919
990.247 71.797
990.467 71.233
990.687 71.088
990.908 70.844
991.128 72.183
991.349 74.221
991.569 73.964
991.789 73.356
992.010 71.604
992.230 70.688
992.451 69.643
992.671 69.372
992.892 72.679
993.112 73.686
993.332 72.187
993.553 70.528
993.773 70.507
993.994 69.313
994.214 68.426
994.435 66.918
994.655 67.821
994.875 68.887
995.096 70.866
995.316 70.461
995.537 67.384
995.757 66.139
995.977 66.728
996.198 63.183
996.418 62.449
996.639 63.507
996.859 64.123
997.080 63.729
997.300 65.421
997.520 63.852
997.741 59.075
997.961 60.300
998.182 61.746
998.402 60.286
998.622 64.921
998.843 70.488
999.063 70.125
999.284 70.195
999.504 69.320
999.725 68.589
999.945 70.281
1000.165 75.207
1000.386 75.656
1000.606 76.951
1000.827 79.712
1001.047 76.859
1001.268 70.863
1001.488 70.252
1001.708 74.196
1001.929 77.278
1002.149 77.013
1002.370 73.439
1002.590 71.679
1002.810 75.223
1003.031 74.508
1003.251 72.105
1003.472 74.058
1003.692 77.408
1003.913 78.502
1004.133 73.036
1004.353 70.395
1004.574 70.959
1004.794 75.402
1005.015 79.234
1005.235 74.290
1005.455 71.779
1005.676 72.018
1005.896 70.288
1006.117 66.953
1006.337 65.702
1006.558 70.702
1006.778 70.305
1006.998 66.208
1007.219 62.573
1007.439 57.323
1007.660 59.114
1007.880 63.437
1008.101 64.988
1008.321 62.348
1008.541 62.413
1008.762 63.794
1008.982 61.500
1009.203 62.606
1009.423 64.088
1009.643 63.586
1009.864 64.022
1010.084 60.747
1010.305 59.488
1010.525 61.649
1010.746 61.715
1010.966 57.993
1011.186 55.996
1011.407 56.829
1011.627 57.731
1011.848 58.177
1012.068 59.115
1012.288 58.677
1012.509 61.591
1012.729 60.378
1012.950 54.549
