290.982 83.662
291.167 85.400
291.352 86.664
291.537 87.446
291.722 87.379
291.907 91.032
292.091 91.439
292.276 89.256
292.461 87.691
292.646 87.428
292.831 88.752
293.016 85.892
293.201 81.746
293.386 79.901
293.571 80.274
293.756 80.680
293.940 79.848
294.125 77.864
294.310 80.241
294.495 82.716
294.680 82.331
294.865 80.705
295.050 82.674
295.235 84.475
295.420 83.676
295.605 81.711
295.789 83.731
295.974 86.002
296.159 85.895
296.344 84.700
296.529 83.094
296.714 82.954
296.899 83.064
297.084 83.174
297.269 83.416
297.454 84.724
297.638 85.428
297.823 83.086
298.008 81.547
298.193 81.932
298.378 82.162
298.563 82.311
298.748 84.591
298.933 85.677
299.118 84.887
299.303 85.272
299.487 84.874
299.672 83.927
299.857 82.109
300.042 83.674
300.227 83.949
300.412 83.196
300.597 83.181
300.782 80.259
300.967 79.186
301.152 78.992
301.336 79.146
301.521 79.810
301.706 81.818
301.891 83.377
302.076 82.176
302.261 81.637
302.446 82.999
302.631 82.978
302.816 85.489
303.001 85.750
303.185 84.081
303.370 82.844
303.555 81.540
303.740 79.422
303.925 77.982
304.110 76.773
304.295 77.541
304.480 77.287
304.665 76.620
304.850 74.713
305.034 73.302
305.219 74.138
305.404 74.743
305.589 75.822
305.774 76.421
305.959 77.097
306.144 77.242
306.329 75.138
306.514 73.286
306.699 72.645
306.883 72.169
307.068 72.936
307.253 74.043
307.438 75.305
307.623 74.954
307.808 73.501
307.993 72.906
308.178 73.009
308.363 73.622
308.548 75.653
308.732 77.356
308.917 77.212
309.102 76.712
309.287 75.839
309.472 75.157
309.657 76.436
309.842 76.355
310.027 74.156
310.212 72.589
310.397 72.187
310.581 70.807
310.766 69.947
310.951 69.751
311.136 68.548
311.321 68.196
311.506 66.997
311.691 65.074
311.876 64.947
312.061 65.972
312.245 68.665
312.430 70.795
312.615 71.069
312.800 69.866
312.985 68.521
313.170 68.953
313.347 69.858
313.523 69.291
313.700 68.666
313.877 68.863
314.054 69.979
314.230 68.784
314.407 65.927
314.584 64.398
314.761 63.836
314.937 63.920
315.114 64.913
315.291 64.412
315.467 64.539
315.644 63.152
315.821 61.988
315.998 61.051
316.174 60.483
316.351 61.674
316.528 62.267
316.704 61.689
316.881 61.405
317.058 60.746
317.235 60.514
317.411 60.583
317.588 62.168
317.765 62.865
317.942 63.225
318.118 63.717
318.295 62.348
318.472 60.979
318.648 61.518
318.825 61.448
319.002 60.032
319.179 59.646
319.355 60.444
319.532 61.059
319.709 60.537
319.885 60.517
320.062 60.253
320.239 60.446
320.416 61.731
320.592 61.739
320.769 62.021
320.946 63.124
321.123 63.015
321.299 61.861
321.476 60.405
321.653 61.381
321.829 60.754
322.006 59.089
322.183 58.503
322.360 57.225
322.536 57.581
322.713 58.411
322.890 58.575
323.066 57.944
323.243 57.839
323.420 59.883
323.597 59.229
323.773 58.072
323.950 59.093
324.127 60.581
324.304 61.071
324.480 59.632
324.657 58.763
324.834 58.300
325.010 58.395
325.187 58.062
325.364 56.290
325.541 55.741
325.717 56.300
325.894 55.340
326.071 53.602
326.248 53.288
326.424 54.308
326.601 53.863
326.778 53.047
326.954 52.615
327.131 52.284
327.308 51.604
327.485 51.708
327.661 51.983
327.838 52.829
328.015 53.229
328.191 52.835
328.368 52.170
328.545 51.255
328.722 51.105
328.898 52.229
329.075 52.517
329.252 52.073
329.429 51.723
329.605 52.710
329.782 53.115
329.959 52.960
330.135 52.587
330.312 52.832
330.489 53.365
330.666 52.893
330.842 51.150
331.019 50.628
331.196 51.118
331.372 51.537
331.549 49.885
331.726 48.308
331.903 47.956
332.079 48.370
332.256 47.515
332.433 46.462
332.610 46.146
332.786 47.019
332.963 47.189
333.140 46.437
333.316 47.075
333.493 46.884
333.670 46.551
333.847 47.452
334.023 47.089
334.200 46.254
334.377 45.995
334.553 46.310
334.730 45.530
334.907 44.694
335.084 44.900
335.260 44.160
335.437 44.460
335.614 45.212
335.791 44.119
335.967 44.169
336.144 45.257
336.321 46.127
336.497 46.245
336.674 46.375
336.851 46.898
337.028 46.497
337.204 45.466
337.381 46.134
337.558 46.872
337.734 46.546
337.911 45.566
338.088 45.170
338.265 46.131
338.441 46.274
338.618 44.878
338.795 44.160
338.972 44.843
339.148 45.696
339.325 44.709
339.502 42.621
339.678 42.354
339.855 42.647
340.032 42.106
340.209 40.763
340.385 40.212
340.562 40.357
340.739 40.251
340.916 39.321
341.092 39.049
341.269 39.594
341.446 40.188
341.622 40.231
341.799 40.475
341.976 41.069
342.153 41.472
342.329 41.860
342.506 42.775
342.683 42.484
342.859 42.028
343.036 41.700
343.213 41.052
343.390 40.567
343.566 40.482
343.743 39.866
343.920 39.085
344.097 38.266
344.273 37.505
344.450 36.622
344.627 37.172
344.803 38.378
344.980 38.181
345.157 37.561
345.334 37.583
345.510 37.563
345.687 37.583
345.864 38.277
346.040 38.607
346.217 38.749
346.394 38.869
346.571 38.183
346.747 36.227
346.924 35.946
347.101 37.277
347.278 37.824
347.454 38.321
347.631 37.933
347.808 36.584
347.984 36.589
348.161 37.066
348.338 37.232
348.515 37.119
348.691 37.686
348.868 37.458
349.045 35.650
349.221 34.736
349.398 33.606
349.575 33.891
349.752 35.086
349.928 34.647
350.105 33.666
350.282 32.905
350.459 33.502
350.635 34.020
350.812 33.721
350.989 34.458
351.165 35.337
351.342 35.529
351.519 34.902
351.696 34.015
351.872 33.794
352.049 33.693
352.226 34.631
352.402 34.327
352.579 33.853
352.756 34.216
352.933 33.832
353.109 32.492
353.286 31.787
353.463 32.043
353.640 32.089
353.816 31.565
353.993 31.383
354.170 30.612
354.346 30.417
354.523 30.454
354.700 30.022
354.877 30.085
355.053 30.118
355.230 30.553
355.407 30.892
355.584 31.287
355.760 31.930
355.937 32.294
356.114 32.573
356.290 32.233
356.467 32.117
356.644 31.961
356.821 31.437
356.997 32.043
357.174 32.218
357.351 31.929
357.527 31.621
357.704 31.143
357.881 31.348
358.058 31.822
358.234 32.203
358.411 31.990
358.588 31.682
358.765 31.490
358.941 31.061
359.118 30.784
359.295 30.441
359.471 29.613
359.648 29.268
359.825 28.735
360.002 27.798
360.178 27.646
360.355 27.838
360.532 27.993
360.708 27.920
360.885 27.673
361.062 26.876
361.239 26.452
361.415 26.814
361.592 26.970
361.769 26.851
361.946 27.266
362.122 27.234
362.299 26.329
362.476 26.152
362.652 26.325
362.829 26.678
363.006 27.005
363.183 27.458
363.359 27.443
363.536 27.018
363.713 26.859
363.889 26.521
364.066 25.817
364.243 25.847
364.420 25.748
364.596 25.518
364.773 24.901
364.950 25.240
365.127 25.429
365.303 25.237
365.480 25.703
365.661 25.850
365.841 25.932
366.022 26.084
366.202 26.268
366.383 26.115
366.563 25.999
366.744 26.101
366.924 25.698
367.105 25.373
367.286 25.081
367.466 24.457
367.647 24.361
367.827 23.914
368.008 23.842
368.188 23.573
368.369 23.527
368.549 23.530
368.730 22.820
368.911 22.599
369.091 22.626
369.272 22.546
369.452 22.632
369.633 22.188
369.813 22.161
369.994 22.468
370.174 22.376
370.355 22.036
370.535 21.838
370.716 22.298
370.897 22.132
371.077 21.325
371.258 21.622
371.438 22.375
371.619 22.678
371.799 22.426
371.980 21.679
372.160 21.673
372.341 22.039
372.522 22.030
372.702 22.142
372.883 22.361
373.063 22.742
373.244 22.624
373.424 21.919
373.605 21.812
373.785 21.959
373.966 21.928
374.147 21.850
374.327 21.826
374.508 22.007
374.688 21.662
374.869 21.699
375.049 22.019
375.230 22.392
375.410 22.499
375.591 22.190
375.772 22.078
375.952 22.460
376.133 22.421
376.313 22.018
376.494 21.374
376.674 21.248
376.855 21.161
377.035 20.460
377.216 20.102
377.397 20.072
377.577 20.027
377.758 19.799
377.938 19.563
378.119 19.399
378.299 19.399
378.480 19.582
378.660 19.697
378.841 19.539
379.021 19.289
379.202 18.700
379.383 18.176
379.563 17.947
379.744 17.759
379.924 17.395
380.105 17.406
380.285 17.142
380.466 16.780
380.646 16.412
380.827 16.026
381.008 16.294
381.188 16.717
381.369 17.178
381.549 16.987
381.730 16.977
381.910 17.243
382.091 17.067
382.271 17.178
382.452 17.379
382.633 17.315
382.813 17.595
382.994 17.745
383.174 17.283
383.355 16.795
383.535 16.939
383.716 16.941
383.896 16.531
384.077 16.524
384.258 16.645
384.438 16.777
384.619 16.934
384.799 16.553
384.980 16.202
385.160 15.993
385.341 15.697
385.521 15.505
385.702 15.362
385.882 15.619
386.063 15.686
386.244 15.460
386.424 15.224
386.605 14.988
386.785 15.057
386.966 15.000
387.146 14.943
387.327 14.976
387.507 15.013
387.688 15.141
387.869 15.015
388.049 15.099
388.230 15.148
388.410 15.181
388.591 15.049
388.771 15.024
388.952 15.006
389.132 14.856
389.313 14.824
389.494 14.650
389.674 14.456
389.855 14.250
390.035 14.085
390.216 14.076
390.396 14.074
390.577 14.117
390.757 13.826
390.938 13.739
391.119 13.842
391.299 13.740
391.480 13.760
391.660 13.886
391.841 13.985
392.021 13.713
392.202 13.435
392.382 13.284
392.563 13.270
392.743 13.336
392.924 13.220
393.105 13.103
393.285 13.101
393.466 13.076
393.646 12.999
393.827 12.931
394.007 12.659
394.188 12.671
394.368 12.636
394.549 12.504
394.730 12.378
394.910 12.449
395.091 12.540
395.271 12.916
395.452 13.121
395.632 12.741
395.813 12.524
395.993 12.696
396.174 12.643
396.355 12.478
396.535 12.557
396.716 12.827
396.896 13.016
397.077 13.003
397.257 12.520
397.438 12.074
397.618 12.082
397.799 12.071
397.980 12.196
398.160 12.269
398.341 12.308
398.521 12.181
398.702 11.816
398.882 11.398
399.063 11.280
399.243 11.420
399.424 11.562
399.605 11.802
399.785 11.784
399.966 11.564
400.146 11.425
400.327 11.465
400.507 11.673
400.688 11.693
400.868 11.640
401.049 11.604
401.229 11.381
401.410 11.315
401.591 11.349
401.771 11.553
401.952 11.655
402.132 11.592
402.313 11.490
402.493 11.332
402.674 11.455
402.854 11.581
403.035 11.751
403.216 11.655
403.396 11.638
403.577 11.508
403.757 11.164
403.938 10.928
404.118 10.766
404.299 10.510
404.479 10.319
404.660 10.097
404.841 9.968
405.023 9.749
405.204 9.691
405.385 9.664
405.566 9.613
405.748 9.508
405.929 9.550
406.110 9.956
406.292 10.259
406.473 10.503
406.654 10.634
406.835 10.565
407.017 10.424
407.198 10.454
407.379 10.343
407.560 10.233
407.742 10.227
407.923 10.144
408.104 9.705
408.286 9.426
408.467 9.190
408.648 9.301
408.829 9.679
409.011 9.799
409.192 9.796
409.373 9.792
409.555 9.794
409.736 9.899
409.917 10.014
410.098 10.156
410.280 10.226
410.461 10.233
410.642 9.937
410.823 9.384
411.005 9.289
411.186 9.484
411.367 9.591
411.549 9.630
411.730 9.659
411.911 9.527
412.092 9.438
412.274 9.490
412.455 9.473
412.636 9.529
412.818 9.733
412.999 9.742
413.180 9.632
413.361 9.587
413.543 9.556
413.724 9.583
413.905 9.669
414.087 9.751
414.268 9.677
414.449 9.654
414.630 9.632
414.812 9.652
414.993 9.748
415.174 9.645
415.355 9.502
415.537 9.408
415.718 9.377
415.899 9.365
416.081 9.304
416.262 9.237
416.443 9.163
416.624 9.110
416.806 8.975
416.987 8.777
417.168 8.622
417.350 8.576
417.531 8.610
417.712 8.533
417.893 8.449
418.075 8.520
418.256 8.450
418.437 8.308
418.618 8.191
418.800 8.161
418.981 8.338
419.162 8.481
419.344 8.628
419.525 8.727
419.706 8.718
419.887 8.630
420.069 8.483
420.250 8.568
420.431 8.669
420.613 8.772
420.794 8.767
420.975 8.570
421.156 8.503
421.338 8.360
421.519 8.156
421.700 8.047
421.882 8.025
422.063 7.933
422.244 7.827
422.425 7.799
422.607 7.673
422.788 7.623
422.969 7.657
423.150 7.805
423.332 8.046
423.513 8.123
423.694 8.008
423.876 7.973
424.057 8.033
424.238 8.028
424.419 8.217
424.601 8.648
424.782 8.762
424.963 8.792
425.145 8.649
425.326 8.398
425.507 8.271
425.688 8.407
425.870 8.369
426.051 8.242
426.232 8.210
426.413 8.033
426.595 7.574
426.776 7.318
426.957 7.277
427.139 7.400
427.320 7.347
427.501 7.305
427.682 7.149
427.864 7.206
428.045 7.329
428.226 7.364
428.408 7.372
428.589 7.420
428.770 7.515
428.951 7.393
429.133 7.179
429.314 7.184
429.495 7.222
429.677 7.304
429.858 7.273
430.039 7.176
430.220 7.118
430.402 7.064
430.583 7.117
430.764 7.110
430.945 7.185
431.127 7.121
431.308 7.096
431.489 7.112
431.671 7.054
431.852 6.992
432.033 6.964
432.214 6.992
432.396 7.006
432.577 6.884
432.758 6.839
432.940 6.868
433.121 6.907
433.302 6.834
433.483 6.873
433.665 6.997
433.846 7.116
434.027 7.168
434.208 7.140
434.390 7.115
434.571 7.127
434.752 7.152
434.934 7.128
435.115 7.202
435.296 7.262
435.477 7.179
435.659 7.131
435.840 7.118
436.030 7.188
436.220 7.130
436.410 7.058
436.600 7.087
436.790 7.163
436.980 7.222
437.170 7.173
437.360 7.140
437.550 7.155
437.741 7.126
437.931 7.043
438.121 6.985
438.311 7.014
438.501 7.077
438.691 7.147
438.881 7.081
439.071 6.974
439.261 6.937
439.451 6.906
439.641 6.877
439.831 6.790
440.021 6.734
440.211 6.688
440.401 6.718
440.591 6.713
440.781 6.684
440.971 6.688
441.161 6.604
441.351 6.534
441.542 6.532
441.732 6.531
441.922 6.572
442.112 6.639
442.302 6.694
442.492 6.648
442.682 6.523
442.872 6.355
443.062 6.254
443.252 6.287
443.442 6.384
443.632 6.380
443.822 6.316
444.012 6.218
444.202 6.171
444.392 6.120
444.582 6.061
444.772 6.069
444.962 6.125
445.153 6.168
445.343 6.124
445.533 5.999
445.723 5.956
445.913 5.927
446.103 5.960
446.293 5.967
446.483 5.932
446.673 5.986
446.863 6.053
447.053 6.057
447.243 6.077
447.433 6.128
447.623 6.206
447.813 6.267
448.003 6.365
448.193 6.356
448.383 6.327
448.573 6.325
448.764 6.217
448.954 6.158
449.144 6.122
449.334 6.072
449.524 6.043
449.714 6.034
449.904 6.024
450.094 6.038
450.284 6.081
450.474 6.067
450.664 5.997
450.854 6.027
451.044 6.031
451.234 6.003
451.424 5.921
451.614 5.894
451.804 5.861
451.994 5.744
452.184 5.632
452.375 5.615
452.565 5.606
452.755 5.629
452.945 5.628
453.135 5.618
453.325 5.647
453.515 5.722
453.705 5.747
453.895 5.724
454.085 5.784
454.275 5.878
454.465 5.871
454.655 5.789
454.845 5.768
455.035 5.853
455.225 5.827
455.415 5.781
455.605 5.797
455.795 5.799
455.985 5.731
456.176 5.648
456.366 5.569
456.556 5.533
456.746 5.585
456.936 5.600
457.126 5.540
457.316 5.527
457.506 5.526
457.696 5.433
457.886 5.310
458.076 5.299
458.266 5.306
458.456 5.263
458.646 5.199
458.836 5.191
459.026 5.228
459.216 5.224
459.406 5.203
459.596 5.171
459.787 5.139
459.977 5.157
460.167 5.217
460.357 5.218
460.547 5.225
460.737 5.245
460.927 5.240
461.117 5.133
461.307 5.134
461.497 5.210
461.687 5.240
461.877 5.295
462.067 5.356
462.257 5.393
462.447 5.409
462.637 5.345
462.827 5.323
463.017 5.356
463.207 5.487
463.397 5.452
463.588 5.382
463.778 5.393
463.968 5.362
464.158 5.318
464.348 5.245
464.538 5.264
464.728 5.291
464.918 5.271
465.108 5.232
465.298 5.115
465.488 5.067
465.678 5.065
465.868 5.063
466.058 5.075
466.248 5.032
466.438 5.028
466.628 5.029
466.818 5.037
467.008 5.067
467.199 5.072
467.389 5.030
467.579 5.022
467.769 5.059
467.959 5.006
468.149 4.920
468.339 4.945
468.529 4.992
468.719 5.043
468.909 4.993
469.099 4.922
469.289 4.886
469.479 4.920
469.669 4.881
469.859 4.809
470.049 4.771
470.239 4.801
470.429 4.817
470.619 4.727
470.810 4.610
471.000 4.667
471.190 4.778
471.380 4.784
471.570 4.798
471.760 4.854
471.950 4.860
472.140 4.908
472.330 4.974
472.520 4.950
472.710 4.929
472.900 4.921
473.090 4.882
473.280 4.807
473.470 4.806
473.660 4.800
473.850 4.781
474.040 4.787
474.230 4.779
474.421 4.717
474.611 4.687
474.801 4.710
474.991 4.777
475.181 4.788
475.371 4.784
475.561 4.781
475.751 4.705
475.941 4.648
476.131 4.634
476.321 4.628
476.511 4.633
476.701 4.664
476.891 4.621
477.081 4.525
477.271 4.444
477.461 4.382
477.651 4.333
477.841 4.357
478.031 4.397
478.222 4.390
478.412 4.391
478.602 4.397
478.792 4.428
478.982 4.492
479.172 4.483
479.362 4.514
479.552 4.577
479.742 4.568
479.932 4.555
480.122 4.526
480.312 4.493
480.502 4.498
480.692 4.496
480.882 4.396
481.072 4.348
481.262 4.373
481.452 4.383
481.642 4.377
481.833 4.421
482.023 4.427
482.213 4.434
482.403 4.450
482.593 4.437
482.783 4.458
482.973 4.527
483.163 4.553
483.353 4.516
483.543 4.500
483.733 4.476
483.923 4.415
484.113 4.432
484.303 4.425
484.493 4.403
484.683 4.417
484.873 4.384
485.063 4.326
485.253 4.284
485.443 4.318
485.634 4.299
485.824 4.290
486.014 4.331
486.204 4.324
486.394 4.341
486.584 4.378
486.774 4.354
486.964 4.355
487.154 4.350
487.344 4.348
487.534 4.321
487.724 4.313
487.914 4.320
488.104 4.328
488.294 4.339
488.484 4.338
488.674 4.313
488.864 4.276
489.054 4.246
489.245 4.236
489.435 4.268
489.625 4.333
489.815 4.411
490.005 4.492
490.195 4.492
490.385 4.468
490.575 4.459
490.765 4.497
490.955 4.555
491.145 4.566
491.335 4.583
491.525 4.552
491.715 4.499
491.905 4.464
492.095 4.395
492.285 4.331
492.475 4.310
492.665 4.319
492.856 4.301
493.046 4.238
493.236 4.231
493.426 4.248
493.616 4.224
493.806 4.216
493.996 4.182
494.186 4.165
494.376 4.216
494.566 4.200
494.756 4.177
494.946 4.174
495.136 4.211
495.326 4.206
495.516 4.215
495.706 4.257
495.896 4.262
496.086 4.274
496.276 4.263
496.467 4.271
496.657 4.378
496.847 4.365
497.037 4.332
497.227 4.319
497.417 4.311
497.607 4.260
497.797 4.247
497.987 4.272
498.177 4.241
498.367 4.250
498.557 4.222
498.747 4.155
498.937 4.194
499.127 4.201
499.317 4.161
499.507 4.139
499.697 4.136
499.887 4.162
500.077 4.138
500.268 4.136
500.458 4.097
500.648 4.062
500.838 4.022
501.028 3.992
501.218 3.980
501.408 3.982
501.598 3.987
501.788 4.005
501.978 4.016
502.168 3.987
502.358 3.966
502.548 3.977
502.738 3.981
502.928 3.990
503.118 3.981
503.308 3.967
503.498 3.989
503.688 4.000
503.879 3.995
504.069 3.959
504.259 3.985
504.449 4.005
504.639 4.009
504.829 4.045
505.019 4.057
505.209 4.041
505.399 4.041
505.589 4.031
505.779 4.005
505.969 3.943
506.159 3.930
506.349 3.927
506.539 3.925
506.729 3.925
506.919 3.917
507.109 3.901
507.299 3.902
507.490 3.900
507.680 3.858
507.870 3.848
508.060 3.873
508.250 3.856
508.440 3.845
508.630 3.835
508.820 3.833
509.010 3.783
509.200 3.749
509.390 3.736
509.580 3.704
509.770 3.730
509.960 3.746
510.150 3.739
510.340 3.752
510.530 3.765
510.720 3.796
510.910 3.808
511.100 3.843
511.291 3.837
511.481 3.843
511.671 3.884
511.861 3.975
512.051 4.120
512.241 4.155
512.431 4.160
512.621 4.136
512.811 4.117
513.001 4.096
513.191 4.055
513.381 4.059
513.571 4.053
513.761 4.029
513.951 3.923
514.141 3.771
514.331 3.754
514.521 3.700
514.711 3.691
514.902 3.713
515.092 3.728
515.282 3.766
515.472 3.771
515.662 3.751
515.852 3.743
516.042 3.725
516.232 3.716
516.422 3.722
516.612 3.765
516.802 3.774
516.992 3.725
517.182 3.697
517.372 3.683
517.562 3.721
517.752 3.767
517.942 3.770
518.132 3.785
518.322 3.811
518.513 3.812
518.703 3.811
518.893 3.823
519.083 3.909
519.273 3.984
519.463 3.979
519.653 3.978
519.843 3.978
520.033 3.983
520.223 3.990
520.413 3.982
520.603 3.968
520.793 3.949
520.983 3.919
521.173 3.849
521.363 3.793
521.553 3.803
521.743 3.763
521.933 3.732
522.123 3.760
522.314 3.800
522.504 3.788
522.694 3.759
522.884 3.752
523.074 3.762
523.264 3.788
523.454 3.798
523.644 3.809
523.834 3.841
524.024 3.872
524.214 3.843
524.404 3.801
524.594 3.808
524.784 3.859
524.974 3.870
525.164 3.859
525.354 3.828
525.544 3.798
525.734 3.764
525.925 3.721
526.115 3.700
526.305 3.754
526.495 3.796
526.685 3.797
526.875 3.779
527.065 3.772
527.255 3.766
527.445 3.748
527.635 3.736
527.825 3.755
528.015 3.808
528.205 3.791
528.395 3.725
528.585 3.697
528.775 3.675
528.965 3.680
529.155 3.696
529.345 3.736
529.535 3.766
529.726 3.782
529.916 3.767
530.106 3.754
530.296 3.790
530.486 3.821
530.676 3.812
530.866 3.821
531.056 3.828
531.246 3.817
531.436 3.781
531.626 3.775
531.816 3.760
532.006 3.754
532.196 3.732
532.386 3.713
532.576 3.680
532.766 3.671
532.956 3.661
533.146 3.643
533.337 3.636
533.527 3.629
533.717 3.605
533.907 3.627
534.097 3.648
534.287 3.659
534.477 3.645
534.667 3.653
534.857 3.660
535.047 3.674
535.237 3.681
535.427 3.680
535.617 3.687
535.807 3.707
535.997 3.687
536.187 3.653
536.377 3.626
536.567 3.613
536.757 3.611
536.948 3.608
537.138 3.577
537.328 3.575
537.518 3.595
537.708 3.609
537.898 3.603
538.088 3.596
538.278 3.597
538.468 3.607
538.658 3.604
538.848 3.596
539.038 3.582
539.228 3.601
539.418 3.604
539.608 3.597
539.798 3.587
539.988 3.582
540.178 3.577
540.368 3.592
540.558 3.590
540.749 3.588
540.939 3.587
541.129 3.618
541.319 3.657
541.509 3.885
541.699 4.299
541.889 4.304
542.079 4.330
542.269 4.355
542.459 4.360
542.649 4.354
542.839 4.363
543.029 4.375
543.219 4.371
543.409 4.338
543.599 4.083
543.789 3.669
543.979 3.669
544.169 3.655
544.360 3.638
544.550 3.645
544.740 3.631
544.930 3.626
545.120 3.636
545.310 3.617
545.500 3.620
545.690 3.630
545.880 3.617
546.070 3.605
546.267 3.588
546.463 3.604
546.660 3.599
546.857 3.618
547.054 3.623
547.251 3.577
547.447 3.547
547.644 3.508
547.841 3.503
548.038 3.490
548.234 3.491
548.431 3.510
548.628 3.522
548.825 3.538
549.021 3.538
549.218 3.529
549.415 3.536
549.612 3.543
549.808 3.582
550.005 3.607
550.202 3.614
550.399 3.614
550.595 3.621
550.792 3.626
550.989 3.596
551.186 3.593
551.382 3.622
551.579 3.646
551.776 3.679
551.973 3.682
552.169 3.679
552.366 3.690
552.563 3.700
552.760 3.710
552.956 3.717
553.153 3.748
553.350 3.778
553.547 3.804
553.743 3.823
553.940 3.812
554.137 3.815
554.334 3.797
554.530 3.799
554.727 3.812
554.924 3.814
555.121 3.805
555.317 3.783
555.514 3.782
555.711 3.764
555.908 3.767
556.104 3.775
556.301 3.780
556.498 3.798
556.695 3.795
556.891 3.779
557.088 3.750
557.285 3.730
557.482 3.737
557.678 3.737
557.875 3.744
558.072 3.783
558.269 3.819
558.465 3.816
558.662 3.789
558.859 3.772
559.056 3.773
559.252 3.802
559.449 3.842
559.646 3.885
559.843 3.884
560.039 3.859
560.236 3.809
560.433 3.772
560.630 3.751
560.826 3.777
561.023 3.810
561.220 3.837
561.417 3.827
561.613 3.800
561.810 3.765
562.007 3.763
562.204 3.769
562.400 3.785
562.597 3.804
562.794 3.848
562.991 3.871
563.187 3.872
563.384 3.861
563.581 3.881
563.778 3.912
563.974 3.926
564.171 3.938
564.368 3.952
564.565 3.951
564.761 3.965
564.958 4.008
565.155 4.031
565.352 4.028
565.548 4.052
565.745 4.091
565.942 4.090
566.139 4.100
566.335 4.131
566.532 4.172
566.729 4.225
566.926 4.250
567.122 4.226
567.319 4.209
567.516 4.247
567.713 4.283
567.909 4.279
568.106 4.304
568.303 4.330
568.500 4.340
568.696 4.348
568.893 4.348
569.090 4.370
569.287 4.386
569.483 4.428
569.680 4.453
569.877 4.471
570.074 4.496
570.270 4.497
570.467 4.524
570.664 4.552
570.861 4.579
571.057 4.607
571.254 4.609
571.451 4.638
571.648 4.679
571.844 4.717
572.041 4.757
572.238 4.792
572.435 4.846
572.631 4.876
572.828 4.918
573.025 4.938
573.222 4.970
573.418 5.030
573.615 5.047
573.812 5.059
574.009 5.083
574.205 5.086
574.402 5.102
574.599 5.155
574.796 5.215
574.992 5.265
575.189 5.346
575.386 5.371
575.583 5.385
575.779 5.434
575.976 5.465
576.173 5.516
576.370 5.603
576.567 5.664
576.763 5.699
576.960 5.738
577.158 5.751
577.356 5.799
577.554 5.865
577.752 5.918
577.950 5.992
578.148 6.072
578.346 6.107
578.544 6.135
578.742 6.197
578.940 6.244
579.138 6.288
579.336 6.371
579.534 6.423
579.732 6.488
579.930 6.564
580.128 6.640
580.326 6.700
580.524 6.752
580.722 6.793
580.920 6.836
581.118 6.917
581.316 7.011
581.514 7.064
581.712 7.102
581.909 7.170
582.107 7.256
582.305 7.303
582.503 7.381
582.701 7.480
582.899 7.567
583.097 7.624
583.295 7.696
583.493 7.778
583.691 7.876
583.889 7.997
584.087 8.087
584.285 8.149
584.483 8.244
584.681 8.346
584.879 8.463
585.077 8.554
585.275 8.686
585.473 8.806
585.671 8.905
585.869 9.006
586.067 9.067
586.265 9.172
586.463 9.308
586.661 9.425
586.859 9.520
587.057 9.617
587.255 9.733
587.453 9.830
587.651 9.924
587.849 10.004
588.047 10.114
588.245 10.243
588.443 10.376
588.641 10.494
588.839 10.629
589.037 10.748
589.235 10.866
589.433 11.009
589.631 11.138
589.829 11.237
590.027 11.358
590.225 11.470
590.423 11.606
590.621 11.718
590.819 11.847
591.017 11.973
591.215 12.078
591.413 12.220
591.611 12.347
591.809 12.487
592.006 12.656
592.204 12.819
592.402 12.985
592.600 13.145
592.798 13.314
592.996 13.438
593.194 13.555
593.392 13.727
593.590 13.871
593.788 14.032
593.986 14.202
594.184 14.352
594.382 14.488
594.580 14.662
594.778 14.806
594.976 14.919
595.174 15.046
595.372 15.216
595.570 15.357
595.768 15.488
595.966 15.605
596.164 15.732
596.362 15.889
596.560 16.075
596.758 16.180
596.956 16.308
597.154 16.473
597.352 16.666
597.550 16.813
597.748 17.025
597.946 17.225
598.144 17.419
598.342 17.587
598.540 17.729
598.738 17.858
598.936 18.036
599.134 18.212
599.332 18.368
599.530 18.522
599.728 18.698
599.926 18.816
600.124 18.939
600.322 19.131
600.520 19.355
600.718 19.513
600.916 19.674
601.114 19.882
601.312 20.096
601.510 20.253
601.708 20.429
601.905 20.637
602.103 20.842
602.301 21.066
602.499 21.207
602.697 21.334
602.895 21.534
603.093 21.750
603.291 21.943
603.489 22.125
603.687 22.338
603.885 22.558
604.083 22.713
604.281 22.853
604.479 23.000
604.677 23.231
604.875 23.465
605.073 23.669
605.271 23.846
605.469 23.995
605.667 24.132
605.865 24.311
606.063 24.482
606.261 24.660
606.459 24.860
606.657 25.040
606.855 25.169
607.053 25.322
607.251 25.486
607.449 25.632
607.647 25.797
607.845 25.985
608.043 26.174
608.241 26.338
608.439 26.478
608.637 26.630
608.835 26.829
609.033 27.023
609.231 27.170
609.429 27.351
609.627 27.570
609.825 27.771
610.023 27.976
610.221 28.121
610.419 28.271
610.617 28.492
610.815 28.697
611.013 28.865
611.211 29.038
611.409 29.223
611.607 29.413
611.804 29.568
612.002 29.720
612.200 29.878
612.398 30.071
612.596 30.228
612.794 30.351
612.992 30.540
613.190 30.736
613.388 30.912
613.586 31.087
613.784 31.230
613.982 31.422
614.180 31.621
614.378 31.810
614.576 31.954
614.774 32.098
614.972 32.269
615.170 32.419
615.368 32.576
615.566 32.738
615.764 32.908
615.962 33.078
616.160 33.209
616.358 33.325
616.556 33.465
616.754 33.627
616.952 33.812
617.150 33.987
617.348 34.136
617.546 34.267
617.744 34.383
617.942 34.509
618.140 34.667
618.338 34.837
618.536 35.014
618.734 35.179
618.932 35.348
619.130 35.513
619.328 35.671
619.526 35.826
619.724 35.968
619.922 36.143
620.120 36.309
620.318 36.444
620.516 36.590
620.714 36.737
620.912 36.854
621.110 36.983
621.308 37.129
621.506 37.266
621.704 37.416
621.901 37.572
622.099 37.660
622.297 37.826
622.495 38.000
622.693 38.149
622.891 38.238
623.089 38.350
623.287 38.509
623.485 38.635
623.683 38.754
623.881 38.854
624.079 38.953
624.277 39.106
624.475 39.214
624.673 39.327
624.871 39.453
625.069 39.625
625.267 39.771
625.465 39.909
625.663 40.090
625.861 40.252
626.059 40.390
626.257 40.530
626.455 40.688
626.653 40.794
626.851 40.855
627.049 40.931
627.247 41.025
627.445 41.117
627.643 41.164
627.841 41.268
628.039 41.355
628.237 41.448
628.435 41.577
628.633 41.645
628.831 41.733
629.029 41.884
629.227 42.023
629.425 42.177
629.623 42.352
629.821 42.524
630.019 42.605
630.217 42.685
630.415 42.806
630.613 42.917
630.811 43.089
631.009 43.230
631.207 43.308
631.405 43.363
631.603 43.420
631.801 43.505
631.998 43.635
632.196 43.763
632.394 43.951
632.592 44.082
632.790 44.186
632.988 44.282
633.186 44.356
633.384 44.456
633.582 44.596
633.780 44.718
633.978 44.782
634.176 44.845
634.374 44.906
634.572 44.919
634.770 44.991
634.968 45.085
635.166 45.187
635.364 45.263
635.562 45.334
635.760 45.425
635.958 45.508
636.156 45.603
636.354 45.679
636.552 45.744
636.750 45.809
636.948 45.857
637.146 45.928
637.344 45.985
637.542 46.060
637.740 46.136
637.938 46.171
638.136 46.361
638.334 46.731
638.532 46.770
638.730 46.848
638.928 46.980
639.126 47.089
639.324 47.158
639.522 47.233
639.720 47.348
639.918 47.444
640.116 47.544
640.314 47.494
640.512 47.286
640.710 47.436
640.908 47.559
641.106 47.653
641.304 47.748
641.502 47.854
641.699 47.928
641.897 47.998
642.095 48.079
642.293 48.132
642.491 48.182
642.689 48.273
642.887 48.314
643.085 48.358
643.283 48.412
643.481 48.450
643.679 48.478
643.877 48.536
644.075 48.610
644.273 48.709
644.471 48.819
644.669 48.899
644.867 48.930
645.065 48.963
645.263 49.000
645.461 49.042
645.659 49.148
645.857 49.245
646.055 49.358
646.253 49.441
646.451 49.526
646.649 49.559
646.847 49.604
647.045 49.707
647.243 49.856
647.441 50.017
647.639 50.164
647.837 50.231
648.035 50.261
648.233 50.270
648.431 50.268
648.629 50.315
648.827 50.439
649.025 50.564
649.223 50.607
649.421 50.618
649.619 50.618
649.817 50.602
650.015 50.651
650.213 50.705
650.411 50.771
650.609 50.827
650.807 50.868
651.005 50.902
651.203 50.942
651.401 51.001
651.599 51.039
651.796 51.114
651.994 51.201
652.192 51.189
652.390 51.237
652.588 51.287
652.786 51.362
652.984 51.376
653.182 51.403
653.380 51.452
653.578 51.483
653.776 51.499
653.974 51.522
654.172 51.533
654.370 51.603
654.568 51.654
654.766 51.642
654.964 51.648
655.162 51.678
655.360 51.735
655.558 51.755
655.756 51.827
655.954 51.926
656.152 52.006
656.350 52.051
656.548 52.073
656.746 52.102
656.944 52.182
657.142 52.276
657.340 52.390
657.538 52.478
657.736 52.537
657.934 52.574
658.132 52.620
658.330 52.624
658.528 52.662
658.726 52.762
658.924 52.805
659.122 52.849
659.320 52.902
659.518 52.875
659.716 52.832
659.914 52.860
660.112 52.936
660.310 52.961
660.508 52.999
660.706 53.031
660.904 53.024
661.102 53.060
661.300 53.105
661.498 53.055
661.696 53.087
661.893 53.150
662.091 53.189
662.289 53.182
662.487 53.205
662.685 53.231
662.883 53.261
663.081 53.334
663.279 53.437
663.477 53.488
663.675 53.607
663.873 53.722
664.071 53.778
664.269 53.789
664.467 53.784
664.665 53.862
664.863 53.937
665.061 54.003
665.259 54.032
665.457 54.062
665.655 54.091
665.853 54.126
666.051 54.152
666.249 54.208
666.447 54.289
666.645 54.362
666.843 54.322
667.041 54.328
667.239 54.347
667.437 54.354
667.635 54.339
667.833 54.351
668.031 54.365
668.229 54.396
668.427 54.419
668.625 54.459
668.823 54.477
669.021 54.602
669.219 54.636
669.417 54.632
669.615 54.655
669.813 54.659
670.011 54.693
670.209 54.751
670.407 54.764
670.605 54.744
670.803 54.753
671.001 54.792
671.199 54.790
671.397 54.815
671.595 54.922
671.792 55.029
671.990 55.063
672.188 55.064
672.386 55.099
672.584 55.170
672.782 55.238
672.980 55.274
673.178 55.306
673.376 55.272
673.574 55.278
673.772 55.200
673.970 55.136
674.168 55.226
674.366 55.322
674.564 55.324
674.762 55.319
674.960 55.339
675.158 55.332
675.356 55.315
675.554 55.316
675.752 55.294
675.950 55.356
676.148 55.440
676.346 55.412
676.544 55.364
676.742 55.385
676.940 55.392
677.138 55.392
677.336 55.447
677.534 55.488
677.732 55.563
677.930 55.663
678.128 55.689
678.326 55.684
678.524 55.699
678.722 55.751
678.920 55.771
679.118 55.824
679.316 55.880
679.514 55.894
679.712 55.857
679.910 55.833
680.108 55.811
680.306 55.843
680.504 55.860
680.702 55.901
680.900 55.909
681.098 55.926
681.296 55.923
681.494 55.941
681.691 55.987
681.889 56.123
682.087 56.209
682.285 56.205
682.483 56.205
682.681 56.248
682.879 56.255
683.077 56.263
683.275 56.223
683.473 56.182
683.671 56.176
683.869 56.151
684.067 56.102
684.265 56.083
684.463 56.215
684.661 56.318
684.859 56.353
685.057 56.401
685.255 56.450
685.453 56.553
685.651 56.666
685.849 56.751
686.047 56.818
686.245 56.868
686.443 56.948
686.641 56.952
686.839 56.971
687.037 56.950
687.235 56.922
687.433 56.972
687.631 56.975
687.829 56.958
688.027 56.895
688.225 56.898
688.423 56.932
688.621 56.871
688.819 56.827
689.017 56.813
689.215 56.857
689.413 56.900
689.611 56.946
689.809 56.981
690.007 57.007
690.205 57.051
690.403 57.070
690.601 57.034
690.799 57.105
690.997 57.182
691.195 57.213
691.393 57.240
691.591 57.302
691.788 57.282
691.986 57.317
692.184 57.323
692.382 57.353
692.580 57.402
692.778 57.443
692.976 57.432
693.174 57.385
693.372 57.379
693.570 57.416
693.768 57.471
693.966 57.515
694.164 57.499
694.362 57.509
694.560 57.513
694.758 57.480
694.956 57.513
695.154 57.529
695.352 57.590
695.550 57.653
695.748 57.601
695.946 57.486
696.144 57.416
696.342 57.440
696.540 57.464
696.744 57.492
696.948 57.567
697.152 57.582
697.357 57.636
697.561 57.635
697.765 57.592
697.969 57.629
698.173 57.744
698.377 57.817
698.581 57.823
698.786 57.875
698.990 57.862
699.194 57.811
699.398 57.845
699.602 57.840
699.806 57.840
700.010 57.843
700.215 57.827
700.419 57.797
700.623 57.850
700.827 57.887
701.031 57.859
701.235 57.917
701.440 57.976
701.644 57.993
701.848 58.068
702.052 58.034
702.256 58.007
702.460 58.047
702.664 58.110
702.869 58.085
703.073 58.141
703.277 58.224
703.481 58.219
703.685 58.247
703.889 58.226
704.093 58.196
704.298 58.303
704.502 58.416
704.706 58.435
704.910 58.448
705.114 58.444
705.318 58.401
705.522 58.357
705.727 58.394
705.931 58.368
706.135 58.359
706.339 58.351
706.543 58.384
706.747 58.383
706.951 58.419
707.156 58.382
707.360 58.405
707.564 58.459
707.768 58.482
707.972 58.507
708.176 58.514
708.380 58.548
708.585 58.588
708.789 58.549
708.993 58.525
709.197 58.546
709.401 58.575
709.605 58.580
709.810 58.509
710.014 58.518
710.218 58.513
710.422 58.516
710.626 58.538
710.830 58.531
711.034 58.494
711.239 58.508
711.443 58.501
711.647 58.499
711.851 58.482
712.055 58.478
712.259 58.510
712.463 58.536
712.668 58.566
712.872 58.535
713.076 58.533
713.280 58.650
713.484 58.656
713.688 58.605
713.892 58.584
714.097 58.601
714.301 58.712
714.505 58.661
714.709 58.636
714.913 58.673
715.117 58.722
715.321 58.754
715.526 58.708
715.730 58.766
715.934 58.857
716.138 58.910
716.342 58.984
716.546 58.936
716.750 58.949
716.955 58.930
717.159 58.907
717.363 58.905
717.567 58.883
717.771 58.880
717.975 58.838
718.180 58.837
718.384 58.833
718.588 58.824
718.792 58.854
718.996 58.898
719.200 58.916
719.404 58.900
719.609 58.921
719.813 58.954
720.017 58.985
720.221 59.036
720.425 59.038
720.629 59.086
720.833 59.092
721.038 59.056
721.242 59.039
721.446 59.073
721.650 59.089
721.854 59.099
722.058 59.100
722.262 59.077
722.467 59.057
722.671 59.064
722.875 59.001
723.079 58.988
723.283 59.052
723.487 59.017
723.691 58.992
723.896 59.037
724.100 59.047
724.304 59.015
724.508 59.019
724.712 58.981
724.916 58.986
725.120 59.071
725.325 59.109
725.529 59.061
725.733 59.089
725.937 59.141
726.141 59.162
726.345 59.151
726.550 59.169
726.754 59.164
726.958 59.218
727.162 59.203
727.366 59.194
727.570 59.177
727.774 59.238
727.979 59.269
728.183 59.186
728.387 59.072
728.591 59.042
728.795 59.073
728.999 59.067
729.203 59.042
729.408 59.023
729.612 59.090
729.816 59.085
730.020 59.025
730.224 59.086
730.428 59.140
730.632 59.193
730.837 59.258
731.041 59.258
731.245 59.279
731.449 59.271
731.653 59.309
731.857 59.182
732.061 59.182
732.266 59.220
732.470 59.123
732.674 59.129
732.878 59.182
733.082 59.155
733.286 59.172
733.490 59.197
733.695 59.233
733.899 59.230
734.103 59.329
734.307 59.391
734.511 59.400
734.715 59.462
734.920 59.497
735.124 59.478
735.328 59.515
735.532 59.537
735.736 59.563
735.940 59.589
736.144 59.616
736.349 59.567
736.553 59.521
736.757 59.517
736.961 59.541
737.165 59.580
737.369 59.599
737.573 59.599
737.778 59.612
737.982 59.603
738.186 59.552
738.390 59.585
738.594 59.612
738.798 59.610
739.002 59.647
739.207 59.598
739.411 59.509
739.615 59.436
739.819 59.459
740.023 59.439
740.227 59.461
740.431 59.541
740.636 59.454
740.840 59.465
741.044 59.530
741.248 59.565
741.452 59.635
741.656 59.687
741.860 59.692
742.065 59.662
742.269 59.705
742.473 59.732
742.677 59.735
742.881 59.794
743.085 59.760
743.290 59.711
743.494 59.709
743.698 59.709
743.902 59.690
744.106 59.753
744.310 59.745
744.514 59.714
744.719 59.718
744.923 59.752
745.127 59.824
745.331 59.846
745.535 59.814
745.739 59.717
745.943 59.662
746.148 59.695
746.352 59.712
746.556 59.733
746.760 59.694
746.964 59.676
747.168 59.703
747.372 59.738
747.577 59.737
747.781 59.829
747.985 59.949
748.189 59.976
748.393 60.015
748.597 60.119
748.801 60.203
749.006 60.226
749.210 60.156
749.414 59.984
749.618 59.843
749.822 59.885
750.026 59.822
750.230 59.793
750.435 59.834
750.639 59.852
750.843 59.774
751.047 59.720
751.251 59.687
751.455 59.688
751.660 59.724
751.864 59.741
752.068 59.702
752.272 59.720
752.476 59.682
752.680 59.663
752.884 59.605
753.089 59.570
753.293 59.558
753.497 59.654
753.701 59.785
753.905 59.918
754.109 59.978
754.313 60.007
754.518 60.043
754.722 60.104
754.926 60.197
755.130 60.238
755.334 60.279
755.538 60.311
755.742 60.259
755.947 60.265
756.151 60.294
756.355 60.398
756.559 60.393
756.763 60.315
756.967 60.302
757.171 60.176
757.376 60.122
757.580 60.060
757.784 59.996
757.988 59.925
758.192 59.752
758.396 59.651
758.600 59.514
758.805 59.459
759.009 59.557
759.213 59.603
759.417 59.705
759.621 59.697
759.825 59.734
760.030 59.833
760.234 59.947
760.438 59.997
760.642 60.000
760.846 60.021
761.050 60.036
761.254 59.922
761.459 59.849
761.663 59.745
761.867 59.703
762.071 59.654
762.275 59.572
762.479 59.596
762.683 59.696
762.888 59.715
763.092 59.642
763.296 59.705
763.500 59.810
763.709 59.790
763.918 59.835
764.126 59.940
764.335 60.045
764.544 60.079
764.753 60.080
764.962 60.017
765.171 59.968
765.379 60.082
765.588 60.100
765.797 60.076
766.006 60.033
766.215 59.986
766.424 59.937
766.632 59.879
766.841 59.901
767.050 59.869
767.259 59.891
767.468 59.968
767.677 59.945
767.885 59.889
768.094 59.913
768.303 60.007
768.512 60.055
768.721 60.054
768.929 60.030
769.138 60.027
769.347 60.008
769.556 60.048
769.765 60.000
769.974 59.986
770.182 60.018
770.391 59.956
770.600 59.899
770.809 59.901
771.018 59.855
771.227 59.748
771.435 59.670
771.644 59.657
771.853 59.567
772.062 59.559
772.271 59.545
772.480 59.484
772.688 59.544
772.897 59.661
773.106 59.761
773.315 59.889
773.524 60.048
773.732 60.068
773.941 60.069
774.150 60.071
774.359 59.994
774.568 59.980
774.777 60.057
774.985 60.053
775.194 59.956
775.403 59.786
775.612 59.656
775.821 59.590
776.030 59.632
776.238 59.657
776.447 59.693
776.656 59.837
776.865 59.867
777.074 59.850
777.283 59.908
777.491 60.015
777.700 60.178
777.909 60.287
778.118 60.346
778.327 60.289
778.535 60.294
778.744 60.347
778.953 60.334
779.162 60.285
779.371 60.169
779.580 60.076
779.788 60.027
779.997 59.988
780.206 60.002
780.415 59.985
780.624 60.017
780.833 60.001
781.041 59.976
781.250 59.881
781.459 59.886
781.668 59.960
781.877 59.899
782.086 59.845
782.294 59.816
782.503 59.765
782.712 59.806
782.921 59.866
783.130 59.962
783.338 60.021
783.547 60.094
783.756 60.173
783.965 60.255
784.174 60.336
784.383 60.360
784.591 60.298
784.800 60.362
785.009 60.294
785.218 60.179
785.427 60.139
785.636 60.102
785.844 60.046
786.053 59.969
786.262 59.989
786.471 60.017
786.680 60.040
786.889 60.063
787.097 59.996
787.306 60.039
787.515 60.146
787.724 60.180
787.933 60.193
788.141 60.212
788.350 60.235
788.559 60.176
788.768 60.161
788.977 60.224
789.186 60.255
789.394 60.127
789.603 60.019
789.812 59.955
790.021 59.814
790.230 59.681
790.439 59.700
790.647 59.678
790.856 59.573
791.065 59.571
791.274 59.496
791.483 59.459
791.692 59.560
791.900 59.524
792.109 59.492
792.318 59.519
792.527 59.625
792.736 59.657
792.944 59.699
793.153 59.846
793.362 59.814
793.571 59.716
793.780 59.702
793.989 59.708
794.197 59.811
794.406 59.843
794.615 59.812
794.824 59.775
795.033 59.710
795.242 59.650
795.450 59.536
795.659 59.531
795.868 59.559
796.077 59.614
796.286 59.671
796.495 59.704
796.703 59.762
796.912 59.864
797.121 59.812
797.330 59.779
797.539 59.715
797.747 59.747
797.956 59.816
798.165 59.968
798.374 60.005
798.583 59.856
798.792 59.862
799.000 59.852
799.209 59.805
799.418 59.828
799.627 59.858
799.836 59.879
800.045 59.963
800.253 59.860
800.462 59.709
800.671 59.632
800.880 59.800
801.089 59.880
801.298 59.914
801.506 59.837
801.715 59.825
801.924 59.835
802.133 59.875
802.342 59.820
802.550 59.820
802.759 59.954
802.968 60.006
803.177 59.938
803.386 59.953
803.595 59.855
803.803 59.823
804.012 59.816
804.221 59.876
804.430 59.916
804.639 59.854
804.848 59.933
805.056 59.910
805.265 59.910
805.474 59.951
805.683 59.909
805.892 60.022
806.101 60.221
806.309 60.230
806.518 60.124
806.727 60.032
806.936 60.052
807.145 60.051
807.353 59.962
807.562 59.858
807.771 59.925
807.980 60.020
808.189 59.958
808.398 59.802
808.606 59.763
808.815 59.826
809.024 59.879
809.233 59.834
809.442 59.785
809.651 59.700
809.859 59.673
810.068 59.596
810.277 59.408
810.486 59.337
810.695 59.419
810.904 59.530
811.112 59.606
811.321 59.675
811.530 59.820
811.740 59.873
811.949 59.995
812.159 60.060
812.368 60.038
812.578 60.023
812.787 60.191
812.997 60.496
813.206 60.570
813.416 60.565
813.625 60.428
813.835 60.186
814.044 60.116
814.254 60.142
814.463 60.205
814.673 60.208
814.882 60.270
815.092 60.176
815.301 59.872
815.511 59.783
815.720 59.716
815.930 59.854
816.139 60.090
816.349 60.072
816.558 60.033
816.768 60.091
816.977 60.048
817.187 59.961
817.396 59.823
817.606 59.769
817.815 59.846
818.025 59.812
818.234 59.758
818.444 59.731
818.653 59.811
818.863 59.827
819.072 59.715
819.282 59.863
819.491 59.992
819.701 60.049
819.910 60.099
820.120 60.030
820.329 60.125
820.539 60.112
820.748 60.065
820.958 60.113
821.167 60.227
821.377 60.256
821.586 60.102
821.796 59.981
822.005 60.146
822.215 60.186
822.424 60.132
822.634 60.069
822.843 60.166
823.053 60.212
823.262 60.313
823.472 60.321
823.681 60.299
823.891 60.244
824.100 60.372
824.310 60.445
824.519 60.406
824.729 60.396
824.938 60.369
825.148 60.263
825.357 60.270
825.567 60.246
825.776 60.242
825.986 60.219
826.195 60.151
826.405 60.014
826.614 59.935
826.824 59.894
827.033 59.886
827.243 59.907
827.452 59.948
827.662 59.915
827.871 59.763
828.081 59.610
828.290 59.724
828.500 59.821
828.709 59.891
828.919 59.800
829.128 59.717
829.338 59.658
829.547 59.747
829.757 59.833
829.966 59.786
830.176 59.748
830.385 59.862
830.595 59.826
830.804 59.773
831.014 59.627
831.223 59.682
831.433 59.834
831.642 59.917
831.852 59.788
832.061 59.624
832.271 59.651
832.480 59.764
832.690 59.607
832.899 59.626
833.109 60.003
833.318 60.149
833.528 60.038
833.737 59.923
833.947 59.876
834.156 60.016
834.366 60.322
834.575 60.365
834.785 60.280
834.994 60.332
835.204 60.158
835.413 59.889
835.623 59.815
835.832 59.816
836.042 59.969
836.251 60.288
836.461 60.186
836.670 59.967
836.880 59.879
837.089 59.989
837.299 60.036
837.508 60.209
837.718 60.240
837.927 60.341
838.137 60.372
838.346 60.204
838.556 59.919
838.765 59.955
838.975 59.977
839.184 59.995
839.394 59.847
839.603 59.873
839.813 59.901
840.022 59.828
840.232 59.838
840.441 59.968
840.651 60.269
840.860 60.457
841.070 60.505
841.279 60.635
841.489 60.748
841.698 60.780
841.908 60.645
842.117 60.521
842.327 60.517
842.536 60.557
842.746 60.487
842.955 60.403
843.165 60.494
843.374 60.616
843.584 60.610
843.793 60.603
844.003 60.738
844.212 60.946
844.422 60.903
844.631 60.841
844.841 60.786
845.050 60.797
845.260 60.746
845.469 60.508
845.679 60.161
845.888 60.078
846.098 60.082
846.307 59.915
846.517 59.819
846.726 59.960
846.936 60.321
847.145 60.414
847.355 60.380
847.564 60.275
847.774 60.938
847.983 62.014
848.193 61.990
848.402 62.030
848.612 62.107
848.821 61.956
849.031 61.793
849.240 61.481
849.450 61.300
849.659 61.216
849.869 61.183
850.078 60.524
850.288 59.928
850.497 60.047
850.707 59.923
850.916 59.848
851.126 59.945
851.335 60.132
851.545 60.305
851.754 60.444
851.964 60.685
852.173 60.786
852.383 60.631
852.592 60.257
852.802 60.117
853.011 60.167
853.221 60.184
853.430 60.085
853.640 59.972
853.849 60.065
854.059 59.968
854.268 59.829
854.478 59.920
854.687 60.050
854.897 60.119
855.106 60.236
855.316 60.160
855.525 60.101
855.735 60.170
855.944 60.034
856.154 60.029
856.363 60.225
856.573 60.265
856.782 60.031
856.992 60.040
857.201 60.249
857.411 60.287
857.620 60.401
857.830 60.502
858.039 60.532
858.249 60.641
858.458 60.522
858.668 60.508
858.877 60.525
859.087 60.850
859.296 60.998
859.506 60.754
859.715 60.524
859.925 60.362
860.134 60.348
860.344 60.326
860.553 60.381
860.763 60.405
860.972 60.311
861.182 60.149
861.391 59.955
861.601 59.762
861.810 59.814
862.020 59.805
862.229 59.801
862.439 59.724
862.648 59.831
862.858 59.778
863.067 59.599
863.277 59.599
863.486 59.903
863.696 59.972
863.905 60.094
864.115 60.144
864.324 60.250
864.534 60.348
864.743 60.348
864.953 60.338
865.162 60.520
865.372 60.508
865.581 60.410
865.791 60.376
866.000 60.316
866.210 60.368
866.419 60.382
866.629 60.333
866.838 60.165
867.048 60.238
867.257 60.411
867.467 60.537
867.676 60.873
867.886 60.970
868.095 60.960
868.305 60.905
868.514 60.712
868.724 60.586
868.933 60.751
869.143 60.816
869.352 60.746
869.562 60.643
869.771 60.400
869.981 60.181
870.190 60.133
870.400 59.933
870.609 60.033
870.819 60.140
871.028 60.422
871.238 60.609
871.447 60.768
871.657 60.921
871.866 60.671
872.076 60.915
872.285 60.938
872.495 60.902
872.704 60.779
872.914 60.784
873.123 60.923
873.333 60.771
873.542 60.672
873.752 60.710
873.961 60.740
874.171 60.767
874.380 60.416
874.590 60.557
874.799 60.922
875.009 61.275
875.218 61.535
875.428 61.077
875.637 60.819
875.847 60.932
876.056 60.836
876.266 60.599
876.475 60.601
876.685 60.740
876.894 60.947
877.104 60.875
877.313 60.794
877.523 60.815
877.732 60.960
877.942 61.071
878.151 60.774
878.361 60.688
878.570 60.826
878.780 60.977
878.989 61.124
879.199 61.156
879.408 60.856
879.618 60.387
879.827 60.065
880.037 60.501
880.246 60.792
880.456 60.778
880.665 60.640
880.875 60.556
881.084 60.860
881.294 60.929
881.503 60.434
881.713 60.527
881.922 61.061
882.132 61.056
882.341 60.731
882.551 60.486
882.760 60.498
882.970 60.569
883.179 60.739
883.389 60.349
883.598 60.084
883.808 60.277
884.017 60.244
884.227 59.979
884.436 59.905
884.646 59.936
884.855 59.974
885.065 59.844
885.274 59.985
885.484 60.242
885.693 60.527
885.903 60.271
886.112 60.135
886.322 60.331
886.531 60.668
886.741 60.880
886.950 61.095
887.160 61.217
887.369 61.051
887.579 60.948
887.788 60.486
887.998 60.333
888.207 60.676
888.417 60.722
888.626 60.462
888.836 59.981
889.045 59.682
889.255 59.500
889.464 59.658
889.674 60.024
889.883 59.953
890.093 60.044
890.302 59.893
890.512 59.982
890.721 60.356
890.931 60.452
891.140 60.563
891.350 60.667
891.559 60.709
891.769 60.535
891.978 60.372
892.188 60.593
892.397 60.567
892.607 60.588
892.816 60.635
893.026 60.163
893.235 59.727
893.445 59.797
893.654 60.068
893.864 60.167
894.073 60.126
894.283 60.142
894.492 59.891
894.702 59.851
894.911 59.917
895.121 59.706
895.330 59.642
895.540 60.074
895.749 60.473
895.959 60.364
896.168 60.240
896.378 60.267
896.587 60.701
896.797 60.958
897.006 61.018
897.216 61.066
897.425 60.804
897.635 60.805
897.844 60.895
898.054 60.649
898.263 60.491
898.473 60.412
898.682 60.122
898.892 59.856
899.101 60.124
899.311 60.215
899.520 60.150
899.730 60.390
899.939 60.475
900.149 60.342
900.358 60.227
900.568 60.501
900.777 60.841
900.987 61.050
901.196 60.777
901.406 60.378
901.615 60.389
901.825 60.570
902.034 60.388
902.244 60.355
902.453 60.351
902.663 60.455
902.872 60.356
903.082 60.297
903.291 60.470
903.501 60.598
903.710 60.639
903.920 60.787
904.129 60.376
904.339 60.351
904.548 60.029
904.758 59.697
904.967 59.605
905.177 59.563
905.386 59.625
905.596 59.518
905.805 59.659
906.015 59.837
906.224 59.670
906.434 59.882
906.643 60.149
906.853 60.429
907.062 60.822
907.272 60.744
907.481 60.524
907.691 60.544
907.900 60.632
908.110 60.664
908.319 60.472
908.529 60.242
908.738 60.131
908.948 59.842
909.157 59.608
909.367 59.370
909.576 59.733
909.786 60.011
909.995 59.667
910.205 59.344
910.414 59.045
910.624 59.237
910.833 59.517
911.043 59.691
911.252 60.216
911.462 60.984
911.672 61.235
911.881 60.870
912.091 60.515
912.300 60.584
912.512 60.645
912.724 60.993
912.937 61.196
913.149 61.507
913.361 61.753
913.573 61.401
913.786 61.007
913.998 61.098
914.210 60.939
914.422 61.362
914.634 61.347
914.847 61.355
915.059 61.201
915.271 60.951
915.483 60.408
915.696 60.194
915.908 60.665
916.120 60.718
916.332 60.492
916.544 60.817
916.757 60.719
916.969 60.581
917.181 60.669
917.393 60.654
917.606 60.417
917.818 60.366
918.030 60.316
918.242 60.252
918.454 60.205
918.667 60.361
918.879 60.303
919.091 60.123
919.303 60.003
919.516 59.943
919.728 60.217
919.940 60.733
920.152 60.979
920.364 60.868
920.577 60.468
920.789 60.178
921.001 60.274
921.213 60.929
921.426 61.537
921.638 61.956
921.850 61.621
922.062 60.962
922.274 60.537
922.487 60.615
922.699 60.798
922.911 61.163
923.123 61.709
923.336 61.658
923.548 61.015
923.760 60.551
923.972 60.506
924.184 60.820
924.397 60.991
924.609 61.176
924.821 61.661
925.033 61.617
925.246 61.066
925.458 60.736
925.670 60.978
925.882 61.209
926.094 60.993
926.307 60.927
926.519 61.085
926.731 61.309
926.943 61.440
927.156 60.895
927.368 60.778
927.580 61.308
927.792 61.846
928.004 61.932
928.217 61.771
928.429 62.323
928.641 62.535
928.853 62.575
929.066 62.749
929.278 62.779
929.490 62.780
929.702 62.882
929.914 62.806
930.127 62.537
930.339 62.291
930.551 62.202
930.763 61.550
930.976 61.064
931.188 61.117
931.400 60.721
931.612 60.534
931.824 61.115
932.037 61.559
932.249 61.953
932.461 62.105
932.673 61.955
932.886 62.125
933.098 62.644
933.310 63.829
933.522 64.209
933.734 64.836
933.947 64.978
934.159 64.382
934.371 64.110
934.583 63.519
934.796 63.238
935.008 63.268
935.220 63.707
935.432 63.547
935.644 62.786
935.857 62.679
936.069 62.121
936.281 61.698
936.493 61.067
936.706 61.483
936.918 62.547
937.130 62.546
937.342 62.536
937.554 62.661
937.767 63.504
937.979 63.321
938.191 62.737
938.403 63.034
938.616 62.973
938.828 63.916
939.040 64.041
939.252 63.578
939.464 63.653
939.677 63.850
939.889 63.115
940.101 62.636
940.313 63.277
940.526 63.388
940.738 62.957
940.950 63.325
941.162 62.649
941.374 62.424
941.587 63.249
941.799 63.817
942.011 63.855
942.223 64.033
942.436 64.014
942.648 63.719
942.860 64.247
943.072 64.160
943.284 64.553
943.497 65.195
943.709 65.244
943.921 64.189
944.133 64.781
944.346 65.509
944.558 66.044
944.770 66.035
944.982 65.892
945.194 65.493
945.407 65.876
945.619 65.191
945.831 65.403
946.043 65.959
946.256 66.546
946.468 65.869
946.680 65.078
946.892 64.567
947.104 64.190
947.317 64.152
947.529 64.426
947.741 65.848
947.953 66.859
948.166 65.787
948.378 65.404
948.590 66.021
948.802 65.984
949.014 66.333
949.227 66.448
949.439 66.691
949.651 67.609
949.863 68.823
950.076 68.011
950.288 67.728
950.500 68.697
950.712 67.897
950.924 66.872
951.137 67.918
951.349 69.090
951.561 68.965
951.773 71.049
951.986 73.909
952.198 72.121
952.410 70.632
952.622 69.343
952.834 69.105
953.047 70.412
953.259 70.152
953.471 68.460
953.683 66.649
953.896 68.229
954.108 67.942
954.320 63.866
954.532 63.343
954.744 64.561
954.957 66.339
955.169 66.473
955.381 65.817
955.593 64.840
955.806 63.750
956.018 63.882
956.230 63.100
956.442 61.633
956.654 62.589
956.867 63.460
957.079 63.554
957.291 63.540
957.503 64.109
957.716 63.810
957.928 64.825
958.140 65.991
958.352 66.815
958.564 66.763
958.777 66.163
958.989 65.432
959.201 66.414
959.413 67.052
959.626 66.018
959.838 64.748
960.050 64.554
960.262 64.613
960.474 65.387
960.687 66.225
960.899 66.510
961.111 66.533
961.323 66.647
961.536 65.702
961.748 65.270
961.960 65.864
962.172 65.680
962.384 64.756
962.597 64.929
962.809 66.115
963.021 65.012
963.233 63.722
963.446 63.532
963.658 62.848
963.870 63.745
964.082 64.992
964.294 65.285
964.507 65.221
964.719 65.890
964.931 66.121
965.143 65.165
965.356 65.283
965.568 65.564
965.780 66.575
966.000 67.160
966.221 65.857
966.441 64.526
966.662 64.947
966.882 66.524
967.103 66.627
967.323 65.326
967.543 64.819
967.764 64.127
967.984 63.373
968.205 62.351
968.425 63.282
968.645 63.788
968.866 63.121
969.086 62.532
969.307 62.387
969.527 63.412
969.748 64.377
969.968 64.446
970.188 64.301
970.409 64.161
970.629 64.642
970.850 65.449
971.070 65.118
971.290 65.969
971.511 65.712
971.731 65.738
971.952 65.781
972.172 64.838
972.393 64.300
972.613 65.020
972.833 66.427
973.054 67.409
973.274 66.274
973.495 66.105
973.715 66.276
973.936 67.297
974.156 67.204
974.376 67.024
974.597 67.816
974.817 67.773
975.038 67.757
975.258 67.460
975.478 67.264
975.699 67.342
975.919 68.252
976.140 69.012
976.360 68.367
976.581 67.652
976.801 67.041
977.021 67.301
977.242 66.401
977.462 66.316
977.683 68.867
977.903 68.508
978.123 68.872
978.344 68.352
978.564 66.560
978.785 66.296
979.005 67.617
979.226 68.388
979.446 68.454
979.666 69.231
979.887 68.619
980.107 67.343
980.328 69.445
980.548 69.640
980.769 69.770
980.989 68.441
981.209 68.649
981.430 69.483
981.650 69.195
981.871 69.236
982.091 69.252
982.311 70.201
982.532 68.366
982.752 65.787
982.973 66.027
983.193 67.413
983.414 70.249
983.634 70.924
983.854 69.359
984.075 69.588
984.295 69.923
984.516 70.487
984.736 70.966
984.956 71.453
985.177 72.282
985.397 71.088
985.618 70.217
985.838 70.174
986.059 69.289
986.279 68.848
986.499 68.279
986.720 68.395
986.940 69.789
987.161 68.203
987.381 67.381
987.602 67.806
987.822 69.745
988.042 68.671
988.263 67.651
988.483 67.534
988.704 66.076
988.924 64.321
989.144 63.432
989.365 63.032
989.585 65.974
989.806 67.384
990.026 65.865
990.247 64.180
990.467 65.077
990.687 65.294
990.908 66.511
991.128 69.928
991.349 72.674
991.569 73.777
991.789 74.479
992.010 74.131
992.230 73.552
992.451 72.896
992.671 72.940
992.892 74.976
993.112 76.137
993.332 74.344
993.553 72.282
993.773 72.957
993.994 71.849
994.214 70.170
994.435 69.233
994.655 70.270
994.875 71.216
995.096 72.295
995.316 71.359
995.537 69.042
995.757 67.990
995.977 68.198
996.198 65.075
996.418 64.011
996.639 64.680
996.859 64.303
997.080 63.734
997.300 64.414
997.520 62.962
997.741 60.091
997.961 61.611
998.182 63.755
998.402 62.314
998.622 66.781
998.843 72.593
999.063 73.199
999.284 72.100
999.504 69.618
999.725 68.125
999.945 68.589
1000.165 72.977
1000.386 73.713
1000.606 75.052
1000.827 77.552
1001.047 74.967
1001.268 68.982
1001.488 67.828
1001.708 72.318
1001.929 76.318
1002.149 77.335
1002.370 74.124
1002.590 71.546
1002.810 74.427
1003.031 73.205
1003.251 70.946
1003.472 70.809
1003.692 72.415
1003.913 72.244
1004.133 67.540
1004.353 65.626
1004.574 67.033
1004.794 72.682
1005.015 76.425
1005.235 71.486
1005.455 70.587
1005.676 72.126
1005.896 72.010
1006.117 70.844
1006.337 69.521
1006.558 74.856
1006.778 76.171
1006.998 73.417
1007.219 69.782
1007.439 63.648
1007.660 65.031
1007.880 68.111
1008.101 67.846
1008.321 65.123
1008.541 65.230
1008.762 69.983
1008.982 69.779
1009.203 70.132
1009.423 70.820
1009.643 70.158
1009.864 73.189
1010.084 70.784
1010.305 69.042
1010.525 71.249
1010.746 70.493
1010.966 66.300
1011.186 62.499
1011.407 61.575
1011.627 60.116
1011.848 60.589
1012.068 61.779
1012.288 60.330
1012.509 62.262
1012.729 60.197
1012.950 55.495
