290.982 79.513
291.167 80.553
291.352 81.673
291.537 82.159
291.722 82.252
291.907 86.469
292.091 86.673
292.276 84.802
292.461 84.529
292.646 83.973
292.831 84.997
293.016 82.492
293.201 79.078
293.386 77.090
293.571 77.164
293.756 77.756
293.940 77.342
294.125 75.259
294.310 76.172
294.495 77.315
294.680 76.325
294.865 73.563
295.050 74.747
295.235 76.350
295.420 76.161
295.605 74.659
295.789 75.294
295.974 76.124
296.159 75.471
296.344 74.679
296.529 73.114
296.714 73.421
296.899 74.497
297.084 75.407
297.269 75.837
297.454 77.593
297.638 79.042
297.823 77.537
298.008 76.062
298.193 76.052
298.378 77.164
298.563 77.705
298.748 79.498
298.933 79.454
299.118 77.997
299.303 77.438
299.487 75.046
299.672 71.781
299.857 69.757
300.042 71.237
300.227 72.119
300.412 70.443
300.597 69.778
300.782 67.348
300.967 67.638
301.152 67.770
301.336 67.688
301.521 69.016
301.706 73.232
301.891 75.548
302.076 75.685
302.261 75.635
302.446 76.977
302.631 76.467
302.816 78.388
303.001 77.886
303.185 75.817
303.370 74.670
303.555 74.135
303.740 72.001
303.925 71.060
304.110 69.647
304.295 69.736
304.480 69.792
304.665 70.014
304.850 68.666
305.034 68.626
305.219 70.659
305.404 71.698
305.589 72.010
305.774 72.340
305.959 73.206
306.144 73.390
306.329 71.647
306.514 69.973
306.699 69.964
306.883 69.718
307.068 69.663
307.253 69.181
307.438 69.666
307.623 69.887
307.808 67.848
307.993 65.280
308.178 64.041
308.363 63.848
308.548 65.238
308.732 66.432
308.917 65.768
309.102 64.540
309.287 64.166
309.472 64.641
309.657 65.676
309.842 66.162
310.027 65.779
310.212 66.242
310.397 67.256
310.581 66.079
310.766 64.314
310.951 64.179
311.136 64.517
311.321 64.904
311.506 63.645
311.691 61.759
311.876 61.179
312.061 61.179
312.245 62.569
312.430 63.774
312.615 64.998
312.800 65.263
312.985 64.443
313.170 63.422
313.347 63.415
313.523 63.198
313.700 63.176
313.877 63.403
314.054 64.615
314.230 63.794
314.407 61.904
314.584 60.180
314.761 59.455
314.937 59.017
315.114 60.251
315.291 60.563
315.467 60.008
315.644 57.711
315.821 57.000
315.998 56.486
316.174 55.793
316.351 55.676
316.528 55.945
316.704 55.903
316.881 55.681
317.058 55.425
317.235 55.827
317.411 56.712
317.588 58.979
317.765 59.723
317.942 59.598
318.118 60.267
318.295 59.917
318.472 59.157
318.648 59.575
318.825 60.019
319.002 58.588
319.179 56.950
319.355 57.075
319.532 57.295
319.709 56.616
319.885 56.907
320.062 56.848
320.239 56.490
320.416 56.995
320.592 57.116
320.769 57.696
320.946 58.670
321.123 59.124
321.299 58.473
321.476 56.825
321.653 57.172
321.829 56.483
322.006 55.330
322.183 55.833
322.360 55.174
322.536 54.631
322.713 54.831
322.890 55.070
323.066 54.658
323.243 54.732
323.420 57.048
323.597 57.107
323.773 55.794
323.950 56.076
324.127 56.972
324.304 57.585
324.480 56.884
324.657 56.033
324.834 55.209
325.010 54.959
325.187 54.174
325.364 52.424
325.541 51.577
325.717 52.490
325.894 51.587
326.071 49.302
326.248 48.997
326.424 49.817
326.601 49.710
326.778 48.891
326.954 48.187
327.131 47.608
327.308 46.795
327.485 47.450
327.661 47.829
327.838 48.427
328.015 49.699
328.191 48.915
328.368 47.506
328.545 45.733
328.722 45.581
328.898 46.600
329.075 47.356
329.252 47.507
329.429 46.563
329.605 46.583
329.782 46.417
329.959 45.525
330.135 45.153
330.312 45.999
330.489 47.493
330.666 47.607
330.842 46.702
331.019 46.031
331.196 45.572
331.372 45.916
331.549 44.949
331.726 44.350
331.903 44.636
332.079 45.282
332.256 44.218
332.433 42.741
332.610 42.123
332.786 42.477
332.963 42.875
333.140 42.925
333.316 43.991
333.493 44.135
333.670 43.677
333.847 44.099
334.023 43.242
334.200 42.613
334.377 42.585
334.553 42.846
334.730 42.088
334.907 40.997
335.084 41.148
335.260 40.102
335.437 39.839
335.614 40.322
335.791 39.321
335.967 39.396
336.144 39.947
336.321 40.354
336.497 40.158
336.674 39.682
336.851 40.127
337.028 39.213
337.204 38.518
337.381 39.358
337.558 40.030
337.734 39.817
337.911 39.155
338.088 39.272
338.265 40.791
338.441 41.795
338.618 41.335
338.795 40.850
338.972 41.971
339.148 42.481
339.325 41.737
339.502 40.099
339.678 40.002
339.855 40.705
340.032 39.995
340.209 38.378
340.385 37.930
340.562 38.262
340.739 37.928
340.916 37.014
341.092 36.967
341.269 37.103
341.446 37.129
341.622 36.601
341.799 36.361
341.976 37.031
342.153 37.725
342.329 37.565
342.506 37.764
342.683 37.539
342.859 36.895
343.036 36.339
343.213 35.440
343.390 35.262
343.566 35.610
343.743 34.935
343.920 34.143
344.097 33.061
344.273 32.453
344.450 31.972
344.627 32.462
344.803 33.584
344.980 33.627
345.157 33.664
345.334 33.589
345.510 33.404
345.687 33.545
345.864 34.024
346.040 34.573
346.217 35.011
346.394 35.316
346.571 34.852
346.747 33.259
346.924 32.879
347.101 33.793
347.278 34.282
347.454 34.744
347.631 34.203
347.808 32.911
347.984 32.761
348.161 33.267
348.338 33.559
348.515 33.436
348.691 33.801
348.868 33.827
349.045 32.749
349.221 32.225
349.398 31.309
349.575 31.638
349.752 32.582
349.928 31.912
350.105 30.844
350.282 30.070
350.459 30.419
350.635 30.661
350.812 30.171
350.989 30.376
351.165 30.864
351.342 31.085
351.519 30.792
351.696 30.379
351.872 30.587
352.049 30.584
352.226 30.701
352.402 30.399
352.579 30.237
352.756 30.513
352.933 30.086
353.109 29.018
353.286 28.373
353.463 28.470
353.640 28.541
353.816 27.917
353.993 27.646
354.170 27.364
354.346 27.491
354.523 27.713
354.700 27.358
354.877 27.250
355.053 27.154
355.230 27.379
355.407 27.564
355.584 27.779
355.760 28.140
355.937 28.026
356.114 28.172
356.290 27.943
356.467 27.816
356.644 27.715
356.821 27.491
356.997 28.235
357.174 28.484
357.351 28.239
357.527 28.096
357.704 27.924
357.881 28.303
358.058 28.798
358.234 28.973
358.411 28.595
358.588 28.321
358.765 28.123
358.941 27.514
359.118 27.196
359.295 27.048
359.471 26.201
359.648 25.983
359.825 25.980
360.002 25.491
360.178 25.252
360.355 25.316
360.532 25.420
360.708 25.388
360.885 25.298
361.062 24.569
361.239 24.006
361.415 24.423
361.592 24.329
361.769 23.857
361.946 24.119
362.122 24.165
362.299 23.494
362.476 23.515
362.652 23.713
362.829 24.161
363.006 24.520
363.183 25.319
363.359 25.401
363.536 24.974
363.713 24.773
363.889 24.233
364.066 23.454
364.243 23.396
364.420 23.123
364.596 22.929
364.773 22.373
364.950 22.773
365.127 22.688
365.303 22.388
365.480 23.113
365.661 23.328
365.841 23.316
366.022 23.657
366.202 23.782
366.383 23.321
366.563 23.038
366.744 23.100
366.924 22.754
367.105 22.411
367.286 22.128
367.466 21.202
367.647 21.074
367.827 20.780
368.008 20.575
368.188 20.482
368.369 20.764
368.549 20.893
368.730 20.202
368.911 19.766
369.091 19.491
369.272 19.393
369.452 19.642
369.633 19.221
369.813 19.246
369.994 19.601
370.174 19.459
370.355 19.054
370.535 18.904
370.716 19.470
370.897 19.626
371.077 19.395
371.258 19.779
371.438 20.569
371.619 20.962
371.799 20.674
371.980 19.900
372.160 19.948
372.341 20.245
372.522 20.119
372.702 19.833
372.883 19.842
373.063 19.973
373.244 19.807
373.424 19.148
373.605 18.920
373.785 18.872
373.966 18.934
374.147 18.876
374.327 19.076
374.508 19.279
374.688 19.108
374.869 19.058
375.049 19.406
375.230 19.882
375.410 19.929
375.591 19.497
375.772 19.512
375.952 19.955
376.133 20.028
376.313 19.712
376.494 19.118
376.674 19.127
376.855 19.155
377.035 18.542
377.216 18.150
377.397 18.199
377.577 18.446
377.758 18.382
377.938 18.123
378.119 17.938
378.299 17.774
378.480 18.081
378.660 18.260
378.841 18.238
379.021 17.862
379.202 17.055
379.383 16.466
379.563 16.200
379.744 16.033
379.924 15.619
380.105 15.615
380.285 15.552
380.466 15.154
380.646 14.777
380.827 14.360
381.008 14.561
381.188 14.939
381.369 15.271
381.549 15.146
381.730 15.035
381.910 15.189
382.091 15.005
382.271 15.110
382.452 15.277
382.633 15.322
382.813 15.684
382.994 16.023
383.174 15.808
383.355 15.407
383.535 15.519
383.716 15.693
383.896 15.430
384.077 15.329
384.258 15.226
384.438 15.277
384.619 15.216
384.799 14.825
384.980 14.404
385.160 14.093
385.341 13.887
385.521 13.608
385.702 13.398
385.882 13.680
386.063 13.814
386.244 13.726
386.424 13.662
386.605 13.480
386.785 13.353
386.966 13.358
387.146 13.451
387.327 13.495
387.507 13.457
387.688 13.475
387.869 13.376
388.049 13.518
388.230 13.622
388.410 13.576
388.591 13.557
388.771 13.651
388.952 13.692
389.132 13.625
389.313 13.587
389.494 13.556
389.674 13.465
389.855 13.137
390.035 12.910
390.216 12.802
390.396 12.940
390.577 13.024
390.757 12.754
390.938 12.573
391.119 12.577
391.299 12.563
391.480 12.714
391.660 12.869
391.841 13.155
392.021 13.069
392.202 12.956
392.382 12.735
392.563 12.638
392.743 12.776
392.924 12.783
393.105 12.736
393.285 12.801
393.466 12.764
393.646 12.639
393.827 12.458
394.007 12.185
394.188 12.232
394.368 12.330
394.549 12.258
394.730 12.052
394.910 11.918
395.091 11.899
395.271 12.046
395.452 12.153
395.632 11.970
395.813 11.895
395.993 12.040
396.174 11.971
396.355 11.720
396.535 11.788
396.716 12.175
396.896 12.463
397.077 12.422
397.257 12.032
397.438 11.576
397.618 11.512
397.799 11.505
397.980 11.619
398.160 11.648
398.341 11.639
398.521 11.524
398.702 11.268
398.882 10.973
399.063 10.991
399.243 11.260
399.424 11.413
399.605 11.520
399.785 11.435
399.966 11.206
400.146 11.017
400.327 10.984
400.507 11.061
400.688 10.929
400.868 10.859
401.049 10.776
401.229 10.474
401.410 10.463
401.591 10.548
401.771 10.742
401.952 10.825
402.132 10.754
402.313 10.689
402.493 10.669
402.674 10.892
402.854 11.010
403.035 11.146
403.216 11.019
403.396 11.023
403.577 10.983
403.757 10.705
403.938 10.492
404.118 10.359
404.299 10.173
404.479 9.922
404.660 9.646
404.841 9.520
405.023 9.373
405.204 9.385
405.385 9.316
405.566 9.262
405.748 9.211
405.929 9.221
406.110 9.604
406.292 9.964
406.473 10.253
406.654 10.404
406.835 10.355
407.017 10.228
407.198 10.296
407.379 10.200
407.560 9.998
407.742 9.942
407.923 9.881
408.104 9.486
408.286 9.153
408.467 8.934
408.648 9.012
408.829 9.332
409.011 9.367
409.192 9.211
409.373 9.104
409.555 9.136
409.736 9.228
409.917 9.334
410.098 9.538
410.280 9.685
410.461 9.733
410.642 9.450
410.823 8.940
411.005 8.922
411.186 9.282
411.367 9.502
411.549 9.568
411.730 9.546
411.911 9.411
412.092 9.313
412.274 9.294
412.455 9.139
412.636 9.096
412.818 9.243
412.999 9.221
413.180 8.980
413.361 8.896
413.543 8.837
413.724 8.856
413.905 8.838
414.087 8.806
414.268 8.712
414.449 8.692
414.630 8.735
414.812 8.851
414.993 8.901
415.174 8.734
415.355 8.560
415.537 8.449
415.718 8.475
415.899 8.556
416.081 8.463
416.262 8.330
416.443 8.298
416.624 8.224
416.806 8.043
416.987 7.873
417.168 7.817
417.350 7.812
417.531 7.862
417.712 7.831
417.893 7.810
418.075 7.945
418.256 7.938
418.437 7.805
418.618 7.658
418.800 7.637
418.981 7.820
419.162 7.925
419.344 8.025
419.525 8.096
419.706 8.004
419.887 7.890
420.069 7.772
420.250 7.796
420.431 7.852
420.613 7.988
420.794 7.920
420.975 7.682
421.156 7.618
421.338 7.502
421.519 7.333
421.700 7.254
421.882 7.209
422.063 7.109
422.244 7.086
422.425 7.116
422.607 7.003
422.788 6.996
422.969 7.060
423.150 7.194
423.332 7.382
423.513 7.445
423.694 7.360
423.876 7.344
424.057 7.413
424.238 7.381
424.419 7.526
424.601 7.954
424.782 8.064
424.963 8.136
425.145 8.032
425.326 7.850
425.507 7.755
425.688 7.888
425.870 7.897
426.051 7.761
426.232 7.732
426.413 7.558
426.595 7.126
426.776 6.904
426.957 6.833
427.139 6.920
427.320 6.837
427.501 6.760
427.682 6.564
427.864 6.535
428.045 6.618
428.226 6.640
428.408 6.636
428.589 6.624
428.770 6.656
428.951 6.531
429.133 6.299
429.314 6.292
429.495 6.314
429.677 6.341
429.858 6.291
430.039 6.179
430.220 6.133
430.402 6.103
430.583 6.159
430.764 6.144
430.945 6.170
431.127 6.168
431.308 6.139
431.489 6.161
431.671 6.140
431.852 6.110
432.033 6.142
432.214 6.135
432.396 6.097
432.577 5.958
432.758 5.933
432.940 5.974
433.121 5.973
433.302 5.920
433.483 5.944
433.665 6.080
433.846 6.207
434.027 6.222
434.208 6.210
434.390 6.179
434.571 6.233
434.752 6.266
434.934 6.252
435.115 6.332
435.296 6.396
435.477 6.342
435.659 6.313
435.840 6.323
436.030 6.399
436.220 6.349
436.410 6.371
436.600 6.385
436.790 6.405
436.980 6.461
437.170 6.414
437.360 6.375
437.550 6.337
437.741 6.272
437.931 6.159
438.121 6.138
438.311 6.207
438.501 6.219
438.691 6.263
438.881 6.200
439.071 6.051
439.261 5.971
439.451 5.890
439.641 5.848
439.831 5.782
440.021 5.739
440.211 5.660
440.401 5.672
440.591 5.703
440.781 5.725
440.971 5.769
441.161 5.744
441.351 5.728
441.542 5.779
441.732 5.843
441.922 5.887
442.112 5.950
442.302 6.003
442.492 5.941
442.682 5.796
442.872 5.587
443.062 5.486
443.252 5.511
443.442 5.592
443.632 5.630
443.822 5.625
444.012 5.561
444.202 5.515
444.392 5.465
444.582 5.429
444.772 5.438
444.962 5.523
445.153 5.560
445.343 5.506
445.533 5.370
445.723 5.284
445.913 5.206
446.103 5.212
446.293 5.197
446.483 5.177
446.673 5.194
446.863 5.222
447.053 5.213
447.243 5.237
447.433 5.285
447.623 5.340
447.813 5.350
448.003 5.420
448.193 5.435
448.383 5.415
448.573 5.377
448.764 5.261
448.954 5.228
449.144 5.213
449.334 5.134
449.524 5.099
449.714 5.117
449.904 5.119
450.094 5.101
450.284 5.103
450.474 5.114
450.664 5.097
450.854 5.153
451.044 5.179
451.234 5.169
451.424 5.113
451.614 5.077
451.804 5.111
451.994 5.086
452.184 5.018
452.375 5.024
452.565 5.008
452.755 4.998
452.945 5.004
453.135 4.991
453.325 5.004
453.515 5.088
453.705 5.125
453.895 5.084
454.085 5.120
454.275 5.208
454.465 5.185
454.655 5.122
454.845 5.121
455.035 5.193
455.225 5.157
455.415 5.074
455.605 5.079
455.795 5.136
455.985 5.065
456.176 4.965
456.366 4.875
456.556 4.840
456.746 4.867
456.936 4.874
457.126 4.834
457.316 4.839
457.506 4.866
457.696 4.814
457.886 4.708
458.076 4.697
458.266 4.713
458.456 4.703
458.646 4.675
458.836 4.689
459.026 4.759
459.216 4.765
459.406 4.734
459.596 4.710
459.787 4.678
459.977 4.683
460.167 4.721
460.357 4.691
460.547 4.686
460.737 4.703
460.927 4.700
461.117 4.572
461.307 4.553
461.497 4.624
461.687 4.651
461.877 4.715
462.067 4.765
462.257 4.795
462.447 4.844
462.637 4.821
462.827 4.794
463.017 4.826
463.207 4.969
463.397 4.959
463.588 4.922
463.778 4.971
463.968 4.921
464.158 4.879
464.348 4.857
464.538 4.886
464.728 4.857
464.918 4.864
465.108 4.850
465.298 4.748
465.488 4.692
465.678 4.670
465.868 4.641
466.058 4.661
466.248 4.611
466.438 4.571
466.628 4.594
466.818 4.654
467.008 4.663
467.199 4.627
467.389 4.582
467.579 4.557
467.769 4.579
467.959 4.529
468.149 4.441
468.339 4.485
468.529 4.555
468.719 4.584
468.909 4.531
469.099 4.485
469.289 4.488
469.479 4.525
469.669 4.526
469.859 4.490
470.049 4.487
470.239 4.536
470.429 4.549
470.619 4.473
470.810 4.353
471.000 4.397
471.190 4.507
471.380 4.517
471.570 4.529
471.760 4.585
471.950 4.622
472.140 4.668
472.330 4.742
472.520 4.728
472.710 4.694
472.900 4.721
473.090 4.706
473.280 4.617
473.470 4.586
473.660 4.569
473.850 4.564
474.040 4.565
474.230 4.533
474.421 4.475
474.611 4.466
474.801 4.526
474.991 4.582
475.181 4.597
475.371 4.612
475.561 4.617
475.751 4.537
475.941 4.457
476.131 4.411
476.321 4.405
476.511 4.387
476.701 4.389
476.891 4.340
477.081 4.259
477.271 4.173
477.461 4.111
477.651 4.091
477.841 4.128
478.031 4.142
478.222 4.143
478.412 4.154
478.602 4.171
478.792 4.194
478.982 4.232
479.172 4.225
479.362 4.268
479.552 4.315
479.742 4.299
479.932 4.316
480.122 4.339
480.312 4.343
480.502 4.360
480.692 4.381
480.882 4.315
481.072 4.285
481.262 4.332
481.452 4.344
481.642 4.353
481.833 4.418
482.023 4.436
482.213 4.451
482.403 4.471
482.593 4.464
482.783 4.470
482.973 4.525
483.163 4.562
483.353 4.506
483.543 4.497
483.733 4.488
483.923 4.432
484.113 4.434
484.303 4.412
484.493 4.366
484.683 4.385
484.873 4.365
485.063 4.295
485.253 4.236
485.443 4.267
485.634 4.229
485.824 4.207
486.014 4.222
486.204 4.214
486.394 4.268
486.584 4.322
486.774 4.265
486.964 4.243
487.154 4.259
487.344 4.283
487.534 4.258
487.724 4.257
487.914 4.281
488.104 4.290
488.294 4.275
488.484 4.238
488.674 4.218
488.864 4.223
489.054 4.213
489.245 4.210
489.435 4.241
489.625 4.302
489.815 4.363
490.005 4.437
490.195 4.445
490.385 4.440
490.575 4.442
490.765 4.455
490.955 4.493
491.145 4.536
491.335 4.586
491.525 4.551
491.715 4.514
491.905 4.516
492.095 4.472
492.285 4.424
492.475 4.428
492.665 4.426
492.856 4.414
493.046 4.364
493.236 4.332
493.426 4.325
493.616 4.308
493.806 4.308
493.996 4.290
494.186 4.264
494.376 4.316
494.566 4.283
494.756 4.235
494.946 4.220
495.136 4.243
495.326 4.250
495.516 4.268
495.706 4.319
495.896 4.305
496.086 4.287
496.276 4.278
496.467 4.267
496.657 4.372
496.847 4.405
497.037 4.401
497.227 4.419
497.417 4.413
497.607 4.393
497.797 4.378
497.987 4.407
498.177 4.404
498.367 4.413
498.557 4.402
498.747 4.337
498.937 4.356
499.127 4.355
499.317 4.301
499.507 4.274
499.697 4.250
499.887 4.267
500.077 4.267
500.268 4.271
500.458 4.247
500.648 4.211
500.838 4.162
501.028 4.128
501.218 4.146
501.408 4.160
501.598 4.170
501.788 4.171
501.978 4.151
502.168 4.095
502.358 4.089
502.548 4.104
502.738 4.110
502.928 4.142
503.118 4.150
503.308 4.139
503.498 4.161
503.688 4.175
503.879 4.159
504.069 4.137
504.259 4.184
504.449 4.189
504.639 4.173
504.829 4.183
505.019 4.179
505.209 4.173
505.399 4.154
505.589 4.124
505.779 4.094
505.969 4.080
506.159 4.094
506.349 4.071
506.539 4.049
506.729 4.047
506.919 4.065
507.109 4.084
507.299 4.069
507.490 4.059
507.680 4.025
507.870 4.025
508.060 4.017
508.250 3.985
508.440 3.983
508.630 3.979
508.820 3.957
509.010 3.913
509.200 3.871
509.390 3.873
509.580 3.867
509.770 3.902
509.960 3.897
510.150 3.892
510.340 3.912
510.530 3.935
510.720 3.968
510.910 4.014
511.100 4.056
511.291 4.049
511.481 4.044
511.671 4.066
511.861 4.135
512.051 4.285
512.241 4.319
512.431 4.328
512.621 4.310
512.811 4.273
513.001 4.239
513.191 4.205
513.381 4.215
513.571 4.230
513.761 4.217
513.951 4.137
514.141 3.986
514.331 3.974
514.521 3.917
514.711 3.904
514.902 3.948
515.092 3.973
515.282 4.004
515.472 4.009
515.662 3.960
515.852 3.950
516.042 3.935
516.232 3.936
516.422 3.931
516.612 3.971
516.802 3.981
516.992 3.937
517.182 3.895
517.372 3.851
517.562 3.885
517.752 3.941
517.942 3.936
518.132 3.950
518.322 3.968
518.513 3.986
518.703 3.999
518.893 4.020
519.083 4.086
519.273 4.155
519.463 4.160
519.653 4.139
519.843 4.128
520.033 4.134
520.223 4.136
520.413 4.148
520.603 4.140
520.793 4.122
520.983 4.092
521.173 4.043
521.363 4.010
521.553 4.044
521.743 4.047
521.933 4.055
522.123 4.103
522.314 4.140
522.504 4.097
522.694 4.053
522.884 4.034
523.074 4.033
523.264 4.046
523.454 4.019
523.644 3.995
523.834 3.979
524.024 3.987
524.214 3.959
524.404 3.920
524.594 3.940
524.784 3.984
524.974 3.986
525.164 3.972
525.354 3.944
525.544 3.955
525.734 3.947
525.925 3.930
526.115 3.911
526.305 3.941
526.495 3.997
526.685 4.002
526.875 3.986
527.065 3.995
527.255 3.995
527.445 3.998
527.635 3.998
527.825 4.022
528.015 4.072
528.205 4.075
528.395 4.023
528.585 3.981
528.775 3.989
528.965 3.998
529.155 4.003
529.345 4.025
529.535 4.008
529.726 4.003
529.916 4.001
530.106 3.993
530.296 4.000
530.486 4.007
530.676 3.997
530.866 3.996
531.056 4.003
531.246 3.998
531.436 3.976
531.626 4.009
531.816 4.010
532.006 4.005
532.196 3.981
532.386 3.939
532.576 3.906
532.766 3.897
532.956 3.873
533.146 3.853
533.337 3.843
533.527 3.844
533.717 3.818
533.907 3.834
534.097 3.837
534.287 3.841
534.477 3.853
534.667 3.865
534.857 3.874
535.047 3.885
535.237 3.888
535.427 3.883
535.617 3.882
535.807 3.894
535.997 3.864
536.187 3.835
536.377 3.842
536.567 3.858
536.757 3.871
536.948 3.865
537.138 3.855
537.328 3.868
537.518 3.887
537.708 3.884
537.898 3.864
538.088 3.880
538.278 3.892
538.468 3.873
538.658 3.872
538.848 3.866
539.038 3.852
539.228 3.848
539.418 3.844
539.608 3.857
539.798 3.873
539.988 3.872
540.178 3.830
540.368 3.826
540.558 3.838
540.749 3.825
540.939 3.813
541.129 3.840
541.319 3.878
541.509 4.102
541.699 4.506
541.889 4.519
542.079 4.557
542.269 4.606
542.459 4.636
542.649 4.614
542.839 4.612
543.029 4.635
543.219 4.636
543.409 4.600
543.599 4.340
543.789 3.926
543.979 3.918
544.169 3.918
544.360 3.910
544.550 3.909
544.740 3.911
544.930 3.907
545.120 3.902
545.310 3.866
545.500 3.878
545.690 3.913
545.880 3.900
546.070 3.880
546.267 3.840
546.463 3.820
546.660 3.798
546.857 3.804
547.054 3.803
547.251 3.779
547.447 3.766
547.644 3.730
547.841 3.703
548.038 3.690
548.234 3.692
548.431 3.710
548.628 3.719
548.825 3.718
549.021 3.718
549.218 3.715
549.415 3.696
549.612 3.685
549.808 3.713
550.005 3.742
550.202 3.739
550.399 3.734
550.595 3.728
550.792 3.735
550.989 3.733
551.186 3.745
551.382 3.772
551.579 3.812
551.776 3.862
551.973 3.854
552.169 3.837
552.366 3.839
552.563 3.835
552.760 3.852
552.956 3.853
553.153 3.859
553.350 3.857
553.547 3.862
553.743 3.862
553.940 3.848
554.137 3.846
554.334 3.832
554.530 3.845
554.727 3.861
554.924 3.864
555.121 3.847
555.317 3.828
555.514 3.836
555.711 3.826
555.908 3.816
556.104 3.813
556.301 3.808
556.498 3.810
556.695 3.805
556.891 3.787
557.088 3.751
557.285 3.746
557.482 3.745
557.678 3.725
557.875 3.727
558.072 3.768
558.269 3.787
558.465 3.789
558.662 3.775
558.859 3.746
559.056 3.736
559.252 3.744
559.449 3.768
559.646 3.806
559.843 3.809
560.039 3.789
560.236 3.744
560.433 3.700
560.630 3.676
560.826 3.692
561.023 3.713
561.220 3.726
561.417 3.730
561.613 3.721
561.810 3.675
562.007 3.665
562.204 3.661
562.400 3.658
562.597 3.677
562.794 3.706
562.991 3.720
563.187 3.722
563.384 3.711
563.581 3.718
563.778 3.722
563.974 3.733
564.171 3.721
564.368 3.694
564.565 3.679
564.761 3.675
564.958 3.696
565.155 3.698
565.352 3.678
565.548 3.691
565.745 3.716
565.942 3.692
566.139 3.698
566.335 3.732
566.532 3.770
566.729 3.793
566.926 3.791
567.122 3.758
567.319 3.741
567.516 3.779
567.713 3.800
567.909 3.787
568.106 3.791
568.303 3.778
568.500 3.776
568.696 3.786
568.893 3.788
569.090 3.811
569.287 3.842
569.483 3.879
569.680 3.879
569.877 3.872
570.074 3.868
570.270 3.864
570.467 3.892
570.664 3.906
570.861 3.905
571.057 3.916
571.254 3.899
571.451 3.889
571.648 3.898
571.844 3.906
572.041 3.927
572.238 3.953
572.435 3.985
572.631 3.993
572.828 4.000
573.025 3.995
573.222 3.993
573.418 3.996
573.615 3.971
573.812 3.947
574.009 3.941
574.205 3.922
574.402 3.892
574.599 3.893
574.796 3.890
574.992 3.878
575.189 3.903
575.386 3.903
575.583 3.912
575.779 3.947
575.976 3.938
576.173 3.945
576.370 3.963
576.567 3.979
576.763 3.998
576.960 4.022
577.158 4.007
577.356 4.002
577.554 4.017
577.752 4.026
577.950 4.035
578.148 4.047
578.346 4.039
578.544 4.045
578.742 4.066
578.940 4.058
579.138 4.023
579.336 4.050
579.534 4.071
579.732 4.074
579.930 4.091
580.128 4.108
580.326 4.112
580.524 4.128
580.722 4.111
580.920 4.067
581.118 4.065
581.316 4.095
581.514 4.075
581.712 4.027
581.909 4.027
582.107 4.057
582.305 4.053
582.503 4.050
582.701 4.022
582.899 4.005
583.097 4.006
583.295 4.014
583.493 4.032
583.691 4.054
583.889 4.085
584.087 4.080
584.285 4.038
584.483 4.017
584.681 4.024
584.879 4.047
585.077 4.047
585.275 4.073
585.473 4.084
585.671 4.074
585.869 4.076
586.067 4.077
586.265 4.097
586.463 4.117
586.661 4.132
586.859 4.129
587.057 4.141
587.255 4.174
587.453 4.183
587.651 4.181
587.849 4.174
588.047 4.188
588.245 4.197
588.443 4.202
588.641 4.210
588.839 4.241
589.037 4.267
589.235 4.279
589.433 4.309
589.631 4.339
589.829 4.347
590.027 4.339
590.225 4.326
590.423 4.336
590.621 4.324
590.819 4.313
591.017 4.296
591.215 4.286
591.413 4.278
591.611 4.254
591.809 4.250
592.006 4.262
592.204 4.288
592.402 4.314
592.600 4.326
592.798 4.340
592.996 4.341
593.194 4.357
593.392 4.403
593.590 4.435
593.788 4.471
593.986 4.508
594.184 4.524
594.382 4.543
594.580 4.564
594.778 4.554
594.976 4.554
595.174 4.562
595.372 4.560
595.570 4.531
595.768 4.503
595.966 4.480
596.164 4.454
596.362 4.459
596.560 4.469
596.758 4.473
596.956 4.494
597.154 4.531
597.352 4.545
597.550 4.562
597.748 4.625
597.946 4.672
598.144 4.721
598.342 4.735
598.540 4.718
598.738 4.706
598.936 4.704
599.134 4.700
599.332 4.690
599.530 4.727
599.728 4.752
599.926 4.737
600.124 4.743
600.322 4.762
600.520 4.799
600.718 4.816
600.916 4.835
601.114 4.889
601.312 4.941
601.510 4.939
601.708 4.952
601.905 4.999
602.103 5.026
602.301 5.060
602.499 5.054
602.697 5.058
602.895 5.092
603.093 5.143
603.291 5.156
603.489 5.174
603.687 5.228
603.885 5.271
604.083 5.275
604.281 5.259
604.479 5.251
604.677 5.282
604.875 5.321
605.073 5.350
605.271 5.350
605.469 5.352
605.667 5.350
605.865 5.366
606.063 5.416
606.261 5.497
606.459 5.535
606.657 5.574
606.855 5.600
607.053 5.601
607.251 5.623
607.449 5.669
607.647 5.705
607.845 5.733
608.043 5.759
608.241 5.735
608.439 5.687
608.637 5.718
608.835 5.763
609.033 5.810
609.231 5.848
609.429 5.880
609.627 5.894
609.825 5.931
610.023 5.984
610.221 6.027
610.419 6.074
610.617 6.096
610.815 6.119
611.013 6.139
611.211 6.142
611.409 6.171
611.607 6.216
611.804 6.252
612.002 6.278
612.200 6.325
612.398 6.368
612.596 6.369
612.794 6.392
612.992 6.451
613.190 6.492
613.388 6.528
613.586 6.583
613.784 6.626
613.982 6.667
614.180 6.709
614.378 6.754
614.576 6.788
614.774 6.842
614.972 6.884
615.170 6.906
615.368 6.938
615.566 6.965
615.764 6.968
615.962 6.972
616.160 6.983
616.358 6.986
616.556 6.989
616.754 7.028
616.952 7.072
617.150 7.122
617.348 7.178
617.546 7.214
617.744 7.268
617.942 7.324
618.140 7.374
618.338 7.431
618.536 7.481
618.734 7.525
618.932 7.554
619.130 7.581
619.328 7.621
619.526 7.635
619.724 7.663
619.922 7.733
620.120 7.786
620.318 7.848
620.516 7.930
620.714 7.996
620.912 8.059
621.110 8.120
621.308 8.164
621.506 8.198
621.704 8.290
621.901 8.414
622.099 8.445
622.297 8.504
622.495 8.565
622.693 8.622
622.891 8.670
623.089 8.718
623.287 8.771
623.485 8.831
623.683 8.902
623.881 8.924
624.079 8.899
624.277 8.958
624.475 9.014
624.673 9.068
624.871 9.112
625.069 9.184
625.267 9.261
625.465 9.326
625.663 9.382
625.861 9.435
626.059 9.516
626.257 9.612
626.455 9.686
626.653 9.746
626.851 9.781
627.049 9.830
627.247 9.877
627.445 9.923
627.643 9.992
627.841 10.115
628.039 10.222
628.237 10.268
628.435 10.298
628.633 10.325
628.831 10.358
629.029 10.407
629.227 10.459
629.425 10.554
629.623 10.639
629.821 10.679
630.019 10.689
630.217 10.706
630.415 10.786
630.613 10.902
630.811 11.027
631.009 11.105
631.207 11.198
631.405 11.300
631.603 11.363
631.801 11.438
631.998 11.530
632.196 11.619
632.394 11.721
632.592 11.796
632.790 11.848
632.988 11.895
633.186 11.989
633.384 12.062
633.582 12.119
633.780 12.189
633.978 12.225
634.176 12.286
634.374 12.343
634.572 12.378
634.770 12.420
634.968 12.508
635.166 12.590
635.364 12.644
635.562 12.700
635.760 12.740
635.958 12.787
636.156 12.887
636.354 12.961
636.552 13.027
636.750 13.124
636.948 13.212
637.146 13.278
637.344 13.342
637.542 13.367
637.740 13.433
637.938 13.510
638.136 13.833
638.334 14.332
638.532 14.379
638.730 14.438
638.928 14.488
639.126 14.541
639.324 14.583
639.522 14.650
639.720 14.769
639.918 14.834
640.116 14.907
640.314 14.721
640.512 14.317
640.710 14.406
640.908 14.522
641.106 14.620
641.304 14.708
641.502 14.774
641.699 14.794
641.897 14.848
642.095 14.935
642.293 14.989
642.491 15.013
642.689 15.086
642.887 15.132
643.085 15.161
643.283 15.203
643.481 15.256
643.679 15.326
643.877 15.405
644.075 15.468
644.273 15.558
644.471 15.648
644.669 15.744
644.867 15.802
645.065 15.840
645.263 15.874
645.461 15.915
645.659 15.959
645.857 16.028
646.055 16.121
646.253 16.197
646.451 16.237
646.649 16.257
646.847 16.296
647.045 16.364
647.243 16.475
647.441 16.579
647.639 16.657
647.837 16.744
648.035 16.779
648.233 16.802
648.431 16.851
648.629 16.879
648.827 16.954
649.025 17.059
649.223 17.089
649.421 17.095
649.619 17.145
649.817 17.222
650.015 17.289
650.213 17.324
650.411 17.331
650.609 17.321
650.807 17.353
651.005 17.387
651.203 17.411
651.401 17.486
651.599 17.541
651.796 17.584
651.994 17.601
652.192 17.611
652.390 17.680
652.588 17.773
652.786 17.863
652.984 17.938
653.182 17.995
653.380 18.025
653.578 18.029
653.776 18.072
653.974 18.128
654.172 18.169
654.370 18.197
654.568 18.206
654.766 18.225
654.964 18.251
655.162 18.276
655.360 18.308
655.558 18.349
655.756 18.410
655.954 18.470
656.152 18.479
656.350 18.515
656.548 18.526
656.746 18.584
656.944 18.626
657.142 18.667
657.340 18.722
657.538 18.773
657.736 18.819
657.934 18.876
658.132 18.931
658.330 18.947
658.528 18.960
658.726 19.069
658.924 19.121
659.122 19.211
659.320 19.277
659.518 19.271
659.716 19.280
659.914 19.320
660.112 19.366
660.310 19.380
660.508 19.460
660.706 19.523
660.904 19.520
661.102 19.549
661.300 19.545
661.498 19.551
661.696 19.632
661.893 19.681
662.091 19.679
662.289 19.670
662.487 19.699
662.685 19.695
662.883 19.663
663.081 19.681
663.279 19.716
663.477 19.735
663.675 19.758
663.873 19.804
664.071 19.864
664.269 19.913
664.467 19.953
664.665 20.012
664.863 20.081
665.061 20.160
665.259 20.218
665.457 20.278
665.655 20.330
665.853 20.339
666.051 20.343
666.249 20.389
666.447 20.445
666.645 20.469
666.843 20.452
667.041 20.447
667.239 20.447
667.437 20.469
667.635 20.477
667.833 20.471
668.031 20.509
668.229 20.537
668.427 20.569
668.625 20.611
668.823 20.637
669.021 20.685
669.219 20.727
669.417 20.770
669.615 20.804
669.813 20.812
670.011 20.868
670.209 20.929
670.407 20.955
670.605 20.916
670.803 20.907
671.001 20.975
671.199 21.013
671.397 21.021
671.595 21.126
671.792 21.191
671.990 21.171
672.188 21.137
672.386 21.151
672.584 21.169
672.782 21.193
672.980 21.198
673.178 21.195
673.376 21.201
673.574 21.221
673.772 21.114
673.970 21.086
674.168 21.187
674.366 21.263
674.564 21.270
674.762 21.275
674.960 21.287
675.158 21.335
675.356 21.344
675.554 21.343
675.752 21.331
675.950 21.403
676.148 21.442
676.346 21.416
676.544 21.395
676.742 21.403
676.940 21.447
677.138 21.495
677.336 21.494
677.534 21.505
677.732 21.534
677.930 21.633
678.128 21.676
678.326 21.693
678.524 21.728
678.722 21.778
678.920 21.800
679.118 21.808
679.316 21.799
679.514 21.826
679.712 21.809
679.910 21.794
680.108 21.773
680.306 21.791
680.504 21.790
680.702 21.793
680.900 21.807
681.098 21.831
681.296 21.861
681.494 21.954
681.691 21.995
681.889 22.076
682.087 22.094
682.285 22.049
682.483 22.023
682.681 22.053
682.879 22.075
683.077 22.109
683.275 22.156
683.473 22.154
683.671 22.114
683.869 22.133
684.067 22.136
684.265 22.184
684.463 22.300
684.661 22.345
684.859 22.341
685.057 22.369
685.255 22.368
685.453 22.390
685.651 22.465
685.849 22.507
686.047 22.506
686.245 22.522
686.443 22.551
686.641 22.557
686.839 22.628
687.037 22.688
687.235 22.701
687.433 22.737
687.631 22.754
687.829 22.761
688.027 22.750
688.225 22.829
688.423 22.872
688.621 22.852
688.819 22.846
689.017 22.824
689.215 22.816
689.413 22.799
689.611 22.783
689.809 22.769
690.007 22.769
690.205 22.790
690.403 22.749
690.601 22.724
690.799 22.767
690.997 22.803
691.195 22.841
691.393 22.873
691.591 22.925
691.788 23.008
691.986 23.061
692.184 23.077
692.382 23.148
692.580 23.217
692.778 23.251
692.976 23.273
693.174 23.263
693.372 23.257
693.570 23.240
693.768 23.276
693.966 23.263
694.164 23.246
694.362 23.240
694.560 23.200
694.758 23.166
694.956 23.174
695.154 23.216
695.352 23.241
695.550 23.233
695.748 23.216
695.946 23.178
696.144 23.175
696.342 23.224
696.540 23.244
696.744 23.236
696.948 23.223
697.152 23.190
697.357 23.183
697.561 23.205
697.765 23.277
697.969 23.394
698.173 23.456
698.377 23.481
698.581 23.532
698.786 23.589
698.990 23.625
699.194 23.629
699.398 23.717
699.602 23.717
699.806 23.726
700.010 23.698
700.215 23.629
700.419 23.613
700.623 23.625
700.827 23.552
701.031 23.520
701.235 23.570
701.440 23.604
701.644 23.591
701.848 23.636
702.052 23.645
702.256 23.620
702.460 23.613
702.664 23.602
702.869 23.614
703.073 23.682
703.277 23.746
703.481 23.802
703.685 23.901
703.889 23.919
704.093 23.874
704.298 23.880
704.502 23.931
704.706 24.030
704.910 24.077
705.114 24.049
705.318 24.008
705.522 23.941
705.727 23.872
705.931 23.784
706.135 23.759
706.339 23.800
706.543 23.827
706.747 23.847
706.951 23.802
707.156 23.799
707.360 23.856
707.564 23.898
707.768 23.907
707.972 23.922
708.176 23.958
708.380 24.006
708.585 24.016
708.789 23.998
708.993 23.973
709.197 23.991
709.401 24.006
709.605 23.997
709.810 23.988
710.014 24.015
710.218 24.018
710.422 24.015
710.626 24.073
710.830 24.135
711.034 24.124
711.239 24.156
711.443 24.219
711.647 24.217
711.851 24.188
712.055 24.188
712.259 24.230
712.463 24.253
712.668 24.250
712.872 24.187
713.076 24.155
713.280 24.264
713.484 24.289
713.688 24.259
713.892 24.275
714.097 24.296
714.301 24.370
714.505 24.351
714.709 24.339
714.913 24.348
715.117 24.368
715.321 24.368
715.526 24.304
715.730 24.326
715.934 24.334
716.138 24.366
716.342 24.411
716.546 24.330
716.750 24.353
716.955 24.391
717.159 24.409
717.363 24.398
717.567 24.409
717.771 24.411
717.975 24.387
718.180 24.382
718.384 24.315
718.588 24.298
718.792 24.339
718.996 24.374
719.200 24.352
719.404 24.336
719.609 24.397
719.813 24.423
720.017 24.480
720.221 24.518
720.425 24.539
720.629 24.616
720.833 24.649
721.038 24.651
721.242 24.609
721.446 24.604
721.650 24.605
721.854 24.577
722.058 24.589
722.262 24.585
722.467 24.567
722.671 24.550
722.875 24.534
723.079 24.562
723.283 24.639
723.487 24.692
723.691 24.753
723.896 24.789
724.100 24.748
724.304 24.684
724.508 24.627
724.712 24.594
724.916 24.598
725.120 24.645
725.325 24.644
725.529 24.612
725.733 24.580
725.937 24.573
726.141 24.591
726.345 24.616
726.550 24.588
726.754 24.582
726.958 24.632
727.162 24.653
727.366 24.618
727.570 24.620
727.774 24.644
727.979 24.631
728.183 24.551
728.387 24.504
728.591 24.544
728.795 24.640
728.999 24.703
729.203 24.726
729.408 24.743
729.612 24.823
729.816 24.821
730.020 24.759
730.224 24.764
730.428 24.817
730.632 24.825
730.837 24.823
731.041 24.784
731.245 24.754
731.449 24.733
731.653 24.747
731.857 24.582
732.061 24.611
732.266 24.620
732.470 24.578
732.674 24.545
732.878 24.554
733.082 24.552
733.286 24.595
733.490 24.706
733.695 24.763
733.899 24.740
734.103 24.771
734.307 24.814
734.511 24.845
734.715 24.894
734.920 24.960
735.124 24.988
735.328 25.005
735.532 24.967
735.736 24.959
735.940 25.000
736.144 25.017
736.349 25.000
736.553 24.996
736.757 25.045
736.961 25.037
737.165 25.031
737.369 25.035
737.573 25.051
737.778 25.079
737.982 25.018
738.186 24.962
738.390 24.996
738.594 25.001
738.798 24.978
739.002 24.930
739.207 24.931
739.411 24.919
739.615 24.904
739.819 24.878
740.023 24.827
740.227 24.855
740.431 24.902
740.636 24.873
740.840 24.915
741.044 24.935
741.248 24.954
741.452 24.956
741.656 24.958
741.860 24.912
742.065 24.915
742.269 24.990
742.473 25.073
742.677 25.065
742.881 25.049
743.085 25.020
743.290 25.038
743.494 25.068
743.698 25.102
743.902 25.121
744.106 25.227
744.310 25.232
744.514 25.189
744.719 25.113
744.923 25.161
745.127 25.300
745.331 25.420
745.535 25.416
745.739 25.361
745.943 25.341
746.148 25.302
746.352 25.289
746.556 25.329
746.760 25.335
746.964 25.385
747.168 25.408
747.372 25.384
747.577 25.272
747.781 25.265
747.985 25.382
748.189 25.427
748.393 25.493
748.597 25.576
748.801 25.634
749.006 25.683
749.210 25.657
749.414 25.540
749.618 25.422
749.822 25.444
750.026 25.475
750.230 25.439
750.435 25.485
750.639 25.555
750.843 25.484
751.047 25.396
751.251 25.355
751.455 25.353
751.660 25.367
751.864 25.431
752.068 25.446
752.272 25.483
752.476 25.535
752.680 25.563
752.884 25.511
753.089 25.454
753.293 25.443
753.497 25.481
753.701 25.506
753.905 25.594
754.109 25.610
754.313 25.620
754.518 25.626
754.722 25.603
754.926 25.649
755.130 25.661
755.334 25.725
755.538 25.758
755.742 25.765
755.947 25.828
756.151 25.857
756.355 25.958
756.559 25.970
756.763 25.906
756.967 25.898
757.171 25.798
757.376 25.736
757.580 25.769
757.784 25.823
757.988 25.802
758.192 25.725
758.396 25.733
758.600 25.647
758.805 25.668
759.009 25.816
759.213 25.935
759.417 26.054
759.621 26.122
759.825 26.111
760.030 26.209
760.234 26.370
760.438 26.463
760.642 26.487
760.846 26.533
761.050 26.536
761.254 26.478
761.459 26.415
761.663 26.307
761.867 26.307
762.071 26.311
762.275 26.249
762.479 26.240
762.683 26.314
762.888 26.338
763.092 26.326
763.296 26.373
763.500 26.420
763.709 26.435
763.918 26.544
764.126 26.638
764.335 26.769
764.544 26.892
764.753 26.931
764.962 26.905
765.171 26.892
765.379 26.984
765.588 27.052
765.797 27.052
766.006 27.038
766.215 26.993
766.424 26.968
766.632 26.937
766.841 26.873
767.050 26.827
767.259 26.824
767.468 26.864
767.677 26.804
767.885 26.758
768.094 26.798
768.303 26.909
768.512 27.033
768.721 27.070
768.929 27.059
769.138 27.098
769.347 27.073
769.556 27.092
769.765 27.117
769.974 27.187
770.182 27.225
770.391 27.233
770.600 27.244
770.809 27.165
771.018 27.126
771.227 27.148
771.435 27.149
771.644 27.251
771.853 27.269
772.062 27.228
772.271 27.182
772.480 27.177
772.688 27.233
772.897 27.252
773.106 27.344
773.315 27.362
773.524 27.382
773.732 27.411
773.941 27.376
774.150 27.378
774.359 27.415
774.568 27.483
774.777 27.517
774.985 27.502
775.194 27.495
775.403 27.467
775.612 27.560
775.821 27.564
776.030 27.520
776.238 27.544
776.447 27.566
776.656 27.673
776.865 27.740
777.074 27.811
777.283 27.904
777.491 27.921
777.700 27.940
777.909 27.886
778.118 27.934
778.327 27.971
778.535 28.013
778.744 28.095
778.953 28.089
779.162 28.034
779.371 27.940
779.580 27.951
779.788 28.072
779.997 28.128
780.206 28.202
780.415 28.139
780.624 28.111
780.833 28.063
781.041 28.052
781.250 28.064
781.459 28.155
781.668 28.273
781.877 28.223
782.086 28.155
782.294 28.203
782.503 28.285
782.712 28.415
782.921 28.472
783.130 28.577
783.338 28.663
783.547 28.681
783.756 28.758
783.965 28.849
784.174 28.931
784.383 28.953
784.591 28.865
784.800 28.815
785.009 28.781
785.218 28.837
785.427 28.846
785.636 28.820
785.844 28.747
786.053 28.659
786.262 28.674
786.471 28.675
786.680 28.680
786.889 28.779
787.097 28.852
787.306 28.926
787.515 28.981
787.724 29.005
787.933 28.990
788.141 29.086
788.350 29.201
788.559 29.167
788.768 29.201
788.977 29.240
789.186 29.158
789.394 29.014
789.603 28.889
789.812 28.809
790.021 28.786
790.230 28.799
790.439 28.850
790.647 28.794
790.856 28.721
791.065 28.666
791.274 28.669
791.483 28.786
791.692 28.935
791.900 28.975
792.109 29.073
792.318 29.216
792.527 29.327
792.736 29.328
792.944 29.351
793.153 29.411
793.362 29.500
793.571 29.458
793.780 29.412
793.989 29.446
794.197 29.600
794.406 29.569
794.615 29.423
794.824 29.390
795.033 29.408
795.242 29.432
795.450 29.459
795.659 29.439
795.868 29.471
796.077 29.518
796.286 29.490
796.495 29.504
796.703 29.646
796.912 29.693
797.121 29.648
797.330 29.690
797.539 29.667
797.747 29.604
797.956 29.604
798.165 29.734
798.374 29.762
798.583 29.699
798.792 29.657
799.000 29.640
799.209 29.730
799.418 29.818
799.627 29.760
799.836 29.708
800.045 29.782
800.253 29.745
800.462 29.671
800.671 29.623
800.880 29.667
801.089 29.733
801.298 29.753
801.506 29.708
801.715 29.737
801.924 29.794
802.133 29.869
802.342 29.964
802.550 30.074
802.759 30.207
802.968 30.310
803.177 30.395
803.386 30.456
803.595 30.336
803.803 30.296
804.012 30.174
804.221 30.167
804.430 30.204
804.639 30.139
804.848 30.129
805.056 30.088
805.265 30.093
805.474 30.106
805.683 30.129
805.892 30.318
806.101 30.545
806.309 30.597
806.518 30.618
806.727 30.666
806.936 30.746
807.145 30.736
807.353 30.599
807.562 30.486
807.771 30.577
807.980 30.651
808.189 30.492
808.398 30.261
808.606 30.336
808.815 30.419
809.024 30.381
809.233 30.319
809.442 30.388
809.651 30.496
809.859 30.557
810.068 30.570
810.277 30.454
810.486 30.513
810.695 30.640
810.904 30.667
811.112 30.681
811.321 30.669
811.530 30.764
811.740 30.718
811.949 30.765
812.159 30.821
812.368 30.737
812.578 30.712
812.787 30.878
812.997 31.220
813.206 31.299
813.416 31.259
813.625 31.303
813.835 31.192
814.044 31.281
814.254 31.427
814.463 31.406
814.673 31.418
814.882 31.522
815.092 31.388
815.301 30.996
815.511 30.968
815.720 30.973
815.930 31.089
816.139 31.219
816.349 31.107
816.558 30.908
816.768 31.020
816.977 31.121
817.187 31.086
817.396 31.016
817.606 31.098
817.815 31.161
818.025 31.081
818.234 30.897
818.444 30.824
818.653 30.855
818.863 30.922
819.072 30.974
819.282 31.070
819.491 31.108
819.701 31.173
819.910 31.234
820.120 31.270
820.329 31.490
820.539 31.567
820.748 31.576
820.958 31.688
821.167 31.768
821.377 31.729
821.586 31.580
821.796 31.511
822.005 31.704
822.215 31.830
822.424 31.767
822.634 31.735
822.843 31.889
823.053 31.957
823.262 32.018
823.472 32.086
823.681 32.082
823.891 32.050
824.100 32.165
824.310 32.113
824.519 31.875
824.729 31.757
824.938 31.635
825.148 31.520
825.357 31.613
825.567 31.587
825.776 31.601
825.986 31.670
826.195 31.724
826.405 31.613
826.614 31.523
826.824 31.647
827.033 31.817
827.243 31.925
827.452 31.984
827.662 31.983
827.871 31.922
828.081 31.863
828.290 31.932
828.500 31.868
828.709 31.968
828.919 32.025
829.128 31.911
829.338 31.842
829.547 31.867
829.757 31.872
829.966 31.731
830.176 31.688
830.385 31.627
830.595 31.590
830.804 31.659
831.014 31.579
831.223 31.629
831.433 31.734
831.642 31.766
831.852 31.673
832.061 31.498
832.271 31.540
832.480 31.794
832.690 31.840
832.899 31.767
833.109 31.989
833.318 32.120
833.528 32.083
833.737 32.016
833.947 32.055
834.156 32.219
834.366 32.571
834.575 32.613
834.785 32.460
834.994 32.501
835.204 32.485
835.413 32.436
835.623 32.497
835.832 32.542
836.042 32.700
836.251 32.811
836.461 32.752
836.670 32.589
836.880 32.647
837.089 32.818
837.299 32.858
837.508 33.030
837.718 33.074
837.927 33.149
838.137 33.291
838.346 33.295
838.556 33.297
838.765 33.390
838.975 33.404
839.184 33.458
839.394 33.359
839.603 33.344
839.813 33.419
840.022 33.430
840.232 33.334
840.441 33.259
840.651 33.368
840.860 33.423
841.070 33.448
841.279 33.561
841.489 33.531
841.698 33.452
841.908 33.318
842.117 32.982
842.327 32.692
842.536 32.689
842.746 32.686
842.955 32.695
843.165 32.663
843.374 32.604
843.584 32.596
843.793 32.627
844.003 32.790
844.212 33.034
844.422 33.128
844.631 33.152
844.841 33.096
845.050 33.030
845.260 32.926
845.469 32.826
845.679 32.728
845.888 32.721
846.098 32.826
846.307 32.753
846.517 32.649
846.726 32.705
846.936 33.009
847.145 33.178
847.355 33.236
847.564 33.252
847.774 33.976
847.983 35.119
848.193 35.247
848.402 35.263
848.612 35.352
848.821 35.375
849.031 35.489
849.240 35.327
849.450 35.214
849.659 35.145
849.869 35.151
850.078 34.425
850.288 33.504
850.497 33.483
850.707 33.389
850.916 33.214
851.126 33.252
851.335 33.264
851.545 33.322
851.754 33.406
851.964 33.447
852.173 33.373
852.383 33.352
852.592 33.309
852.802 33.323
853.011 33.299
853.221 33.352
853.430 33.403
853.640 33.540
853.849 33.737
854.059 33.692
854.268 33.817
854.478 34.121
854.687 34.348
854.897 34.406
855.106 34.470
855.316 34.461
855.525 34.466
855.735 34.378
855.944 34.200
856.154 34.190
856.363 34.349
856.573 34.481
856.782 34.221
856.992 33.987
857.201 33.982
857.411 33.833
857.620 33.827
857.830 33.884
858.039 33.881
858.249 33.933
858.458 33.892
858.668 33.855
858.877 33.759
859.087 34.057
859.296 34.400
859.506 34.323
859.715 34.221
859.925 34.242
860.134 34.292
860.344 34.453
860.553 34.602
860.763 34.724
860.972 34.785
861.182 34.899
861.391 34.770
861.601 34.392
861.810 34.474
862.020 34.593
862.229 34.527
862.439 34.665
862.648 34.928
862.858 34.862
863.067 34.649
863.277 34.678
863.486 34.795
863.696 34.777
863.905 34.833
864.115 34.862
864.324 34.949
864.534 35.107
864.743 34.988
864.953 34.775
865.162 34.846
865.372 34.823
865.581 34.604
865.791 34.652
866.000 34.852
866.210 35.235
866.419 35.386
866.629 35.391
866.838 35.480
867.048 35.603
867.257 35.801
867.467 35.920
867.676 36.234
867.886 36.348
868.095 36.055
868.305 35.800
868.514 35.682
868.724 35.523
868.933 35.542
869.143 35.366
869.352 35.174
869.562 34.945
869.771 34.854
869.981 34.697
870.190 34.734
870.400 34.748
870.609 34.805
870.819 34.797
871.028 35.019
871.238 35.177
871.447 35.268
871.657 35.523
871.866 35.496
872.076 35.759
872.285 35.853
872.495 35.879
872.704 35.869
872.914 35.895
873.123 35.961
873.333 35.914
873.542 35.866
873.752 36.019
873.961 36.034
874.171 35.993
874.380 35.665
874.590 35.728
874.799 35.974
875.009 36.241
875.218 36.579
875.428 36.323
875.637 36.138
875.847 36.288
876.056 36.253
876.266 36.102
876.475 36.137
876.685 36.281
876.894 36.307
877.104 36.123
877.313 36.019
877.523 35.916
877.732 36.240
877.942 36.414
878.151 36.306
878.361 36.179
878.570 36.169
878.780 36.201
878.989 36.240
879.199 36.315
879.408 36.178
879.618 35.822
879.827 35.573
880.037 35.700
880.246 36.007
880.456 35.991
880.665 35.915
880.875 35.999
881.084 36.507
881.294 36.551
881.503 36.342
881.713 36.518
881.922 36.788
882.132 36.699
882.341 36.523
882.551 36.468
882.760 36.698
882.970 36.990
883.179 37.161
883.389 36.740
883.598 36.339
883.808 36.355
884.017 36.456
884.227 36.321
884.436 36.419
884.646 36.413
884.855 36.067
885.065 35.750
885.274 35.817
885.484 36.032
885.693 36.330
885.903 36.456
886.112 36.429
886.322 36.481
886.531 36.895
886.741 37.128
886.950 37.356
887.160 37.574
887.369 37.463
887.579 37.277
887.788 36.868
887.998 36.706
888.207 36.985
888.417 37.175
888.626 37.169
888.836 36.737
889.045 36.325
889.255 36.086
889.464 36.278
889.674 36.509
889.883 36.337
890.093 36.303
890.302 36.070
890.512 35.967
890.721 36.117
890.931 35.968
891.140 36.113
891.350 36.287
891.559 36.362
891.769 36.159
891.978 36.214
892.188 36.690
892.397 36.860
892.607 37.010
892.816 37.168
893.026 36.774
893.235 36.690
893.445 37.024
893.654 37.363
893.864 37.518
894.073 37.369
894.283 37.117
894.492 36.793
894.702 36.733
894.911 36.777
895.121 36.648
895.330 36.675
895.540 36.804
895.749 36.889
895.959 36.889
896.168 36.993
896.378 37.270
896.587 37.896
896.797 38.129
897.006 38.192
897.216 38.323
897.425 38.140
897.635 38.043
897.844 38.120
898.054 37.982
898.263 37.899
898.473 37.633
898.682 37.413
898.892 37.211
899.101 37.342
899.311 37.289
899.520 37.015
899.730 37.271
899.939 37.522
900.149 37.481
900.358 37.407
900.568 37.418
900.777 37.632
900.987 37.663
901.196 37.369
901.406 37.042
901.615 36.991
901.825 37.251
902.034 37.178
902.244 37.212
902.453 37.308
902.663 37.321
902.872 37.277
903.082 37.325
903.291 37.703
903.501 38.015
903.710 38.264
903.920 38.744
904.129 38.751
904.339 38.866
904.548 38.750
904.758 38.471
904.967 38.467
905.177 38.659
905.386 38.687
905.596 38.401
905.805 38.333
906.015 38.441
906.224 38.230
906.434 38.056
906.643 37.847
906.853 37.824
907.062 38.167
907.272 38.059
907.481 37.830
907.691 37.902
907.900 37.874
908.110 37.784
908.319 37.661
908.529 37.476
908.738 37.479
908.948 37.554
909.157 37.386
909.367 36.956
909.576 37.215
909.786 37.434
909.995 37.199
910.205 37.000
910.414 36.757
910.624 36.778
910.833 37.031
911.043 36.961
911.252 37.127
911.462 37.827
911.672 38.155
911.881 37.963
912.091 37.596
912.300 37.676
912.512 37.921
912.724 38.300
912.937 38.456
913.149 38.773
913.361 39.518
913.573 39.536
913.786 39.209
913.998 39.353
914.210 39.145
914.422 39.639
914.634 39.762
914.847 39.744
915.059 39.629
915.271 39.502
915.483 39.012
915.696 38.557
915.908 38.971
916.120 39.287
916.332 39.408
916.544 40.120
916.757 40.229
916.969 40.115
917.181 40.342
917.393 40.283
917.606 40.320
917.818 40.557
918.030 40.533
918.242 40.332
918.454 39.900
918.667 39.906
918.879 39.931
919.091 39.682
919.303 39.355
919.516 38.894
919.728 39.037
919.940 39.465
920.152 39.518
920.364 39.318
920.577 38.976
920.789 38.921
921.001 38.760
921.213 38.732
921.426 39.006
921.638 39.456
921.850 39.350
922.062 38.904
922.274 38.340
922.487 38.298
922.699 38.547
922.911 39.019
923.123 39.687
923.336 39.969
923.548 39.685
923.760 39.560
923.972 39.454
924.184 39.460
924.397 39.532
924.609 39.776
924.821 40.141
925.033 40.214
925.246 39.934
925.458 39.621
925.670 39.591
925.882 39.744
926.094 39.373
926.307 39.121
926.519 39.495
926.731 40.049
926.943 40.281
927.156 40.062
927.368 40.102
927.580 40.171
927.792 40.163
928.004 40.216
928.217 40.177
928.429 40.793
928.641 41.503
928.853 41.955
929.066 42.152
929.278 42.505
929.490 42.719
929.702 42.960
929.914 42.919
930.127 42.790
930.339 42.495
930.551 42.565
930.763 42.405
930.976 42.018
931.188 41.666
931.400 41.343
931.612 41.039
931.824 41.071
932.037 41.173
932.249 41.619
932.461 41.847
932.673 42.212
932.886 42.440
933.098 42.458
933.310 42.680
933.522 43.107
933.734 43.834
933.947 43.879
934.159 43.717
934.371 43.574
934.583 43.075
934.796 42.741
935.008 42.596
935.220 42.770
935.432 42.508
935.644 42.363
935.857 42.393
936.069 41.964
936.281 41.771
936.493 40.961
936.706 41.349
936.918 42.049
937.130 42.599
937.342 42.815
937.554 42.777
937.767 43.755
937.979 44.128
938.191 43.791
938.403 43.753
938.616 43.578
938.828 44.933
939.040 45.634
939.252 46.156
939.464 46.083
939.677 46.282
939.889 45.994
940.101 45.471
940.313 46.160
940.526 46.626
940.738 46.897
940.950 47.403
941.162 46.851
941.374 46.364
941.587 47.023
941.799 47.412
942.011 47.368
942.223 47.652
942.436 47.684
942.648 47.038
942.860 47.313
943.072 46.401
943.284 46.058
943.497 46.329
943.709 45.727
943.921 44.123
944.133 44.809
944.346 45.618
944.558 46.217
944.770 46.370
944.982 46.271
945.194 46.261
945.407 47.463
945.619 47.521
945.831 47.590
946.043 48.505
946.256 49.110
946.468 48.259
946.680 47.122
946.892 46.121
947.104 45.615
947.317 45.412
947.529 45.035
947.741 45.785
947.953 46.707
948.166 46.348
948.378 46.294
948.590 47.111
948.802 47.114
949.014 47.609
949.227 47.791
949.439 48.243
949.651 49.435
949.863 50.746
950.076 49.975
950.288 49.541
950.500 49.789
950.712 49.006
950.924 47.874
951.137 48.834
951.349 50.270
951.561 50.818
951.773 52.111
951.986 52.465
952.198 50.935
952.410 50.250
952.622 49.743
952.834 49.834
953.047 50.845
953.259 50.264
953.471 48.850
953.683 46.899
953.896 48.155
954.108 48.397
954.320 46.460
954.532 45.941
954.744 46.679
954.957 47.611
955.169 47.432
955.381 47.189
955.593 47.297
955.806 46.754
956.018 46.796
956.230 45.441
956.442 43.934
956.654 44.937
956.867 45.124
957.079 44.805
957.291 44.949
957.503 46.137
957.716 45.945
957.928 46.795
958.140 47.699
958.352 48.780
958.564 48.955
958.777 48.432
958.989 47.423
959.201 48.339
959.413 48.930
959.626 47.826
959.838 46.310
960.050 45.531
960.262 45.090
960.474 45.840
960.687 46.622
960.899 47.517
961.111 48.530
961.323 49.419
961.536 49.123
961.748 49.129
961.960 50.151
962.172 49.828
962.384 49.357
962.597 49.833
962.809 50.836
963.021 49.330
963.233 47.304
963.446 46.102
963.658 45.351
963.870 46.370
964.082 47.156
964.294 47.015
964.507 46.862
964.719 47.513
964.931 47.718
965.143 46.519
965.356 46.587
965.568 47.487
965.780 48.388
966.000 48.552
966.221 46.972
966.441 45.719
966.662 46.466
966.882 48.500
967.103 48.740
967.323 47.595
967.543 47.529
967.764 47.689
967.984 47.107
968.205 46.689
968.425 47.661
968.645 47.790
968.866 46.778
969.086 46.112
969.307 45.446
969.527 45.792
969.748 46.511
969.968 46.801
970.188 46.786
970.409 47.013
970.629 47.721
970.850 48.712
971.070 49.389
971.290 50.300
971.511 49.469
971.731 49.727
971.952 50.143
972.172 49.477
972.393 49.271
972.613 49.645
972.833 50.250
973.054 50.528
973.274 49.234
973.495 48.844
973.715 49.415
973.936 50.777
974.156 50.513
974.376 50.595
974.597 51.654
974.817 50.678
975.038 49.790
975.258 49.574
975.478 49.903
975.699 50.172
975.919 51.030
976.140 51.967
976.360 51.944
976.581 52.047
976.801 52.176
977.021 52.336
977.242 51.617
977.462 51.837
977.683 54.189
977.903 53.581
978.123 54.650
978.344 54.757
978.564 53.762
978.785 53.232
979.005 54.040
979.226 54.730
979.446 55.274
979.666 56.712
979.887 56.593
980.107 55.714
980.328 58.101
980.548 58.531
980.769 58.539
980.989 56.990
981.209 56.525
981.430 56.448
981.650 55.377
981.871 54.417
982.091 53.788
982.311 54.981
982.532 53.148
982.752 50.333
982.973 48.885
983.193 49.408
983.414 51.299
983.634 52.002
983.854 51.288
984.075 51.844
984.295 53.103
984.516 54.116
984.736 54.504
984.956 55.434
985.177 55.912
985.397 55.021
985.618 54.644
985.838 55.896
986.059 56.110
986.279 55.926
986.499 55.390
986.720 54.928
986.940 56.167
987.161 54.366
987.381 52.507
987.602 52.699
987.822 54.897
988.042 53.864
988.263 51.987
988.483 51.191
988.704 49.816
988.924 48.415
989.144 47.591
989.365 46.752
989.585 49.698
989.806 51.365
990.026 50.796
990.247 49.586
990.467 50.039
990.687 51.214
990.908 52.701
991.128 55.320
991.349 58.123
991.569 59.530
991.789 60.588
992.010 59.484
992.230 58.949
992.451 58.663
992.671 59.017
992.892 61.813
993.112 62.436
993.332 60.604
993.553 58.893
993.773 58.790
993.994 57.420
994.214 55.214
994.435 54.114
994.655 55.221
994.875 55.389
995.096 55.982
995.316 55.854
995.537 54.087
995.757 52.557
995.977 52.825
996.198 49.477
996.418 47.391
996.639 48.021
996.859 48.785
997.080 48.290
997.300 49.596
997.520 48.400
997.741 43.706
997.961 44.487
998.182 47.131
998.402 46.329
998.622 50.791
998.843 56.933
999.063 56.288
999.284 56.080
999.504 54.631
999.725 53.713
999.945 55.136
1000.165 59.708
1000.386 59.829
1000.606 60.008
1000.827 61.967
1001.047 59.305
1001.268 53.288
1001.488 53.702
1001.708 57.983
1001.929 61.699
1002.149 62.888
1002.370 58.914
1002.590 57.706
1002.810 61.602
1003.031 60.421
1003.251 58.898
1003.472 60.708
1003.692 64.715
1003.913 66.791
1004.133 61.501
1004.353 59.943
1004.574 60.179
1004.794 65.117
1005.015 67.426
1005.235 60.953
1005.455 60.617
1005.676 62.073
1005.896 60.127
1006.117 57.211
1006.337 55.867
1006.558 60.653
1006.778 60.165
1006.998 57.122
1007.219 53.940
1007.439 48.869
1007.660 50.749
1007.880 53.388
1008.101 52.413
1008.321 50.955
1008.541 51.198
1008.762 52.911
1008.982 50.556
1009.203 50.997
1009.423 52.078
1009.643 52.360
1009.864 54.535
1010.084 52.680
1010.305 52.272
1010.525 56.804
1010.746 56.971
1010.966 52.949
1011.186 48.717
1011.407 46.506
1011.627 44.237
1011.848 44.186
1012.068 44.113
1012.288 42.526
1012.509 44.015
1012.729 40.818
1012.950 31.185
