290.982 86.277
291.167 86.929
291.352 87.619
291.537 88.026
291.722 88.383
291.907 92.387
292.091 91.332
292.276 88.406
292.461 87.234
292.646 85.870
292.831 87.309
293.016 85.067
293.201 81.851
293.386 80.164
293.571 81.154
293.756 82.047
293.940 81.769
294.125 80.746
294.310 82.397
294.495 83.791
294.680 83.268
294.865 80.850
295.050 82.010
295.235 83.692
295.420 83.719
295.605 81.208
295.789 81.036
295.974 82.436
296.159 81.779
296.344 81.403
296.529 80.138
296.714 80.466
296.899 81.037
297.084 81.468
297.269 81.115
297.454 81.706
297.638 82.620
297.823 81.798
298.008 80.689
298.193 81.192
298.378 81.775
298.563 82.012
298.748 83.530
298.933 84.351
299.118 83.745
299.303 84.172
299.487 83.397
299.672 82.147
299.857 80.613
300.042 81.660
300.227 82.517
300.412 81.734
300.597 81.236
300.782 79.086
300.967 78.634
301.152 78.018
301.336 77.584
301.521 77.665
301.706 79.904
301.891 81.200
302.076 80.820
302.261 80.222
302.446 81.529
302.631 81.851
302.816 84.662
303.001 84.925
303.185 83.459
303.370 82.715
303.555 82.845
303.740 81.732
303.925 80.391
304.110 79.217
304.295 79.653
304.480 78.520
304.665 77.660
304.850 75.643
305.034 74.329
305.219 75.081
305.404 75.551
305.589 75.780
305.774 75.000
305.959 76.299
306.144 76.957
306.329 75.555
306.514 74.543
306.699 74.398
306.883 73.719
307.068 74.222
307.253 74.674
307.438 75.765
307.623 75.928
307.808 74.698
307.993 72.250
308.178 70.158
308.363 69.400
308.548 70.712
308.732 72.078
308.917 71.888
309.102 71.025
309.287 70.540
309.472 70.373
309.657 71.265
309.842 70.794
310.027 70.033
310.212 70.923
310.397 71.284
310.581 70.044
310.766 69.362
310.951 69.188
311.136 68.996
311.321 69.620
311.506 68.883
311.691 67.493
311.876 67.825
312.061 67.583
312.245 68.357
312.430 70.132
312.615 71.164
312.800 70.574
312.985 69.426
313.170 69.090
313.347 69.595
313.523 68.780
313.700 68.351
313.877 68.452
314.054 70.013
314.230 69.340
314.407 66.739
314.584 65.034
314.761 63.630
314.937 63.713
315.114 64.675
315.291 63.990
315.467 64.277
315.644 62.454
315.821 61.888
315.998 61.358
316.174 61.206
316.351 62.328
316.528 62.465
316.704 62.294
316.881 61.194
317.058 60.228
317.235 60.527
317.411 61.318
317.588 63.473
317.765 64.061
317.942 64.300
318.118 64.595
318.295 63.303
318.472 61.985
318.648 62.653
318.825 63.718
319.002 62.900
319.179 61.671
319.355 60.902
319.532 60.586
319.709 59.880
319.885 59.784
320.062 59.615
320.239 59.846
320.416 61.354
320.592 61.711
320.769 61.647
320.946 62.350
321.123 62.602
321.299 61.885
321.476 60.992
321.653 61.526
321.829 60.638
322.006 59.352
322.183 59.404
322.360 58.091
322.536 57.732
322.713 58.471
322.890 58.336
323.066 57.563
323.243 57.689
323.420 59.166
323.597 59.123
323.773 58.339
323.950 59.021
324.127 60.124
324.304 60.832
324.480 60.056
324.657 59.327
324.834 59.103
325.010 59.261
325.187 58.784
325.364 57.366
325.541 56.547
325.717 57.395
325.894 56.216
326.071 54.237
326.248 54.095
326.424 54.508
326.601 54.248
326.778 53.879
326.954 53.685
327.131 53.727
327.308 53.016
327.485 53.341
327.661 53.417
327.838 54.101
328.015 55.129
328.191 54.871
328.368 54.271
328.545 52.898
328.722 52.155
328.898 53.044
329.075 53.517
329.252 53.498
329.429 52.967
329.605 52.943
329.782 52.912
329.959 52.112
330.135 51.614
330.312 51.903
330.489 52.725
330.666 53.105
330.842 52.193
331.019 51.760
331.196 51.822
331.372 52.241
331.549 51.513
331.726 50.754
331.903 50.755
332.079 51.003
332.256 49.956
332.433 48.683
332.610 47.925
332.786 47.851
332.963 47.474
333.140 46.608
333.316 47.102
333.493 47.015
333.670 46.590
333.847 47.804
334.023 47.570
334.200 46.964
334.377 47.021
334.553 47.689
334.730 47.116
334.907 46.461
335.084 47.255
335.260 46.490
335.437 46.360
335.614 47.442
335.791 46.521
335.967 46.476
336.144 47.610
336.321 48.191
336.497 47.890
336.674 47.876
336.851 48.200
337.028 47.203
337.204 46.468
337.381 47.168
337.558 47.421
337.734 46.807
337.911 45.926
338.088 45.649
338.265 47.106
338.441 47.831
338.618 46.738
338.795 45.973
338.972 46.737
339.148 47.492
339.325 46.947
339.502 45.070
339.678 44.685
339.855 45.034
340.032 44.309
340.209 42.544
340.385 41.437
340.562 41.625
340.739 41.650
340.916 40.920
341.092 40.694
341.269 40.623
341.446 40.967
341.622 40.917
341.799 40.864
341.976 40.932
342.153 40.930
342.329 41.010
342.506 41.769
342.683 41.705
342.859 41.206
343.036 40.845
343.213 40.434
343.390 39.991
343.566 39.871
343.743 39.560
343.920 38.969
344.097 38.088
344.273 37.798
344.450 37.060
344.627 37.671
344.803 38.965
344.980 38.866
345.157 38.471
345.334 38.303
345.510 38.077
345.687 37.806
345.864 38.672
346.040 39.587
346.217 39.772
346.394 40.025
346.571 39.009
346.747 36.869
346.924 36.561
347.101 37.654
347.278 38.202
347.454 38.810
347.631 38.645
347.808 37.495
347.984 37.165
348.161 37.373
348.338 37.444
348.515 37.566
348.691 38.176
348.868 37.905
349.045 36.391
349.221 35.958
349.398 35.163
349.575 35.527
349.752 36.704
349.928 36.426
350.105 35.659
350.282 35.072
350.459 35.643
350.635 36.195
350.812 35.756
350.989 36.504
351.165 37.316
351.342 37.280
351.519 36.577
351.696 35.818
351.872 35.747
352.049 35.803
352.226 36.079
352.402 35.607
352.579 35.216
352.756 35.589
352.933 35.106
353.109 33.761
353.286 33.166
353.463 33.440
353.640 33.441
353.816 32.817
353.993 32.672
354.170 32.425
354.346 32.405
354.523 32.603
354.700 32.381
354.877 32.341
355.053 32.178
355.230 32.298
355.407 32.513
355.584 32.651
355.760 33.075
355.937 33.162
356.114 33.142
356.290 32.874
356.467 33.034
356.644 32.540
356.821 31.788
356.997 32.293
357.174 32.459
357.351 32.088
357.527 31.778
357.704 31.410
357.881 31.798
358.058 32.574
358.234 32.849
358.411 32.749
358.588 32.743
358.765 32.733
358.941 32.551
359.118 32.474
359.295 32.623
359.471 32.090
359.648 31.940
359.825 31.715
360.002 30.637
360.178 30.314
360.355 30.375
360.532 30.197
360.708 30.162
360.885 29.810
361.062 28.973
361.239 28.215
361.415 28.194
361.592 28.053
361.769 27.501
361.946 27.871
362.122 28.070
362.299 27.238
362.476 27.277
362.652 27.335
362.829 27.763
363.006 28.016
363.183 28.523
363.359 28.571
363.536 27.934
363.713 27.723
363.889 27.450
364.066 26.680
364.243 26.743
364.420 26.585
364.596 26.481
364.773 25.881
364.950 26.353
365.127 26.644
365.303 26.688
365.480 27.486
365.661 27.579
365.841 27.349
366.022 27.535
366.202 27.637
366.383 27.419
366.563 27.410
366.744 27.615
366.924 27.272
367.105 26.792
367.286 26.325
367.466 25.552
367.647 25.544
367.827 25.370
368.008 25.508
368.188 25.579
368.369 25.690
368.549 25.611
368.730 24.870
368.911 24.474
369.091 24.295
369.272 24.219
369.452 24.361
369.633 23.913
369.813 23.769
369.994 23.919
370.174 23.651
370.355 23.056
370.535 22.626
370.716 23.141
370.897 23.309
371.077 23.068
371.258 23.442
371.438 24.151
371.619 24.542
371.799 24.321
371.980 23.498
372.160 23.474
372.341 23.928
372.522 24.186
372.702 24.124
372.883 23.882
373.063 23.668
373.244 23.399
373.424 22.719
373.605 22.473
373.785 22.562
373.966 22.567
374.147 22.460
374.327 22.615
374.508 22.768
374.688 22.470
374.869 22.734
375.049 23.380
375.230 23.868
375.410 23.764
375.591 23.360
375.772 23.164
375.952 23.511
376.133 23.473
376.313 23.012
376.494 22.235
376.674 22.164
376.855 22.053
377.035 21.354
377.216 20.856
377.397 20.991
377.577 21.068
377.758 21.060
377.938 20.904
378.119 20.870
378.299 20.863
378.480 21.105
378.660 21.196
378.841 21.201
379.021 21.013
379.202 20.375
379.383 19.804
379.563 19.666
379.744 19.534
379.924 19.101
380.105 19.026
380.285 18.872
380.466 18.367
380.646 17.872
380.827 17.422
381.008 17.473
381.188 17.790
381.369 18.082
381.549 17.927
381.730 17.763
381.910 17.858
382.091 17.660
382.271 17.778
382.452 18.064
382.633 18.111
382.813 18.375
382.994 18.567
383.174 18.291
383.355 17.999
383.535 18.182
383.716 18.408
383.896 18.283
384.077 18.286
384.258 18.286
384.438 18.323
384.619 18.297
384.799 17.915
384.980 17.710
385.160 17.603
385.341 17.355
385.521 17.010
385.702 16.661
385.882 16.759
386.063 16.784
386.244 16.555
386.424 16.558
386.605 16.545
386.785 16.475
386.966 16.266
387.146 16.169
387.327 16.175
387.507 16.294
387.688 16.515
387.869 16.449
388.049 16.586
388.230 16.636
388.410 16.428
388.591 16.360
388.771 16.396
388.952 16.384
389.132 16.258
389.313 16.238
389.494 16.100
389.674 15.897
389.855 15.614
390.035 15.314
390.216 15.195
390.396 15.349
390.577 15.397
390.757 15.199
390.938 15.142
391.119 15.235
391.299 15.236
391.480 15.325
391.660 15.353
391.841 15.530
392.021 15.486
392.202 15.435
392.382 15.237
392.563 15.050
392.743 14.955
392.924 14.851
393.105 14.785
393.285 14.760
393.466 14.688
393.646 14.740
393.827 14.629
394.007 14.272
394.188 14.272
394.368 14.324
394.549 14.310
394.730 14.332
394.910 14.443
395.091 14.491
395.271 14.684
395.452 14.834
395.632 14.497
395.813 14.305
395.993 14.524
396.174 14.469
396.355 14.303
396.535 14.375
396.716 14.690
396.896 14.831
397.077 14.736
397.257 14.450
397.438 14.095
397.618 14.089
397.799 14.170
397.980 14.293
398.160 14.257
398.341 14.169
398.521 13.985
398.702 13.600
398.882 13.234
399.063 13.243
399.243 13.352
399.424 13.334
399.605 13.566
399.785 13.555
399.966 13.336
400.146 13.312
400.327 13.417
400.507 13.532
400.688 13.475
400.868 13.445
401.049 13.312
401.229 12.987
401.410 13.035
401.591 13.050
401.771 13.207
401.952 13.256
402.132 13.059
402.313 12.928
402.493 12.996
402.674 13.171
402.854 13.317
403.035 13.508
403.216 13.464
403.396 13.443
403.577 13.333
403.757 13.036
403.938 12.834
404.118 12.819
404.299 12.675
404.479 12.338
404.660 12.107
404.841 12.042
405.023 11.930
405.204 11.852
405.385 11.789
405.566 11.731
405.748 11.630
405.929 11.689
406.110 12.051
406.292 12.277
406.473 12.532
406.654 12.704
406.835 12.538
407.017 12.289
407.198 12.355
407.379 12.260
407.560 12.043
407.742 11.950
407.923 11.809
408.104 11.334
408.286 11.083
408.467 10.898
408.648 11.026
408.829 11.401
409.011 11.517
409.192 11.425
409.373 11.352
409.555 11.441
409.736 11.591
409.917 11.778
410.098 11.994
410.280 12.044
410.461 12.088
410.642 11.771
410.823 11.225
411.005 11.206
411.186 11.474
411.367 11.652
411.549 11.666
411.730 11.654
411.911 11.487
412.092 11.371
412.274 11.467
412.455 11.432
412.636 11.462
412.818 11.655
412.999 11.617
413.180 11.479
413.361 11.452
413.543 11.451
413.724 11.446
413.905 11.464
414.087 11.442
414.268 11.274
414.449 11.114
414.630 11.057
414.812 11.087
414.993 11.159
415.174 11.050
415.355 10.908
415.537 10.794
415.718 10.817
415.899 10.797
416.081 10.687
416.262 10.617
416.443 10.674
416.624 10.715
416.806 10.686
416.987 10.558
417.168 10.465
417.350 10.321
417.531 10.316
417.712 10.297
417.893 10.357
418.075 10.573
418.256 10.594
418.437 10.459
418.618 10.253
418.800 10.105
418.981 10.180
419.162 10.267
419.344 10.382
419.525 10.453
419.706 10.367
419.887 10.185
420.069 9.990
420.250 10.022
420.431 10.077
420.613 10.164
420.794 10.144
420.975 9.917
421.156 9.847
421.338 9.816
421.519 9.683
421.700 9.629
421.882 9.647
422.063 9.573
422.244 9.516
422.425 9.525
422.607 9.430
422.788 9.444
422.969 9.565
423.150 9.727
423.332 9.917
423.513 9.992
423.694 9.894
423.876 9.891
424.057 9.942
424.238 9.914
424.419 10.093
424.601 10.524
424.782 10.631
424.963 10.676
425.145 10.568
425.326 10.401
425.507 10.303
425.688 10.401
425.870 10.305
426.051 10.187
426.232 10.175
426.413 9.984
426.595 9.525
426.776 9.295
426.957 9.297
427.139 9.428
427.320 9.349
427.501 9.246
427.682 9.044
427.864 9.063
428.045 9.137
428.226 9.103
428.408 9.072
428.589 9.120
428.770 9.144
428.951 8.951
429.133 8.728
429.314 8.699
429.495 8.733
429.677 8.794
429.858 8.815
430.039 8.740
430.220 8.718
430.402 8.711
430.583 8.773
430.764 8.844
430.945 8.941
431.127 8.899
431.308 8.854
431.489 8.868
431.671 8.855
431.852 8.759
432.033 8.747
432.214 8.718
432.396 8.644
432.577 8.473
432.758 8.340
432.940 8.272
433.121 8.238
433.302 8.194
433.483 8.235
433.665 8.375
433.846 8.537
434.027 8.567
434.208 8.546
434.390 8.592
434.571 8.681
434.752 8.734
434.934 8.732
435.115 8.782
435.296 8.851
435.477 8.789
435.659 8.713
435.840 8.681
436.030 8.750
436.220 8.741
436.410 8.700
436.600 8.691
436.790 8.744
436.980 8.794
437.170 8.755
437.360 8.699
437.550 8.705
437.741 8.698
437.931 8.635
438.121 8.588
438.311 8.611
438.501 8.600
438.691 8.637
438.881 8.571
439.071 8.473
439.261 8.419
439.451 8.382
439.641 8.342
439.831 8.258
440.021 8.212
440.211 8.164
440.401 8.174
440.591 8.162
440.781 8.133
440.971 8.153
441.161 8.130
441.351 8.117
441.542 8.143
441.732 8.119
441.922 8.093
442.112 8.109
442.302 8.147
442.492 8.122
442.682 8.067
442.872 7.945
443.062 7.854
443.252 7.856
443.442 7.927
443.632 7.863
443.822 7.803
444.012 7.732
444.202 7.665
444.392 7.567
444.582 7.508
444.772 7.499
444.962 7.527
445.153 7.554
445.343 7.516
445.533 7.371
445.723 7.349
445.913 7.385
446.103 7.461
446.293 7.478
446.483 7.473
446.673 7.521
446.863 7.594
447.053 7.616
447.243 7.650
447.433 7.699
447.623 7.767
447.813 7.785
448.003 7.791
448.193 7.775
448.383 7.791
448.573 7.826
448.764 7.721
448.954 7.647
449.144 7.577
449.334 7.486
449.524 7.391
449.714 7.373
449.904 7.389
450.094 7.405
450.284 7.399
450.474 7.358
450.664 7.322
450.854 7.361
451.044 7.382
451.234 7.391
451.424 7.292
451.614 7.284
451.804 7.322
451.994 7.249
452.184 7.175
452.375 7.172
452.565 7.167
452.755 7.141
452.945 7.130
453.135 7.120
453.325 7.135
453.515 7.281
453.705 7.344
453.895 7.310
454.085 7.356
454.275 7.449
454.465 7.453
454.655 7.399
454.845 7.385
455.035 7.454
455.225 7.381
455.415 7.304
455.605 7.269
455.795 7.277
455.985 7.240
456.176 7.157
456.366 7.070
456.556 7.005
456.746 7.019
456.936 7.030
457.126 7.003
457.316 7.039
457.506 7.058
457.696 7.005
457.886 6.894
458.076 6.819
458.266 6.835
458.456 6.823
458.646 6.833
458.836 6.876
459.026 6.930
459.216 6.906
459.406 6.882
459.596 6.869
459.787 6.840
459.977 6.881
460.167 6.963
460.357 6.931
460.547 6.907
460.737 6.898
460.927 6.849
461.117 6.712
461.307 6.707
461.497 6.758
461.687 6.770
461.877 6.816
462.067 6.853
462.257 6.898
462.447 6.936
462.637 6.888
462.827 6.846
463.017 6.869
463.207 7.019
463.397 7.007
463.588 6.956
463.778 6.977
463.968 6.935
464.158 6.872
464.348 6.805
464.538 6.806
464.728 6.830
464.918 6.861
465.108 6.879
465.298 6.785
465.488 6.730
465.678 6.712
465.868 6.706
466.058 6.728
466.248 6.702
466.438 6.689
466.628 6.716
466.818 6.733
467.008 6.743
467.199 6.688
467.389 6.617
467.579 6.608
467.769 6.660
467.959 6.610
468.149 6.493
468.339 6.493
468.529 6.517
468.719 6.563
468.909 6.542
469.099 6.505
469.289 6.515
469.479 6.547
469.669 6.510
469.859 6.403
470.049 6.378
470.239 6.457
470.429 6.525
470.619 6.502
470.810 6.403
471.000 6.431
471.190 6.510
471.380 6.526
471.570 6.584
471.760 6.669
471.950 6.724
472.140 6.767
472.330 6.818
472.520 6.767
472.710 6.718
472.900 6.699
473.090 6.644
473.280 6.561
473.470 6.532
473.660 6.496
473.850 6.427
474.040 6.429
474.230 6.426
474.421 6.375
474.611 6.365
474.801 6.367
474.991 6.413
475.181 6.433
475.371 6.442
475.561 6.420
475.751 6.327
475.941 6.298
476.131 6.281
476.321 6.288
476.511 6.291
476.701 6.303
476.891 6.273
477.081 6.187
477.271 6.118
477.461 6.063
477.651 6.045
477.841 6.095
478.031 6.126
478.222 6.111
478.412 6.084
478.602 6.081
478.792 6.104
478.982 6.156
479.172 6.159
479.362 6.177
479.552 6.207
479.742 6.193
479.932 6.207
480.122 6.219
480.312 6.220
480.502 6.242
480.692 6.227
480.882 6.128
481.072 6.073
481.262 6.108
481.452 6.146
481.642 6.171
481.833 6.233
482.023 6.234
482.213 6.235
482.403 6.233
482.593 6.179
482.783 6.203
482.973 6.277
483.163 6.297
483.353 6.250
483.543 6.235
483.733 6.210
483.923 6.169
484.113 6.159
484.303 6.126
484.493 6.095
484.683 6.136
484.873 6.136
485.063 6.111
485.253 6.097
485.443 6.149
485.634 6.117
485.824 6.096
486.014 6.100
486.204 6.103
486.394 6.139
486.584 6.154
486.774 6.108
486.964 6.097
487.154 6.069
487.344 6.065
487.534 6.049
487.724 6.047
487.914 6.049
488.104 6.038
488.294 6.052
488.484 6.024
488.674 6.030
488.864 6.051
489.054 6.010
489.245 6.004
489.435 6.034
489.625 6.067
489.815 6.125
490.005 6.199
490.195 6.208
490.385 6.192
490.575 6.218
490.765 6.263
490.955 6.300
491.145 6.346
491.335 6.382
491.525 6.361
491.715 6.319
491.905 6.300
492.095 6.253
492.285 6.199
492.475 6.167
492.665 6.115
492.856 6.066
493.046 6.006
493.236 5.978
493.426 5.979
493.616 5.937
493.806 5.942
493.996 5.935
494.186 5.916
494.376 5.986
494.566 5.977
494.756 5.969
494.946 5.976
495.136 6.002
495.326 5.997
495.516 6.017
495.706 6.084
495.896 6.083
496.086 6.072
496.276 6.065
496.467 6.009
496.657 6.037
496.847 6.052
497.037 6.026
497.227 6.016
497.417 5.982
497.607 5.897
497.797 5.864
497.987 5.873
498.177 5.836
498.367 5.856
498.557 5.886
498.747 5.885
498.937 5.907
499.127 5.901
499.317 5.860
499.507 5.850
499.697 5.861
499.887 5.877
500.077 5.879
500.268 5.902
500.458 5.864
500.648 5.819
500.838 5.773
501.028 5.741
501.218 5.752
501.408 5.771
501.598 5.798
501.788 5.830
501.978 5.864
502.168 5.839
502.358 5.812
502.548 5.778
502.738 5.779
502.928 5.828
503.118 5.852
503.308 5.871
503.498 5.901
503.688 5.890
503.879 5.849
504.069 5.779
504.259 5.797
504.449 5.811
504.639 5.839
504.829 5.835
505.019 5.796
505.209 5.770
505.399 5.744
505.589 5.723
505.779 5.718
505.969 5.703
506.159 5.705
506.349 5.676
506.539 5.648
506.729 5.636
506.919 5.656
507.109 5.666
507.299 5.617
507.490 5.572
507.680 5.521
507.870 5.500
508.060 5.486
508.250 5.462
508.440 5.454
508.630 5.478
508.820 5.498
509.010 5.466
509.200 5.448
509.390 5.494
509.580 5.506
509.770 5.533
509.960 5.536
510.150 5.537
510.340 5.562
510.530 5.581
510.720 5.577
510.910 5.589
511.100 5.658
511.291 5.665
511.481 5.651
511.671 5.683
511.861 5.764
512.051 5.928
512.241 5.965
512.431 5.967
512.621 5.960
512.811 5.952
513.001 5.928
513.191 5.859
513.381 5.845
513.571 5.845
513.761 5.812
513.951 5.723
514.141 5.559
514.331 5.558
514.521 5.529
514.711 5.515
514.902 5.543
515.092 5.560
515.282 5.581
515.472 5.573
515.662 5.532
515.852 5.540
516.042 5.528
516.232 5.523
516.422 5.500
516.612 5.495
516.802 5.474
516.992 5.424
517.182 5.390
517.372 5.371
517.562 5.398
517.752 5.431
517.942 5.420
518.132 5.438
518.322 5.481
518.513 5.511
518.703 5.542
518.893 5.578
519.083 5.648
519.273 5.716
519.463 5.712
519.653 5.718
519.843 5.768
520.033 5.792
520.223 5.795
520.413 5.789
520.603 5.776
520.793 5.744
520.983 5.705
521.173 5.630
521.363 5.574
521.553 5.598
521.743 5.564
521.933 5.520
522.123 5.546
522.314 5.578
522.504 5.551
522.694 5.509
522.884 5.512
523.074 5.521
523.264 5.548
523.454 5.561
523.644 5.567
523.834 5.592
524.024 5.601
524.214 5.568
524.404 5.534
524.594 5.536
524.784 5.597
524.974 5.621
525.164 5.625
525.354 5.617
525.544 5.610
525.734 5.582
525.925 5.557
526.115 5.558
526.305 5.598
526.495 5.648
526.685 5.663
526.875 5.654
527.065 5.642
527.255 5.626
527.445 5.620
527.635 5.618
527.825 5.661
528.015 5.711
528.205 5.692
528.395 5.639
528.585 5.603
528.775 5.596
528.965 5.602
529.155 5.622
529.345 5.667
529.535 5.687
529.726 5.694
529.916 5.685
530.106 5.693
530.296 5.713
530.486 5.709
530.676 5.700
530.866 5.713
531.056 5.721
531.246 5.722
531.436 5.708
531.626 5.715
531.816 5.701
532.006 5.684
532.196 5.646
532.386 5.636
532.576 5.643
532.766 5.629
532.956 5.585
533.146 5.559
533.337 5.539
533.527 5.529
533.717 5.500
533.907 5.515
534.097 5.510
534.287 5.501
534.477 5.509
534.667 5.522
534.857 5.543
535.047 5.588
535.237 5.613
535.427 5.612
535.617 5.604
535.807 5.629
535.997 5.618
536.187 5.609
536.377 5.635
536.567 5.632
536.757 5.629
536.948 5.631
537.138 5.606
537.328 5.606
537.518 5.647
537.708 5.679
537.898 5.675
538.088 5.691
538.278 5.707
538.468 5.683
538.658 5.648
538.848 5.638
539.038 5.625
539.228 5.637
539.418 5.640
539.608 5.622
539.798 5.616
539.988 5.633
540.178 5.623
540.368 5.621
540.558 5.632
540.749 5.660
540.939 5.655
541.129 5.676
541.319 5.704
541.509 5.907
541.699 6.324
541.889 6.334
542.079 6.342
542.269 6.369
542.459 6.413
542.649 6.428
542.839 6.461
543.029 6.510
543.219 6.524
543.409 6.502
543.599 6.260
543.789 5.851
543.979 5.863
544.169 5.883
544.360 5.874
544.550 5.858
544.740 5.840
544.930 5.810
545.120 5.784
545.310 5.755
545.500 5.784
545.690 5.811
545.880 5.793
546.070 5.763
546.267 5.718
546.463 5.728
546.660 5.747
546.857 5.775
547.054 5.796
547.251 5.790
547.447 5.785
547.644 5.742
547.841 5.744
548.038 5.751
548.234 5.763
548.431 5.807
548.628 5.816
548.825 5.798
549.021 5.786
549.218 5.779
549.415 5.768
549.612 5.763
549.808 5.804
550.005 5.843
550.202 5.864
550.399 5.867
550.595 5.869
550.792 5.882
550.989 5.870
551.186 5.898
551.382 5.949
551.579 6.005
551.776 6.080
551.973 6.101
552.169 6.080
552.366 6.072
552.563 6.089
552.760 6.115
552.956 6.126
553.153 6.176
553.350 6.215
553.547 6.236
553.743 6.242
553.940 6.237
554.137 6.249
554.334 6.264
554.530 6.298
554.727 6.333
554.924 6.344
555.121 6.355
555.317 6.329
555.514 6.317
555.711 6.311
555.908 6.333
556.104 6.326
556.301 6.326
556.498 6.357
556.695 6.377
556.891 6.370
557.088 6.352
557.285 6.361
557.482 6.415
557.678 6.447
557.875 6.479
558.072 6.521
558.269 6.586
558.465 6.619
558.662 6.621
558.859 6.633
559.056 6.646
559.252 6.682
559.449 6.724
559.646 6.752
559.843 6.750
560.039 6.736
560.236 6.719
560.433 6.684
560.630 6.679
560.826 6.711
561.023 6.731
561.220 6.773
561.417 6.804
561.613 6.827
561.810 6.851
562.007 6.894
562.204 6.932
562.400 6.971
562.597 7.024
562.794 7.077
562.991 7.134
563.187 7.183
563.384 7.200
563.581 7.244
563.778 7.275
563.974 7.293
564.171 7.301
564.368 7.315
564.565 7.326
564.761 7.362
564.958 7.415
565.155 7.424
565.352 7.415
565.548 7.452
565.745 7.482
565.942 7.479
566.139 7.487
566.335 7.526
566.532 7.611
566.729 7.694
566.926 7.740
567.122 7.755
567.319 7.790
567.516 7.880
567.713 7.950
567.909 7.985
568.106 8.050
568.303 8.113
568.500 8.160
568.696 8.180
568.893 8.193
569.090 8.222
569.287 8.267
569.483 8.345
569.680 8.386
569.877 8.409
570.074 8.448
570.270 8.485
570.467 8.553
570.664 8.632
570.861 8.710
571.057 8.786
571.254 8.839
571.451 8.897
571.648 8.943
571.844 8.999
572.041 9.093
572.238 9.183
572.435 9.259
572.631 9.317
572.828 9.375
573.025 9.388
573.222 9.431
573.418 9.497
573.615 9.521
573.812 9.553
574.009 9.608
574.205 9.642
574.402 9.679
574.599 9.736
574.796 9.788
574.992 9.836
575.189 9.937
575.386 9.984
575.583 10.056
575.779 10.174
575.976 10.236
576.173 10.310
576.370 10.400
576.567 10.466
576.763 10.540
576.960 10.625
577.158 10.694
577.356 10.756
577.554 10.843
577.752 10.903
577.950 10.959
578.148 11.061
578.346 11.149
578.544 11.234
578.742 11.316
578.940 11.383
579.138 11.440
579.336 11.528
579.534 11.623
579.732 11.736
579.930 11.830
580.128 11.938
580.326 12.028
580.524 12.094
580.722 12.150
580.920 12.237
581.118 12.365
581.316 12.493
581.514 12.574
581.712 12.635
581.909 12.703
582.107 12.811
582.305 12.897
582.503 12.989
582.701 13.092
582.899 13.185
583.097 13.257
583.295 13.338
583.493 13.450
583.691 13.588
583.889 13.723
584.087 13.837
584.285 13.917
584.483 14.001
584.681 14.104
584.879 14.201
585.077 14.304
585.275 14.431
585.473 14.537
585.671 14.643
585.869 14.749
586.067 14.838
586.265 14.924
586.463 15.035
586.661 15.177
586.859 15.274
587.057 15.397
587.255 15.528
587.453 15.650
587.651 15.763
587.849 15.860
588.047 15.962
588.245 16.077
588.443 16.231
588.641 16.378
588.839 16.501
589.037 16.640
589.235 16.750
589.433 16.861
589.631 16.987
589.829 17.102
590.027 17.210
590.225 17.318
590.423 17.465
590.621 17.585
590.819 17.702
591.017 17.819
591.215 17.933
591.413 18.076
591.611 18.226
591.809 18.355
592.006 18.491
592.204 18.641
592.402 18.790
592.600 18.907
592.798 19.029
592.996 19.150
593.194 19.279
593.392 19.454
593.590 19.613
593.788 19.754
593.986 19.923
594.184 20.086
594.382 20.234
594.580 20.418
594.778 20.574
594.976 20.718
595.174 20.880
595.372 21.036
595.570 21.154
595.768 21.266
595.966 21.387
596.164 21.500
596.362 21.644
596.560 21.787
596.758 21.906
596.956 22.037
597.154 22.180
597.352 22.337
597.550 22.505
597.748 22.701
597.946 22.908
598.144 23.120
598.342 23.296
598.540 23.419
598.738 23.571
598.936 23.726
599.134 23.875
599.332 24.009
599.530 24.178
599.728 24.326
599.926 24.445
600.124 24.554
600.322 24.673
600.520 24.863
600.718 25.017
600.916 25.140
601.114 25.300
601.312 25.500
601.510 25.659
601.708 25.780
601.905 25.957
602.103 26.123
602.301 26.289
602.499 26.415
602.697 26.534
602.895 26.742
603.093 26.968
603.291 27.150
603.489 27.302
603.687 27.481
603.885 27.660
604.083 27.787
604.281 27.910
604.479 28.078
604.677 28.274
604.875 28.454
605.073 28.612
605.271 28.730
605.469 28.866
605.667 29.005
605.865 29.173
606.063 29.323
606.261 29.509
606.459 29.704
606.657 29.874
606.855 30.040
607.053 30.184
607.251 30.342
607.449 30.507
607.647 30.645
607.845 30.805
608.043 30.996
608.241 31.117
608.439 31.210
608.637 31.354
608.835 31.514
609.033 31.696
609.231 31.852
609.429 31.980
609.627 32.125
609.825 32.340
610.023 32.560
610.221 32.705
610.419 32.923
610.617 33.125
610.815 33.305
611.013 33.458
611.211 33.573
611.409 33.740
611.607 33.908
611.804 34.064
612.002 34.198
612.200 34.322
612.398 34.489
612.596 34.620
612.794 34.722
612.992 34.850
613.190 34.990
613.388 35.128
613.586 35.249
613.784 35.365
613.982 35.492
614.180 35.635
614.378 35.797
614.576 35.903
614.774 36.035
614.972 36.189
615.170 36.332
615.368 36.487
615.566 36.654
615.764 36.830
615.962 36.995
616.160 37.143
616.358 37.218
616.556 37.306
616.754 37.448
616.952 37.605
617.150 37.777
617.348 37.902
617.546 37.983
617.744 38.055
617.942 38.138
618.140 38.273
618.338 38.426
618.536 38.610
618.734 38.755
618.932 38.903
619.130 39.002
619.328 39.109
619.526 39.233
619.724 39.381
619.922 39.592
620.120 39.763
620.318 39.874
620.516 39.991
620.714 40.118
620.912 40.204
621.110 40.303
621.308 40.420
621.506 40.519
621.704 40.656
621.901 40.810
622.099 40.885
622.297 40.978
622.495 41.104
622.693 41.221
622.891 41.307
623.089 41.444
623.287 41.565
623.485 41.690
623.683 41.820
623.881 41.911
624.079 42.006
624.277 42.119
624.475 42.221
624.673 42.327
624.871 42.427
625.069 42.531
625.267 42.615
625.465 42.711
625.663 42.785
625.861 42.854
626.059 42.950
626.257 43.048
626.455 43.152
626.653 43.262
626.851 43.348
627.049 43.456
627.247 43.577
627.445 43.697
627.643 43.770
627.841 43.893
628.039 44.028
628.237 44.116
628.435 44.165
628.633 44.191
628.831 44.237
629.029 44.311
629.227 44.359
629.425 44.445
629.623 44.531
629.821 44.628
630.019 44.700
630.217 44.763
630.415 44.861
630.613 44.963
630.811 45.081
631.009 45.174
631.207 45.262
631.405 45.396
631.603 45.515
631.801 45.644
631.998 45.734
632.196 45.790
632.394 45.886
632.592 45.946
632.790 46.031
632.988 46.135
633.186 46.253
633.384 46.318
633.582 46.357
633.780 46.399
633.978 46.394
634.176 46.491
634.374 46.610
634.572 46.665
634.770 46.768
634.968 46.894
635.166 46.983
635.364 47.001
635.562 47.054
635.760 47.104
635.958 47.130
636.156 47.230
636.354 47.297
636.552 47.322
636.750 47.363
636.948 47.413
637.146 47.445
637.344 47.468
637.542 47.485
637.740 47.537
637.938 47.579
638.136 47.836
638.334 48.276
638.532 48.229
638.730 48.273
638.928 48.338
639.126 48.351
639.324 48.368
639.522 48.434
639.720 48.551
639.918 48.618
640.116 48.696
640.314 48.539
640.512 48.159
640.710 48.277
640.908 48.370
641.106 48.478
641.304 48.583
641.502 48.650
641.699 48.675
641.897 48.729
642.095 48.789
642.293 48.850
642.491 48.884
642.689 48.917
642.887 48.959
643.085 48.987
643.283 48.976
643.481 48.972
643.679 49.003
643.877 49.073
644.075 49.141
644.273 49.204
644.471 49.219
644.669 49.271
644.867 49.331
645.065 49.315
645.263 49.321
645.461 49.364
645.659 49.417
645.857 49.480
646.055 49.546
646.253 49.570
646.451 49.592
646.649 49.618
646.847 49.678
647.045 49.743
647.243 49.871
647.441 49.993
647.639 50.056
647.837 50.105
648.035 50.095
648.233 50.071
648.431 50.092
648.629 50.124
648.827 50.191
649.025 50.247
649.223 50.261
649.421 50.274
649.619 50.289
649.817 50.334
650.015 50.379
650.213 50.402
650.411 50.420
650.609 50.448
650.807 50.496
651.005 50.510
651.203 50.497
651.401 50.584
651.599 50.602
651.796 50.608
651.994 50.607
652.192 50.644
652.390 50.715
652.588 50.767
652.786 50.790
652.984 50.790
653.182 50.849
653.380 50.925
653.578 50.898
653.776 50.888
653.974 50.926
654.172 50.961
654.370 50.938
654.568 50.926
654.766 50.929
654.964 50.939
655.162 50.939
655.360 50.922
655.558 50.900
655.756 50.957
655.954 51.033
656.152 51.050
656.350 51.047
656.548 51.050
656.746 51.077
656.944 51.081
657.142 51.048
657.340 51.073
657.538 51.119
657.736 51.135
657.934 51.133
658.132 51.157
658.330 51.132
658.528 51.151
658.726 51.239
658.924 51.284
659.122 51.350
659.320 51.417
659.518 51.426
659.716 51.397
659.914 51.399
660.112 51.426
660.310 51.431
660.508 51.483
660.706 51.541
660.904 51.521
661.102 51.512
661.300 51.488
661.498 51.502
661.696 51.531
661.893 51.586
662.091 51.608
662.289 51.596
662.487 51.575
662.685 51.561
662.883 51.523
663.081 51.557
663.279 51.601
663.477 51.624
663.675 51.630
663.873 51.686
664.071 51.732
664.269 51.792
664.467 51.797
664.665 51.854
664.863 51.887
665.061 51.926
665.259 51.926
665.457 51.941
665.655 51.976
665.853 51.990
666.051 51.963
666.249 51.915
666.447 51.866
666.645 51.878
666.843 51.882
667.041 51.878
667.239 51.847
667.437 51.857
667.635 51.873
667.833 51.862
668.031 51.856
668.229 51.883
668.427 51.969
668.625 52.036
668.823 52.021
669.021 51.984
669.219 52.017
669.417 52.066
669.615 52.050
669.813 52.035
670.011 52.100
670.209 52.145
670.407 52.155
670.605 52.097
670.803 52.065
671.001 52.135
671.199 52.190
671.397 52.175
671.595 52.221
671.792 52.324
671.990 52.307
672.188 52.233
672.386 52.255
672.584 52.274
672.782 52.278
672.980 52.294
673.178 52.303
673.376 52.324
673.574 52.324
673.772 52.268
673.970 52.244
674.168 52.332
674.366 52.393
674.564 52.373
674.762 52.362
674.960 52.388
675.158 52.370
675.356 52.344
675.554 52.359
675.752 52.343
675.950 52.388
676.148 52.402
676.346 52.352
676.544 52.298
676.742 52.275
676.940 52.277
677.138 52.286
677.336 52.301
677.534 52.301
677.732 52.307
677.930 52.374
678.128 52.392
678.326 52.368
678.524 52.363
678.722 52.461
678.920 52.577
679.118 52.591
679.316 52.618
679.514 52.661
679.712 52.649
679.910 52.597
680.108 52.582
680.306 52.526
680.504 52.450
680.702 52.429
680.900 52.409
681.098 52.388
681.296 52.399
681.494 52.418
681.691 52.439
681.889 52.460
682.087 52.439
682.285 52.389
682.483 52.387
682.681 52.454
682.879 52.500
683.077 52.506
683.275 52.468
683.473 52.472
683.671 52.415
683.869 52.386
684.067 52.407
684.265 52.473
684.463 52.562
684.661 52.596
684.859 52.558
685.057 52.489
685.255 52.447
685.453 52.450
685.651 52.474
685.849 52.519
686.047 52.543
686.245 52.541
686.443 52.514
686.641 52.504
686.839 52.556
687.037 52.597
687.235 52.636
687.433 52.642
687.631 52.663
687.829 52.653
688.027 52.648
688.225 52.645
688.423 52.625
688.621 52.635
688.819 52.620
689.017 52.629
689.215 52.658
689.413 52.648
689.611 52.678
689.809 52.680
690.007 52.671
690.205 52.674
690.403 52.673
690.601 52.654
690.799 52.685
690.997 52.711
691.195 52.677
691.393 52.662
691.591 52.698
691.788 52.728
691.986 52.731
692.184 52.754
692.382 52.772
692.580 52.788
692.778 52.818
692.976 52.797
693.174 52.752
693.372 52.726
693.570 52.690
693.768 52.742
693.966 52.717
694.164 52.690
694.362 52.688
694.560 52.684
694.758 52.685
694.956 52.682
695.154 52.704
695.352 52.779
695.550 52.862
695.748 52.925
695.946 52.900
696.144 52.899
696.342 52.915
696.540 52.941
696.744 52.966
696.948 52.991
697.152 53.034
697.357 53.032
697.561 52.991
697.765 52.963
697.969 52.963
698.173 52.979
698.377 52.962
698.581 53.026
698.786 53.051
698.990 53.025
699.194 52.964
699.398 52.931
699.602 52.916
699.806 52.907
700.010 52.854
700.215 52.800
700.419 52.760
700.623 52.808
700.827 52.747
701.031 52.666
701.235 52.657
701.440 52.630
701.644 52.628
701.848 52.717
702.052 52.729
702.256 52.744
702.460 52.789
702.664 52.834
702.869 52.812
703.073 52.865
703.277 52.932
703.481 52.949
703.685 53.049
703.889 53.078
704.093 53.045
704.298 53.070
704.502 53.057
704.706 53.031
704.910 53.034
705.114 53.037
705.318 53.005
705.522 52.979
705.727 53.036
705.931 53.060
706.135 53.044
706.339 53.011
706.543 53.079
706.747 53.170
706.951 53.152
707.156 53.075
707.360 53.084
707.564 53.109
707.768 53.071
707.972 53.031
708.176 53.052
708.380 53.109
708.585 53.110
708.789 53.037
708.993 52.985
709.197 53.031
709.401 53.061
709.605 53.079
709.810 53.090
710.014 53.177
710.218 53.185
710.422 53.084
710.626 53.040
710.830 53.004
711.034 52.946
711.239 52.922
711.443 52.933
711.647 52.963
711.851 52.912
712.055 52.873
712.259 52.869
712.463 52.833
712.668 52.829
712.872 52.830
713.076 52.888
713.280 53.036
713.484 53.112
713.688 53.136
713.892 53.168
714.097 53.168
714.301 53.155
714.505 53.074
714.709 53.051
714.913 53.109
715.117 53.181
715.321 53.209
715.526 53.079
715.730 53.060
715.934 53.081
716.138 53.103
716.342 53.175
716.546 53.204
716.750 53.277
716.955 53.364
717.159 53.364
717.363 53.288
717.567 53.269
717.771 53.354
717.975 53.345
718.180 53.312
718.384 53.246
718.588 53.234
718.792 53.292
718.996 53.290
719.200 53.220
719.404 53.146
719.609 53.143
719.813 53.137
720.017 53.097
720.221 53.113
720.425 53.175
720.629 53.223
720.833 53.206
721.038 53.143
721.242 53.111
721.446 53.154
721.650 53.203
721.854 53.237
722.058 53.221
722.262 53.256
722.467 53.194
722.671 53.047
722.875 52.998
723.079 53.004
723.283 53.035
723.487 53.047
723.691 53.054
723.896 53.083
724.100 53.099
724.304 53.161
724.508 53.122
724.712 53.108
724.916 53.177
725.120 53.233
725.325 53.266
725.529 53.255
725.733 53.281
725.937 53.278
726.141 53.250
726.345 53.214
726.550 53.139
726.754 53.138
726.958 53.182
727.162 53.183
727.366 53.135
727.570 53.069
727.774 53.046
727.979 52.999
728.183 52.963
728.387 52.948
728.591 52.937
728.795 52.956
728.999 52.974
729.203 53.018
729.408 53.022
729.612 53.081
729.816 53.065
730.020 53.055
730.224 53.085
730.428 53.129
730.632 53.150
730.837 53.188
731.041 53.180
731.245 53.142
731.449 53.098
731.653 53.096
731.857 53.044
732.061 53.120
732.266 53.154
732.470 53.124
732.674 53.136
732.878 53.209
733.082 53.205
733.286 53.201
733.490 53.224
733.695 53.247
733.899 53.261
734.103 53.319
734.307 53.287
734.511 53.254
734.715 53.284
734.920 53.318
735.124 53.246
735.328 53.204
735.532 53.258
735.736 53.373
735.940 53.454
736.144 53.466
736.349 53.442
736.553 53.451
736.757 53.462
736.961 53.466
737.165 53.437
737.369 53.451
737.573 53.474
737.778 53.440
737.982 53.323
738.186 53.177
738.390 53.130
738.594 53.113
738.798 53.128
739.002 53.139
739.207 53.131
739.411 53.110
739.615 53.108
739.819 53.139
740.023 53.165
740.227 53.191
740.431 53.300
740.636 53.371
740.840 53.405
741.044 53.425
741.248 53.462
741.452 53.498
741.656 53.518
741.860 53.542
742.065 53.512
742.269 53.479
742.473 53.487
742.677 53.439
742.881 53.378
743.085 53.342
743.290 53.367
743.494 53.403
743.698 53.404
743.902 53.375
744.106 53.396
744.310 53.433
744.514 53.431
744.719 53.418
744.923 53.423
745.127 53.512
745.331 53.595
745.535 53.540
745.739 53.438
745.943 53.419
746.148 53.427
746.352 53.400
746.556 53.465
746.760 53.454
746.964 53.450
747.168 53.493
747.372 53.502
747.577 53.433
747.781 53.481
747.985 53.596
748.189 53.562
748.393 53.536
748.597 53.600
748.801 53.589
749.006 53.683
749.210 53.726
749.414 53.656
749.618 53.555
749.822 53.568
750.026 53.556
750.230 53.510
750.435 53.555
750.639 53.651
750.843 53.594
751.047 53.532
751.251 53.449
751.455 53.410
751.660 53.479
751.864 53.520
752.068 53.496
752.272 53.451
752.476 53.481
752.680 53.552
752.884 53.538
753.089 53.509
753.293 53.480
753.497 53.536
753.701 53.562
753.905 53.545
754.109 53.501
754.313 53.457
754.518 53.459
754.722 53.489
754.926 53.533
755.130 53.501
755.334 53.562
755.538 53.629
755.742 53.619
755.947 53.644
756.151 53.681
756.355 53.785
756.559 53.854
756.763 53.889
756.967 53.838
757.171 53.721
757.376 53.694
757.580 53.639
757.784 53.630
757.988 53.598
758.192 53.512
758.396 53.464
758.600 53.438
758.805 53.465
759.009 53.514
759.213 53.587
759.417 53.642
759.621 53.592
759.825 53.554
760.030 53.578
760.234 53.697
760.438 53.736
760.642 53.777
760.846 53.773
761.050 53.703
761.254 53.603
761.459 53.501
761.663 53.409
761.867 53.537
762.071 53.574
762.275 53.467
762.479 53.351
762.683 53.381
762.888 53.324
763.092 53.213
763.296 53.192
763.500 53.213
763.709 53.234
763.918 53.290
764.126 53.245
764.335 53.332
764.544 53.550
764.753 53.665
764.962 53.691
765.171 53.755
765.379 53.892
765.588 54.018
765.797 54.054
766.006 53.985
766.215 53.986
766.424 54.025
766.632 54.016
766.841 53.895
767.050 53.776
767.259 53.727
767.468 53.703
767.677 53.644
767.885 53.589
768.094 53.623
768.303 53.754
768.512 53.770
768.721 53.678
768.929 53.601
769.138 53.660
769.347 53.680
769.556 53.713
769.765 53.774
769.974 53.858
770.182 53.934
770.391 53.907
770.600 53.882
770.809 53.869
771.018 53.908
771.227 53.943
771.435 53.923
771.644 54.043
771.853 54.047
772.062 54.009
772.271 53.927
772.480 53.811
772.688 53.840
772.897 53.873
773.106 53.981
773.315 53.956
773.524 53.952
773.732 53.950
773.941 53.893
774.150 53.884
774.359 53.902
774.568 53.936
774.777 53.981
774.985 54.001
775.194 53.960
775.403 53.833
775.612 53.862
775.821 53.876
776.030 53.818
776.238 53.754
776.447 53.733
776.656 53.722
776.865 53.680
777.074 53.699
777.283 53.774
777.491 53.791
777.700 53.761
777.909 53.736
778.118 53.774
778.327 53.746
778.535 53.770
778.744 53.852
778.953 53.902
779.162 53.870
779.371 53.816
779.580 53.747
779.788 53.821
779.997 53.870
780.206 53.911
780.415 53.896
780.624 53.975
780.833 53.985
781.041 53.952
781.250 53.895
781.459 53.991
781.668 54.047
781.877 53.930
782.086 53.777
782.294 53.758
782.503 53.803
782.712 53.776
782.921 53.787
783.130 53.868
783.338 53.933
783.547 53.943
783.756 53.997
783.965 54.123
784.174 54.241
784.383 54.325
784.591 54.327
784.800 54.314
785.009 54.329
785.218 54.303
785.427 54.242
785.636 54.164
785.844 54.103
786.053 53.994
786.262 53.924
786.471 53.961
786.680 53.969
786.889 54.053
787.097 54.114
787.306 54.167
787.515 54.198
787.724 54.146
787.933 54.036
788.141 53.995
788.350 54.074
788.559 54.074
788.768 53.995
788.977 54.023
789.186 53.985
789.394 53.851
789.603 53.740
789.812 53.719
790.021 53.739
790.230 53.789
790.439 53.878
790.647 53.821
790.856 53.649
791.065 53.668
791.274 53.686
791.483 53.745
791.692 53.845
791.900 53.827
792.109 53.842
792.318 53.983
792.527 54.121
792.736 54.116
792.944 54.129
793.153 54.295
793.362 54.299
793.571 54.237
793.780 54.225
793.989 54.259
794.197 54.359
794.406 54.350
794.615 54.177
794.824 54.059
795.033 54.063
795.242 54.126
795.450 54.114
795.659 54.103
795.868 54.018
796.077 53.953
796.286 53.896
796.495 53.851
796.703 53.946
796.912 54.048
797.121 54.082
797.330 54.169
797.539 54.145
797.747 54.084
797.956 54.107
798.165 54.288
798.374 54.378
798.583 54.294
798.792 54.314
799.000 54.300
799.209 54.281
799.418 54.350
799.627 54.308
799.836 54.320
800.045 54.494
800.253 54.514
800.462 54.397
800.671 54.346
800.880 54.488
801.089 54.508
801.298 54.453
801.506 54.395
801.715 54.322
801.924 54.329
802.133 54.293
802.342 54.208
802.550 54.224
802.759 54.335
802.968 54.377
803.177 54.279
803.386 54.264
803.595 54.222
803.803 54.276
804.012 54.348
804.221 54.325
804.430 54.313
804.639 54.285
804.848 54.296
805.056 54.214
805.265 54.147
805.474 54.263
805.683 54.386
805.892 54.439
806.101 54.493
806.309 54.456
806.518 54.507
806.727 54.595
806.936 54.609
807.145 54.559
807.353 54.521
807.562 54.512
807.771 54.529
807.980 54.552
808.189 54.512
808.398 54.370
808.606 54.350
808.815 54.343
809.024 54.204
809.233 54.123
809.442 54.217
809.651 54.279
809.859 54.347
810.068 54.331
810.277 54.165
810.486 54.173
810.695 54.297
810.904 54.307
811.112 54.310
811.321 54.349
811.530 54.545
811.740 54.560
811.949 54.600
812.159 54.616
812.368 54.519
812.578 54.471
812.787 54.571
812.997 54.824
813.206 54.921
813.416 54.959
813.625 55.005
813.835 54.834
814.044 54.716
814.254 54.742
814.463 54.709
814.673 54.701
814.882 54.833
815.092 54.775
815.301 54.443
815.511 54.390
815.720 54.378
815.930 54.478
816.139 54.638
816.349 54.610
816.558 54.553
816.768 54.606
816.977 54.586
817.187 54.493
817.396 54.366
817.606 54.383
817.815 54.444
818.025 54.391
818.234 54.280
818.444 54.214
818.653 54.287
818.863 54.225
819.072 54.193
819.282 54.336
819.491 54.390
819.701 54.401
819.910 54.462
820.120 54.540
820.329 54.694
820.539 54.710
820.748 54.680
820.958 54.827
821.167 55.031
821.377 55.115
821.586 55.131
821.796 55.107
822.005 55.363
822.215 55.584
822.424 55.494
822.634 55.382
822.843 55.492
823.053 55.556
823.262 55.602
823.472 55.611
823.681 55.540
823.891 55.555
824.100 55.864
824.310 55.940
824.519 55.674
824.729 55.501
824.938 55.385
825.148 55.218
825.357 55.217
825.567 55.149
825.776 55.148
825.986 55.124
826.195 55.059
826.405 54.813
826.614 54.634
826.824 54.708
827.033 54.878
827.243 55.027
827.452 55.187
827.662 55.186
827.871 55.035
828.081 54.918
828.290 55.107
828.500 55.069
828.709 55.013
828.919 55.034
829.128 54.962
829.338 54.913
829.547 54.989
829.757 55.012
829.966 54.926
830.176 54.882
830.385 54.925
830.595 54.821
830.804 54.731
831.014 54.670
831.223 54.697
831.433 54.894
831.642 54.932
831.852 54.792
832.061 54.631
832.271 54.763
832.480 55.069
832.690 54.984
832.899 54.897
833.109 55.210
833.318 55.436
833.528 55.452
833.737 55.248
833.947 55.272
834.156 55.297
834.366 55.384
834.575 55.260
834.785 55.064
834.994 55.128
835.204 55.041
835.413 54.858
835.623 54.726
835.832 54.621
836.042 54.739
836.251 54.774
836.461 54.721
836.670 54.719
836.880 54.764
837.089 54.930
837.299 55.053
837.508 55.306
837.718 55.456
837.927 55.555
838.137 55.598
838.346 55.546
838.556 55.477
838.765 55.569
838.975 55.654
839.184 55.814
839.394 55.709
839.603 55.618
839.813 55.673
840.022 55.603
840.232 55.649
840.441 55.745
840.651 55.904
840.860 55.877
841.070 55.873
841.279 55.913
841.489 55.869
841.698 55.843
841.908 55.770
842.117 55.509
842.327 55.255
842.536 55.212
842.746 55.079
842.955 55.005
843.165 55.149
843.374 55.196
843.584 55.276
843.793 55.335
844.003 55.449
844.212 55.545
844.422 55.545
844.631 55.606
844.841 55.576
845.050 55.643
845.260 55.512
845.469 55.523
845.679 55.434
845.888 55.280
846.098 55.320
846.307 55.329
846.517 55.321
846.726 55.487
846.936 55.952
847.145 56.072
847.355 56.007
847.564 56.075
847.774 56.556
847.983 57.569
848.193 57.538
848.402 57.322
848.612 57.182
848.821 57.186
849.031 57.157
849.240 56.833
849.450 56.693
849.659 56.569
849.869 56.459
850.078 55.906
850.288 55.194
850.497 55.294
850.707 55.398
850.916 55.475
851.126 55.486
851.335 55.384
851.545 55.374
851.754 55.538
851.964 55.886
852.173 56.127
852.383 56.090
852.592 55.893
852.802 55.928
853.011 55.998
853.221 55.950
853.430 55.870
853.640 56.009
853.849 56.234
854.059 56.125
854.268 56.053
854.478 56.112
854.687 56.190
854.897 56.181
855.106 56.177
855.316 55.967
855.525 55.945
855.735 56.058
855.944 56.010
856.154 56.080
856.363 56.277
856.573 56.373
856.782 56.288
856.992 56.114
857.201 56.129
857.411 56.116
857.620 56.252
857.830 56.312
858.039 56.315
858.249 56.323
858.458 56.121
858.668 56.049
858.877 56.014
859.087 56.222
859.296 56.479
859.506 56.366
859.715 56.188
859.925 56.116
860.134 56.227
860.344 56.278
860.553 56.329
860.763 56.291
860.972 56.183
861.182 56.196
861.391 56.172
861.601 56.056
861.810 56.257
862.020 56.552
862.229 56.593
862.439 56.554
862.648 56.676
862.858 56.833
863.067 56.974
863.277 57.014
863.486 57.018
863.696 56.889
863.905 56.865
864.115 56.925
864.324 56.826
864.534 56.878
864.743 56.688
864.953 56.548
865.162 56.435
865.372 56.273
865.581 56.227
865.791 56.492
866.000 56.647
866.210 56.944
866.419 56.966
866.629 57.081
866.838 57.210
867.048 57.245
867.257 57.211
867.467 57.394
867.676 57.671
867.886 57.788
868.095 57.487
868.305 57.301
868.514 57.195
868.724 57.118
868.933 57.146
869.143 57.075
869.352 57.217
869.562 57.427
869.771 57.512
869.981 57.435
870.190 57.308
870.400 57.057
870.609 57.002
870.819 57.136
871.028 57.271
871.238 57.171
871.447 57.056
871.657 57.061
871.866 56.791
872.076 56.763
872.285 56.734
872.495 56.838
872.704 56.910
872.914 56.956
873.123 56.747
873.333 56.616
873.542 56.582
873.752 56.662
873.961 56.677
874.171 56.624
874.380 56.271
874.590 56.273
874.799 56.572
875.009 56.933
875.218 57.283
875.428 57.078
875.637 57.020
875.847 57.368
876.056 57.599
876.266 57.664
876.475 57.917
876.685 58.415
876.894 58.704
877.104 58.590
877.313 58.278
877.523 57.976
877.732 58.108
877.942 58.088
878.151 57.895
878.361 57.604
878.570 57.482
878.780 57.408
878.989 57.233
879.199 57.289
879.408 57.199
879.618 57.184
879.827 57.131
880.037 57.359
880.246 57.716
880.456 57.708
880.665 57.676
880.875 57.770
881.084 58.155
881.294 58.131
881.503 57.700
881.713 57.716
881.922 57.963
882.132 57.962
882.341 57.725
882.551 57.648
882.760 57.994
882.970 58.125
883.179 58.203
883.389 57.876
883.598 57.699
883.808 57.919
884.017 58.226
884.227 58.215
884.436 58.308
884.646 58.711
884.855 58.526
885.065 58.001
885.274 58.122
885.484 58.359
885.693 58.482
885.903 58.316
886.112 58.166
886.322 57.915
886.531 57.894
886.741 58.121
886.950 58.163
887.160 58.359
887.369 58.205
887.579 58.142
887.788 57.829
887.998 57.927
888.207 58.527
888.417 58.833
888.626 58.810
888.836 58.615
889.045 58.192
889.255 57.885
889.464 58.103
889.674 58.593
889.883 58.591
890.093 58.782
890.302 58.535
890.512 58.071
890.721 58.035
890.931 57.873
891.140 58.067
891.350 58.319
891.559 58.412
891.769 58.259
891.978 58.149
892.188 58.173
892.397 57.921
892.607 58.069
892.816 58.305
893.026 57.779
893.235 57.563
893.445 57.701
893.654 57.955
893.864 58.148
894.073 58.094
894.283 58.123
894.492 58.031
894.702 58.034
894.911 58.051
895.121 57.971
895.330 58.113
895.540 58.340
895.749 58.514
895.959 58.433
896.168 58.571
896.378 58.740
896.587 59.107
896.797 59.369
897.006 59.410
897.216 59.464
897.425 59.360
897.635 59.390
897.844 59.683
898.054 59.555
898.263 59.396
898.473 58.995
898.682 58.598
898.892 58.394
899.101 58.426
899.311 58.416
899.520 58.228
899.730 58.362
899.939 58.490
900.149 58.414
900.358 58.313
900.568 58.429
900.777 58.821
900.987 59.148
901.196 58.815
901.406 58.463
901.615 58.462
901.825 58.627
902.034 58.576
902.244 58.758
902.453 58.874
902.663 58.934
902.872 58.873
903.082 58.786
903.291 58.869
903.501 59.069
903.710 59.147
903.920 59.579
904.129 59.633
904.339 59.628
904.548 59.433
904.758 59.078
904.967 59.039
905.177 59.110
905.386 59.268
905.596 59.102
905.805 59.036
906.015 59.356
906.224 59.201
906.434 59.152
906.643 59.262
906.853 59.183
907.062 59.347
907.272 59.106
907.481 58.947
907.691 58.942
907.900 58.740
908.110 58.730
908.319 58.643
908.529 58.270
908.738 57.961
908.948 57.919
909.157 57.837
909.367 57.569
909.576 58.060
909.786 58.303
909.995 57.962
910.205 58.021
910.414 57.766
910.624 57.804
910.833 58.334
911.043 58.638
911.252 58.751
911.462 59.228
911.672 59.548
911.881 59.187
912.091 58.730
912.300 58.770
912.512 58.776
912.724 59.222
912.937 59.493
913.149 59.804
913.361 60.293
913.573 60.357
913.786 60.179
913.998 60.218
914.210 60.269
914.422 60.761
914.634 60.825
914.847 60.809
915.059 60.407
915.271 59.993
915.483 59.265
915.696 58.748
915.908 58.765
916.120 58.910
916.332 59.168
916.544 59.564
916.757 59.618
916.969 59.448
917.181 59.552
917.393 59.766
917.606 59.763
917.818 59.976
918.030 60.036
918.242 60.126
918.454 59.895
918.667 59.838
918.879 59.848
919.091 59.939
919.303 60.099
919.516 59.895
919.728 59.785
919.940 60.096
920.152 60.107
920.364 60.051
920.577 59.777
920.789 59.430
921.001 59.255
921.213 59.572
921.426 59.815
921.638 59.992
921.850 59.797
922.062 59.501
922.274 59.242
922.487 59.634
922.699 59.683
922.911 59.780
923.123 60.357
923.336 60.651
923.548 60.082
923.760 59.605
923.972 59.465
924.184 59.574
924.397 59.756
924.609 59.922
924.821 60.044
925.033 60.102
925.246 60.167
925.458 60.394
925.670 60.368
925.882 60.604
926.094 60.510
926.307 60.278
926.519 60.464
926.731 60.684
926.943 60.699
927.156 60.260
927.368 60.360
927.580 60.621
927.792 60.708
928.004 60.751
928.217 60.606
928.429 61.054
928.641 61.714
928.853 62.379
929.066 63.016
929.278 63.251
929.490 63.548
929.702 63.583
929.914 63.320
930.127 63.376
930.339 63.271
930.551 63.411
930.763 63.300
930.976 62.920
931.188 62.675
931.400 62.262
931.612 62.110
931.824 62.186
932.037 61.907
932.249 61.963
932.461 61.755
932.673 61.680
932.886 61.789
933.098 62.005
933.310 62.919
933.522 63.075
933.734 63.434
933.947 63.462
934.159 62.880
934.371 62.845
934.583 62.487
934.796 62.161
935.008 62.403
935.220 62.577
935.432 61.705
935.644 60.936
935.857 61.068
936.069 60.639
936.281 60.601
936.493 60.358
936.706 61.185
936.918 62.228
937.130 62.568
937.342 62.303
937.554 62.063
937.767 63.288
937.979 63.317
938.191 62.716
938.403 62.681
938.616 62.129
938.828 62.855
939.040 63.282
939.252 63.542
939.464 63.288
939.677 63.193
939.889 63.064
940.101 62.654
940.313 63.212
940.526 63.774
940.738 64.018
940.950 64.708
941.162 64.170
941.374 63.441
941.587 63.421
941.799 63.956
942.011 64.436
942.223 64.546
942.436 63.979
942.648 63.053
942.860 62.705
943.072 62.020
943.284 62.058
943.497 62.736
943.709 62.842
943.921 62.062
944.133 62.235
944.346 62.658
944.558 63.303
944.770 63.737
944.982 64.215
945.194 64.559
945.407 65.258
945.619 64.826
945.831 64.596
946.043 64.707
946.256 65.298
946.468 65.282
946.680 64.470
946.892 63.937
947.104 63.983
947.317 63.776
947.529 63.581
947.741 64.517
947.953 65.287
948.166 64.697
948.378 64.832
948.590 65.446
948.802 65.345
949.014 65.894
949.227 65.791
949.439 65.734
949.651 66.321
949.863 67.763
950.076 67.241
950.288 66.908
950.500 67.851
950.712 66.980
950.924 65.878
951.137 66.920
951.349 67.856
951.561 67.898
951.773 70.087
951.986 72.716
952.198 70.489
952.410 68.994
952.622 67.884
952.834 67.631
953.047 69.013
953.259 68.612
953.471 66.945
953.683 64.987
953.896 66.090
954.108 64.909
954.320 61.136
954.532 61.307
954.744 62.588
954.957 64.431
955.169 64.527
955.381 64.331
955.593 64.787
955.806 64.466
956.018 64.922
956.230 64.086
956.442 62.880
956.654 63.854
956.867 64.196
957.079 63.683
957.291 63.396
957.503 64.457
957.716 64.125
957.928 64.626
958.140 65.381
958.352 66.504
958.564 67.390
958.777 67.129
958.989 66.165
959.201 67.151
959.413 68.223
959.626 67.113
959.838 65.146
960.050 64.289
960.262 63.575
960.474 64.043
960.687 64.848
960.899 64.751
961.111 65.178
961.323 65.834
961.536 64.972
961.748 64.520
961.960 65.731
962.172 65.815
962.384 64.715
962.597 64.734
962.809 65.785
963.021 64.554
963.233 63.099
963.446 62.309
963.658 61.794
963.870 62.846
964.082 63.753
964.294 63.732
964.507 63.825
964.719 65.261
964.931 65.654
965.143 64.074
965.356 64.133
965.568 65.102
965.780 66.572
966.000 66.483
966.221 64.912
966.441 64.181
966.662 64.646
966.882 65.956
967.103 65.751
967.323 64.809
967.543 65.589
967.764 65.880
967.984 65.435
968.205 64.607
968.425 65.544
968.645 65.879
968.866 65.310
969.086 64.995
969.307 64.420
969.527 64.997
969.748 65.994
969.968 66.192
970.188 65.405
970.409 64.490
970.629 65.087
970.850 66.671
971.070 67.086
971.290 67.471
971.511 66.447
971.731 66.936
971.952 67.363
972.172 66.127
972.393 65.260
972.613 66.002
972.833 67.000
973.054 67.614
973.274 65.718
973.495 65.308
973.715 66.308
973.936 67.981
974.156 67.168
974.376 66.504
974.597 67.499
974.817 67.170
975.038 66.441
975.258 66.199
975.478 65.952
975.699 65.806
975.919 66.163
976.140 66.016
976.360 65.836
976.581 66.208
976.801 66.354
977.021 66.202
977.242 64.968
977.462 64.101
977.683 65.752
977.903 65.826
978.123 67.535
978.344 68.132
978.564 67.725
978.785 66.980
979.005 67.824
979.226 68.996
979.446 70.132
979.666 71.765
979.887 72.626
980.107 72.137
980.328 72.675
980.548 72.330
980.769 71.842
980.989 69.617
981.209 69.276
981.430 69.669
981.650 69.005
981.871 68.717
982.091 67.766
982.311 68.238
982.532 66.708
982.752 65.201
982.973 64.497
983.193 65.416
983.414 67.623
983.634 68.237
983.854 66.983
984.075 67.198
984.295 68.135
984.516 68.932
984.736 69.483
984.956 70.625
985.177 71.371
985.397 70.364
985.618 70.379
985.838 71.009
986.059 70.611
986.279 70.710
986.499 70.923
986.720 70.191
986.940 71.959
987.161 70.671
987.381 69.415
987.602 69.314
987.822 71.420
988.042 70.069
988.263 68.075
988.483 68.147
988.704 67.854
988.924 65.876
989.144 65.657
989.365 66.164
989.585 69.607
989.806 70.794
990.026 70.421
990.247 68.998
990.467 69.221
990.687 70.913
990.908 71.753
991.128 73.475
991.349 75.628
991.569 75.593
991.789 73.718
992.010 71.532
992.230 71.312
992.451 70.675
992.671 70.593
992.892 73.871
993.112 75.079
993.332 73.138
993.553 70.728
993.773 71.097
993.994 70.158
994.214 70.421
994.435 70.251
994.655 70.577
994.875 71.464
995.096 73.567
995.316 72.358
995.537 69.823
995.757 69.492
995.977 71.233
996.198 68.354
996.418 67.786
996.639 68.693
996.859 69.308
997.080 69.405
997.300 71.236
997.520 69.527
997.741 65.641
997.961 65.720
998.182 65.559
998.402 62.778
998.622 67.076
998.843 72.580
999.063 71.121
999.284 69.456
999.504 67.537
999.725 65.779
999.945 66.689
1000.165 71.704
1000.386 72.545
1000.606 73.869
1000.827 76.001
1001.047 72.654
1001.268 66.991
1001.488 67.325
1001.708 71.955
1001.929 75.866
1002.149 75.550
1002.370 72.641
1002.590 69.961
1002.810 71.687
1003.031 70.196
1003.251 68.086
1003.472 68.962
1003.692 71.057
1003.913 71.719
1004.133 66.311
1004.353 63.503
1004.574 65.290
1004.794 69.353
1005.015 72.947
1005.235 68.604
1005.455 69.383
1005.676 73.533
1005.896 73.186
1006.117 70.649
1006.337 70.129
1006.558 75.096
1006.778 76.678
1006.998 73.367
1007.219 69.409
1007.439 64.321
1007.660 66.824
1007.880 69.788
1008.101 66.860
1008.321 63.484
1008.541 64.280
1008.762 65.863
1008.982 64.662
1009.203 64.736
1009.423 65.337
1009.643 65.686
1009.864 67.751
1010.084 65.435
1010.305 64.251
1010.525 67.933
1010.746 68.299
1010.966 64.509
1011.186 59.599
1011.407 56.026
1011.627 54.793
1011.848 54.766
1012.068 55.093
1012.288 52.947
1012.509 54.178
1012.729 51.027
1012.950 43.188
