290.982 87.240
291.167 88.015
291.352 88.956
291.537 89.400
291.722 89.616
291.907 94.015
292.091 94.465
292.276 91.880
292.461 90.627
292.646 89.537
292.831 91.314
293.016 89.371
293.201 85.815
293.386 84.255
293.571 85.304
293.756 85.929
293.940 86.130
294.125 85.026
294.310 86.611
294.495 87.701
294.680 86.387
294.865 83.799
295.050 84.793
295.235 86.705
295.420 86.453
295.605 84.631
295.789 85.444
295.974 85.493
296.159 84.521
296.344 84.109
296.529 83.535
296.714 85.098
296.899 86.190
297.084 87.289
297.269 87.605
297.454 88.404
297.638 88.809
297.823 87.485
298.008 87.139
298.193 87.731
298.378 87.897
298.563 87.326
298.748 88.711
298.933 88.598
299.118 87.056
299.303 87.065
299.487 86.147
299.672 84.388
299.857 82.431
300.042 83.465
300.227 82.766
300.412 80.777
300.597 80.318
300.782 78.146
300.967 79.161
301.152 79.862
301.336 79.728
301.521 80.578
301.706 83.482
301.891 84.740
302.076 83.943
302.261 84.245
302.446 85.591
302.631 84.969
302.816 87.102
303.001 86.394
303.185 83.795
303.370 82.468
303.555 81.146
303.740 78.757
303.925 78.201
304.110 77.929
304.295 78.264
304.480 77.914
304.665 77.880
304.850 75.995
305.034 74.934
305.219 76.402
305.404 76.834
305.589 77.775
305.774 78.114
305.959 78.429
306.144 77.510
306.329 75.253
306.514 73.713
306.699 73.297
306.883 72.401
307.068 72.543
307.253 73.032
307.438 74.697
307.623 74.450
307.808 72.959
307.993 71.918
308.178 71.996
308.363 73.132
308.548 75.869
308.732 78.230
308.917 78.197
309.102 76.832
309.287 75.651
309.472 74.704
309.657 75.303
309.842 75.107
310.027 73.737
310.212 73.233
310.397 73.321
310.581 71.819
310.766 70.365
310.951 70.529
311.136 71.196
311.321 71.336
311.506 70.602
311.691 69.939
311.876 70.485
312.061 71.012
312.245 72.767
312.430 73.624
312.615 73.709
312.800 73.104
312.985 71.281
313.170 70.571
313.347 71.562
313.523 71.296
313.700 70.795
313.877 70.845
314.054 72.125
314.230 71.277
314.407 69.326
314.584 68.483
314.761 68.101
314.937 67.980
315.114 68.087
315.291 67.390
315.467 67.201
315.644 65.894
315.821 65.324
315.998 64.216
316.174 63.258
316.351 64.123
316.528 63.987
316.704 63.297
316.881 63.456
317.058 64.196
317.235 65.222
317.411 66.058
317.588 66.919
317.765 66.259
317.942 65.864
318.118 66.246
318.295 65.599
318.472 64.747
318.648 65.279
318.825 65.402
319.002 63.423
319.179 62.007
319.355 61.597
319.532 61.438
319.709 61.412
319.885 62.081
320.062 62.032
320.239 61.719
320.416 62.223
320.592 61.885
320.769 61.901
320.946 63.080
321.123 63.392
321.299 62.813
321.476 61.783
321.653 62.757
321.829 62.219
322.006 61.122
322.183 61.296
322.360 60.485
322.536 60.242
322.713 60.998
322.890 60.587
323.066 59.290
323.243 59.235
323.420 61.863
323.597 61.577
323.773 60.393
323.950 61.174
324.127 62.059
324.304 62.865
324.480 61.983
324.657 60.659
324.834 60.478
325.010 60.949
325.187 60.786
325.364 59.083
325.541 58.308
325.717 58.827
325.894 58.120
326.071 56.488
326.248 55.771
326.424 57.107
326.601 57.130
326.778 55.871
326.954 55.177
327.131 54.657
327.308 53.768
327.485 54.234
327.661 54.797
327.838 54.928
328.015 54.956
328.191 54.449
328.368 53.217
328.545 52.023
328.722 52.642
328.898 54.002
329.075 54.413
329.252 53.659
329.429 52.487
329.605 52.352
329.782 51.726
329.959 51.129
330.135 50.683
330.312 51.349
330.489 52.585
330.666 52.509
330.842 51.036
331.019 50.493
331.196 51.071
331.372 51.147
331.549 49.933
331.726 49.364
331.903 50.055
332.079 51.230
332.256 50.329
332.433 49.122
332.610 48.539
332.786 49.145
332.963 49.345
333.140 48.945
333.316 50.599
333.493 50.951
333.670 50.816
333.847 51.715
334.023 51.358
334.200 50.490
334.377 50.062
334.553 50.396
334.730 49.518
334.907 48.385
335.084 48.809
335.260 47.845
335.437 47.903
335.614 48.896
335.791 47.559
335.967 47.063
336.144 48.059
336.321 48.584
336.497 48.259
336.674 48.116
336.851 49.039
337.028 48.355
337.204 47.368
337.381 47.727
337.558 47.726
337.734 47.126
337.911 46.313
338.088 46.130
338.265 47.869
338.441 48.621
338.618 47.566
338.795 46.648
338.972 47.342
339.148 48.240
339.325 47.958
339.502 46.709
339.678 46.839
339.855 47.514
340.032 47.068
340.209 45.276
340.385 44.291
340.562 44.485
340.739 44.337
340.916 43.475
341.092 43.222
341.269 43.062
341.446 43.169
341.622 42.867
341.799 42.800
341.976 43.041
342.153 43.639
342.329 44.225
342.506 45.129
342.683 44.958
342.859 44.378
343.036 43.579
343.213 42.848
343.390 42.392
343.566 42.336
343.743 41.973
343.920 41.402
344.097 40.448
344.273 39.868
344.450 39.083
344.627 39.496
344.803 40.903
344.980 41.223
345.157 40.992
345.334 40.889
345.510 40.667
345.687 40.089
345.864 40.684
346.040 41.098
346.217 40.843
346.394 40.799
346.571 40.202
346.747 38.302
346.924 37.767
347.101 38.713
347.278 39.144
347.454 39.694
347.631 39.523
347.808 38.134
347.984 37.968
348.161 38.744
348.338 39.092
348.515 38.956
348.691 39.573
348.868 39.570
349.045 38.117
349.221 37.615
349.398 36.852
349.575 37.121
349.752 37.818
349.928 37.354
350.105 36.400
350.282 35.573
350.459 36.056
350.635 36.074
350.812 35.554
350.989 36.510
351.165 37.351
351.342 37.519
351.519 37.155
351.696 37.035
351.872 37.143
352.049 37.256
352.226 38.004
352.402 37.904
352.579 38.012
352.756 38.658
352.933 38.103
353.109 36.868
353.286 36.264
353.463 36.383
353.640 36.312
353.816 35.649
353.993 35.136
354.170 34.563
354.346 34.597
354.523 34.638
354.700 34.298
354.877 34.347
355.053 34.261
355.230 34.588
355.407 34.857
355.584 35.069
355.760 35.494
355.937 35.806
356.114 36.161
356.290 35.775
356.467 35.366
356.644 35.018
356.821 34.416
356.997 34.619
357.174 34.671
357.351 34.402
357.527 34.156
357.704 33.992
357.881 34.380
358.058 34.754
358.234 34.872
358.411 34.901
358.588 34.766
358.765 34.726
358.941 34.732
359.118 34.797
359.295 34.786
359.471 34.270
359.648 34.253
359.825 33.906
360.002 33.108
360.178 33.052
360.355 33.118
360.532 33.326
360.708 33.373
360.885 33.193
361.062 32.123
361.239 31.607
361.415 31.753
361.592 31.284
361.769 30.963
361.946 31.350
362.122 31.260
362.299 30.237
362.476 29.847
362.652 29.869
362.829 30.228
363.006 30.710
363.183 31.273
363.359 31.257
363.536 31.148
363.713 30.934
363.889 30.581
364.066 29.979
364.243 29.947
364.420 29.648
364.596 29.363
364.773 28.837
364.950 29.107
365.127 28.926
365.303 28.852
365.480 29.390
365.661 29.689
365.841 29.527
366.022 29.619
366.202 30.050
366.383 30.076
366.563 30.198
366.744 30.379
366.924 30.206
367.105 30.060
367.286 29.641
367.466 28.853
367.647 28.686
367.827 28.514
368.008 28.571
368.188 28.307
368.369 28.388
368.549 28.436
368.730 27.760
368.911 27.413
369.091 27.443
369.272 27.485
369.452 27.764
369.633 27.275
369.813 27.061
369.994 27.329
370.174 27.444
370.355 27.153
370.535 26.844
370.716 27.301
370.897 27.273
371.077 26.786
371.258 26.968
371.438 27.582
371.619 28.087
371.799 28.041
371.980 27.127
372.160 26.834
372.341 27.136
372.522 27.372
372.702 27.359
372.883 27.354
373.063 27.302
373.244 27.310
373.424 26.795
373.605 26.563
373.785 26.641
373.966 26.888
374.147 27.071
374.327 27.196
374.508 27.084
374.688 26.831
374.869 26.889
375.049 27.314
375.230 27.687
375.410 27.674
375.591 27.320
375.772 27.190
375.952 27.481
376.133 27.377
376.313 26.990
376.494 26.475
376.674 26.407
376.855 26.313
377.035 25.650
377.216 25.180
377.397 25.272
377.577 25.542
377.758 25.560
377.938 25.544
378.119 25.642
378.299 25.575
378.480 25.818
378.660 25.971
378.841 26.011
379.021 25.905
379.202 25.334
379.383 24.825
379.563 24.455
379.744 24.127
379.924 23.655
380.105 23.647
380.285 23.681
380.466 23.274
380.646 22.710
380.827 22.308
381.008 22.556
381.188 22.981
381.369 23.342
381.549 23.219
381.730 23.122
381.910 23.274
382.091 23.015
382.271 23.006
382.452 23.193
382.633 23.395
382.813 23.792
382.994 23.930
383.174 23.548
383.355 23.114
383.535 23.339
383.716 23.578
383.896 23.356
384.077 23.241
384.258 23.246
384.438 23.372
384.619 23.300
384.799 22.898
384.980 22.637
385.160 22.517
385.341 22.295
385.521 21.933
385.702 21.664
385.882 21.772
386.063 21.742
386.244 21.572
386.424 21.384
386.605 21.156
386.785 21.080
386.966 20.961
387.146 20.947
387.327 21.030
387.507 21.193
387.688 21.355
387.869 21.326
388.049 21.537
388.230 21.504
388.410 21.486
388.591 21.547
388.771 21.524
388.952 21.594
389.132 21.428
389.313 21.307
389.494 21.093
389.674 20.829
389.855 20.609
390.035 20.355
390.216 20.307
390.396 20.401
390.577 20.341
390.757 20.142
390.938 20.038
391.119 20.142
391.299 20.172
391.480 20.355
391.660 20.517
391.841 20.533
392.021 20.347
392.202 20.149
392.382 19.900
392.563 19.932
392.743 20.068
392.924 19.999
393.105 20.021
393.285 19.987
393.466 19.733
393.646 19.577
393.827 19.563
394.007 19.324
394.188 19.347
394.368 19.353
394.549 19.127
394.730 18.958
394.910 18.983
395.091 18.983
395.271 19.226
395.452 19.497
395.632 19.333
395.813 19.177
395.993 19.412
396.174 19.545
396.355 19.458
396.535 19.641
396.716 19.946
396.896 20.056
397.077 19.901
397.257 19.519
397.438 19.134
397.618 19.192
397.799 19.263
397.980 19.311
398.160 19.185
398.341 19.147
398.521 19.048
398.702 18.730
398.882 18.456
399.063 18.544
399.243 18.733
399.424 18.866
399.605 18.968
399.785 18.893
399.966 18.780
400.146 18.701
400.327 18.676
400.507 18.816
400.688 18.868
400.868 18.874
401.049 18.835
401.229 18.569
401.410 18.481
401.591 18.552
401.771 18.762
401.952 18.835
402.132 18.838
402.313 18.894
402.493 18.841
402.674 18.977
402.854 19.105
403.035 19.256
403.216 19.148
403.396 19.275
403.577 19.228
403.757 18.904
403.938 18.671
404.118 18.555
404.299 18.360
404.479 18.141
404.660 17.958
404.841 17.872
405.023 17.715
405.204 17.781
405.385 17.679
405.566 17.574
405.748 17.509
405.929 17.516
406.110 17.774
406.292 18.076
406.473 18.385
406.654 18.487
406.835 18.304
407.017 18.036
407.198 18.063
407.379 18.076
407.560 17.998
407.742 18.002
407.923 17.922
408.104 17.579
408.286 17.360
408.467 17.181
408.648 17.261
408.829 17.645
409.011 17.858
409.192 17.777
409.373 17.642
409.555 17.719
409.736 17.896
409.917 18.126
410.098 18.386
410.280 18.476
410.461 18.464
410.642 18.262
410.823 17.853
411.005 17.810
411.186 18.130
411.367 18.370
411.549 18.432
411.730 18.437
411.911 18.351
412.092 18.241
412.274 18.251
412.455 18.257
412.636 18.281
412.818 18.437
412.999 18.396
413.180 18.267
413.361 18.184
413.543 18.103
413.724 18.129
413.905 18.184
414.087 18.248
414.268 18.140
414.449 18.104
414.630 18.105
414.812 18.145
414.993 18.312
415.174 18.196
415.355 18.100
415.537 18.073
415.718 18.116
415.899 18.179
416.081 18.108
416.262 18.059
416.443 18.038
416.624 18.051
416.806 17.950
416.987 17.807
417.168 17.785
417.350 17.769
417.531 17.812
417.712 17.725
417.893 17.658
418.075 17.825
418.256 17.861
418.437 17.759
418.618 17.695
418.800 17.761
418.981 17.882
419.162 17.997
419.344 18.150
419.525 18.288
419.706 18.337
419.887 18.333
420.069 18.254
420.250 18.391
420.431 18.517
420.613 18.629
420.794 18.636
420.975 18.551
421.156 18.564
421.338 18.507
421.519 18.368
421.700 18.328
421.882 18.309
422.063 18.259
422.244 18.186
422.425 18.242
422.607 18.239
422.788 18.314
422.969 18.473
423.150 18.676
423.332 18.975
423.513 19.144
423.694 19.095
423.876 19.155
424.057 19.235
424.238 19.275
424.419 19.436
424.601 19.830
424.782 19.893
424.963 19.854
425.145 19.665
425.326 19.448
425.507 19.339
425.688 19.533
425.870 19.529
426.051 19.508
426.232 19.568
426.413 19.462
426.595 19.105
426.776 18.937
426.957 18.974
427.139 19.174
427.320 19.135
427.501 19.104
427.682 18.913
427.864 18.939
428.045 18.960
428.226 18.968
428.408 19.085
428.589 19.180
428.770 19.307
428.951 19.263
429.133 19.170
429.314 19.246
429.495 19.350
429.677 19.485
429.858 19.552
430.039 19.571
430.220 19.611
430.402 19.599
430.583 19.707
430.764 19.707
430.945 19.727
431.127 19.650
431.308 19.658
431.489 19.722
431.671 19.763
431.852 19.742
432.033 19.798
432.214 19.869
432.396 19.875
432.577 19.706
432.758 19.774
432.940 19.944
433.121 20.059
433.302 20.063
433.483 20.163
433.665 20.305
433.846 20.511
434.027 20.598
434.208 20.568
434.390 20.677
434.571 20.862
434.752 20.908
434.934 20.901
435.115 21.009
435.296 21.075
435.477 21.048
435.659 21.057
435.840 21.031
436.030 21.146
436.220 21.194
436.410 21.117
436.600 21.070
436.790 21.164
436.980 21.278
437.170 21.252
437.360 21.298
437.550 21.376
437.741 21.394
437.931 21.417
438.121 21.467
438.311 21.582
438.501 21.697
438.691 21.837
438.881 21.835
439.071 21.768
439.261 21.814
439.451 21.816
439.641 21.754
439.831 21.733
440.021 21.737
440.211 21.686
440.401 21.744
440.591 21.808
440.781 21.875
440.971 21.953
441.161 21.894
441.351 21.797
441.542 21.817
441.732 21.880
441.922 21.906
442.112 21.954
442.302 22.014
442.492 21.962
442.682 21.869
442.872 21.757
443.062 21.721
443.252 21.844
443.442 22.024
443.632 22.063
443.822 22.069
444.012 22.019
444.202 21.992
444.392 21.985
444.582 21.974
444.772 22.006
444.962 22.058
445.153 22.095
445.343 22.055
445.533 21.965
445.723 21.977
445.913 21.986
446.103 22.077
446.293 22.098
446.483 22.068
446.673 22.041
446.863 22.057
447.053 22.041
447.243 22.048
447.433 22.058
447.623 22.077
447.813 22.079
448.003 22.098
448.193 22.099
448.383 22.134
448.573 22.158
448.764 22.126
448.954 22.138
449.144 22.112
449.334 22.038
449.524 21.989
449.714 21.961
449.904 21.927
450.094 21.937
450.284 21.918
450.474 21.839
450.664 21.800
450.854 21.829
451.044 21.810
451.234 21.806
451.424 21.771
451.614 21.831
451.804 21.915
451.994 21.913
452.184 21.829
452.375 21.852
452.565 21.898
452.755 21.872
452.945 21.870
453.135 21.853
453.325 21.851
453.515 21.909
453.705 21.865
453.895 21.772
454.085 21.738
454.275 21.832
454.465 21.837
454.655 21.748
454.845 21.710
455.035 21.758
455.225 21.704
455.415 21.630
455.605 21.616
455.795 21.636
455.985 21.591
456.176 21.538
456.366 21.469
456.556 21.365
456.746 21.347
456.936 21.325
457.126 21.231
457.316 21.205
457.506 21.176
457.696 21.046
457.886 20.922
458.076 20.866
458.266 20.839
458.456 20.744
458.646 20.675
458.836 20.627
459.026 20.625
459.216 20.636
459.406 20.543
459.596 20.460
459.787 20.424
459.977 20.401
460.167 20.351
460.357 20.239
460.547 20.152
460.737 20.100
460.927 20.026
461.117 19.853
461.307 19.751
461.497 19.766
461.687 19.755
461.877 19.746
462.067 19.743
462.257 19.781
462.447 19.746
462.637 19.626
462.827 19.517
463.017 19.478
463.207 19.550
463.397 19.493
463.588 19.418
463.778 19.381
463.968 19.261
464.158 19.121
464.348 18.945
464.538 18.878
464.728 18.853
464.918 18.806
465.108 18.721
465.298 18.578
465.488 18.445
465.678 18.317
465.868 18.246
466.058 18.216
466.248 18.117
466.438 18.092
466.628 18.126
466.818 18.109
467.008 18.045
467.199 17.981
467.389 17.852
467.579 17.738
467.769 17.673
467.959 17.530
468.149 17.327
468.339 17.248
468.529 17.195
468.719 17.163
468.909 17.078
469.099 16.967
469.289 16.834
469.479 16.755
469.669 16.694
469.859 16.603
470.049 16.513
470.239 16.527
470.429 16.523
470.619 16.372
470.810 16.118
471.000 15.991
471.190 16.008
471.380 15.987
471.570 15.952
471.760 15.908
471.950 15.854
472.140 15.793
472.330 15.727
472.520 15.576
472.710 15.488
472.900 15.458
473.090 15.396
473.280 15.246
473.470 15.172
473.660 15.131
473.850 15.050
474.040 14.964
474.230 14.889
474.421 14.768
474.611 14.687
474.801 14.649
474.991 14.654
475.181 14.574
475.371 14.501
475.561 14.421
475.751 14.248
475.941 14.116
476.131 14.040
476.321 13.965
476.511 13.883
476.701 13.825
476.891 13.680
477.081 13.508
477.271 13.385
477.461 13.278
477.651 13.199
477.841 13.186
478.031 13.148
478.222 13.055
478.412 12.999
478.602 12.954
478.792 12.897
478.982 12.859
479.172 12.726
479.362 12.653
479.552 12.620
479.742 12.485
479.932 12.400
480.122 12.330
480.312 12.262
480.502 12.188
480.692 12.108
480.882 11.938
481.072 11.830
481.262 11.827
481.452 11.766
481.642 11.684
481.833 11.689
482.023 11.631
482.213 11.577
482.403 11.529
482.593 11.465
482.783 11.442
482.973 11.474
483.163 11.461
483.353 11.360
483.543 11.324
483.733 11.263
483.923 11.161
484.113 11.105
484.303 11.047
484.493 10.964
484.683 10.923
484.873 10.861
485.063 10.785
485.253 10.706
485.443 10.700
485.634 10.637
485.824 10.581
486.014 10.537
486.204 10.469
486.394 10.422
486.584 10.360
486.774 10.264
486.964 10.170
487.154 10.080
487.344 10.030
487.534 9.958
487.724 9.876
487.914 9.800
488.104 9.734
488.294 9.685
488.484 9.625
488.674 9.563
488.864 9.494
489.054 9.426
489.245 9.373
489.435 9.350
489.625 9.357
489.815 9.401
490.005 9.478
490.195 9.457
490.385 9.422
490.575 9.412
490.765 9.432
490.955 9.461
491.145 9.460
491.335 9.445
491.525 9.366
491.715 9.267
491.905 9.173
492.095 9.052
492.285 8.968
492.475 8.906
492.665 8.822
492.856 8.779
493.046 8.719
493.236 8.660
493.426 8.633
493.616 8.587
493.806 8.560
493.996 8.515
494.186 8.455
494.376 8.478
494.566 8.447
494.756 8.402
494.946 8.351
495.136 8.311
495.326 8.286
495.516 8.295
495.706 8.316
495.896 8.289
496.086 8.256
496.276 8.219
496.467 8.154
496.657 8.202
496.847 8.188
497.037 8.122
497.227 8.091
497.417 8.068
497.607 7.999
497.797 7.966
497.987 7.936
498.177 7.860
498.367 7.840
498.557 7.841
498.747 7.762
498.937 7.734
499.127 7.704
499.317 7.637
499.507 7.562
499.697 7.502
499.887 7.476
500.077 7.456
500.268 7.489
500.458 7.459
500.648 7.368
500.838 7.296
501.028 7.281
501.218 7.291
501.408 7.271
501.598 7.261
501.788 7.259
501.978 7.256
502.168 7.192
502.358 7.132
502.548 7.101
502.738 7.116
502.928 7.114
503.118 7.070
503.308 7.048
503.498 7.045
503.688 7.019
503.879 6.996
504.069 6.957
504.259 6.983
504.449 6.989
504.639 6.986
504.829 6.966
505.019 6.932
505.209 6.890
505.399 6.831
505.589 6.807
505.779 6.800
505.969 6.743
506.159 6.695
506.349 6.672
506.539 6.656
506.729 6.639
506.919 6.639
507.109 6.621
507.299 6.592
507.490 6.592
507.680 6.572
507.870 6.549
508.060 6.561
508.250 6.560
508.440 6.558
508.630 6.550
508.820 6.510
509.010 6.453
509.200 6.434
509.390 6.457
509.580 6.427
509.770 6.417
509.960 6.409
510.150 6.375
510.340 6.356
510.530 6.325
510.720 6.305
510.910 6.336
511.100 6.384
511.291 6.397
511.481 6.396
511.671 6.425
511.861 6.487
512.051 6.621
512.241 6.663
512.431 6.673
512.621 6.672
512.811 6.636
513.001 6.615
513.191 6.556
513.381 6.530
513.571 6.520
513.761 6.499
513.951 6.412
514.141 6.246
514.331 6.219
514.521 6.150
514.711 6.114
514.902 6.150
515.092 6.151
515.282 6.177
515.472 6.171
515.662 6.119
515.852 6.091
516.042 6.066
516.232 6.069
516.422 6.077
516.612 6.116
516.802 6.118
516.992 6.075
517.182 6.044
517.372 6.002
517.562 6.037
517.752 6.090
517.942 6.090
518.132 6.106
518.322 6.126
518.513 6.111
518.703 6.105
518.893 6.130
519.083 6.195
519.273 6.254
519.463 6.271
519.653 6.259
519.843 6.268
520.033 6.291
520.223 6.294
520.413 6.276
520.603 6.258
520.793 6.241
520.983 6.223
521.173 6.179
521.363 6.130
521.553 6.144
521.743 6.126
521.933 6.092
522.123 6.117
522.314 6.171
522.504 6.156
522.694 6.129
522.884 6.120
523.074 6.091
523.264 6.091
523.454 6.113
523.644 6.112
523.834 6.119
524.024 6.144
524.214 6.112
524.404 6.063
524.594 6.085
524.784 6.153
524.974 6.176
525.164 6.173
525.354 6.149
525.544 6.125
525.734 6.112
525.925 6.093
526.115 6.077
526.305 6.113
526.495 6.157
526.685 6.170
526.875 6.143
527.065 6.138
527.255 6.153
527.445 6.161
527.635 6.164
527.825 6.178
528.015 6.222
528.205 6.210
528.395 6.169
528.585 6.142
528.775 6.134
528.965 6.166
529.155 6.178
529.345 6.201
529.535 6.233
529.726 6.253
529.916 6.258
530.106 6.267
530.296 6.321
530.486 6.370
530.676 6.381
530.866 6.397
531.056 6.399
531.246 6.408
531.436 6.410
531.626 6.432
531.816 6.419
532.006 6.432
532.196 6.436
532.386 6.413
532.576 6.359
532.766 6.355
532.956 6.340
533.146 6.343
533.337 6.337
533.527 6.335
533.717 6.291
533.907 6.307
534.097 6.315
534.287 6.302
534.477 6.293
534.667 6.328
534.857 6.345
535.047 6.378
535.237 6.389
535.427 6.414
535.617 6.438
535.807 6.493
535.997 6.505
536.187 6.473
536.377 6.488
536.567 6.507
536.757 6.501
536.948 6.507
537.138 6.509
537.328 6.518
537.518 6.542
537.708 6.559
537.898 6.564
538.088 6.588
538.278 6.637
538.468 6.647
538.658 6.673
538.848 6.723
539.038 6.748
539.228 6.778
539.418 6.809
539.608 6.828
539.798 6.848
539.988 6.851
540.178 6.843
540.368 6.872
540.558 6.906
540.749 6.917
540.939 6.912
541.129 6.938
541.319 6.970
541.509 7.119
541.699 7.394
541.889 7.429
542.079 7.481
542.269 7.542
542.459 7.580
542.649 7.581
542.839 7.599
543.029 7.636
543.219 7.658
543.409 7.656
543.599 7.523
543.789 7.313
543.979 7.324
544.169 7.345
544.360 7.362
544.550 7.361
544.740 7.357
544.930 7.368
545.120 7.381
545.310 7.363
545.500 7.388
545.690 7.418
545.880 7.406
546.070 7.423
546.267 7.417
546.463 7.425
546.660 7.453
546.857 7.516
547.054 7.551
547.251 7.548
547.447 7.570
547.644 7.575
547.841 7.580
548.038 7.567
548.234 7.571
548.431 7.608
548.628 7.644
548.825 7.666
549.021 7.686
549.218 7.705
549.415 7.731
549.612 7.761
549.808 7.823
550.005 7.898
550.202 7.954
550.399 7.997
550.595 8.038
550.792 8.071
550.989 8.094
551.186 8.144
551.382 8.204
551.579 8.256
551.776 8.320
551.973 8.330
552.169 8.324
552.366 8.339
552.563 8.374
552.760 8.399
552.956 8.434
553.153 8.480
553.350 8.512
553.547 8.570
553.743 8.621
553.940 8.629
554.137 8.665
554.334 8.700
554.530 8.742
554.727 8.771
554.924 8.815
555.121 8.824
555.317 8.812
555.514 8.820
555.711 8.815
555.908 8.821
556.104 8.847
556.301 8.867
556.498 8.894
556.695 8.926
556.891 8.925
557.088 8.910
557.285 8.929
557.482 8.979
557.678 8.999
557.875 9.013
558.072 9.069
558.269 9.122
558.465 9.147
558.662 9.131
558.859 9.115
559.056 9.138
559.252 9.175
559.449 9.223
559.646 9.279
559.843 9.309
560.039 9.319
560.236 9.293
560.433 9.259
560.630 9.258
560.826 9.313
561.023 9.369
561.220 9.430
561.417 9.466
561.613 9.486
561.810 9.472
562.007 9.487
562.204 9.519
562.400 9.573
562.597 9.639
562.794 9.683
562.991 9.715
563.187 9.737
563.384 9.739
563.581 9.755
563.778 9.783
563.974 9.824
564.171 9.847
564.368 9.851
564.565 9.857
564.761 9.896
564.958 9.959
565.155 10.004
565.352 10.015
565.548 10.047
565.745 10.109
565.942 10.117
566.139 10.095
566.335 10.124
566.532 10.186
566.729 10.232
566.926 10.246
567.122 10.247
567.319 10.257
567.516 10.325
567.713 10.376
567.909 10.371
568.106 10.397
568.303 10.452
568.500 10.471
568.696 10.504
568.893 10.542
569.090 10.574
569.287 10.600
569.483 10.645
569.680 10.665
569.877 10.661
570.074 10.678
570.270 10.706
570.467 10.749
570.664 10.809
570.861 10.845
571.057 10.856
571.254 10.856
571.451 10.882
571.648 10.903
571.844 10.941
572.041 11.030
572.238 11.090
572.435 11.123
572.631 11.164
572.828 11.222
573.025 11.246
573.222 11.289
573.418 11.345
573.615 11.361
573.812 11.401
574.009 11.430
574.205 11.427
574.402 11.451
574.599 11.499
574.796 11.517
574.992 11.526
575.189 11.601
575.386 11.638
575.583 11.683
575.779 11.768
575.976 11.802
576.173 11.853
576.370 11.937
576.567 11.990
576.763 12.063
576.960 12.145
577.158 12.163
577.356 12.172
577.554 12.202
577.752 12.247
577.950 12.297
578.148 12.351
578.346 12.393
578.544 12.425
578.742 12.481
578.940 12.505
579.138 12.543
579.336 12.655
579.534 12.723
579.732 12.809
579.930 12.883
580.128 12.958
580.326 13.031
580.524 13.085
580.722 13.117
580.920 13.123
581.118 13.197
581.316 13.280
581.514 13.292
581.712 13.342
581.909 13.402
582.107 13.487
582.305 13.538
582.503 13.583
582.701 13.628
582.899 13.698
583.097 13.785
583.295 13.850
583.493 13.904
583.691 13.980
583.889 14.027
584.087 14.062
584.285 14.102
584.483 14.142
584.681 14.193
584.879 14.259
585.077 14.299
585.275 14.363
585.473 14.415
585.671 14.486
585.869 14.586
586.067 14.667
586.265 14.736
586.463 14.771
586.661 14.821
586.859 14.874
587.057 14.934
587.255 15.027
587.453 15.100
587.651 15.166
587.849 15.203
588.047 15.244
588.245 15.309
588.443 15.401
588.641 15.490
588.839 15.566
589.037 15.615
589.235 15.678
589.433 15.743
589.631 15.812
589.829 15.864
590.027 15.917
590.225 15.971
590.423 16.046
590.621 16.083
590.819 16.118
591.017 16.154
591.215 16.199
591.413 16.245
591.611 16.276
591.809 16.322
592.006 16.395
592.204 16.439
592.402 16.468
592.600 16.494
592.798 16.547
592.996 16.614
593.194 16.721
593.392 16.852
593.590 16.947
593.788 17.033
593.986 17.127
594.184 17.193
594.382 17.288
594.580 17.404
594.778 17.478
594.976 17.537
595.174 17.564
595.372 17.575
595.570 17.576
595.768 17.603
595.966 17.639
596.164 17.679
596.362 17.734
596.560 17.799
596.758 17.819
596.956 17.851
597.154 17.911
597.352 17.976
597.550 18.031
597.748 18.143
597.946 18.253
598.144 18.343
598.342 18.371
598.540 18.350
598.738 18.347
598.936 18.391
599.134 18.438
599.332 18.473
599.530 18.568
599.728 18.625
599.926 18.620
600.124 18.621
600.322 18.676
600.520 18.766
600.718 18.849
600.916 18.895
601.114 18.970
601.312 19.046
601.510 19.066
601.708 19.092
601.905 19.207
602.103 19.305
602.301 19.397
602.499 19.406
602.697 19.413
602.895 19.455
603.093 19.500
603.291 19.525
603.489 19.580
603.687 19.668
603.885 19.743
604.083 19.763
604.281 19.777
604.479 19.790
604.677 19.833
604.875 19.908
605.073 19.982
605.271 20.050
605.469 20.084
605.667 20.127
605.865 20.178
606.063 20.225
606.261 20.314
606.459 20.365
606.657 20.411
606.855 20.464
607.053 20.480
607.251 20.516
607.449 20.569
607.647 20.621
607.845 20.646
608.043 20.663
608.241 20.651
608.439 20.600
608.637 20.638
608.835 20.688
609.033 20.727
609.231 20.781
609.429 20.815
609.627 20.845
609.825 20.916
610.023 20.978
610.221 21.038
610.419 21.098
610.617 21.146
610.815 21.181
611.013 21.227
611.211 21.283
611.409 21.311
611.607 21.366
611.804 21.411
612.002 21.426
612.200 21.459
612.398 21.531
612.596 21.578
612.794 21.580
612.992 21.608
613.190 21.628
613.388 21.652
613.586 21.709
613.784 21.747
613.982 21.817
614.180 21.874
614.378 21.929
614.576 21.949
614.774 22.003
614.972 22.074
615.170 22.128
615.368 22.177
615.566 22.207
615.764 22.214
615.962 22.199
616.160 22.180
616.358 22.187
616.556 22.211
616.754 22.233
616.952 22.235
617.150 22.282
617.348 22.285
617.546 22.282
617.744 22.331
617.942 22.403
618.140 22.473
618.338 22.529
618.536 22.607
618.734 22.618
618.932 22.662
619.130 22.719
619.328 22.729
619.526 22.763
619.724 22.804
619.922 22.839
620.120 22.872
620.318 22.926
620.516 22.999
620.714 23.014
620.912 23.080
621.110 23.128
621.308 23.160
621.506 23.206
621.704 23.300
621.901 23.413
622.099 23.422
622.297 23.431
622.495 23.470
622.693 23.474
622.891 23.494
623.089 23.507
623.287 23.527
623.485 23.560
623.683 23.589
623.881 23.572
624.079 23.559
624.277 23.615
624.475 23.679
624.673 23.715
624.871 23.776
625.069 23.819
625.267 23.858
625.465 23.867
625.663 23.897
625.861 23.945
626.059 24.009
626.257 24.070
626.455 24.131
626.653 24.188
626.851 24.211
627.049 24.212
627.247 24.241
627.445 24.296
627.643 24.358
627.841 24.426
628.039 24.471
628.237 24.481
628.435 24.475
628.633 24.450
628.831 24.425
629.029 24.464
629.227 24.516
629.425 24.592
629.623 24.630
629.821 24.655
630.019 24.668
630.217 24.724
630.415 24.807
630.613 24.865
630.811 24.930
631.009 24.966
631.207 24.979
631.405 25.000
631.603 24.980
631.801 25.042
631.998 25.107
632.196 25.132
632.394 25.161
632.592 25.177
632.790 25.200
632.988 25.272
633.186 25.378
633.384 25.447
633.582 25.508
633.780 25.561
633.978 25.547
634.176 25.549
634.374 25.561
634.572 25.533
634.770 25.551
634.968 25.625
635.166 25.681
635.364 25.680
635.562 25.719
635.760 25.750
635.958 25.818
636.156 25.891
636.354 25.953
636.552 26.012
636.750 26.105
636.948 26.187
637.146 26.248
637.344 26.296
637.542 26.314
637.740 26.311
637.938 26.307
638.136 26.536
638.334 26.961
638.532 26.982
638.730 27.040
638.928 27.081
639.126 27.081
639.324 27.083
639.522 27.100
639.720 27.179
639.918 27.251
640.116 27.315
640.314 27.148
640.512 26.756
640.710 26.815
640.908 26.893
641.106 26.950
641.304 27.013
641.502 27.062
641.699 27.078
641.897 27.112
642.095 27.191
642.293 27.270
642.491 27.312
642.689 27.371
642.887 27.404
643.085 27.410
643.283 27.455
643.481 27.476
643.679 27.509
643.877 27.584
644.075 27.645
644.273 27.675
644.471 27.702
644.669 27.737
644.867 27.783
645.065 27.829
645.263 27.852
645.461 27.865
645.659 27.952
645.857 28.002
646.055 28.023
646.253 28.054
646.451 28.067
646.649 28.069
646.847 28.095
647.045 28.164
647.243 28.247
647.441 28.358
647.639 28.460
647.837 28.519
648.035 28.565
648.233 28.601
648.431 28.621
648.629 28.693
648.827 28.813
649.025 28.946
649.223 28.999
649.421 28.995
649.619 28.994
649.817 29.037
650.015 29.093
650.213 29.102
650.411 29.108
650.609 29.146
650.807 29.193
651.005 29.226
651.203 29.231
651.401 29.252
651.599 29.321
651.796 29.409
651.994 29.416
652.192 29.397
652.390 29.465
652.588 29.554
652.786 29.608
652.984 29.616
653.182 29.667
653.380 29.700
653.578 29.737
653.776 29.782
653.974 29.811
654.172 29.873
654.370 29.927
654.568 29.949
654.766 29.974
654.964 29.992
655.162 30.030
655.360 30.049
655.558 30.109
655.756 30.220
655.954 30.311
656.152 30.377
656.350 30.408
656.548 30.440
656.746 30.465
656.944 30.497
657.142 30.590
657.340 30.676
657.538 30.728
657.736 30.761
657.934 30.759
658.132 30.778
658.330 30.786
658.528 30.824
658.726 30.926
658.924 31.051
659.122 31.197
659.320 31.281
659.518 31.288
659.716 31.306
659.914 31.371
660.112 31.430
660.310 31.463
660.508 31.526
660.706 31.619
660.904 31.617
661.102 31.627
661.300 31.634
661.498 31.657
661.696 31.714
661.893 31.819
662.091 31.850
662.289 31.893
662.487 31.964
662.685 32.025
662.883 32.024
663.081 32.088
663.279 32.148
663.477 32.169
663.675 32.195
663.873 32.321
664.071 32.400
664.269 32.492
664.467 32.556
664.665 32.637
664.863 32.695
665.061 32.781
665.259 32.867
665.457 32.970
665.655 33.028
665.853 33.067
666.051 33.063
666.249 33.073
666.447 33.091
666.645 33.170
666.843 33.178
667.041 33.174
667.239 33.181
667.437 33.220
667.635 33.248
667.833 33.262
668.031 33.306
668.229 33.421
668.427 33.554
668.625 33.680
668.823 33.681
669.021 33.744
669.219 33.849
669.417 33.943
669.615 33.997
669.813 34.066
670.011 34.207
670.209 34.308
670.407 34.367
670.605 34.327
670.803 34.317
671.001 34.429
671.199 34.492
671.397 34.513
671.595 34.594
671.792 34.715
671.990 34.731
672.188 34.724
672.386 34.785
672.584 34.816
672.782 34.875
672.980 34.918
673.178 34.957
673.376 35.004
673.574 35.078
673.772 35.107
673.970 35.114
674.168 35.174
674.366 35.255
674.564 35.292
674.762 35.314
674.960 35.391
675.158 35.469
675.356 35.505
675.554 35.570
675.752 35.597
675.950 35.625
676.148 35.681
676.346 35.749
676.544 35.779
676.742 35.832
676.940 35.913
677.138 35.995
677.336 36.069
677.534 36.146
677.732 36.184
677.930 36.288
678.128 36.386
678.326 36.459
678.524 36.525
678.722 36.621
678.920 36.714
679.118 36.791
679.316 36.862
679.514 36.903
679.712 36.895
679.910 36.936
680.108 36.967
680.306 36.980
680.504 36.984
680.702 37.017
680.900 37.067
681.098 37.095
681.296 37.118
681.494 37.130
681.691 37.161
681.889 37.268
682.087 37.304
682.285 37.309
682.483 37.366
682.681 37.489
682.879 37.581
683.077 37.648
683.275 37.715
683.473 37.773
683.671 37.814
683.869 37.895
684.067 37.949
684.265 38.066
684.463 38.241
684.661 38.340
684.859 38.364
685.057 38.395
685.255 38.437
685.453 38.499
685.651 38.597
685.849 38.670
686.047 38.729
686.245 38.775
686.443 38.778
686.641 38.788
686.839 38.855
687.037 38.893
687.235 38.933
687.433 38.963
687.631 39.005
687.829 39.015
688.027 39.071
688.225 39.161
688.423 39.255
688.621 39.343
688.819 39.401
689.017 39.490
689.215 39.587
689.413 39.641
689.611 39.761
689.809 39.821
690.007 39.920
690.205 39.988
690.403 40.019
690.601 40.026
690.799 40.082
690.997 40.132
691.195 40.148
691.393 40.176
691.591 40.296
691.788 40.357
691.986 40.440
692.184 40.481
692.382 40.558
692.580 40.619
692.778 40.666
692.976 40.703
693.174 40.744
693.372 40.763
693.570 40.772
693.768 40.809
693.966 40.859
694.164 40.890
694.362 40.920
694.560 40.982
694.758 41.014
694.956 41.103
695.154 41.203
695.352 41.289
695.550 41.350
695.748 41.397
695.946 41.364
696.144 41.340
696.342 41.354
696.540 41.429
696.744 41.435
696.948 41.496
697.152 41.527
697.357 41.533
697.561 41.543
697.765 41.599
697.969 41.720
698.173 41.867
698.377 41.952
698.581 42.060
698.786 42.097
698.990 42.148
699.194 42.173
699.398 42.227
699.602 42.295
699.806 42.379
700.010 42.441
700.215 42.437
700.419 42.451
700.623 42.487
700.827 42.487
701.031 42.539
701.235 42.583
701.440 42.621
701.644 42.653
701.848 42.706
702.052 42.725
702.256 42.749
702.460 42.815
702.664 42.881
702.869 42.976
703.073 43.081
703.277 43.181
703.481 43.269
703.685 43.381
703.889 43.423
704.093 43.445
704.298 43.515
704.502 43.631
704.706 43.729
704.910 43.756
705.114 43.749
705.318 43.781
705.522 43.754
705.727 43.808
705.931 43.810
706.135 43.844
706.339 43.894
706.543 43.973
706.747 44.021
706.951 44.068
707.156 44.123
707.360 44.212
707.564 44.287
707.768 44.327
707.972 44.325
708.176 44.388
708.380 44.512
708.585 44.600
708.789 44.589
708.993 44.584
709.197 44.585
709.401 44.566
709.605 44.588
709.810 44.596
710.014 44.650
710.218 44.714
710.422 44.783
710.626 44.840
710.830 44.875
711.034 44.911
711.239 44.937
711.443 45.013
711.647 45.107
711.851 45.108
712.055 45.100
712.259 45.146
712.463 45.140
712.668 45.133
712.872 45.117
713.076 45.178
713.280 45.308
713.484 45.353
713.688 45.336
713.892 45.352
714.097 45.459
714.301 45.595
714.505 45.634
714.709 45.682
714.913 45.716
715.117 45.768
715.321 45.759
715.526 45.719
715.730 45.771
715.934 45.793
716.138 45.820
716.342 45.839
716.546 45.803
716.750 45.885
716.955 45.959
717.159 46.030
717.363 46.064
717.567 46.104
717.771 46.130
717.975 46.132
718.180 46.185
718.384 46.228
718.588 46.265
718.792 46.346
718.996 46.388
719.200 46.431
719.404 46.454
719.609 46.494
719.813 46.522
720.017 46.622
720.221 46.726
720.425 46.805
720.629 46.892
720.833 46.943
721.038 46.967
721.242 46.964
721.446 46.955
721.650 46.984
721.854 46.998
722.058 47.038
722.262 46.985
722.467 46.934
722.671 46.953
722.875 46.958
723.079 46.998
723.283 47.008
723.487 46.984
723.691 47.060
723.896 47.140
724.100 47.192
724.304 47.237
724.508 47.308
724.712 47.330
724.916 47.372
725.120 47.414
725.325 47.452
725.529 47.481
725.733 47.560
725.937 47.571
726.141 47.507
726.345 47.456
726.550 47.437
726.754 47.431
726.958 47.518
727.162 47.550
727.366 47.603
727.570 47.629
727.774 47.682
727.979 47.724
728.183 47.737
728.387 47.763
728.591 47.826
728.795 47.855
728.999 47.881
729.203 47.877
729.408 47.869
729.612 47.901
729.816 47.893
730.020 47.881
730.224 47.949
730.428 48.031
730.632 48.056
730.837 48.137
731.041 48.176
731.245 48.176
731.449 48.158
731.653 48.158
731.857 48.108
732.061 48.115
732.266 48.123
732.470 48.053
732.674 48.019
732.878 48.065
733.082 48.037
733.286 48.110
733.490 48.218
733.695 48.264
733.899 48.347
734.103 48.456
734.307 48.500
734.511 48.541
734.715 48.556
734.920 48.561
735.124 48.561
735.328 48.587
735.532 48.583
735.736 48.613
735.940 48.713
736.144 48.728
736.349 48.717
736.553 48.796
736.757 48.835
736.961 48.866
737.165 48.937
737.369 48.966
737.573 48.919
737.778 48.932
737.982 48.876
738.186 48.823
738.390 48.864
738.594 48.854
738.798 48.818
739.002 48.835
739.207 48.867
739.411 48.875
739.615 48.912
739.819 49.007
740.023 48.996
740.227 49.024
740.431 49.087
740.636 49.037
740.840 49.085
741.044 49.083
741.248 49.088
741.452 49.116
741.656 49.115
741.860 49.114
742.065 49.148
742.269 49.285
742.473 49.375
742.677 49.353
742.881 49.371
743.085 49.347
743.290 49.367
743.494 49.412
743.698 49.473
743.902 49.558
744.106 49.638
744.310 49.626
744.514 49.526
744.719 49.492
744.923 49.581
745.127 49.686
745.331 49.794
745.535 49.816
745.739 49.748
745.943 49.683
746.148 49.626
746.352 49.610
746.556 49.700
746.760 49.751
746.964 49.786
747.168 49.792
747.372 49.802
747.577 49.704
747.781 49.711
747.985 49.849
748.189 49.922
748.393 49.911
748.597 49.987
748.801 49.972
749.006 49.971
749.210 49.905
749.414 49.841
749.618 49.775
749.822 49.862
750.026 49.927
750.230 49.903
750.435 49.865
750.639 49.937
750.843 49.879
751.047 49.862
751.251 49.833
751.455 49.850
751.660 49.855
751.864 49.872
752.068 49.863
752.272 49.820
752.476 49.835
752.680 49.882
752.884 49.876
753.089 49.892
753.293 49.873
753.497 49.952
753.701 50.066
753.905 50.149
754.109 50.141
754.313 50.100
754.518 50.135
754.722 50.155
754.926 50.248
755.130 50.280
755.334 50.322
755.538 50.322
755.742 50.238
755.947 50.256
756.151 50.257
756.355 50.372
756.559 50.446
756.763 50.414
756.967 50.359
757.171 50.245
757.376 50.167
757.580 50.177
757.784 50.205
757.988 50.245
758.192 50.193
758.396 50.286
758.600 50.311
758.805 50.286
759.009 50.345
759.213 50.447
759.417 50.603
759.621 50.697
759.825 50.650
760.030 50.716
760.234 50.801
760.438 50.787
760.642 50.711
760.846 50.663
761.050 50.677
761.254 50.629
761.459 50.652
761.663 50.573
761.867 50.570
762.071 50.603
762.275 50.613
762.479 50.668
762.683 50.819
762.888 50.847
763.092 50.773
763.296 50.799
763.500 50.896
763.709 50.842
763.918 50.903
764.126 50.936
764.335 51.020
764.544 51.046
764.753 51.032
764.962 50.941
765.171 50.911
765.379 50.987
765.588 51.011
765.797 50.987
766.006 51.005
766.215 50.984
766.424 50.958
766.632 50.899
766.841 50.919
767.050 50.893
767.259 50.954
767.468 51.046
767.677 51.007
767.885 50.943
768.094 50.908
768.303 50.947
768.512 50.952
768.721 50.917
768.929 50.908
769.138 50.883
769.347 50.848
769.556 50.763
769.765 50.668
769.974 50.743
770.182 50.827
770.391 50.907
770.600 50.913
770.809 50.890
771.018 50.924
771.227 50.936
771.435 50.976
771.644 51.069
771.853 51.095
772.062 51.225
772.271 51.214
772.480 51.164
772.688 51.196
772.897 51.215
773.106 51.325
773.315 51.377
773.524 51.441
773.732 51.451
773.941 51.433
774.150 51.434
774.359 51.330
774.568 51.286
774.777 51.280
774.985 51.273
775.194 51.240
775.403 51.136
775.612 51.110
775.821 51.035
776.030 50.992
776.238 50.988
776.447 50.983
776.656 51.054
776.865 51.143
777.074 51.270
777.283 51.306
777.491 51.331
777.700 51.351
777.909 51.364
778.118 51.426
778.327 51.434
778.535 51.419
778.744 51.454
778.953 51.418
779.162 51.335
779.371 51.258
779.580 51.237
779.788 51.299
779.997 51.349
780.206 51.394
780.415 51.360
780.624 51.347
780.833 51.386
781.041 51.459
781.250 51.449
781.459 51.506
781.668 51.513
781.877 51.410
782.086 51.287
782.294 51.291
782.503 51.336
782.712 51.405
782.921 51.411
783.130 51.462
783.338 51.550
783.547 51.650
783.756 51.774
783.965 51.931
784.174 52.056
784.383 52.168
784.591 52.192
784.800 52.216
785.009 52.318
785.218 52.447
785.427 52.445
785.636 52.321
785.844 52.260
786.053 52.099
786.262 52.018
786.471 52.072
786.680 52.078
786.889 52.020
787.097 51.974
787.306 51.889
787.515 51.833
787.724 51.779
787.933 51.819
788.141 51.847
788.350 51.959
788.559 51.932
788.768 51.829
788.977 51.790
789.186 51.735
789.394 51.585
789.603 51.564
789.812 51.565
790.021 51.597
790.230 51.589
790.439 51.574
790.647 51.530
790.856 51.429
791.065 51.404
791.274 51.342
791.483 51.441
791.692 51.625
791.900 51.608
792.109 51.632
792.318 51.745
792.527 51.853
792.736 51.871
792.944 51.913
793.153 52.071
793.362 52.224
793.571 52.289
793.780 52.336
793.989 52.371
794.197 52.374
794.406 52.278
794.615 52.100
794.824 52.034
795.033 52.068
795.242 52.097
795.450 52.049
795.659 51.944
795.868 51.906
796.077 51.836
796.286 51.759
796.495 51.757
796.703 51.847
796.912 51.963
797.121 51.987
797.330 52.059
797.539 52.026
797.747 51.969
797.956 51.929
798.165 52.022
798.374 52.097
798.583 52.015
798.792 52.027
799.000 52.046
799.209 52.126
799.418 52.227
799.627 52.234
799.836 52.229
800.045 52.354
800.253 52.365
800.462 52.291
800.671 52.241
800.880 52.401
801.089 52.476
801.298 52.445
801.506 52.252
801.715 52.107
801.924 52.037
802.133 52.049
802.342 51.977
802.550 52.000
802.759 52.162
802.968 52.214
803.177 52.139
803.386 52.210
803.595 52.237
803.803 52.269
804.012 52.135
804.221 52.054
804.430 52.037
804.639 52.037
804.848 52.137
805.056 52.081
805.265 52.090
805.474 52.120
805.683 52.054
805.892 52.102
806.101 52.303
806.309 52.484
806.518 52.582
806.727 52.662
806.936 52.761
807.145 52.770
807.353 52.754
807.562 52.705
807.771 52.812
807.980 52.959
808.189 52.922
808.398 52.742
808.606 52.702
808.815 52.714
809.024 52.594
809.233 52.497
809.442 52.539
809.651 52.588
809.859 52.572
810.068 52.577
810.277 52.505
810.486 52.573
810.695 52.693
810.904 52.814
811.112 52.848
811.321 52.771
811.530 52.753
811.740 52.619
811.949 52.568
812.159 52.611
812.368 52.514
812.578 52.461
812.787 52.537
812.997 52.786
813.206 52.685
813.416 52.668
813.625 52.840
813.835 52.833
814.044 52.941
814.254 53.018
814.463 52.950
814.673 52.932
814.882 53.030
815.092 52.926
815.301 52.629
815.511 52.599
815.720 52.560
815.930 52.611
816.139 52.723
816.349 52.565
816.558 52.473
816.768 52.717
816.977 52.814
817.187 52.670
817.396 52.555
817.606 52.591
817.815 52.755
818.025 52.801
818.234 52.731
818.444 52.732
818.653 52.885
818.863 52.914
819.072 52.686
819.282 52.724
819.491 52.899
819.701 53.059
819.910 53.160
820.120 53.177
820.329 53.311
820.539 53.361
820.748 53.327
820.958 53.328
821.167 53.431
821.377 53.647
821.586 53.520
821.796 53.237
822.005 53.292
822.215 53.334
822.424 53.225
822.634 53.081
822.843 53.102
823.053 53.235
823.262 53.342
823.472 53.346
823.681 53.153
823.891 53.140
824.100 53.355
824.310 53.420
824.519 53.291
824.729 53.202
824.938 53.122
825.148 53.138
825.357 53.275
825.567 53.362
825.776 53.390
825.986 53.555
826.195 53.590
826.405 53.425
826.614 53.336
826.824 53.393
827.033 53.505
827.243 53.611
827.452 53.551
827.662 53.393
827.871 53.197
828.081 53.126
828.290 53.176
828.500 53.109
828.709 53.216
828.919 53.193
829.128 53.097
829.338 53.100
829.547 53.135
829.757 53.205
829.966 53.090
830.176 53.002
830.385 52.961
830.595 53.027
830.804 53.194
831.014 53.155
831.223 53.206
831.433 53.303
831.642 53.229
831.852 53.114
832.061 52.932
832.271 52.959
832.480 53.148
832.690 53.198
832.899 53.147
833.109 53.390
833.318 53.571
833.528 53.514
833.737 53.388
833.947 53.468
834.156 53.561
834.366 53.899
834.575 53.893
834.785 53.772
834.994 53.792
835.204 53.590
835.413 53.288
835.623 53.210
835.832 53.197
836.042 53.395
836.251 53.747
836.461 53.760
836.670 53.523
836.880 53.589
837.089 53.741
837.299 53.769
837.508 53.989
837.718 54.204
837.927 54.306
838.137 54.366
838.346 54.205
838.556 53.893
838.765 54.033
838.975 54.211
839.184 54.279
839.394 54.200
839.603 54.061
839.813 53.986
840.022 53.811
840.232 53.691
840.441 53.666
840.651 53.782
840.860 53.857
841.070 53.848
841.279 53.871
841.489 53.862
841.698 53.891
841.908 53.889
842.117 53.766
842.327 53.714
842.536 53.781
842.746 53.783
842.955 53.751
843.165 53.705
843.374 53.718
843.584 53.772
843.793 53.817
844.003 53.947
844.212 54.185
844.422 54.270
844.631 54.296
844.841 54.313
845.050 54.323
845.260 54.485
845.469 54.543
845.679 54.362
845.888 54.234
846.098 54.284
846.307 54.224
846.517 54.094
846.726 54.169
846.936 54.480
847.145 54.539
847.355 54.554
847.564 54.334
847.774 54.904
847.983 55.924
848.193 55.953
848.402 55.901
848.612 55.846
848.821 55.941
849.031 55.992
849.240 55.716
849.450 55.570
849.659 55.603
849.869 55.746
850.078 55.199
850.288 54.455
850.497 54.463
850.707 54.369
850.916 54.277
851.126 54.165
851.335 54.075
851.545 54.028
851.754 54.125
851.964 54.168
852.173 54.200
852.383 54.215
852.592 54.188
852.802 54.331
853.011 54.421
853.221 54.435
853.430 54.370
853.640 54.354
853.849 54.445
854.059 54.257
854.268 54.244
854.478 54.321
854.687 54.173
854.897 54.021
855.106 53.915
855.316 53.967
855.525 54.025
855.735 54.095
855.944 54.099
856.154 54.372
856.363 54.763
856.573 54.772
856.782 54.536
856.992 54.511
857.201 54.663
857.411 54.661
857.620 54.642
857.830 54.696
858.039 54.774
858.249 54.880
858.458 54.681
858.668 54.604
858.877 54.652
859.087 54.911
859.296 55.153
859.506 55.053
859.715 55.029
859.925 54.965
860.134 55.071
860.344 55.101
860.553 55.101
860.763 55.058
860.972 54.926
861.182 54.842
861.391 54.791
861.601 54.587
861.810 54.598
862.020 54.593
862.229 54.536
862.439 54.523
862.648 54.674
862.858 54.688
863.067 54.696
863.277 54.795
863.486 55.087
863.696 55.169
863.905 55.204
864.115 55.302
864.324 55.426
864.534 55.660
864.743 55.735
864.953 55.788
865.162 55.669
865.372 55.566
865.581 55.452
865.791 55.505
866.000 55.451
866.210 55.692
866.419 55.772
866.629 55.820
866.838 55.866
867.048 55.845
867.257 55.773
867.467 55.987
867.676 56.321
867.886 56.395
868.095 56.055
868.305 55.929
868.514 55.810
868.724 55.724
868.933 55.703
869.143 55.517
869.352 55.415
869.562 55.512
869.771 55.620
869.981 55.493
870.190 55.550
870.400 55.643
870.609 55.801
870.819 55.901
871.028 56.099
871.238 56.380
871.447 56.575
871.657 56.689
871.866 56.453
872.076 56.453
872.285 56.543
872.495 56.660
872.704 56.638
872.914 56.679
873.123 56.703
873.333 56.666
873.542 56.413
873.752 56.241
873.961 56.258
874.171 56.217
874.380 55.808
874.590 55.703
874.799 55.887
875.009 56.201
875.218 56.460
875.428 56.153
875.637 55.816
875.847 56.012
876.056 56.167
876.266 55.985
876.475 56.018
876.685 56.544
876.894 57.074
877.104 57.003
877.313 56.808
877.523 56.682
877.732 56.876
877.942 57.003
878.151 56.764
878.361 56.553
878.570 56.604
878.780 56.739
878.989 56.516
879.199 56.310
879.408 56.211
879.618 55.843
879.827 55.584
880.037 56.020
880.246 56.394
880.456 56.516
880.665 56.568
880.875 56.706
881.084 57.039
881.294 57.164
881.503 56.783
881.713 56.772
881.922 57.243
882.132 57.196
882.341 56.794
882.551 56.755
882.760 56.965
882.970 56.915
883.179 57.054
883.389 56.842
883.598 56.635
883.808 56.837
884.017 56.987
884.227 56.683
884.436 56.836
884.646 57.052
884.855 56.796
885.065 56.446
885.274 56.580
885.484 56.632
885.693 56.814
885.903 56.685
886.112 56.465
886.322 56.376
886.531 56.657
886.741 56.710
886.950 56.534
887.160 56.816
887.369 56.677
887.579 56.600
887.788 56.344
887.998 56.238
888.207 56.510
888.417 56.659
888.626 56.651
888.836 56.477
889.045 56.333
889.255 56.574
889.464 56.659
889.674 56.945
889.883 57.067
890.093 57.152
890.302 56.919
890.512 56.901
890.721 57.110
890.931 57.022
891.140 57.103
891.350 57.070
891.559 56.934
891.769 56.721
891.978 56.610
892.188 56.672
892.397 56.701
892.607 56.848
892.816 56.988
893.026 56.641
893.235 56.411
893.445 56.594
893.654 57.072
893.864 57.251
894.073 57.134
894.283 57.080
894.492 56.928
894.702 56.824
894.911 56.918
895.121 56.959
895.330 56.971
895.540 57.170
895.749 57.304
895.959 57.055
896.168 57.004
896.378 57.265
896.587 57.885
896.797 58.118
897.006 58.146
897.216 58.209
897.425 57.948
897.635 58.043
897.844 58.238
898.054 58.131
898.263 58.028
898.473 57.789
898.682 57.484
898.892 57.334
899.101 57.656
899.311 57.759
899.520 57.601
899.730 57.830
899.939 57.926
900.149 57.709
900.358 57.452
900.568 57.670
900.777 58.022
900.987 58.086
901.196 57.423
901.406 56.864
901.615 56.881
901.825 57.002
902.034 56.628
902.244 56.682
902.453 56.844
902.663 56.753
902.872 56.523
903.082 56.397
903.291 56.565
903.501 56.954
903.710 57.138
903.920 57.383
904.129 57.392
904.339 57.815
904.548 57.683
904.758 57.311
904.967 57.585
905.177 57.696
905.386 57.808
905.596 57.818
905.805 57.945
906.015 58.105
906.224 57.848
906.434 57.644
906.643 57.442
906.853 57.476
907.062 58.037
907.272 57.971
907.481 58.098
907.691 58.450
907.900 58.546
908.110 58.485
908.319 58.285
908.529 58.162
908.738 58.173
908.948 58.211
909.157 57.986
909.367 57.554
909.576 57.691
909.786 57.663
909.995 57.045
910.205 56.655
910.414 56.329
910.624 56.531
910.833 56.901
911.043 56.998
911.252 57.094
911.462 57.658
911.672 57.884
911.881 57.731
912.091 57.360
912.300 57.468
912.512 57.550
912.724 57.903
912.937 58.086
913.149 58.335
913.361 58.637
913.573 58.619
913.786 58.372
913.998 58.582
914.210 58.423
914.422 58.867
914.634 58.944
914.847 58.991
915.059 58.733
915.271 58.442
915.483 57.952
915.696 57.668
915.908 57.866
916.120 57.885
916.332 57.813
916.544 58.195
916.757 58.248
916.969 58.208
917.181 58.496
917.393 58.691
917.606 58.517
917.818 58.393
918.030 58.274
918.242 58.265
918.454 58.216
918.667 57.917
918.879 57.570
919.091 57.334
919.303 57.295
919.516 57.084
919.728 57.249
919.940 57.677
920.152 57.968
920.364 58.257
920.577 58.033
920.789 57.731
921.001 57.977
921.213 58.822
921.426 59.268
921.638 59.419
921.850 59.149
922.062 58.803
922.274 58.601
922.487 58.588
922.699 58.268
922.911 58.467
923.123 59.220
923.336 59.464
923.548 58.941
923.760 58.733
923.972 58.694
924.184 58.653
924.397 58.392
924.609 58.425
924.821 58.748
925.033 58.798
925.246 58.546
925.458 58.245
925.670 58.141
925.882 58.160
926.094 57.899
926.307 57.577
926.519 57.968
926.731 58.587
926.943 58.715
927.156 58.311
927.368 58.339
927.580 58.518
927.792 58.681
928.004 58.757
928.217 58.682
928.429 59.107
928.641 59.573
928.853 59.652
929.066 59.668
929.278 59.588
929.490 59.532
929.702 59.564
929.914 59.436
930.127 59.233
930.339 59.151
930.551 59.542
930.763 59.244
930.976 58.956
931.188 59.037
931.400 58.751
931.612 58.642
931.824 59.013
932.037 59.097
932.249 59.543
932.461 59.918
932.673 60.118
932.886 60.075
933.098 60.366
933.310 60.920
933.522 61.369
933.734 62.087
933.947 62.536
934.159 62.535
934.371 62.536
934.583 61.838
934.796 61.485
935.008 61.210
935.220 61.373
935.432 60.988
935.644 60.484
935.857 60.215
936.069 59.587
936.281 59.524
936.493 58.966
936.706 59.678
936.918 61.019
937.130 61.312
937.342 61.690
937.554 61.898
937.767 62.673
937.979 63.138
938.191 62.982
938.403 63.198
938.616 62.609
938.828 63.126
939.040 63.047
939.252 62.798
939.464 62.728
939.677 62.742
939.889 62.023
940.101 61.828
940.313 62.788
940.526 63.078
940.738 62.858
940.950 63.066
941.162 62.423
941.374 62.134
941.587 62.673
941.799 62.738
942.011 62.470
942.223 62.876
942.436 62.713
942.648 61.699
942.860 61.768
943.072 61.494
943.284 61.614
943.497 62.057
943.709 62.211
943.921 61.402
944.133 61.988
944.346 62.479
944.558 62.463
944.770 62.357
944.982 62.671
945.194 62.661
945.407 63.436
945.619 63.311
945.831 63.607
946.043 63.780
946.256 63.877
946.468 63.284
946.680 62.336
946.892 62.435
947.104 62.884
947.317 62.509
947.529 62.006
947.741 62.523
947.953 63.398
948.166 62.841
948.378 62.817
948.590 63.902
948.802 64.847
949.014 66.148
949.227 65.599
949.439 65.210
949.651 65.940
949.863 67.492
950.076 67.399
950.288 67.085
950.500 67.931
950.712 67.547
950.924 66.261
951.137 66.059
951.349 66.648
951.561 67.228
951.773 69.617
951.986 72.215
952.198 70.560
952.410 69.127
952.622 67.715
952.834 67.239
953.047 68.314
953.259 67.699
953.471 65.933
953.683 64.326
953.896 65.437
954.108 64.749
954.320 61.171
954.532 60.700
954.744 61.826
954.957 63.608
955.169 63.887
955.381 63.454
955.593 63.859
955.806 64.101
956.018 64.411
956.230 64.012
956.442 62.282
956.654 62.555
956.867 63.091
957.079 62.731
957.291 62.871
957.503 63.700
957.716 63.214
957.928 63.323
958.140 64.057
958.352 64.858
958.564 64.350
958.777 63.662
958.989 62.782
959.201 63.507
959.413 64.500
959.626 63.549
959.838 61.898
960.050 61.511
960.262 61.819
960.474 62.813
960.687 63.786
960.899 64.528
961.111 65.180
961.323 65.887
961.536 65.362
961.748 65.161
961.960 65.769
962.172 65.930
962.384 65.232
962.597 65.067
962.809 65.790
963.021 65.028
963.233 63.772
963.446 63.428
963.658 62.440
963.870 63.066
964.082 63.376
964.294 63.487
964.507 62.820
964.719 63.762
964.931 64.348
965.143 62.791
965.356 62.138
965.568 62.628
965.780 63.577
966.000 64.461
966.221 63.289
966.441 62.488
966.662 63.077
966.882 65.275
967.103 65.279
967.323 63.603
967.543 63.423
967.764 62.934
967.984 62.549
968.205 62.154
968.425 62.893
968.645 63.068
968.866 62.489
969.086 62.089
969.307 61.520
969.527 61.959
969.748 63.066
969.968 63.125
970.188 62.345
970.409 61.477
970.629 61.663
970.850 62.634
971.070 62.556
971.290 63.297
971.511 62.999
971.731 63.268
971.952 63.731
972.172 62.755
972.393 62.534
972.613 64.044
972.833 65.399
973.054 66.079
973.274 64.464
973.495 64.582
973.715 64.896
973.936 65.881
974.156 65.961
974.376 65.576
974.597 67.085
974.817 67.251
975.038 66.440
975.258 65.923
975.478 65.349
975.699 65.760
975.919 66.647
976.140 67.490
976.360 67.236
976.581 66.222
976.801 66.220
977.021 65.887
977.242 64.866
977.462 64.919
977.683 67.011
977.903 67.051
978.123 67.907
978.344 67.721
978.564 66.550
978.785 65.535
979.005 66.796
979.226 67.739
979.446 68.638
979.666 70.122
979.887 70.274
980.107 70.148
980.328 72.776
980.548 73.331
980.769 73.448
980.989 71.595
981.209 71.714
981.430 72.559
981.650 72.230
981.871 71.807
982.091 70.962
982.311 71.311
982.532 68.647
982.752 65.711
982.973 64.609
983.193 65.400
983.414 67.650
983.634 67.838
983.854 65.516
984.075 65.431
984.295 65.993
984.516 66.581
984.736 66.898
984.956 68.108
985.177 68.973
985.397 68.267
985.618 67.996
985.838 68.968
986.059 68.793
986.279 68.938
986.499 67.897
986.720 66.764
986.940 67.501
987.161 66.450
987.381 65.188
987.602 65.003
987.822 66.485
988.042 64.578
988.263 62.414
988.483 62.101
988.704 61.866
988.924 60.940
989.144 61.407
989.365 61.590
989.585 63.772
989.806 65.416
990.026 64.827
990.247 63.667
990.467 63.876
990.687 64.239
990.908 65.885
991.128 68.579
991.349 70.657
991.569 71.133
991.789 71.968
992.010 71.958
992.230 71.089
992.451 69.582
992.671 69.520
992.892 73.122
993.112 75.591
993.332 73.681
993.553 71.214
993.773 72.304
993.994 71.941
994.214 70.097
994.435 68.517
994.655 69.937
994.875 70.510
995.096 71.733
995.316 71.338
995.537 67.715
995.757 65.960
995.977 66.406
996.198 63.365
996.418 61.988
996.639 62.868
996.859 63.030
997.080 61.452
997.300 63.337
997.520 62.050
997.741 57.568
997.961 58.295
998.182 59.770
998.402 58.010
998.622 62.477
998.843 67.991
999.063 67.978
999.284 68.140
999.504 66.820
999.725 65.844
999.945 66.852
1000.165 71.661
1000.386 73.452
1000.606 75.832
1000.827 78.144
1001.047 74.020
1001.268 67.313
1001.488 67.120
1001.708 70.587
1001.929 73.666
1002.149 74.499
1002.370 72.167
1002.590 70.848
1002.810 74.252
1003.031 72.157
1003.251 70.209
1003.472 72.442
1003.692 75.253
1003.913 74.726
1004.133 71.043
1004.353 70.945
1004.574 71.240
1004.794 75.794
1005.015 78.884
1005.235 71.852
1005.455 71.176
1005.676 73.248
1005.896 71.500
1006.117 69.112
1006.337 68.695
1006.558 73.491
1006.778 73.569
1006.998 69.916
1007.219 64.957
1007.439 58.606
1007.660 61.004
1007.880 63.739
1008.101 64.930
1008.321 62.458
1008.541 61.981
1008.762 65.544
1008.982 64.551
1009.203 65.620
1009.423 67.991
1009.643 68.826
1009.864 71.382
1010.084 69.504
1010.305 69.373
1010.525 71.532
1010.746 71.977
1010.966 67.497
1011.186 62.471
1011.407 58.869
1011.627 54.139
1011.848 54.281
1012.068 54.427
1012.288 52.732
1012.509 54.124
1012.729 50.532
1012.950 41.013
