290.982 99.709
291.167 84.929
291.352 87.045
291.537 89.126
291.722 80.550
291.907 88.985
292.091 88.665
292.276 88.538
292.461 85.907
292.646 80.309
292.831 77.342
293.016 84.969
293.201 71.478
293.386 71.683
293.571 77.352
293.756 79.755
293.940 60.855
294.125 63.784
294.310 75.493
294.495 83.413
294.680 81.685
294.865 73.917
295.050 76.164
295.235 75.377
295.420 78.608
295.605 72.691
295.789 69.985
295.974 78.487
296.159 75.790
296.344 71.724
296.529 71.546
296.714 78.878
296.899 75.761
297.084 70.612
297.269 66.975
297.454 68.903
297.638 71.870
297.823 73.833
298.008 80.762
298.193 77.723
298.378 75.729
298.563 74.971
298.748 74.489
298.933 66.703
299.118 69.360
299.303 71.290
299.487 72.850
299.672 81.824
299.857 73.945
300.042 67.960
300.227 69.723
300.412 64.844
300.597 59.419
300.782 59.227
300.967 71.891
301.152 68.226
301.336 64.103
301.521 67.433
301.706 66.949
301.891 71.358
302.076 67.375
302.261 65.483
302.446 68.818
302.631 75.750
302.816 74.155
303.001 72.693
303.185 72.792
303.370 72.936
303.555 67.350
303.740 74.395
303.925 65.821
304.110 53.349
304.295 59.010
304.480 64.664
304.665 62.669
304.850 63.298
305.034 65.003
305.219 69.221
305.404 64.705
305.589 58.450
305.774 63.622
305.959 56.547
306.144 57.675
306.329 61.035
306.514 61.807
306.699 60.811
306.883 60.061
307.068 53.637
307.253 51.329
307.438 53.677
307.623 52.830
307.808 55.916
307.993 54.740
308.178 56.626
308.363 57.245
308.548 55.087
308.732 47.445
308.917 51.921
309.102 54.030
309.287 54.102
309.472 63.772
309.657 63.702
309.842 62.661
310.027 58.579
310.212 52.994
310.397 56.827
310.581 56.568
310.766 46.250
310.951 43.048
311.136 49.034
311.321 49.920
311.506 49.254
311.691 54.254
311.876 54.191
312.061 50.393
312.245 52.230
312.430 50.942
312.615 52.251
312.800 49.003
312.985 46.943
313.170 61.170
313.347 58.346
313.523 55.713
313.700 53.807
313.877 46.645
314.054 46.599
314.230 50.506
314.407 43.882
314.584 51.094
314.761 49.929
314.937 51.630
315.114 53.106
315.291 46.357
315.467 50.011
315.644 51.439
315.821 48.420
315.998 48.783
316.174 47.523
316.351 43.750
316.528 39.876
316.704 42.609
316.881 43.523
317.058 44.053
317.235 48.471
317.411 46.837
317.588 43.134
317.765 41.585
317.942 48.963
318.118 50.890
318.295 49.934
318.472 51.843
318.648 44.002
318.825 41.790
319.002 46.139
319.179 43.073
319.355 43.311
319.532 44.639
319.709 44.942
319.885 40.213
320.062 41.755
320.239 44.721
320.416 46.583
320.592 40.434
320.769 45.743
320.946 47.643
321.123 43.789
321.299 47.592
321.476 47.414
321.653 46.349
321.829 43.648
322.006 43.251
322.183 42.656
322.360 39.280
322.536 40.668
322.713 42.439
322.890 43.785
323.066 44.064
323.243 40.668
323.420 41.970
323.597 46.862
323.773 46.386
323.950 43.112
324.127 45.912
324.304 53.480
324.480 45.324
324.657 39.143
324.834 46.118
325.010 47.443
325.187 43.944
325.364 40.656
325.541 41.940
325.717 42.858
325.894 43.511
326.071 41.035
326.248 42.456
326.424 38.617
326.601 41.527
326.778 42.257
326.954 40.826
327.131 42.956
327.308 43.995
327.485 42.040
327.661 39.999
327.838 40.415
328.015 39.317
328.191 39.434
328.368 42.272
328.545 41.775
328.722 40.650
328.898 39.523
329.075 39.057
329.252 39.175
329.429 37.456
329.605 39.222
329.782 44.871
329.959 41.716
330.135 39.851
330.312 37.329
330.489 41.706
330.666 40.997
330.842 37.119
331.019 36.141
331.196 40.250
331.372 39.977
331.549 38.092
331.726 38.129
331.903 38.050
332.079 39.240
332.256 37.069
332.433 35.590
332.610 38.752
332.786 39.245
332.963 39.073
333.140 36.246
333.316 35.062
333.493 35.127
333.670 40.503
333.847 38.955
334.023 37.541
334.200 44.048
334.377 38.069
334.553 36.375
334.730 43.772
334.907 39.032
335.084 34.556
335.260 34.406
335.437 36.151
335.614 36.652
335.791 34.980
335.967 37.907
336.144 40.029
336.321 40.185
336.497 41.491
336.674 38.806
336.851 37.014
337.028 37.864
337.204 36.191
337.381 34.251
337.558 34.520
337.734 36.266
337.911 36.721
338.088 36.539
338.265 38.635
338.441 40.686
338.618 37.116
338.795 34.388
338.972 37.564
339.148 42.718
339.325 39.741
339.502 31.413
339.678 34.489
339.855 38.564
340.032 38.147
340.209 37.067
340.385 33.964
340.562 36.026
340.739 37.689
340.916 34.468
341.092 35.722
341.269 36.047
341.446 33.246
341.622 34.431
341.799 36.003
341.976 37.684
342.153 37.682
342.329 35.952
342.506 35.955
342.683 37.418
342.859 36.929
343.036 37.235
343.213 35.982
343.390 35.349
343.566 32.815
343.743 32.286
343.920 34.755
344.097 34.302
344.273 33.136
344.450 34.348
344.627 33.509
344.803 33.439
344.980 32.885
345.157 33.138
345.334 33.002
345.510 34.434
345.687 37.618
345.864 34.686
346.040 34.082
346.217 34.069
346.394 34.536
346.571 33.060
346.747 34.581
346.924 35.191
347.101 33.895
347.278 32.490
347.454 31.731
347.631 29.802
347.808 33.612
347.984 35.993
348.161 33.464
348.338 35.035
348.515 32.088
348.691 29.466
348.868 33.802
349.045 34.546
349.221 32.226
349.398 32.050
349.575 31.776
349.752 31.900
349.928 30.447
350.105 31.904
350.282 32.022
350.459 33.185
350.635 32.979
350.812 31.434
350.989 31.155
351.165 30.498
351.342 33.245
351.519 32.073
351.696 31.102
351.872 33.873
352.049 35.019
352.226 32.970
352.402 31.126
352.579 31.308
352.756 31.011
352.933 30.032
353.109 30.606
353.286 31.204
353.463 31.403
353.640 31.454
353.816 31.269
353.993 28.637
354.170 28.575
354.346 30.325
354.523 30.347
354.700 28.048
354.877 29.234
355.053 29.903
355.230 31.013
355.407 32.291
355.584 31.136
355.760 32.616
355.937 29.640
356.114 29.619
356.290 31.040
356.467 31.364
356.644 30.944
356.821 30.399
356.997 30.057
357.174 30.022
357.351 31.048
357.527 29.425
357.704 28.906
357.881 31.379
358.058 30.469
358.234 29.571
358.411 31.169
358.588 30.457
358.765 32.049
358.941 33.029
359.118 31.220
359.295 30.599
359.471 28.949
359.648 28.826
359.825 29.246
360.002 29.338
360.178 29.316
360.355 28.506
360.532 29.455
360.708 30.191
360.885 29.065
361.062 29.599
361.239 30.065
361.415 29.138
361.592 28.465
361.769 28.913
361.946 27.355
362.122 28.069
362.299 29.901
362.476 28.540
362.652 29.272
362.829 31.815
363.006 30.966
363.183 27.503
363.359 28.401
363.536 29.373
363.713 30.947
363.889 28.305
364.066 30.658
364.243 29.883
364.420 28.097
364.596 29.839
364.773 29.912
364.950 28.444
365.127 28.324
365.303 29.019
365.480 29.142
365.661 29.768
365.841 30.769
366.022 30.583
366.202 29.930
366.383 31.249
366.563 30.751
366.744 30.625
366.924 29.795
367.105 29.745
367.286 28.542
367.466 29.560
367.647 30.598
367.827 30.254
368.008 29.976
368.188 28.542
368.369 27.899
368.549 29.955
368.730 30.303
368.911 30.331
369.091 29.944
369.272 29.911
369.452 30.586
369.633 27.761
369.813 29.068
369.994 30.813
370.174 29.582
370.355 30.613
370.535 30.396
370.716 30.292
370.897 32.222
371.077 30.583
371.258 29.100
371.438 30.096
371.619 30.944
371.799 30.235
371.980 29.940
372.160 31.625
372.341 33.289
372.522 32.413
372.702 30.190
372.883 29.414
373.063 30.316
373.244 30.846
373.424 30.661
373.605 31.578
373.785 31.125
373.966 30.336
374.147 31.725
374.327 31.386
374.508 31.199
374.688 29.846
374.869 29.661
375.049 30.542
375.230 31.232
375.410 32.118
375.591 31.047
375.772 31.590
375.952 32.686
376.133 33.407
376.313 31.170
376.494 30.191
376.674 30.816
376.855 32.211
377.035 31.500
377.216 31.015
377.397 30.143
377.577 31.076
377.758 31.766
377.938 31.388
378.119 32.920
378.299 32.629
378.480 31.826
378.660 31.294
378.841 31.957
379.021 31.618
379.202 31.258
379.383 31.698
379.563 32.164
379.744 32.383
379.924 30.668
380.105 31.187
380.285 32.101
380.466 31.712
380.646 31.548
380.827 31.674
381.008 32.679
381.188 32.309
381.369 32.334
381.549 32.219
381.730 32.412
381.910 32.888
382.091 34.019
382.271 34.386
382.452 32.554
382.633 32.234
382.813 33.586
382.994 33.323
383.174 33.526
383.355 33.390
383.535 34.053
383.716 35.011
383.896 35.286
384.077 34.458
384.258 34.732
384.438 35.270
384.619 34.956
384.799 34.644
384.980 34.827
385.160 35.232
385.341 35.463
385.521 35.410
385.702 35.475
385.882 36.087
386.063 35.351
386.244 35.152
386.424 35.855
386.605 36.055
386.785 36.611
386.966 36.645
387.146 36.920
387.327 37.427
387.507 36.893
387.688 36.647
387.869 37.326
388.049 37.139
388.230 37.374
388.410 37.507
388.591 38.232
388.771 38.560
388.952 39.354
389.132 39.106
389.313 38.973
389.494 38.748
389.674 39.237
389.855 39.011
390.035 38.512
390.216 39.473
390.396 39.991
390.577 39.708
390.757 39.440
390.938 40.686
391.119 40.538
391.299 40.869
391.480 40.707
391.660 39.943
391.841 40.260
392.021 40.294
392.202 40.676
392.382 41.319
392.563 41.858
392.743 41.598
392.924 41.656
393.105 41.385
393.285 41.786
393.466 41.416
393.646 41.420
393.827 41.800
394.007 42.152
394.188 42.636
394.368 42.579
394.549 42.653
394.730 43.260
394.910 42.467
395.091 43.085
395.271 43.233
395.452 42.754
395.632 43.154
395.813 43.772
395.993 43.603
396.174 44.265
396.355 44.330
396.535 43.542
396.716 43.778
396.896 43.749
397.077 43.861
397.257 44.118
397.438 44.188
397.618 44.782
397.799 45.437
397.980 44.624
398.160 44.760
398.341 44.431
398.521 43.954
398.702 44.721
398.882 45.632
399.063 45.343
399.243 44.826
399.424 44.962
399.605 45.286
399.785 45.167
399.966 45.483
400.146 45.815
400.327 45.349
400.507 45.736
400.688 45.613
400.868 45.695
401.049 46.045
401.229 46.510
401.410 46.293
401.591 45.526
401.771 45.642
401.952 45.729
402.132 46.350
402.313 46.930
402.493 47.205
402.674 46.882
402.854 46.596
403.035 46.453
403.216 46.765
403.396 47.091
403.577 47.263
403.757 46.887
403.938 47.332
404.118 46.637
404.299 47.150
404.479 47.369
404.660 46.834
404.841 46.560
405.023 46.646
405.204 46.808
405.385 46.818
405.566 47.215
405.748 47.411
405.929 47.531
406.110 47.201
406.292 47.390
406.473 47.028
406.654 46.864
406.835 47.178
407.017 48.268
407.198 48.355
407.379 48.104
407.560 47.839
407.742 47.564
407.923 47.427
408.104 47.788
408.286 47.958
408.467 47.539
408.648 47.543
408.829 47.556
409.011 47.656
409.192 47.967
409.373 48.217
409.555 48.981
409.736 49.194
409.917 48.215
410.098 47.844
410.280 48.145
410.461 48.092
410.642 48.442
410.823 48.708
411.005 48.665
411.186 48.605
411.367 48.524
411.549 48.404
411.730 47.999
411.911 48.609
412.092 49.246
412.274 48.922
412.455 48.785
412.636 48.490
412.818 48.602
412.999 48.739
413.180 49.053
413.361 48.594
413.543 48.387
413.724 48.784
413.905 48.730
414.087 49.018
414.268 48.881
414.449 49.039
414.630 49.077
414.812 48.746
414.993 48.829
415.174 48.675
415.355 48.718
415.537 48.810
415.718 49.546
415.899 49.567
416.081 48.847
416.262 48.811
416.443 48.820
416.624 49.031
416.806 48.687
416.987 48.553
417.168 48.720
417.350 48.887
417.531 49.088
417.712 48.997
417.893 48.735
418.075 48.670
418.256 48.725
418.437 48.974
418.618 49.343
418.800 49.207
418.981 48.908
419.162 48.461
419.344 48.592
419.525 48.681
419.706 48.963
419.887 49.359
420.069 49.050
420.250 49.058
420.431 49.052
420.613 49.199
420.794 48.698
420.975 48.741
421.156 48.900
421.338 48.796
421.519 48.943
421.700 48.689
421.882 48.473
422.063 48.622
422.244 48.932
422.425 49.017
422.607 48.914
422.788 48.694
422.969 48.498
423.150 48.382
423.332 48.471
423.513 48.290
423.694 48.643
423.876 48.615
424.057 48.909
424.238 49.394
424.419 49.034
424.601 48.199
424.782 48.177
424.963 48.487
425.145 48.478
425.326 49.067
425.507 49.529
425.688 48.542
425.870 48.584
426.051 48.554
426.232 48.508
426.413 48.374
426.595 48.698
426.776 48.418
426.957 48.359
427.139 48.138
427.320 48.396
427.501 48.228
427.682 48.089
427.864 48.512
428.045 48.764
428.226 48.172
428.408 47.760
428.589 47.567
428.770 47.895
428.951 48.162
429.133 48.088
429.314 48.035
429.495 47.921
429.677 47.690
429.858 47.687
430.039 47.922
430.220 47.768
430.402 47.601
430.583 47.702
430.764 47.659
430.945 47.701
431.127 47.952
431.308 47.445
431.489 47.508
431.671 47.278
431.852 47.418
432.033 47.434
432.214 47.492
432.396 47.432
432.577 47.255
432.758 46.993
432.940 46.835
433.121 46.828
433.302 47.109
433.483 46.647
433.665 46.889
433.846 47.162
434.027 46.877
434.208 46.440
434.390 46.910
434.571 47.411
434.752 47.330
434.934 46.812
435.115 46.846
435.296 46.781
435.477 46.576
435.659 46.801
435.840 46.448
436.030 46.338
436.220 46.265
436.410 46.253
436.600 46.467
436.790 46.487
436.980 46.237
437.170 45.991
437.360 45.974
437.550 45.775
437.741 45.801
437.931 45.968
438.121 45.730
438.311 45.691
438.501 45.429
438.691 45.435
438.881 45.343
439.071 45.662
439.261 45.459
439.451 45.280
439.641 45.412
439.831 45.097
440.021 45.147
440.211 44.971
440.401 44.616
440.591 44.682
440.781 44.576
440.971 44.594
441.161 44.538
441.351 44.797
441.542 44.623
441.732 44.762
441.922 44.690
442.112 44.228
442.302 43.991
442.492 43.968
442.682 43.981
442.872 44.160
443.062 43.838
443.252 43.958
443.442 43.804
443.632 43.561
443.822 43.339
444.012 43.323
444.202 43.418
444.392 43.522
444.582 43.368
444.772 43.014
444.962 42.943
445.153 43.048
445.343 42.997
445.533 42.714
445.723 42.460
445.913 42.580
446.103 42.616
446.293 42.337
446.483 42.231
446.673 42.386
446.863 42.157
447.053 42.240
447.243 42.241
447.433 42.143
447.623 42.023
447.813 41.610
448.003 41.543
448.193 41.507
448.383 41.485
448.573 41.472
448.764 41.305
448.954 41.403
449.144 41.198
449.334 41.028
449.524 40.799
449.714 40.511
449.904 40.597
450.094 40.438
450.284 40.480
450.474 40.712
450.664 40.409
450.854 40.233
451.044 40.205
451.234 40.143
451.424 40.000
451.614 39.647
451.804 39.576
451.994 39.534
452.184 39.553
452.375 39.105
452.565 39.233
452.755 39.349
452.945 38.893
453.135 38.861
453.325 38.943
453.515 38.726
453.705 38.610
453.895 38.437
454.085 38.490
454.275 38.526
454.465 38.618
454.655 38.275
454.845 38.101
455.035 37.939
455.225 38.011
455.415 37.744
455.605 37.472
455.795 37.468
455.985 37.655
456.176 37.107
456.366 36.936
456.556 37.252
456.746 37.126
456.936 36.581
457.126 36.328
457.316 36.392
457.506 36.376
457.696 36.285
457.886 36.106
458.076 36.069
458.266 35.916
458.456 35.817
458.646 35.799
458.836 35.587
459.026 35.076
459.216 34.967
459.406 35.127
459.596 34.924
459.787 34.863
459.977 34.668
460.167 34.705
460.357 34.579
460.547 34.209
460.737 34.061
460.927 33.997
461.117 34.024
461.307 33.835
461.497 33.854
461.687 33.649
461.877 33.493
462.067 33.160
462.257 33.336
462.447 33.262
462.637 32.961
462.827 32.871
463.017 32.789
463.207 32.732
463.397 32.374
463.588 32.237
463.778 32.244
463.968 32.366
464.158 32.321
464.348 31.929
464.538 31.720
464.728 31.592
464.918 31.391
465.108 31.335
465.298 31.146
465.488 31.106
465.678 30.943
465.868 30.680
466.058 30.718
466.248 30.462
466.438 30.333
466.628 30.298
466.818 30.200
467.008 30.006
467.199 29.597
467.389 29.684
467.579 29.820
467.769 29.461
467.959 29.304
468.149 29.104
468.339 28.825
468.529 28.711
468.719 28.752
468.909 28.434
469.099 28.095
469.289 28.329
469.479 28.416
469.669 28.438
469.859 27.860
470.049 27.544
470.239 27.424
470.429 27.367
470.619 27.172
470.810 27.067
471.000 27.013
471.190 26.929
471.380 26.942
471.570 26.680
471.760 26.380
471.950 26.319
472.140 26.316
472.330 26.061
472.520 25.964
472.710 25.856
472.900 25.623
473.090 25.555
473.280 25.609
473.470 25.304
473.660 25.110
473.850 24.950
474.040 24.717
474.230 24.636
474.421 24.600
474.611 24.399
474.801 24.433
474.991 24.380
475.181 24.166
475.371 23.991
475.561 23.744
475.751 23.494
475.941 23.601
476.131 23.358
476.321 23.174
476.511 23.005
476.701 22.809
476.891 22.615
477.081 22.656
477.271 22.567
477.461 22.307
477.651 22.046
477.841 21.865
478.031 21.915
478.222 21.650
478.412 21.400
478.602 21.482
478.792 21.234
478.982 21.047
479.172 20.922
479.362 20.825
479.552 20.866
479.742 20.861
479.932 20.611
480.122 20.192
480.312 20.096
480.502 20.123
480.692 19.888
480.882 19.816
481.072 19.733
481.262 19.610
481.452 19.516
481.642 19.303
481.833 18.942
482.023 18.961
482.213 18.877
482.403 18.718
482.593 18.585
482.783 18.555
482.973 18.355
483.163 18.258
483.353 18.209
483.543 18.012
483.733 17.875
483.923 17.819
484.113 17.541
484.303 17.159
484.493 17.265
484.683 17.097
484.873 16.918
485.063 16.886
485.253 16.711
485.443 16.525
485.634 16.579
485.824 16.442
486.014 16.211
486.204 15.922
486.394 15.897
486.584 15.818
486.774 15.681
486.964 15.553
487.154 15.570
487.344 15.469
487.534 15.266
487.724 15.049
487.914 14.977
488.104 14.807
488.294 14.707
488.484 14.548
488.674 14.315
488.864 14.240
489.054 14.247
489.245 14.162
489.435 13.912
489.625 13.730
489.815 13.662
490.005 13.581
490.195 13.423
490.385 13.490
490.575 13.292
490.765 13.247
490.955 13.392
491.145 12.956
491.335 12.827
491.525 12.733
491.715 12.710
491.905 12.646
492.095 12.414
492.285 12.297
492.475 12.097
492.665 11.921
492.856 11.895
493.046 11.807
493.236 11.476
493.426 11.435
493.616 11.419
493.806 11.424
493.996 11.201
494.186 11.129
494.376 11.058
494.566 10.676
494.756 10.625
494.946 10.584
495.136 10.519
495.326 10.500
495.516 10.210
495.706 10.168
495.896 10.255
496.086 10.105
496.276 9.970
496.467 9.968
496.657 9.788
496.847 9.588
497.037 9.463
497.227 9.453
497.417 9.466
497.607 9.583
497.797 9.137
497.987 9.104
498.177 9.075
498.367 8.990
498.557 8.749
498.747 8.699
498.937 8.632
499.127 8.325
499.317 8.376
499.507 8.373
499.697 8.318
499.887 8.261
500.077 8.077
500.268 7.890
500.458 7.857
500.648 7.802
500.838 7.841
501.028 7.723
501.218 7.509
501.408 7.389
501.598 7.213
501.788 7.155
501.978 7.191
502.168 7.165
502.358 7.079
502.548 7.059
502.738 6.929
502.928 6.949
503.118 6.597
503.308 6.550
503.498 6.601
503.688 6.446
503.879 6.361
504.069 6.274
504.259 6.345
504.449 6.258
504.639 6.130
504.829 6.057
505.019 5.995
505.209 5.953
505.399 5.732
505.589 5.721
505.779 5.722
505.969 5.588
506.159 5.518
506.349 5.521
506.539 5.467
506.729 5.365
506.919 5.179
507.109 5.202
507.299 5.165
507.490 4.989
507.680 5.030
507.870 5.109
508.060 5.017
508.250 4.890
508.440 4.876
508.630 4.719
508.820 4.710
509.010 4.632
509.200 4.609
509.390 4.562
509.580 4.458
509.770 4.383
509.960 4.293
510.150 4.279
510.340 4.267
510.530 4.176
510.720 4.161
510.910 4.128
511.100 4.019
511.291 4.117
511.481 4.050
511.671 3.958
511.861 3.988
512.051 4.030
512.241 3.795
512.431 3.792
512.621 3.818
512.811 4.129
513.001 4.427
513.191 3.780
513.381 3.731
513.571 3.610
513.761 3.497
513.951 3.482
514.141 3.364
514.331 3.377
514.521 3.365
514.711 3.342
514.902 3.302
515.092 3.177
515.282 3.241
515.472 3.094
515.662 3.134
515.852 3.247
516.042 3.195
516.232 3.097
516.422 2.916
516.612 2.855
516.802 2.936
516.992 2.820
517.182 2.861
517.372 2.930
517.562 2.883
517.752 2.822
517.942 2.712
518.132 2.680
518.322 2.680
518.513 2.764
518.703 2.747
518.893 2.688
519.083 2.722
519.273 2.731
519.463 2.636
519.653 2.648
519.843 2.672
520.033 2.791
520.223 2.742
520.413 2.458
520.603 2.515
520.793 2.519
520.983 2.464
521.173 2.458
521.363 2.470
521.553 2.448
521.743 2.392
521.933 2.342
522.123 2.312
522.314 2.310
522.504 2.329
522.694 2.271
522.884 2.284
523.074 2.325
523.264 2.345
523.454 2.169
523.644 2.039
523.834 2.175
524.024 2.184
524.214 2.208
524.404 2.174
524.594 2.182
524.784 2.141
524.974 2.152
525.164 2.130
525.354 2.081
525.544 2.058
525.734 2.121
525.925 2.045
526.115 2.003
526.305 1.980
526.495 2.026
526.685 1.994
526.875 1.917
527.065 1.979
527.255 2.178
527.445 2.171
527.635 2.036
527.825 1.968
528.015 1.904
528.205 1.865
528.395 1.872
528.585 1.850
528.775 1.981
528.965 2.030
529.155 1.812
529.345 1.833
529.535 1.936
529.726 1.855
529.916 1.868
530.106 1.856
530.296 1.879
530.486 1.771
530.676 1.770
530.866 1.825
531.056 1.913
531.246 1.858
531.436 1.825
531.626 1.809
531.816 1.833
532.006 1.868
532.196 1.800
532.386 1.782
532.576 1.786
532.766 1.675
532.956 1.729
533.146 1.728
533.337 1.709
533.527 1.688
533.717 1.707
533.907 1.665
534.097 1.725
534.287 1.695
534.477 1.668
534.667 1.648
534.857 1.742
535.047 1.717
535.237 1.670
535.427 1.641
535.617 1.670
535.807 1.691
535.997 1.658
536.187 1.651
536.377 1.617
536.567 1.639
536.757 1.690
536.948 1.615
537.138 1.557
537.328 1.583
537.518 1.574
537.708 1.609
537.898 1.670
538.088 1.544
538.278 1.627
538.468 1.703
538.658 1.625
538.848 1.558
539.038 1.579
539.228 1.581
539.418 1.555
539.608 1.491
539.798 1.598
539.988 1.606
540.178 1.588
540.368 1.650
540.558 1.623
540.749 1.532
540.939 1.477
541.129 1.452
541.319 1.570
541.509 1.569
541.699 1.527
541.889 1.527
542.079 1.647
542.269 1.677
542.459 2.560
542.649 3.289
542.839 1.570
543.029 1.614
543.219 1.602
543.409 1.621
543.599 1.499
543.789 1.494
543.979 1.564
544.169 1.667
544.360 1.490
544.550 1.442
544.740 1.613
544.930 1.561
545.120 1.572
545.310 1.586
545.500 1.619
545.690 1.454
545.880 1.458
546.070 1.517
546.267 1.468
546.463 1.558
546.660 1.513
546.857 1.494
547.054 1.524
547.251 1.495
547.447 1.509
547.644 1.499
547.841 1.479
548.038 1.472
548.234 1.418
548.431 1.406
548.628 1.366
548.825 1.430
549.021 1.460
549.218 1.451
549.415 1.493
549.612 1.491
549.808 1.473
550.005 1.436
550.202 1.388
550.399 1.329
550.595 1.353
550.792 1.461
550.989 1.502
551.186 1.413
551.382 1.423
551.579 1.522
551.776 1.486
551.973 1.408
552.169 1.420
552.366 1.491
552.563 1.517
552.760 1.502
552.956 1.456
553.153 1.483
553.350 1.407
553.547 1.401
553.743 1.525
553.940 1.548
554.137 1.516
554.334 1.544
554.530 1.536
554.727 1.461
554.924 1.457
555.121 1.456
555.317 1.390
555.514 1.433
555.711 1.464
555.908 1.475
556.104 1.427
556.301 1.355
556.498 1.432
556.695 1.449
556.891 1.405
557.088 1.387
557.285 1.393
557.482 1.413
557.678 1.426
557.875 1.400
558.072 1.374
558.269 1.384
558.465 1.417
558.662 1.391
558.859 1.455
559.056 1.552
559.252 1.517
559.449 1.412
559.646 1.338
559.843 1.307
560.039 1.344
560.236 1.414
560.433 1.469
560.630 1.497
560.826 1.374
561.023 1.331
561.220 1.344
561.417 1.345
561.613 1.305
561.810 1.366
562.007 1.371
562.204 1.388
562.400 1.405
562.597 1.405
562.794 1.335
562.991 1.351
563.187 1.298
563.384 1.370
563.581 1.432
563.778 1.417
563.974 1.450
564.171 1.403
564.368 1.340
564.565 1.451
564.761 1.450
564.958 1.375
565.155 1.305
565.352 1.267
565.548 1.281
565.745 1.398
565.942 1.511
566.139 1.447
566.335 1.324
566.532 1.409
566.729 1.446
566.926 1.347
567.122 1.355
567.319 1.421
567.516 1.388
567.713 1.426
567.909 1.430
568.106 1.379
568.303 1.364
568.500 1.440
568.696 1.469
568.893 1.456
569.090 1.370
569.287 1.382
569.483 1.386
569.680 1.378
569.877 1.326
570.074 1.364
570.270 1.375
570.467 1.442
570.664 1.407
570.861 1.377
571.057 1.442
571.254 1.343
571.451 1.419
571.648 1.421
571.844 1.342
572.041 1.365
572.238 1.313
572.435 1.359
572.631 1.474
572.828 1.414
573.025 1.470
573.222 1.436
573.418 1.371
573.615 1.454
573.812 1.508
574.009 1.312
574.205 1.396
574.402 1.437
574.599 1.335
574.796 1.396
574.992 1.446
575.189 1.411
575.386 1.364
575.583 1.401
575.779 1.384
575.976 1.370
576.173 1.430
576.370 1.332
576.567 1.365
576.763 1.359
576.960 1.333
577.158 1.429
577.356 1.465
577.554 1.383
577.752 1.418
577.950 1.493
578.148 1.347
578.346 1.429
578.544 1.370
578.742 1.328
578.940 1.388
579.138 1.336
579.336 1.323
579.534 1.377
579.732 1.413
579.930 1.316
580.128 1.323
580.326 1.386
580.524 1.409
580.722 1.320
580.920 1.356
581.118 1.419
581.316 1.390
581.514 1.352
581.712 1.329
581.909 1.310
582.107 1.420
582.305 1.389
582.503 1.232
582.701 1.221
582.899 1.328
583.097 1.466
583.295 1.403
583.493 1.365
583.691 1.331
583.889 1.261
584.087 1.245
584.285 1.365
584.483 1.427
584.681 1.374
584.879 1.348
585.077 1.327
585.275 1.308
585.473 1.336
585.671 1.331
585.869 1.307
586.067 1.219
586.265 1.280
586.463 1.355
586.661 1.438
586.859 1.400
587.057 1.345
587.255 1.346
587.453 1.332
587.651 1.317
587.849 1.277
588.047 1.311
588.245 1.306
588.443 1.271
588.641 1.293
588.839 1.333
589.037 1.378
589.235 1.325
589.433 1.371
589.631 1.376
589.829 1.434
590.027 1.386
590.225 1.343
590.423 1.381
590.621 1.373
590.819 1.308
591.017 1.242
591.215 1.259
591.413 1.301
591.611 1.261
591.809 1.270
592.006 1.301
592.204 1.270
592.402 1.295
592.600 1.252
592.798 1.323
592.996 1.361
593.194 1.290
593.392 1.276
593.590 1.275
593.788 1.271
593.986 1.224
594.184 1.288
594.382 1.333
594.580 1.329
594.778 1.393
594.976 1.424
595.174 1.322
595.372 1.341
595.570 1.401
595.768 1.283
595.966 1.278
596.164 1.247
596.362 1.265
596.560 1.248
596.758 1.191
596.956 1.233
597.154 1.283
597.352 1.288
597.550 1.291
597.748 1.263
597.946 1.251
598.144 1.347
598.342 1.267
598.540 1.326
598.738 1.448
598.936 1.343
599.134 1.358
599.332 1.257
599.530 1.194
599.728 1.230
599.926 1.313
600.124 1.244
600.322 1.283
600.520 1.341
600.718 1.328
600.916 1.287
601.114 1.293
601.312 1.453
601.510 1.483
601.708 1.221
601.905 1.236
602.103 1.424
602.301 1.361
602.499 1.170
602.697 1.334
602.895 1.479
603.093 1.393
603.291 1.405
603.489 1.331
603.687 1.348
603.885 1.309
604.083 1.396
604.281 1.378
604.479 1.349
604.677 1.311
604.875 1.338
605.073 1.307
605.271 1.239
605.469 1.321
605.667 1.402
605.865 1.400
606.063 1.309
606.261 1.263
606.459 1.253
606.657 1.254
606.855 1.295
607.053 1.333
607.251 1.359
607.449 1.340
607.647 1.317
607.845 1.364
608.043 1.336
608.241 1.306
608.439 1.351
608.637 1.334
608.835 1.303
609.033 1.288
609.231 1.321
609.429 1.320
609.627 1.350
609.825 1.414
610.023 1.396
610.221 1.320
610.419 1.328
610.617 1.351
610.815 1.420
611.013 1.384
611.211 1.324
611.409 1.357
611.607 1.330
611.804 1.299
612.002 1.356
612.200 1.373
612.398 1.382
612.596 1.374
612.794 1.336
612.992 1.392
613.190 1.428
613.388 1.460
613.586 1.372
613.784 1.264
613.982 1.385
614.180 1.439
614.378 1.439
614.576 1.523
614.774 1.482
614.972 1.415
615.170 1.502
615.368 1.515
615.566 1.373
615.764 1.348
615.962 1.324
616.160 1.370
616.358 1.420
616.556 1.359
616.754 1.396
616.952 1.387
617.150 1.389
617.348 1.381
617.546 1.414
617.744 1.384
617.942 1.389
618.140 1.438
618.338 1.416
618.536 1.385
618.734 1.415
618.932 1.451
619.130 1.464
619.328 1.463
619.526 1.487
619.724 1.513
619.922 1.525
620.120 1.488
620.318 1.448
620.516 1.446
620.714 1.454
620.912 1.541
621.110 1.556
621.308 1.606
621.506 1.630
621.704 1.576
621.901 1.623
622.099 1.569
622.297 1.543
622.495 1.569
622.693 1.708
622.891 1.803
623.089 1.608
623.287 1.675
623.485 1.696
623.683 1.715
623.881 1.641
624.079 1.703
624.277 1.753
624.475 1.711
624.673 1.670
624.871 1.650
625.069 1.781
625.267 1.848
625.465 1.864
625.663 1.885
625.861 1.913
626.059 1.902
626.257 1.924
626.455 1.939
626.653 1.935
626.851 1.943
627.049 2.013
627.247 2.099
627.445 2.127
627.643 2.169
627.841 2.093
628.039 2.138
628.237 2.138
628.435 2.174
628.633 2.239
628.831 2.389
629.029 2.331
629.227 2.256
629.425 2.293
629.623 2.338
629.821 2.399
630.019 2.429
630.217 2.480
630.415 2.667
630.613 2.728
630.811 2.718
631.009 2.688
631.207 2.718
631.405 2.844
631.603 2.962
631.801 2.971
631.998 2.929
632.196 2.982
632.394 3.109
632.592 3.200
632.790 3.422
632.988 3.364
633.186 3.367
633.384 3.463
633.582 3.503
633.780 3.598
633.978 3.685
634.176 3.715
634.374 3.749
634.572 3.892
634.770 4.009
634.968 3.957
635.166 4.117
635.364 4.149
635.562 4.163
635.760 4.279
635.958 4.511
636.156 4.674
636.354 4.659
636.552 4.706
636.750 4.788
636.948 4.962
637.146 5.105
637.344 5.150
637.542 5.179
637.740 5.336
637.938 5.548
638.136 5.765
638.334 5.929
638.532 5.836
638.730 6.001
638.928 6.144
639.126 7.149
639.324 7.873
639.522 6.456
639.720 6.641
639.918 6.715
640.116 6.822
640.314 7.019
640.512 7.247
640.710 7.369
640.908 7.410
641.106 7.594
641.304 7.787
641.502 7.857
641.699 8.157
641.897 8.370
642.095 8.513
642.293 8.534
642.491 8.708
642.689 8.901
642.887 9.024
643.085 9.220
643.283 9.411
643.481 9.540
643.679 9.761
643.877 9.912
644.075 10.148
644.273 10.370
644.471 10.508
644.669 10.720
644.867 11.010
645.065 11.199
645.263 11.378
645.461 11.494
645.659 11.620
645.857 11.774
646.055 11.993
646.253 12.215
646.451 12.454
646.649 12.738
646.847 13.035
647.045 13.225
647.243 13.335
647.441 13.498
647.639 13.706
647.837 13.967
648.035 14.238
648.233 14.566
648.431 14.765
648.629 14.928
648.827 15.202
649.025 15.387
649.223 15.653
649.421 15.973
649.619 16.061
649.817 16.204
650.015 16.580
650.213 16.670
650.411 16.957
650.609 17.370
650.807 17.541
651.005 17.793
651.203 17.864
651.401 18.111
651.599 18.369
651.796 18.626
651.994 18.894
652.192 19.167
652.390 19.365
652.588 19.554
652.786 19.886
652.984 20.143
653.182 20.383
653.380 20.700
653.578 20.914
653.776 21.156
653.974 21.401
654.172 21.677
654.370 21.925
654.568 22.077
654.766 22.388
654.964 22.757
655.162 22.999
655.360 23.156
655.558 23.417
655.756 23.668
655.954 24.003
656.152 24.331
656.350 24.574
656.548 24.792
656.746 25.098
656.944 25.483
657.142 25.776
657.340 25.895
657.538 26.075
657.736 26.388
657.934 26.637
658.132 26.936
658.330 27.298
658.528 27.521
658.726 27.823
658.924 28.123
659.122 28.426
659.320 28.608
659.518 28.779
659.716 29.156
659.914 29.287
660.112 29.690
660.310 29.988
660.508 30.095
660.706 30.434
660.904 30.757
661.102 31.033
661.300 31.259
661.498 31.679
661.696 32.029
661.893 32.102
662.091 32.263
662.289 32.679
662.487 32.995
662.685 33.200
662.883 33.458
663.081 33.663
663.279 34.126
663.477 34.440
663.675 34.578
663.873 34.751
664.071 35.016
664.269 35.515
664.467 35.777
664.665 35.899
664.863 36.235
665.061 36.486
665.259 36.648
665.457 36.917
665.655 37.236
665.853 37.420
666.051 37.769
666.249 37.962
666.447 38.353
666.645 38.550
666.843 38.714
667.041 39.016
667.239 39.406
667.437 39.618
667.635 39.876
667.833 40.130
668.031 40.448
668.229 40.656
668.427 40.924
668.625 41.282
668.823 41.373
669.021 41.601
669.219 42.069
669.417 42.444
669.615 42.645
669.813 42.721
670.011 43.024
670.209 43.116
670.407 43.352
670.605 43.628
670.803 44.002
671.001 44.230
671.199 44.501
671.397 44.800
671.595 44.938
671.792 45.253
671.990 45.503
672.188 45.591
672.386 45.804
672.584 46.314
672.782 46.566
672.980 46.499
673.178 46.724
673.376 47.101
673.574 47.411
673.772 47.643
673.970 47.934
674.168 47.986
674.366 48.172
674.564 48.305
674.762 48.591
674.960 48.935
675.158 49.284
675.356 49.374
675.554 49.559
675.752 49.778
675.950 49.858
676.148 50.098
676.346 50.380
676.544 50.684
676.742 50.718
676.940 51.037
677.138 51.281
677.336 51.615
677.534 51.636
677.732 51.696
677.930 52.056
678.128 52.133
678.326 52.399
678.524 52.616
678.722 52.910
678.920 53.084
679.118 53.319
679.316 53.596
679.514 53.742
679.712 53.924
679.910 54.134
680.108 54.368
680.306 54.369
680.504 54.692
680.702 54.961
680.900 54.985
681.098 55.172
681.296 55.361
681.494 55.394
681.691 55.697
681.889 55.886
682.087 56.151
682.285 56.151
682.483 56.484
682.681 56.636
682.879 56.698
683.077 56.793
683.275 56.893
683.473 57.215
683.671 57.462
683.869 57.645
684.067 57.893
684.265 57.823
684.463 58.013
684.661 58.144
684.859 58.318
685.057 58.504
685.255 58.763
685.453 59.074
685.651 58.960
685.849 59.116
686.047 59.082
686.245 59.474
686.443 59.621
686.641 59.767
686.839 59.899
687.037 59.956
687.235 60.136
687.433 60.198
687.631 60.515
687.829 60.702
688.027 60.645
688.225 60.833
688.423 61.048
688.621 61.205
688.819 61.283
689.017 61.259
689.215 61.521
689.413 61.668
689.611 61.661
689.809 61.956
690.007 62.056
690.205 61.940
690.403 62.166
690.601 62.396
690.799 62.598
690.997 62.759
691.195 62.832
691.393 62.925
691.591 63.085
691.788 63.349
691.986 63.420
692.184 63.495
692.382 63.463
692.580 63.474
692.778 63.632
692.976 63.962
693.174 63.991
693.372 64.134
693.570 64.382
693.768 64.218
693.966 64.341
694.164 64.365
694.362 64.667
694.560 64.726
694.758 64.777
694.956 64.774
695.154 64.781
695.352 65.090
695.550 65.055
695.748 65.301
695.946 65.331
696.144 65.500
696.342 65.537
696.540 65.369
696.744 65.479
696.948 65.528
697.152 65.764
697.357 65.973
697.561 66.079
697.765 66.061
697.969 66.277
698.173 66.190
698.377 66.427
698.581 66.449
698.786 66.557
698.990 66.549
699.194 66.643
699.398 66.623
699.602 66.834
699.806 67.037
700.010 66.923
700.215 67.017
700.419 67.211
700.623 67.189
700.827 67.186
701.031 67.182
701.235 67.355
701.440 67.552
701.644 67.716
701.848 67.526
702.052 67.484
702.256 67.786
702.460 67.698
702.664 67.969
702.869 68.104
703.073 68.104
703.277 68.128
703.481 68.130
703.685 68.225
703.889 68.383
704.093 68.364
704.298 68.386
704.502 68.593
704.706 68.797
704.910 68.714
705.114 68.613
705.318 68.599
705.522 68.807
705.727 68.691
705.931 68.848
706.135 68.832
706.339 68.927
706.543 68.944
706.747 69.124
706.951 69.265
707.156 69.006
707.360 69.041
707.564 69.368
707.768 69.567
707.972 69.484
708.176 69.470
708.380 69.471
708.585 69.382
708.789 69.354
708.993 69.622
709.197 69.710
709.401 69.802
709.605 69.689
709.810 69.713
710.014 69.783
710.218 69.804
710.422 69.846
710.626 70.030
710.830 70.074
711.034 70.055
711.239 70.166
711.443 70.140
711.647 70.337
711.851 70.178
712.055 70.067
712.259 70.246
712.463 70.311
712.668 70.429
712.872 70.404
713.076 70.258
713.280 70.484
713.484 70.388
713.688 70.621
713.892 70.635
714.097 70.570
714.301 70.869
714.505 70.965
714.709 70.829
714.913 70.775
715.117 70.723
715.321 70.930
715.526 70.996
715.730 70.916
715.934 70.978
716.138 70.883
716.342 70.991
716.546 71.159
716.750 71.068
716.955 70.923
717.159 71.024
717.363 71.124
717.567 71.156
717.771 71.278
717.975 71.543
718.180 71.557
718.384 71.249
718.588 71.020
718.792 71.272
718.996 71.363
719.200 71.381
719.404 71.529
719.609 71.626
719.813 71.704
720.017 71.646
720.221 71.694
720.425 71.683
720.629 71.527
720.833 71.476
721.038 71.589
721.242 71.784
721.446 71.895
721.650 72.048
721.854 71.953
722.058 71.673
722.262 71.788
722.467 71.813
722.671 71.706
722.875 71.802
723.079 72.135
723.283 72.041
723.487 71.965
723.691 71.909
723.896 72.059
724.100 72.006
724.304 72.081
724.508 72.033
724.712 72.172
724.916 72.105
725.120 72.094
725.325 72.210
725.529 72.285
725.733 71.974
725.937 72.277
726.141 72.475
726.345 72.259
726.550 72.081
726.754 72.331
726.958 72.262
727.162 72.450
727.366 72.149
727.570 72.209
727.774 72.328
727.979 72.348
728.183 72.285
728.387 72.320
728.591 72.495
728.795 72.621
728.999 72.574
729.203 72.665
729.408 72.587
729.612 72.649
729.816 72.546
730.020 72.482
730.224 72.497
730.428 72.431
730.632 72.595
730.837 72.630
731.041 72.542
731.245 72.582
731.449 72.555
731.653 72.518
731.857 72.602
732.061 72.714
732.266 72.743
732.470 72.583
732.674 72.642
732.878 72.627
733.082 72.769
733.286 72.941
733.490 72.619
733.695 72.581
733.899 72.974
734.103 72.998
734.307 72.976
734.511 72.948
734.715 72.903
734.920 73.044
735.124 73.100
735.328 73.103
735.532 72.867
735.736 73.074
735.940 73.053
736.144 73.090
736.349 73.216
736.553 73.000
736.757 73.400
736.961 73.441
737.165 73.268
737.369 73.211
737.573 73.070
737.778 73.236
737.982 73.234
738.186 73.112
738.390 73.094
738.594 72.988
738.798 73.094
739.002 73.145
739.207 73.140
739.411 73.209
739.615 73.293
739.819 73.326
740.023 73.085
740.227 73.239
740.431 73.535
740.636 73.420
740.840 73.476
741.044 73.630
741.248 73.682
741.452 73.517
741.656 73.216
741.860 73.146
742.065 73.192
742.269 73.269
742.473 73.345
742.677 73.609
742.881 73.577
743.085 73.301
743.290 73.512
743.494 73.814
743.698 73.515
743.902 73.284
744.106 73.477
744.310 73.575
744.514 73.715
744.719 73.792
744.923 73.608
745.127 73.718
745.331 73.549
745.535 73.481
745.739 73.632
745.943 73.653
746.148 73.526
746.352 73.923
746.556 73.747
746.760 73.586
746.964 73.524
747.168 73.483
747.372 73.827
747.577 73.747
747.781 73.448
747.985 73.624
748.189 73.871
748.393 73.913
748.597 73.716
748.801 73.907
749.006 73.887
749.210 73.624
749.414 73.797
749.618 73.877
749.822 74.009
750.026 73.808
750.230 74.012
750.435 73.862
750.639 73.841
750.843 73.753
751.047 73.679
751.251 73.895
751.455 73.957
751.660 74.025
751.864 74.042
752.068 73.808
752.272 73.627
752.476 73.672
752.680 73.788
752.884 73.975
753.089 73.945
753.293 74.049
753.497 73.985
753.701 73.773
753.905 74.017
754.109 74.142
754.313 73.997
754.518 74.038
754.722 73.898
754.926 73.858
755.130 73.947
755.334 74.376
755.538 74.395
755.742 74.034
755.947 74.082
756.151 73.932
756.355 74.024
756.559 73.766
756.763 73.747
756.967 74.162
757.171 74.048
757.376 74.074
757.580 73.789
757.784 73.804
757.988 74.078
758.192 74.284
758.396 74.014
758.600 74.010
758.805 74.233
759.009 73.994
759.213 74.187
759.417 74.385
759.621 74.128
759.825 74.108
760.030 74.476
760.234 74.775
760.438 74.681
760.642 74.012
760.846 74.246
761.050 74.461
761.254 74.165
761.459 74.118
761.663 74.313
761.867 74.469
762.071 74.320
762.275 74.309
762.479 74.393
762.683 74.352
762.888 74.057
763.092 73.945
763.296 74.026
763.500 74.106
763.709 74.293
763.918 74.268
764.126 74.380
764.335 74.372
764.544 74.538
764.753 74.503
764.962 74.343
765.171 74.260
765.379 74.626
765.588 74.624
765.797 74.653
766.006 74.370
766.215 74.365
766.424 74.557
766.632 74.479
766.841 74.167
767.050 74.390
767.259 74.509
767.468 74.616
767.677 74.469
767.885 74.281
768.094 74.164
768.303 74.313
768.512 74.454
768.721 74.460
768.929 74.257
769.138 74.390
769.347 74.668
769.556 74.653
769.765 74.474
769.974 74.561
770.182 74.779
770.391 74.722
770.600 74.535
770.809 74.425
771.018 74.640
771.227 74.504
771.435 74.579
771.644 74.452
771.853 74.573
772.062 74.644
772.271 74.318
772.480 74.387
772.688 74.501
772.897 74.472
773.106 74.491
773.315 74.421
773.524 74.666
773.732 74.548
773.941 74.690
774.150 74.840
774.359 74.747
774.568 74.637
774.777 74.909
774.985 74.713
775.194 74.492
775.403 74.320
775.612 74.454
775.821 74.791
776.030 74.776
776.238 74.716
776.447 74.389
776.656 74.614
776.865 74.915
777.074 74.601
777.283 74.828
777.491 75.031
777.700 75.054
777.909 74.810
778.118 74.859
778.327 75.059
778.535 74.776
778.744 74.920
778.953 74.850
779.162 74.860
779.371 74.795
779.580 74.581
779.788 74.882
779.997 75.148
780.206 75.036
780.415 74.772
780.624 74.653
780.833 74.855
781.041 74.753
781.250 74.646
781.459 74.480
781.668 74.771
781.877 74.692
782.086 74.747
782.294 74.742
782.503 74.815
782.712 74.816
782.921 74.842
783.130 74.640
783.338 74.663
783.547 75.028
783.756 74.965
783.965 74.766
784.174 74.813
784.383 75.179
784.591 75.048
784.800 75.157
785.009 75.190
785.218 75.089
785.427 75.171
785.636 75.205
785.844 74.990
786.053 74.790
786.262 74.830
786.471 75.202
786.680 75.089
786.889 74.889
787.097 74.934
787.306 75.389
787.515 75.152
787.724 74.882
787.933 74.957
788.141 75.019
788.350 74.728
788.559 74.968
788.768 75.128
788.977 75.288
789.186 75.155
789.394 75.114
789.603 75.012
789.812 74.912
790.021 75.246
790.230 75.259
790.439 74.698
790.647 74.782
790.856 74.890
791.065 74.919
791.274 74.868
791.483 75.164
791.692 74.983
791.900 74.480
792.109 75.079
792.318 75.097
792.527 75.308
792.736 75.204
792.944 74.898
793.153 75.027
793.362 75.050
793.571 75.046
793.780 74.880
793.989 75.295
794.197 75.355
794.406 75.384
794.615 75.201
794.824 74.846
795.033 74.873
795.242 74.901
795.450 74.618
795.659 74.897
795.868 75.157
796.077 75.243
796.286 75.463
796.495 75.348
796.703 75.359
796.912 75.126
797.121 74.990
797.330 74.874
797.539 75.289
797.747 75.404
797.956 75.006
798.165 75.039
798.374 75.031
798.583 75.007
798.792 74.968
799.000 75.301
799.209 75.690
799.418 75.160
799.627 74.744
799.836 75.352
800.045 75.056
800.253 75.231
800.462 75.493
800.671 75.367
800.880 75.037
801.089 75.282
801.298 75.225
801.506 75.194
801.715 74.921
801.924 75.342
802.133 75.580
802.342 75.407
802.550 74.957
802.759 75.009
802.968 75.127
803.177 75.119
803.386 75.505
803.595 75.281
803.803 75.578
804.012 75.628
804.221 75.242
804.430 75.768
804.639 75.232
804.848 75.445
805.056 75.378
805.265 75.452
805.474 75.330
805.683 75.373
805.892 75.899
806.101 75.482
806.309 75.290
806.518 75.237
806.727 75.321
806.936 75.662
807.145 75.719
807.353 75.185
807.562 75.106
807.771 75.097
807.980 75.435
808.189 75.869
808.398 75.680
808.606 75.338
808.815 75.956
809.024 75.692
809.233 75.076
809.442 75.367
809.651 75.356
809.859 75.157
810.068 74.905
810.277 75.250
810.486 75.188
810.695 75.561
810.904 75.427
811.112 75.555
811.321 75.182
811.530 75.171
811.740 75.281
811.949 75.591
812.159 75.857
812.368 75.082
812.578 75.448
812.787 75.510
812.997 75.347
813.206 75.470
813.416 75.329
813.625 75.773
813.835 76.241
814.044 76.429
814.254 75.741
814.463 75.798
814.673 75.522
814.882 75.348
815.092 75.525
815.301 75.484
815.511 75.160
815.720 75.370
815.930 75.666
816.139 75.823
816.349 75.258
816.558 75.114
816.768 74.945
816.977 75.268
817.187 74.966
817.396 74.883
817.606 75.254
817.815 75.432
818.025 75.396
818.234 75.482
818.444 75.531
818.653 75.446
818.863 75.864
819.072 76.040
819.282 75.629
819.491 75.340
819.701 75.183
819.910 75.047
820.120 75.479
820.329 75.842
820.539 75.242
820.748 75.046
820.958 75.431
821.167 75.586
821.377 75.783
821.586 75.432
821.796 75.639
822.005 75.599
822.215 75.704
822.424 75.735
822.634 75.176
822.843 75.011
823.053 75.465
823.262 75.951
823.472 75.188
823.681 75.519
823.891 75.357
824.100 75.089
824.310 75.900
824.519 75.979
824.729 75.430
824.938 75.501
825.148 75.984
825.357 76.049
825.567 75.283
825.776 74.956
825.986 75.362
826.195 75.572
826.405 75.475
826.614 75.706
826.824 75.658
827.033 75.632
827.243 75.155
827.452 75.222
827.662 75.440
827.871 75.435
828.081 75.516
828.290 75.256
828.500 75.541
828.709 75.618
828.919 75.540
829.128 75.463
829.338 75.457
829.547 75.218
829.757 75.410
829.966 75.509
830.176 75.650
830.385 75.554
830.595 75.720
830.804 75.350
831.014 75.114
831.223 75.136
831.433 75.796
831.642 75.788
831.852 75.006
832.061 75.338
832.271 75.216
832.480 74.713
832.690 75.254
832.899 75.270
833.109 75.102
833.318 75.854
833.528 76.262
833.737 75.639
833.947 75.461
834.156 75.362
834.366 75.402
834.575 75.377
834.785 75.315
834.994 75.639
835.204 75.751
835.413 75.543
835.623 75.316
835.832 75.388
836.042 75.701
836.251 74.742
836.461 75.341
836.670 75.511
836.880 75.466
837.089 75.729
837.299 75.686
837.508 75.271
837.718 75.294
837.927 75.691
838.137 75.566
838.346 75.553
838.556 75.521
838.765 75.726
838.975 75.999
839.184 75.176
839.394 75.230
839.603 75.542
839.813 75.542
840.022 75.310
840.232 74.991
840.441 74.957
840.651 75.689
840.860 75.753
841.070 75.464
841.279 75.454
841.489 75.604
841.698 75.167
841.908 75.677
842.117 76.135
842.327 75.988
842.536 75.566
842.746 75.326
842.955 74.912
843.165 74.530
843.374 74.548
843.584 75.074
843.793 75.346
844.003 75.518
844.212 75.660
844.422 75.695
844.631 75.757
844.841 75.463
845.050 75.727
845.260 75.750
845.469 75.190
845.679 75.134
845.888 75.600
846.098 75.602
846.307 74.967
846.517 75.349
846.726 75.065
846.936 75.180
847.145 74.838
847.355 75.603
847.564 75.758
847.774 75.174
847.983 75.540
848.193 76.083
848.402 76.044
848.612 75.507
848.821 77.020
849.031 78.102
849.240 75.454
849.450 75.468
849.659 74.929
849.869 74.769
850.078 75.323
850.288 75.298
850.497 75.561
850.707 75.207
850.916 74.991
851.126 74.708
851.335 74.921
851.545 75.513
851.754 75.519
851.964 75.342
852.173 75.042
852.383 75.139
852.592 75.380
852.802 75.957
853.011 75.547
853.221 75.081
853.430 75.122
853.640 75.479
853.849 75.424
854.059 75.587
854.268 75.136
854.478 75.321
854.687 75.641
854.897 75.721
855.106 75.503
855.316 75.529
855.525 75.795
855.735 75.676
855.944 75.759
856.154 75.990
856.363 75.219
856.573 75.156
856.782 74.839
856.992 74.950
857.201 75.808
857.411 75.334
857.620 75.245
857.830 75.251
858.039 75.482
858.249 75.731
858.458 74.997
858.668 74.944
858.877 75.729
859.087 75.455
859.296 75.095
859.506 75.478
859.715 74.733
859.925 74.981
860.134 75.771
860.344 75.740
860.553 75.264
860.763 75.234
860.972 75.523
861.182 75.188
861.391 74.204
861.601 74.323
861.810 75.071
862.020 74.832
862.229 74.847
862.439 75.198
862.648 75.109
862.858 75.159
863.067 75.371
863.277 75.192
863.486 75.390
863.696 75.989
863.905 75.051
864.115 74.972
864.324 74.772
864.534 75.022
864.743 75.195
864.953 74.838
865.162 75.402
865.372 75.644
865.581 75.514
865.791 74.929
866.000 75.299
866.210 75.621
866.419 74.625
866.629 74.341
866.838 75.554
867.048 74.779
867.257 75.435
867.467 75.606
867.676 74.732
867.886 74.557
868.095 74.935
868.305 75.687
868.514 75.453
868.724 75.268
868.933 75.345
869.143 74.999
869.352 75.085
869.562 75.715
869.771 74.349
869.981 74.490
870.190 74.538
870.400 74.621
870.609 75.453
870.819 75.684
871.028 75.272
871.238 75.098
871.447 75.571
871.657 75.546
871.866 75.312
872.076 75.663
872.285 76.096
872.495 75.197
872.704 74.625
872.914 74.505
873.123 75.237
873.333 74.880
873.542 75.296
873.752 74.680
873.961 75.145
874.171 75.496
874.380 75.601
874.590 75.183
874.799 75.078
875.009 75.378
875.218 74.607
875.428 74.399
875.637 74.830
875.847 75.549
876.056 75.285
876.266 76.179
876.475 75.286
876.685 75.132
876.894 75.821
877.104 75.065
877.313 75.065
877.523 75.301
877.732 75.359
877.942 75.377
878.151 75.757
878.361 75.313
878.570 75.821
878.780 75.300
878.989 75.295
879.199 75.461
879.408 74.608
879.618 75.339
879.827 75.134
880.037 74.896
880.246 76.076
880.456 75.274
880.665 74.204
880.875 75.734
881.084 76.229
881.294 76.392
881.503 75.602
881.713 75.181
881.922 75.799
882.132 76.383
882.341 75.261
882.551 75.077
882.760 75.629
882.970 75.344
883.179 75.078
883.389 75.855
883.598 75.604
883.808 75.417
884.017 74.702
884.227 75.745
884.436 75.707
884.646 74.530
884.855 74.491
885.065 75.440
885.274 75.846
885.484 74.969
885.693 75.020
885.903 74.967
886.112 75.451
886.322 75.628
886.531 76.223
886.741 75.952
886.950 74.401
887.160 74.673
887.369 76.053
887.579 75.814
887.788 75.166
887.998 75.155
888.207 75.470
888.417 74.314
888.626 74.911
888.836 74.554
889.045 74.915
889.255 75.487
889.464 75.507
889.674 75.081
889.883 74.815
890.093 74.907
890.302 74.917
890.512 74.938
890.721 74.463
890.931 73.969
891.140 74.776
891.350 75.442
891.559 75.741
891.769 75.657
891.978 74.765
892.188 74.963
892.397 74.191
892.607 74.487
892.816 74.913
893.026 75.122
893.235 75.446
893.445 75.549
893.654 75.571
893.864 75.317
894.073 74.145
894.283 73.460
894.492 74.902
894.702 75.228
894.911 75.286
895.121 75.426
895.330 74.540
895.540 74.597
895.749 75.119
895.959 75.058
896.168 74.671
896.378 74.704
896.587 75.439
896.797 76.078
897.006 76.151
897.216 75.308
897.425 75.362
897.635 75.759
897.844 74.789
898.054 74.650
898.263 74.799
898.473 74.488
898.682 74.478
898.892 75.141
899.101 74.696
899.311 74.503
899.520 74.238
899.730 74.997
899.939 75.784
900.149 75.404
900.358 74.473
900.568 74.318
900.777 74.622
900.987 74.654
901.196 74.815
901.406 75.618
901.615 75.856
901.825 75.919
902.034 74.900
902.244 74.055
902.453 74.756
902.663 74.415
902.872 74.560
903.082 74.485
903.291 74.611
903.501 75.253
903.710 74.785
903.920 74.599
904.129 74.657
904.339 75.035
904.548 75.428
904.758 75.338
904.967 75.830
905.177 74.093
905.386 74.778
905.596 74.970
905.805 74.600
906.015 74.869
906.224 75.131
906.434 75.776
906.643 74.932
906.853 75.379
907.062 75.427
907.272 74.385
907.481 74.092
907.691 74.189
907.900 73.737
908.110 74.829
908.319 75.081
908.529 74.900
908.738 75.615
908.948 75.159
909.157 75.299
909.367 74.266
909.576 73.515
909.786 73.323
909.995 73.953
910.205 73.778
910.414 73.973
910.624 74.918
910.833 74.915
911.043 74.532
911.252 73.486
911.462 74.031
911.672 74.491
911.881 75.079
912.091 74.492
912.300 75.535
912.512 75.778
912.724 74.888
912.937 74.501
913.149 74.143
913.361 74.565
913.573 73.662
913.786 73.655
913.998 73.925
914.210 75.328
914.422 75.758
914.634 74.477
914.847 74.190
915.059 74.739
915.271 73.766
915.483 73.528
915.696 73.249
915.908 74.735
916.120 74.820
916.332 74.755
916.544 74.161
916.757 74.337
916.969 75.509
917.181 74.795
917.393 74.821
917.606 75.117
917.818 74.846
918.030 74.324
918.242 74.192
918.454 74.328
918.667 74.307
918.879 74.506
919.091 74.910
919.303 73.993
919.516 73.734
919.728 73.769
919.940 73.412
920.152 73.550
920.364 73.372
920.577 73.847
920.789 74.046
921.001 74.693
921.213 74.079
921.426 73.545
921.638 73.856
921.850 73.191
922.062 73.853
922.274 75.372
922.487 75.906
922.699 75.548
922.911 72.958
923.123 72.532
923.336 73.483
923.548 73.747
923.760 73.393
923.972 74.046
924.184 75.215
924.397 75.759
924.609 74.487
924.821 74.855
925.033 74.679
925.246 73.672
925.458 73.582
925.670 74.994
925.882 74.708
926.094 74.098
926.307 74.200
926.519 74.859
926.731 75.024
926.943 74.107
927.156 72.834
927.368 72.772
927.580 73.329
927.792 74.551
928.004 73.476
928.217 73.002
928.429 73.307
928.641 74.670
928.853 75.556
929.066 75.443
929.278 74.442
929.490 75.493
929.702 74.896
929.914 75.013
930.127 74.691
930.339 74.632
930.551 74.089
930.763 74.005
930.976 74.664
931.188 73.780
931.400 73.872
931.612 74.592
931.824 73.912
932.037 73.893
932.249 74.274
932.461 74.544
932.673 74.542
932.886 73.582
933.098 74.793
933.310 76.090
933.522 74.378
933.734 74.407
933.947 74.861
934.159 74.952
934.371 74.913
934.583 74.329
934.796 75.119
935.008 74.313
935.220 71.643
935.432 71.006
935.644 70.822
935.857 72.109
936.069 72.376
936.281 72.942
936.493 72.069
936.706 72.754
936.918 73.509
937.130 72.604
937.342 72.432
937.554 70.685
937.767 72.992
937.979 75.243
938.191 72.543
938.403 72.408
938.616 73.307
938.828 74.505
939.040 72.841
939.252 71.477
939.464 72.824
939.677 72.520
939.889 73.942
940.101 74.324
940.313 74.352
940.526 72.706
940.738 73.181
940.950 74.202
941.162 73.975
941.374 75.705
941.587 74.849
941.799 73.279
942.011 73.793
942.223 73.147
942.436 74.407
942.648 77.002
942.860 74.177
943.072 72.488
943.284 73.525
943.497 72.198
943.709 72.272
943.921 73.476
944.133 72.308
944.346 73.690
944.558 74.453
944.770 75.019
944.982 73.956
945.194 75.602
945.407 75.345
945.619 73.570
945.831 74.365
946.043 74.120
946.256 72.970
946.468 73.584
946.680 70.735
946.892 72.760
947.104 74.205
947.317 74.638
947.529 74.023
947.741 72.369
947.953 73.738
948.166 74.549
948.378 74.815
948.590 73.407
948.802 75.602
949.014 75.260
949.227 71.501
949.439 76.634
949.651 78.186
949.863 75.810
950.076 75.044
950.288 72.855
950.500 71.840
950.712 75.245
950.924 77.311
951.137 75.311
951.349 75.743
951.561 75.841
951.773 73.287
951.986 73.166
952.198 79.175
952.410 81.308
952.622 76.797
952.834 81.864
953.047 83.469
953.259 74.856
953.471 74.575
953.683 72.522
953.896 73.087
954.108 75.942
954.320 72.613
954.532 73.654
954.744 74.732
954.957 77.704
955.169 78.803
955.381 75.506
955.593 72.875
955.806 73.576
956.018 75.566
956.230 73.502
956.442 74.445
956.654 72.494
956.867 70.878
957.079 72.683
957.291 73.809
957.503 73.804
957.716 75.165
957.928 72.663
958.140 72.890
958.352 75.558
958.564 76.412
958.777 74.639
958.989 75.014
959.201 72.917
959.413 74.452
959.626 74.802
959.838 72.701
960.050 71.883
960.262 74.276
960.474 73.676
960.687 70.381
960.899 70.428
961.111 72.378
961.323 74.023
961.536 76.607
961.748 80.333
961.960 78.390
962.172 75.594
962.384 77.829
962.597 75.031
962.809 75.205
963.021 74.632
963.233 72.760
963.446 72.702
963.658 76.690
963.870 77.562
964.082 74.411
964.294 69.584
964.507 69.837
964.719 72.002
964.931 76.867
965.143 77.515
965.356 75.020
965.568 72.162
965.780 74.317
966.000 75.206
966.221 75.721
966.441 75.410
966.662 72.955
966.882 75.186
967.103 74.596
967.323 72.262
967.543 73.735
967.764 75.954
967.984 74.890
968.205 71.978
968.425 69.864
968.645 75.084
968.866 75.863
969.086 70.518
969.307 68.698
969.527 72.084
969.748 70.450
969.968 69.280
970.188 75.931
970.409 75.993
970.629 73.364
970.850 72.923
971.070 72.714
971.290 71.659
971.511 71.416
971.731 74.057
971.952 78.035
972.172 72.984
972.393 74.699
972.613 71.983
972.833 73.986
973.054 76.624
973.274 69.389
973.495 73.247
973.715 74.806
973.936 73.319
974.156 75.486
974.376 74.488
974.597 72.660
974.817 75.555
975.038 75.889
975.258 71.080
975.478 73.536
975.699 75.782
975.919 73.142
976.140 74.610
976.360 76.509
976.581 77.244
976.801 75.587
977.021 74.539
977.242 74.692
977.462 75.068
977.683 72.770
977.903 74.686
978.123 72.748
978.344 68.541
978.564 72.339
978.785 79.013
979.005 75.540
979.226 76.480
979.446 74.217
979.666 73.676
979.887 73.022
980.107 75.967
980.328 77.742
980.548 77.320
980.769 74.561
980.989 74.149
981.209 71.910
981.430 68.347
981.650 76.020
981.871 73.356
982.091 67.361
982.311 72.420
982.532 76.812
982.752 73.225
982.973 74.033
983.193 71.483
983.414 72.771
983.634 70.030
983.854 72.159
984.075 74.175
984.295 73.774
984.516 77.132
984.736 74.866
984.956 71.986
985.177 72.643
985.397 70.158
985.618 65.855
985.838 73.147
986.059 74.645
986.279 76.833
986.499 75.093
986.720 73.929
986.940 73.813
987.161 73.713
987.381 72.617
987.602 72.203
987.822 73.895
988.042 75.930
988.263 68.169
988.483 67.451
988.704 69.689
988.924 72.513
989.144 69.746
989.365 68.340
989.585 70.749
989.806 69.283
990.026 72.035
990.247 74.117
990.467 79.876
990.687 78.964
990.908 72.267
991.128 72.452
991.349 75.779
991.569 74.019
991.789 78.170
992.010 76.878
992.230 77.454
992.451 79.195
992.671 74.262
992.892 74.892
993.112 78.984
993.332 75.225
993.553 68.055
993.773 69.557
993.994 79.692
994.214 80.604
994.435 73.644
994.655 74.970
994.875 76.342
995.096 70.691
995.316 71.755
995.537 74.070
995.757 76.583
995.977 76.564
996.198 78.091
996.418 73.603
996.639 67.157
996.859 64.154
997.080 65.663
997.300 59.914
997.520 63.369
997.741 70.002
997.961 71.401
998.182 71.471
998.402 71.895
998.622 68.477
998.843 62.589
999.063 65.317
999.284 67.465
999.504 66.378
999.725 81.995
999.945 85.930
1000.165 75.764
1000.386 77.282
1000.606 69.207
1000.827 68.924
1001.047 71.202
1001.268 75.950
1001.488 72.295
1001.708 71.660
1001.929 77.252
1002.149 72.989
1002.370 66.963
1002.590 75.148
1002.810 78.766
1003.031 73.043
1003.251 74.712
1003.472 64.006
1003.692 67.367
1003.913 75.941
1004.133 63.679
1004.353 70.004
1004.574 80.025
1004.794 77.875
1005.015 73.326
1005.235 64.633
1005.455 76.567
1005.676 79.012
1005.896 81.419
1006.117 87.500
1006.337 68.864
1006.558 62.358
1006.778 67.199
1006.998 66.749
1007.219 63.268
1007.439 69.115
1007.660 79.016
1007.880 64.588
1008.101 57.770
1008.321 72.067
1008.541 63.699
1008.762 64.126
1008.982 66.486
1009.203 64.226
1009.423 55.433
1009.643 67.992
1009.864 80.582
1010.084 81.937
1010.305 73.760
1010.525 68.350
1010.746 67.856
1010.966 72.696
1011.186 58.562
1011.407 63.359
1011.627 71.758
1011.848 57.160
1012.068 47.921
1012.288 55.808
1012.509 67.189
1012.729 66.841
1012.950 61.232
