290.982 99.081
291.167 98.326
291.352 92.691
291.537 91.020
291.722 92.536
291.907 93.449
292.091 92.047
292.276 92.224
292.461 90.831
292.646 90.690
292.831 88.945
293.016 87.657
293.201 86.496
293.386 86.110
293.571 80.843
293.756 77.934
293.940 78.146
294.125 80.108
294.310 80.412
294.495 82.292
294.680 84.695
294.865 84.640
295.050 83.841
295.235 82.919
295.420 82.108
295.605 80.421
295.789 79.159
295.974 76.613
296.159 75.158
296.344 76.648
296.529 77.541
296.714 77.186
296.899 77.700
297.084 77.776
297.269 75.974
297.454 75.329
297.638 76.925
297.823 76.925
298.008 77.577
298.193 78.552
298.378 79.418
298.563 78.308
298.748 78.048
298.933 77.215
299.118 76.919
299.303 78.753
299.487 79.413
299.672 78.960
299.857 79.383
300.042 78.201
300.227 73.838
300.412 70.534
300.597 71.553
300.782 70.617
300.967 70.007
301.152 71.144
301.336 72.021
301.521 70.568
301.706 70.219
301.891 70.955
302.076 71.161
302.261 73.502
302.446 74.719
302.631 76.449
302.816 77.724
303.001 78.349
303.185 77.461
303.370 78.216
303.555 77.719
303.740 75.050
303.925 72.136
304.110 69.976
304.295 66.358
304.480 64.385
304.665 65.056
304.850 66.751
305.034 67.500
305.219 68.450
305.404 69.312
305.589 68.318
305.774 66.161
305.959 64.916
306.144 64.558
306.329 63.651
306.514 64.709
306.699 65.419
306.883 64.466
307.068 62.034
307.253 60.399
307.438 59.081
307.623 58.972
307.808 59.946
307.993 62.012
308.178 62.298
308.363 60.705
308.548 59.435
308.732 58.248
308.917 56.717
309.102 58.130
309.287 61.054
309.472 63.378
309.657 64.680
309.842 64.818
310.027 64.231
310.212 63.352
310.397 60.112
310.581 57.583
310.766 57.244
310.951 55.493
311.136 54.317
311.321 55.630
311.506 57.353
311.691 57.532
311.876 58.147
312.061 57.688
312.245 57.670
312.430 56.736
312.615 56.408
312.800 58.334
312.985 60.148
313.170 60.722
313.347 61.731
313.523 61.849
313.700 58.315
313.877 56.587
314.054 54.397
314.230 53.008
314.407 51.933
314.584 52.787
314.761 52.806
314.937 53.082
315.114 53.336
315.291 54.053
315.467 53.666
315.644 53.165
315.821 53.456
315.998 52.866
316.174 51.217
316.351 49.942
316.528 48.567
316.704 47.688
316.881 47.912
317.058 49.349
317.235 49.606
317.411 49.478
317.588 50.172
317.765 51.098
317.942 51.871
318.118 53.304
318.295 53.834
318.472 53.074
318.648 52.473
318.825 50.911
319.002 49.175
319.179 48.909
319.355 48.832
319.532 47.122
319.709 46.824
319.885 47.628
320.062 48.276
320.239 48.090
320.416 49.853
320.592 51.330
320.769 51.164
320.946 51.103
321.123 51.874
321.299 51.026
321.476 49.229
321.653 48.668
321.829 47.575
322.006 46.359
322.183 45.850
322.360 46.167
322.536 46.168
322.713 46.439
322.890 46.346
323.066 45.977
323.243 46.184
323.420 46.611
323.597 46.414
323.773 47.303
323.950 49.578
324.127 49.757
324.304 48.465
324.480 49.511
324.657 50.134
324.834 48.274
325.010 46.927
325.187 47.443
325.364 46.306
325.541 44.767
325.717 43.880
325.894 44.606
326.071 43.952
326.248 43.287
326.424 42.909
326.601 42.238
326.778 41.799
326.954 42.888
327.131 43.025
327.308 42.477
327.485 42.826
327.661 42.188
327.838 41.144
328.015 41.210
328.191 41.871
328.368 42.260
328.545 42.423
328.722 42.115
328.898 41.405
329.075 40.212
329.252 39.664
329.429 40.819
329.605 41.423
329.782 41.554
329.959 42.087
330.135 43.134
330.312 42.334
330.489 41.568
330.666 41.363
330.842 41.994
331.019 41.137
331.196 40.315
331.372 40.273
331.549 40.281
331.726 39.843
331.903 39.615
332.079 39.409
332.256 39.431
332.433 39.343
332.610 39.300
332.786 38.740
332.963 38.183
333.140 37.500
333.316 37.996
333.493 37.706
333.670 38.016
333.847 40.189
334.023 40.767
334.200 39.826
334.377 40.561
334.553 40.368
334.730 38.115
334.907 37.626
335.084 37.928
335.260 36.803
335.437 36.366
335.614 37.491
335.791 38.385
335.967 38.407
336.144 38.975
336.321 39.531
336.497 38.987
336.674 38.608
336.851 38.104
337.028 36.738
337.204 36.086
337.381 35.851
337.558 35.114
337.734 34.968
337.911 36.098
338.088 37.567
338.265 37.937
338.441 37.972
338.618 38.641
338.795 39.438
338.972 38.643
339.148 37.202
339.325 37.168
339.502 37.157
339.678 36.134
339.855 35.914
340.032 36.558
340.209 36.515
340.385 35.883
340.562 35.115
340.739 34.705
340.916 34.845
341.092 34.291
341.269 33.912
341.446 33.965
341.622 34.038
341.799 34.439
341.976 35.199
342.153 35.541
342.329 35.922
342.506 36.051
342.683 36.222
342.859 35.970
343.036 35.897
343.213 35.182
343.390 34.413
343.566 33.959
343.743 33.980
343.920 33.414
344.097 33.596
344.273 33.602
344.450 32.907
344.627 32.608
344.803 33.042
344.980 32.706
345.157 33.100
345.334 34.130
345.510 34.395
345.687 34.135
345.864 34.253
346.040 34.130
346.217 33.292
346.394 33.566
346.571 34.118
346.747 34.488
346.924 33.978
347.101 33.675
347.278 32.476
347.454 32.072
347.631 32.580
347.808 33.175
347.984 34.082
348.161 34.415
348.338 33.474
348.515 32.690
348.691 32.773
348.868 32.343
349.045 32.386
349.221 33.155
349.398 33.171
349.575 32.376
349.752 31.906
349.928 31.997
350.105 32.131
350.282 32.301
350.459 32.658
350.635 32.893
350.812 32.719
350.989 32.857
351.165 32.663
351.342 32.331
351.519 32.884
351.696 33.849
351.872 33.566
352.049 33.048
352.226 33.280
352.402 32.718
352.579 31.813
352.756 31.888
352.933 32.235
353.109 32.293
353.286 32.365
353.463 32.380
353.640 31.646
353.816 31.262
353.993 31.300
354.170 31.113
354.346 30.761
354.523 31.037
354.700 31.156
354.877 31.139
355.053 31.440
355.230 31.857
355.407 32.246
355.584 31.992
355.760 31.760
355.937 31.666
356.114 31.819
356.290 31.930
356.467 32.529
356.644 32.771
356.821 32.414
356.997 32.330
357.174 32.048
357.351 31.660
357.527 31.709
357.704 31.998
357.881 32.031
358.058 32.482
358.234 32.740
358.411 32.957
358.588 33.494
358.765 33.691
358.941 33.418
359.118 33.143
359.295 32.486
359.471 31.735
359.648 31.315
359.825 30.974
360.002 31.044
360.178 31.428
360.355 31.842
360.532 31.786
360.708 32.031
360.885 32.427
361.062 32.151
361.239 31.701
361.415 31.672
361.592 30.901
361.769 30.209
361.946 30.332
362.122 30.288
362.299 30.249
362.476 31.130
362.652 31.828
362.829 31.387
363.006 31.236
363.183 31.333
363.359 31.341
363.536 30.843
363.713 31.347
363.889 31.693
364.066 31.323
364.243 31.033
364.420 31.576
364.596 31.332
364.773 30.825
364.950 30.867
365.127 30.604
365.303 30.035
365.480 30.214
365.661 30.770
365.841 31.253
366.022 31.819
366.202 32.112
366.383 32.073
366.563 31.783
366.744 31.515
366.924 30.792
367.105 30.626
367.286 30.594
367.466 30.682
367.647 30.894
367.827 30.942
368.008 30.623
368.188 30.696
368.369 30.556
368.549 30.387
368.730 30.627
368.911 30.848
369.091 30.847
369.272 30.603
369.452 30.347
369.633 30.411
369.813 30.314
369.994 30.274
370.174 30.662
370.355 30.829
370.535 31.075
370.716 31.150
370.897 30.596
371.077 30.421
371.258 30.652
371.438 30.437
371.619 30.338
371.799 30.814
371.980 31.391
372.160 31.491
372.341 31.226
372.522 31.175
372.702 31.096
372.883 30.588
373.063 30.214
373.244 30.392
373.424 30.500
373.605 30.383
373.785 30.534
373.966 30.793
374.147 30.949
374.327 31.042
374.508 30.939
374.688 30.517
374.869 30.360
375.049 30.369
375.230 30.355
375.410 30.555
375.591 31.086
375.772 31.582
375.952 31.460
376.133 31.350
376.313 31.291
376.494 31.105
376.674 30.504
376.855 30.240
377.035 30.005
377.216 29.880
377.397 29.825
377.577 29.712
377.758 30.003
377.938 30.461
378.119 30.529
378.299 30.203
378.480 30.263
378.660 29.942
378.841 29.616
379.021 29.549
379.202 29.747
379.383 29.750
379.563 29.504
379.744 29.365
379.924 29.346
380.105 29.178
380.285 28.947
380.466 29.050
380.646 29.213
380.827 29.024
381.008 28.848
381.188 28.871
381.369 28.839
381.549 28.795
381.730 29.152
381.910 29.631
382.091 29.530
382.271 29.403
382.452 29.349
382.633 29.037
382.813 28.704
382.994 28.783
383.174 28.955
383.355 29.136
383.535 29.413
383.716 29.351
383.896 29.321
384.077 29.412
384.258 29.296
384.438 29.048
384.619 29.069
384.799 29.205
384.980 29.162
385.160 29.035
385.341 28.842
385.521 28.688
385.702 28.378
385.882 28.173
386.063 28.138
386.244 28.224
386.424 28.465
386.605 28.705
386.785 28.847
386.966 28.913
387.146 28.821
387.327 28.561
387.507 28.401
387.688 28.230
387.869 28.057
388.049 28.136
388.230 28.255
388.410 28.395
388.591 28.699
388.771 28.851
388.952 28.901
389.132 28.761
389.313 28.644
389.494 28.416
389.674 28.180
389.855 28.108
390.035 28.102
390.216 27.917
390.396 27.874
390.577 28.133
390.757 28.165
390.938 28.324
391.119 28.466
391.299 28.366
391.480 28.137
391.660 28.026
391.841 27.897
392.021 27.878
392.202 27.991
392.382 28.153
392.563 28.238
392.743 28.192
392.924 28.266
393.105 28.243
393.285 28.083
393.466 27.987
393.646 27.910
393.827 27.830
394.007 27.834
394.188 27.830
394.368 27.891
394.549 27.846
394.730 27.861
394.910 27.935
395.091 27.907
395.271 27.782
395.452 27.954
395.632 27.929
395.813 28.002
395.993 28.207
396.174 28.170
396.355 28.081
396.535 28.055
396.716 27.850
396.896 27.660
397.077 27.730
397.257 27.867
397.438 28.062
397.618 28.172
397.799 28.265
397.980 28.187
398.160 27.882
398.341 27.696
398.521 27.788
398.702 27.771
398.882 27.889
399.063 28.025
399.243 27.952
399.424 27.769
399.605 27.722
399.785 27.777
399.966 27.791
400.146 27.920
400.327 27.971
400.507 27.971
400.688 27.945
400.868 28.081
401.049 28.150
401.229 28.011
401.410 28.006
401.591 28.005
401.771 27.935
401.952 27.875
402.132 28.136
402.313 28.339
402.493 28.388
402.674 28.389
402.854 28.416
403.035 28.443
403.216 28.365
403.396 28.345
403.577 28.514
403.757 28.387
403.938 28.265
404.118 28.282
404.299 28.251
404.479 28.061
404.660 28.051
404.841 27.942
405.023 27.795
405.204 27.759
405.385 27.847
405.566 28.030
405.748 28.081
405.929 28.226
406.110 28.377
406.292 28.343
406.473 28.289
406.654 28.576
406.835 28.681
407.017 28.778
407.198 28.897
407.379 28.858
407.560 28.573
407.742 28.443
407.923 28.338
408.104 28.227
408.286 28.147
408.467 28.111
408.648 27.961
408.829 27.941
409.011 28.035
409.192 28.332
409.373 28.746
409.555 29.039
409.736 29.077
409.917 29.067
410.098 28.990
410.280 28.822
410.461 28.853
410.642 28.976
410.823 29.042
411.005 29.088
411.186 29.061
411.367 28.879
411.549 28.856
411.730 29.035
411.911 29.161
412.092 29.269
412.274 29.444
412.455 29.486
412.636 29.401
412.818 29.417
412.999 29.430
413.180 29.443
413.361 29.495
413.543 29.506
413.724 29.521
413.905 29.567
414.087 29.659
414.268 29.720
414.449 29.754
414.630 29.772
414.812 29.806
414.993 29.780
415.174 29.784
415.355 29.998
415.537 30.094
415.718 30.074
415.899 30.125
416.081 30.119
416.262 30.052
416.443 30.001
416.624 30.041
416.806 30.063
416.987 30.178
417.168 30.165
417.350 30.140
417.531 30.171
417.712 30.222
417.893 30.185
418.075 30.218
418.256 30.363
418.437 30.507
418.618 30.635
418.800 30.625
418.981 30.528
419.162 30.421
419.344 30.395
419.525 30.449
419.706 30.597
419.887 30.877
420.069 31.121
420.250 31.207
420.431 31.175
420.613 31.168
420.794 31.148
420.975 31.097
421.156 31.156
421.338 31.248
421.519 31.267
421.700 31.261
421.882 31.332
422.063 31.341
422.244 31.350
422.425 31.420
422.607 31.445
422.788 31.468
422.969 31.518
423.150 31.511
423.332 31.607
423.513 31.715
423.694 31.823
423.876 32.051
424.057 32.217
424.238 32.223
424.419 32.271
424.601 32.280
424.782 32.151
424.963 32.277
425.145 32.632
425.326 32.731
425.507 32.779
425.688 32.843
425.870 32.851
426.051 32.616
426.232 32.661
426.413 32.663
426.595 32.623
426.776 32.567
426.957 32.665
427.139 32.613
427.320 32.590
427.501 32.737
427.682 32.943
427.864 32.951
428.045 33.027
428.226 33.104
428.408 33.102
428.589 33.027
428.770 33.038
428.951 33.116
429.133 33.193
429.314 33.258
429.495 33.303
429.677 33.424
429.858 33.495
430.039 33.588
430.220 33.630
430.402 33.657
430.583 33.667
430.764 33.712
430.945 33.764
431.127 33.881
431.308 33.972
431.489 34.073
431.671 34.111
431.852 34.190
432.033 34.215
432.214 34.236
432.396 34.234
432.577 34.285
432.758 34.331
432.940 34.373
433.121 34.402
433.302 34.440
433.483 34.516
433.665 34.560
433.846 34.590
434.027 34.751
434.208 34.941
434.390 35.056
434.571 35.109
434.752 35.221
434.934 35.288
435.115 35.232
435.296 35.210
435.477 35.310
435.659 35.359
435.840 35.361
436.030 35.480
436.220 35.571
436.410 35.656
436.600 35.758
436.790 35.781
436.980 35.784
437.170 35.788
437.360 35.780
437.550 35.784
437.741 35.853
437.931 35.869
438.121 35.916
438.311 35.989
438.501 36.016
438.691 36.044
438.881 36.079
439.071 36.088
439.261 36.147
439.451 36.205
439.641 36.217
439.831 36.233
440.021 36.223
440.211 36.150
440.401 36.093
440.591 36.117
440.781 36.174
440.971 36.293
441.161 36.370
441.351 36.508
441.542 36.581
441.732 36.621
441.922 36.581
442.112 36.594
442.302 36.582
442.492 36.630
442.682 36.701
442.872 36.793
443.062 36.788
443.252 36.783
443.442 36.768
443.632 36.762
443.822 36.794
444.012 36.871
444.202 36.905
444.392 36.931
444.582 36.883
444.772 36.848
444.962 36.860
445.153 36.828
445.343 36.772
445.533 36.812
445.723 36.857
445.913 36.805
446.103 36.811
446.293 36.873
446.483 36.890
446.673 36.883
446.863 36.962
447.053 37.022
447.243 37.053
447.433 37.077
447.623 37.070
447.813 37.049
448.003 37.000
448.193 36.927
448.383 36.897
448.573 36.976
448.764 36.967
448.954 36.957
449.144 36.971
449.334 36.919
449.524 36.778
449.714 36.699
449.904 36.652
450.094 36.605
450.284 36.605
450.474 36.629
450.664 36.680
450.854 36.728
451.044 36.723
451.234 36.665
451.424 36.558
451.614 36.464
451.804 36.390
451.994 36.290
452.184 36.274
452.375 36.340
452.565 36.270
452.755 36.216
452.945 36.272
453.135 36.255
453.325 36.171
453.515 36.195
453.705 36.198
453.895 36.179
454.085 36.204
454.275 36.176
454.465 36.106
454.655 36.062
454.845 36.004
455.035 35.853
455.225 35.739
455.415 35.687
455.605 35.641
455.795 35.540
455.985 35.496
456.176 35.476
456.366 35.444
456.556 35.289
456.746 35.147
456.936 35.060
457.126 34.937
457.316 34.806
457.506 34.742
457.696 34.726
457.886 34.670
458.076 34.587
458.266 34.506
458.456 34.396
458.646 34.265
458.836 34.151
459.026 34.076
459.216 33.974
459.406 33.895
459.596 33.827
459.787 33.784
459.977 33.704
460.167 33.601
460.357 33.483
460.547 33.417
460.737 33.337
460.927 33.189
461.117 33.120
461.307 33.083
461.497 32.969
461.687 32.751
461.877 32.690
462.067 32.607
462.257 32.436
462.447 32.309
462.637 32.306
462.827 32.259
463.017 32.082
463.207 31.955
463.397 31.823
463.588 31.722
463.778 31.635
463.968 31.590
464.158 31.540
464.348 31.476
464.538 31.314
464.728 31.103
464.918 30.929
465.108 30.804
465.298 30.616
465.488 30.441
465.678 30.317
465.868 30.200
466.058 30.031
466.248 29.925
466.438 29.864
466.628 29.743
466.818 29.587
467.008 29.477
467.199 29.394
467.389 29.242
467.579 29.127
467.769 29.053
467.959 28.919
468.149 28.727
468.339 28.593
468.529 28.433
468.719 28.208
468.909 28.102
469.099 28.034
469.289 27.976
469.479 27.835
469.669 27.714
469.859 27.574
470.049 27.414
470.239 27.158
470.429 26.995
470.619 26.910
470.810 26.775
471.000 26.636
471.190 26.522
471.380 26.438
471.570 26.342
471.760 26.266
471.950 26.168
472.140 26.095
472.330 25.980
472.520 25.827
472.710 25.640
472.900 25.500
473.090 25.339
473.280 25.175
473.470 25.023
473.660 24.897
473.850 24.733
474.040 24.601
474.230 24.497
474.421 24.404
474.611 24.291
474.801 24.166
474.991 24.036
475.181 23.900
475.371 23.764
475.561 23.660
475.751 23.571
475.941 23.448
476.131 23.340
476.321 23.180
476.511 22.979
476.701 22.821
476.891 22.706
477.081 22.547
477.271 22.438
477.461 22.331
477.651 22.199
477.841 21.990
478.031 21.795
478.222 21.646
478.412 21.518
478.602 21.372
478.792 21.315
478.982 21.275
479.172 21.182
479.362 21.089
479.552 21.008
479.742 20.870
479.932 20.715
480.122 20.574
480.312 20.421
480.502 20.269
480.692 20.172
480.882 20.108
481.072 20.041
481.262 19.960
481.452 19.833
481.642 19.708
481.833 19.602
482.023 19.487
482.213 19.364
482.403 19.318
482.593 19.235
482.783 19.116
482.973 18.997
483.163 18.888
483.353 18.778
483.543 18.694
483.733 18.570
483.923 18.415
484.113 18.315
484.303 18.169
484.493 18.018
484.683 17.925
484.873 17.851
485.063 17.734
485.253 17.670
485.443 17.616
485.634 17.508
485.824 17.407
486.014 17.335
486.204 17.198
486.394 17.060
486.584 16.971
486.774 16.902
486.964 16.834
487.154 16.795
487.344 16.707
487.534 16.629
487.724 16.531
487.914 16.404
488.104 16.276
488.294 16.175
488.484 16.053
488.674 15.972
488.864 15.930
489.054 15.878
489.245 15.806
489.435 15.744
489.625 15.660
489.815 15.531
490.005 15.450
490.195 15.427
490.385 15.372
490.575 15.342
490.765 15.274
490.955 15.171
491.145 15.068
491.335 15.030
491.525 14.939
491.715 14.875
491.905 14.812
492.095 14.704
492.285 14.558
492.475 14.445
492.665 14.374
492.856 14.264
493.046 14.193
493.236 14.144
493.426 14.101
493.616 14.023
493.806 13.984
493.996 13.947
494.186 13.854
494.376 13.756
494.566 13.674
494.756 13.599
494.946 13.536
495.136 13.478
495.326 13.429
495.516 13.397
495.706 13.357
495.896 13.275
496.086 13.265
496.276 13.221
496.467 13.129
496.657 13.063
496.847 13.027
497.037 12.952
497.227 12.943
497.417 12.888
497.607 12.833
497.797 12.792
497.987 12.752
498.177 12.628
498.367 12.581
498.557 12.528
498.747 12.423
498.937 12.349
499.127 12.327
499.317 12.294
499.507 12.260
499.697 12.234
499.887 12.164
500.077 12.087
500.268 12.047
500.458 12.020
500.648 12.002
500.838 11.975
501.028 11.922
501.218 11.856
501.408 11.772
501.598 11.715
501.788 11.681
501.978 11.645
502.168 11.616
502.358 11.560
502.548 11.532
502.738 11.477
502.928 11.438
503.118 11.404
503.308 11.387
503.498 11.326
503.688 11.300
503.879 11.317
504.069 11.298
504.259 11.277
504.449 11.255
504.639 11.217
504.829 11.152
505.019 11.090
505.209 11.028
505.399 10.986
505.589 10.962
505.779 10.912
505.969 10.891
506.159 10.889
506.349 10.855
506.539 10.792
506.729 10.766
506.919 10.740
507.109 10.692
507.299 10.670
507.490 10.684
507.680 10.671
507.870 10.639
508.060 10.627
508.250 10.586
508.440 10.538
508.630 10.500
508.820 10.487
509.010 10.468
509.200 10.458
509.390 10.430
509.580 10.395
509.770 10.350
509.960 10.313
510.150 10.282
510.340 10.265
510.530 10.274
510.720 10.260
510.910 10.259
511.100 10.282
511.291 10.290
511.481 10.290
511.671 10.323
511.861 10.293
512.051 10.238
512.241 10.215
512.431 10.260
512.621 10.361
512.811 10.379
513.001 10.430
513.191 10.444
513.381 10.350
513.571 10.196
513.761 10.153
513.951 10.089
514.141 10.061
514.331 10.056
514.521 10.028
514.711 10.020
514.902 10.033
515.092 10.009
515.282 9.992
515.472 10.015
515.662 10.038
515.852 10.049
516.042 10.038
516.232 10.018
516.422 9.995
516.612 9.935
516.802 9.900
516.992 9.916
517.182 9.939
517.372 9.941
517.562 9.953
517.752 9.943
517.942 9.930
518.132 9.935
518.322 9.946
518.513 9.973
518.703 9.992
518.893 10.017
519.083 10.015
519.273 10.021
519.463 10.041
519.653 10.082
519.843 10.115
520.033 10.098
520.223 10.094
520.413 10.085
520.603 10.043
520.793 10.013
520.983 10.050
521.173 10.045
521.363 10.042
521.553 10.043
521.743 10.032
521.933 10.038
522.123 10.064
522.314 10.069
522.504 10.094
522.694 10.150
522.884 10.206
523.074 10.209
523.264 10.192
523.454 10.182
523.644 10.147
523.834 10.109
524.024 10.129
524.214 10.181
524.404 10.221
524.594 10.267
524.784 10.279
524.974 10.273
525.164 10.272
525.354 10.298
525.544 10.285
525.734 10.270
525.925 10.287
526.115 10.318
526.305 10.306
526.495 10.312
526.685 10.355
526.875 10.431
527.065 10.481
527.255 10.505
527.445 10.541
527.635 10.556
527.825 10.514
528.015 10.484
528.205 10.503
528.395 10.544
528.585 10.584
528.775 10.601
528.965 10.627
529.155 10.671
529.345 10.669
529.535 10.688
529.726 10.748
529.916 10.797
530.106 10.793
530.296 10.817
530.486 10.843
530.676 10.871
530.866 10.900
531.056 10.949
531.246 10.996
531.436 11.033
531.626 11.061
531.816 11.086
532.006 11.102
532.196 11.138
532.386 11.153
532.576 11.164
532.766 11.178
532.956 11.196
533.146 11.192
533.337 11.217
533.527 11.254
533.717 11.313
533.907 11.357
534.097 11.398
534.287 11.423
534.477 11.468
534.667 11.495
534.857 11.534
535.047 11.585
535.237 11.640
535.427 11.671
535.617 11.701
535.807 11.751
535.997 11.775
536.187 11.797
536.377 11.835
536.567 11.877
536.757 11.912
536.948 11.966
537.138 12.010
537.328 12.041
537.518 12.093
537.708 12.128
537.898 12.185
538.088 12.246
538.278 12.303
538.468 12.345
538.658 12.396
538.848 12.421
539.038 12.455
539.228 12.476
539.418 12.509
539.608 12.556
539.798 12.609
539.988 12.670
540.178 12.755
540.368 12.793
540.558 12.830
540.749 12.855
540.939 12.885
541.129 12.910
541.319 12.968
541.509 13.014
541.699 13.106
541.889 13.207
542.079 13.478
542.269 13.923
542.459 14.013
542.649 14.073
542.839 14.107
543.029 13.979
543.219 13.654
543.409 13.689
543.599 13.727
543.789 13.781
543.979 13.806
544.169 13.848
544.360 13.929
544.550 13.996
544.740 14.045
544.930 14.103
545.120 14.182
545.310 14.212
545.500 14.249
545.690 14.293
545.880 14.339
546.070 14.377
546.267 14.445
546.463 14.522
546.660 14.599
546.857 14.665
547.054 14.728
547.251 14.791
547.447 14.846
547.644 14.900
547.841 14.951
548.038 14.990
548.234 15.012
548.431 15.051
548.628 15.113
548.825 15.191
549.021 15.288
549.218 15.397
549.415 15.474
549.612 15.524
549.808 15.566
550.005 15.586
550.202 15.614
550.399 15.677
550.595 15.754
550.792 15.820
550.989 15.886
551.186 15.966
551.382 16.039
551.579 16.079
551.776 16.141
551.973 16.242
552.169 16.297
552.366 16.347
552.563 16.431
552.760 16.499
552.956 16.531
553.153 16.587
553.350 16.658
553.547 16.723
553.743 16.806
553.940 16.887
554.137 16.972
554.334 17.020
554.530 17.060
554.727 17.112
554.924 17.166
555.121 17.197
555.317 17.244
555.514 17.324
555.711 17.386
555.908 17.432
556.104 17.516
556.301 17.598
556.498 17.644
556.695 17.697
556.891 17.759
557.088 17.797
557.285 17.851
557.482 17.905
557.678 17.943
557.875 18.027
558.072 18.118
558.269 18.177
558.465 18.245
558.662 18.345
558.859 18.400
559.056 18.436
559.252 18.477
559.449 18.495
559.646 18.503
559.843 18.539
560.039 18.618
560.236 18.708
560.433 18.787
560.630 18.858
560.826 18.917
561.023 18.933
561.220 18.951
561.417 19.012
561.613 19.060
561.810 19.112
562.007 19.171
562.204 19.244
562.400 19.277
562.597 19.316
562.794 19.366
562.991 19.443
563.187 19.511
563.384 19.607
563.581 19.702
563.778 19.764
563.974 19.795
564.171 19.837
564.368 19.870
564.565 19.894
564.761 19.930
564.958 19.974
565.155 20.004
565.352 20.046
565.548 20.129
565.745 20.217
565.942 20.274
566.139 20.342
566.335 20.410
566.532 20.435
566.729 20.454
566.926 20.511
567.122 20.551
567.319 20.594
567.516 20.642
567.713 20.695
567.909 20.732
568.106 20.792
568.303 20.854
568.500 20.907
568.696 20.947
568.893 20.979
569.090 21.001
569.287 21.004
569.483 21.031
569.680 21.086
569.877 21.140
570.074 21.193
570.270 21.266
570.467 21.326
570.664 21.364
570.861 21.398
571.057 21.421
571.254 21.410
571.451 21.416
571.648 21.440
571.844 21.467
572.041 21.496
572.238 21.570
572.435 21.630
572.631 21.708
572.828 21.797
573.025 21.855
573.222 21.888
573.418 21.948
573.615 21.948
573.812 21.961
574.009 22.016
574.205 22.020
574.402 22.038
574.599 22.081
574.796 22.100
574.992 22.103
575.189 22.146
575.386 22.158
575.583 22.177
575.779 22.208
575.976 22.218
576.173 22.259
576.370 22.288
576.567 22.297
576.763 22.329
576.960 22.398
577.158 22.424
577.356 22.446
577.554 22.506
577.752 22.512
577.950 22.509
578.148 22.517
578.346 22.554
578.544 22.583
578.742 22.624
578.940 22.647
579.138 22.697
579.336 22.745
579.534 22.739
579.732 22.745
579.930 22.797
580.128 22.842
580.326 22.848
580.524 22.887
580.722 22.936
580.920 22.955
581.118 22.943
581.316 22.946
581.514 22.948
581.712 22.979
581.909 23.009
582.107 23.024
582.305 23.048
582.503 23.083
582.701 23.095
582.899 23.109
583.097 23.155
583.295 23.188
583.493 23.193
583.691 23.186
583.889 23.188
584.087 23.216
584.285 23.246
584.483 23.303
584.681 23.347
584.879 23.388
585.077 23.405
585.275 23.446
585.473 23.441
585.671 23.418
585.869 23.410
586.067 23.414
586.265 23.425
586.463 23.459
586.661 23.478
586.859 23.482
587.057 23.488
587.255 23.479
587.453 23.476
587.651 23.510
587.849 23.539
588.047 23.548
588.245 23.559
588.443 23.577
588.641 23.613
588.839 23.627
589.037 23.655
589.235 23.677
589.433 23.710
589.631 23.716
589.829 23.743
590.027 23.780
590.225 23.821
590.423 23.820
590.621 23.815
590.819 23.818
591.017 23.795
591.215 23.776
591.413 23.801
591.611 23.840
591.809 23.850
592.006 23.868
592.204 23.876
592.402 23.883
592.600 23.876
592.798 23.885
592.996 23.907
593.194 23.916
593.392 23.933
593.590 23.955
593.788 23.990
593.986 24.013
594.184 24.025
594.382 24.031
594.580 24.070
594.778 24.078
594.976 24.099
595.174 24.148
595.372 24.158
595.570 24.127
595.768 24.122
595.966 24.109
596.164 24.073
596.362 24.064
596.560 24.077
596.758 24.105
596.956 24.131
597.154 24.157
597.352 24.162
597.550 24.164
597.748 24.171
597.946 24.168
598.144 24.181
598.342 24.241
598.540 24.291
598.738 24.318
598.936 24.329
599.134 24.335
599.332 24.324
599.530 24.336
599.728 24.307
599.926 24.318
600.124 24.330
600.322 24.340
600.520 24.348
600.718 24.377
600.916 24.421
601.114 24.475
601.312 24.472
601.510 24.456
601.708 24.495
601.905 24.498
602.103 24.472
602.301 24.521
602.499 24.597
602.697 24.609
602.895 24.630
603.093 24.645
603.291 24.632
603.489 24.612
603.687 24.646
603.885 24.650
604.083 24.668
604.281 24.688
604.479 24.707
604.677 24.690
604.875 24.679
605.073 24.681
605.271 24.697
605.469 24.714
605.667 24.725
605.865 24.747
606.063 24.777
606.261 24.776
606.459 24.750
606.657 24.756
606.855 24.774
607.053 24.776
607.251 24.817
607.449 24.866
607.647 24.889
607.845 24.910
608.043 24.935
608.241 24.948
608.439 24.958
608.637 24.967
608.835 24.969
609.033 24.979
609.231 24.985
609.429 24.988
609.627 25.021
609.825 25.062
610.023 25.092
610.221 25.119
610.419 25.144
610.617 25.150
610.815 25.149
611.013 25.154
611.211 25.147
611.409 25.152
611.607 25.178
611.804 25.207
612.002 25.223
612.200 25.251
612.398 25.272
612.596 25.293
612.794 25.316
612.992 25.347
613.190 25.367
613.388 25.382
613.586 25.384
613.784 25.415
613.982 25.425
614.180 25.473
614.378 25.513
614.576 25.518
614.774 25.513
614.972 25.564
615.170 25.570
615.368 25.562
615.566 25.569
615.764 25.583
615.962 25.577
616.160 25.565
616.358 25.596
616.556 25.637
616.754 25.649
616.952 25.663
617.150 25.703
617.348 25.723
617.546 25.751
617.744 25.760
617.942 25.769
618.140 25.781
618.338 25.782
618.536 25.788
618.734 25.819
618.932 25.834
619.130 25.871
619.328 25.947
619.526 25.997
619.724 26.028
619.922 26.069
620.120 26.077
620.318 26.059
620.516 26.073
620.714 26.128
620.912 26.162
621.110 26.193
621.308 26.214
621.506 26.233
621.704 26.236
621.901 26.239
622.099 26.248
622.297 26.288
622.495 26.339
622.693 26.368
622.891 26.407
623.089 26.443
623.287 26.485
623.485 26.465
623.683 26.452
623.881 26.455
624.079 26.472
624.277 26.462
624.475 26.479
624.673 26.537
624.871 26.603
625.069 26.645
625.267 26.687
625.465 26.747
625.663 26.770
625.861 26.749
626.059 26.765
626.257 26.775
626.455 26.779
626.653 26.806
626.851 26.868
627.049 26.910
627.247 26.953
627.445 26.984
627.643 26.998
627.841 27.000
628.039 27.018
628.237 27.038
628.435 27.095
628.633 27.148
628.831 27.194
629.029 27.214
629.227 27.232
629.425 27.223
629.623 27.221
629.821 27.235
630.019 27.288
630.217 27.358
630.415 27.404
630.613 27.434
630.811 27.459
631.009 27.469
631.207 27.478
631.405 27.504
631.603 27.541
631.801 27.574
631.998 27.590
632.196 27.597
632.394 27.638
632.592 27.659
632.790 27.687
632.988 27.733
633.186 27.765
633.384 27.803
633.582 27.859
633.780 27.916
633.978 27.944
634.176 27.984
634.374 28.014
634.572 28.017
634.770 28.031
634.968 28.047
635.166 28.032
635.364 28.013
635.562 28.061
635.760 28.095
635.958 28.136
636.156 28.210
636.354 28.258
636.552 28.252
636.750 28.260
636.948 28.267
637.146 28.294
637.344 28.324
637.542 28.372
637.740 28.431
637.938 28.510
638.136 28.535
638.334 28.577
638.532 28.609
638.730 28.787
638.928 29.092
639.126 29.129
639.324 29.161
639.522 29.202
639.720 29.085
639.918 28.814
640.116 28.869
640.314 28.920
640.512 28.944
640.710 28.954
640.908 28.994
641.106 29.007
641.304 29.046
641.502 29.101
641.699 29.162
641.897 29.205
642.095 29.261
642.293 29.288
642.491 29.338
642.689 29.357
642.887 29.363
643.085 29.369
643.283 29.377
643.481 29.366
643.679 29.396
643.877 29.443
644.075 29.481
644.273 29.512
644.471 29.554
644.669 29.587
644.867 29.634
645.065 29.660
645.263 29.681
645.461 29.702
645.659 29.720
645.857 29.726
646.055 29.763
646.253 29.828
646.451 29.904
646.649 29.981
646.847 30.036
647.045 30.064
647.243 30.079
647.441 30.091
647.639 30.102
647.837 30.165
648.035 30.253
648.233 30.321
648.431 30.381
648.629 30.420
648.827 30.440
649.025 30.468
649.223 30.483
649.421 30.487
649.619 30.534
649.817 30.565
650.015 30.585
650.213 30.651
650.411 30.726
650.609 30.766
650.807 30.777
651.005 30.811
651.203 30.812
651.401 30.810
651.599 30.834
651.796 30.896
651.994 30.933
652.192 30.989
652.390 31.021
652.588 31.040
652.786 31.060
652.984 31.105
653.182 31.132
653.380 31.169
653.578 31.201
653.776 31.245
653.974 31.284
654.172 31.320
654.370 31.344
654.568 31.395
654.766 31.433
654.964 31.435
655.162 31.453
655.360 31.487
655.558 31.535
655.756 31.577
655.954 31.626
656.152 31.671
656.350 31.739
656.548 31.779
656.746 31.819
656.944 31.857
657.142 31.889
657.340 31.919
657.538 31.945
657.736 31.988
657.934 32.073
658.132 32.154
658.330 32.204
658.528 32.247
658.726 32.285
658.924 32.279
659.122 32.291
659.320 32.311
659.518 32.344
659.716 32.422
659.914 32.486
660.112 32.493
660.310 32.512
660.508 32.551
660.706 32.555
660.904 32.573
661.102 32.667
661.300 32.769
661.498 32.809
661.696 32.838
661.893 32.901
662.091 32.951
662.289 32.995
662.487 33.041
662.685 33.091
662.883 33.149
663.081 33.210
663.279 33.245
663.477 33.288
663.675 33.343
663.873 33.393
664.071 33.432
664.269 33.492
664.467 33.576
664.665 33.635
664.863 33.650
665.061 33.656
665.259 33.698
665.457 33.722
665.655 33.742
665.853 33.772
666.051 33.831
666.249 33.864
666.447 33.883
666.645 33.906
666.843 33.955
667.041 34.005
667.239 34.044
667.437 34.116
667.635 34.180
667.833 34.219
668.031 34.241
668.229 34.271
668.427 34.299
668.625 34.324
668.823 34.387
669.021 34.491
669.219 34.584
669.417 34.596
669.615 34.652
669.813 34.692
670.011 34.686
670.209 34.676
670.407 34.771
670.605 34.864
670.803 34.939
671.001 34.984
671.199 35.026
671.397 35.085
671.595 35.135
671.792 35.161
671.990 35.181
672.188 35.278
672.386 35.325
672.584 35.312
672.782 35.368
672.980 35.492
673.178 35.541
673.376 35.578
673.574 35.682
673.772 35.733
673.970 35.727
674.168 35.722
674.366 35.720
674.564 35.719
674.762 35.745
674.960 35.802
675.158 35.892
675.356 35.971
675.554 36.012
675.752 36.047
675.950 36.075
676.148 36.073
676.346 36.086
676.544 36.146
676.742 36.243
676.940 36.334
677.138 36.422
677.336 36.509
677.534 36.583
677.732 36.594
677.930 36.613
678.128 36.652
678.326 36.700
678.524 36.765
678.722 36.836
678.920 36.923
679.118 36.971
679.316 37.035
679.514 37.049
679.712 37.102
679.910 37.136
680.108 37.200
680.306 37.244
680.504 37.287
680.702 37.307
680.900 37.319
681.098 37.340
681.296 37.396
681.494 37.457
681.691 37.531
681.889 37.638
682.087 37.763
682.285 37.824
682.483 37.865
682.681 37.877
682.879 37.852
683.077 37.836
683.275 37.874
683.473 37.963
683.671 38.073
683.869 38.148
684.067 38.203
684.265 38.244
684.463 38.262
684.661 38.305
684.859 38.407
685.057 38.504
685.255 38.585
685.453 38.659
685.651 38.686
685.849 38.737
686.047 38.773
686.245 38.827
686.443 38.896
686.641 38.999
686.839 39.065
687.037 39.100
687.235 39.158
687.433 39.223
687.631 39.231
687.829 39.244
688.027 39.304
688.225 39.340
688.423 39.365
688.621 39.423
688.819 39.531
689.017 39.592
689.215 39.628
689.413 39.705
689.611 39.784
689.809 39.797
690.007 39.840
690.205 39.919
690.403 39.945
690.601 39.996
690.799 40.068
690.997 40.134
691.195 40.182
691.393 40.279
691.591 40.346
691.788 40.399
691.986 40.475
692.184 40.569
692.382 40.608
692.580 40.672
692.778 40.750
692.976 40.816
693.174 40.869
693.372 40.909
693.570 40.931
693.768 40.983
693.966 41.035
694.164 41.075
694.362 41.150
694.560 41.218
694.758 41.222
694.956 41.230
695.154 41.301
695.352 41.345
695.550 41.364
695.748 41.471
695.946 41.587
696.144 41.610
696.342 41.653
696.540 41.735
696.744 41.768
696.948 41.813
697.152 41.871
697.357 41.923
697.561 42.022
697.765 42.086
697.969 42.146
698.173 42.218
698.377 42.300
698.581 42.324
698.786 42.397
698.990 42.450
699.194 42.538
699.398 42.605
699.602 42.654
699.806 42.707
700.010 42.724
700.215 42.685
700.419 42.686
700.623 42.741
700.827 42.770
701.031 42.825
701.235 42.926
701.440 42.990
701.644 43.017
701.848 43.058
702.052 43.092
702.256 43.150
702.460 43.254
702.664 43.320
702.869 43.348
703.073 43.389
703.277 43.399
703.481 43.417
703.685 43.463
703.889 43.558
704.093 43.696
704.298 43.836
704.502 43.869
704.706 43.915
704.910 43.931
705.114 43.939
705.318 43.943
705.522 43.990
705.727 44.024
705.931 44.099
706.135 44.132
706.339 44.189
706.543 44.285
706.747 44.360
706.951 44.403
707.156 44.475
707.360 44.548
707.564 44.605
707.768 44.664
707.972 44.725
708.176 44.768
708.380 44.738
708.585 44.723
708.789 44.758
708.993 44.814
709.197 44.860
709.401 44.917
709.605 44.967
709.810 45.019
710.014 44.997
710.218 45.019
710.422 45.120
710.626 45.223
710.830 45.312
711.034 45.430
711.239 45.560
711.443 45.602
711.647 45.611
711.851 45.612
712.055 45.645
712.259 45.647
712.463 45.665
712.668 45.708
712.872 45.794
713.076 45.841
713.280 45.858
713.484 45.910
713.688 45.977
713.892 46.053
714.097 46.134
714.301 46.182
714.505 46.233
714.709 46.287
714.913 46.308
715.117 46.310
715.321 46.365
715.526 46.430
715.730 46.482
715.934 46.484
716.138 46.547
716.342 46.607
716.546 46.609
716.750 46.625
716.955 46.697
717.159 46.722
717.363 46.752
717.567 46.830
717.771 46.885
717.975 46.897
718.180 46.922
718.384 46.946
718.588 46.979
718.792 47.024
718.996 47.081
719.200 47.153
719.404 47.235
719.609 47.296
719.813 47.302
720.017 47.327
720.221 47.357
720.425 47.351
720.629 47.342
720.833 47.393
721.038 47.457
721.242 47.513
721.446 47.602
721.650 47.663
721.854 47.711
722.058 47.740
722.262 47.730
722.467 47.696
722.671 47.770
722.875 47.807
723.079 47.800
723.283 47.835
723.487 47.911
723.691 47.907
723.896 47.929
724.100 48.008
724.304 48.049
724.508 48.054
724.712 48.060
724.916 48.086
725.120 48.098
725.325 48.112
725.529 48.161
725.733 48.247
725.937 48.317
726.141 48.364
726.345 48.444
726.550 48.481
726.754 48.481
726.958 48.473
727.162 48.462
727.366 48.433
727.570 48.448
727.774 48.461
727.979 48.474
728.183 48.587
728.387 48.738
728.591 48.782
728.795 48.827
728.999 48.892
729.203 48.875
729.408 48.820
729.612 48.835
729.816 48.832
730.020 48.853
730.224 48.946
730.428 49.018
730.632 49.058
730.837 49.121
731.041 49.139
731.245 49.080
731.449 49.111
731.653 49.183
731.857 49.207
732.061 49.239
732.266 49.302
732.470 49.258
732.674 49.217
732.878 49.252
733.082 49.261
733.286 49.266
733.490 49.350
733.695 49.427
733.899 49.491
734.103 49.571
734.307 49.618
734.511 49.611
734.715 49.633
734.920 49.649
735.124 49.609
735.328 49.602
735.532 49.660
735.736 49.674
735.940 49.721
736.144 49.819
736.349 49.926
736.553 50.014
736.757 50.041
736.961 50.004
737.165 49.975
737.369 49.920
737.573 49.871
737.778 49.899
737.982 49.943
738.186 49.982
738.390 49.993
738.594 49.993
738.798 50.003
739.002 50.027
739.207 50.032
739.411 50.108
739.615 50.161
739.819 50.202
740.023 50.260
740.227 50.309
740.431 50.298
740.636 50.315
740.840 50.356
741.044 50.347
741.248 50.351
741.452 50.368
741.656 50.354
741.860 50.348
742.065 50.366
742.269 50.416
742.473 50.445
742.677 50.449
742.881 50.438
743.085 50.485
743.290 50.477
743.494 50.477
743.698 50.527
743.902 50.553
744.106 50.509
744.310 50.498
744.514 50.491
744.719 50.500
744.923 50.474
745.127 50.488
745.331 50.512
745.535 50.583
745.739 50.636
745.943 50.779
746.148 50.809
746.352 50.789
746.556 50.761
746.760 50.720
746.964 50.664
747.168 50.683
747.372 50.734
747.577 50.799
747.781 50.837
747.985 50.861
748.189 50.877
748.393 50.964
748.597 51.010
748.801 51.005
749.006 50.967
749.210 51.021
749.414 51.007
749.618 50.954
749.822 50.981
750.026 51.007
750.230 50.948
750.435 50.918
750.639 50.976
750.843 51.027
751.047 51.039
751.251 51.118
751.455 51.178
751.660 51.164
751.864 51.138
752.068 51.148
752.272 51.075
752.476 51.041
752.680 51.016
752.884 51.035
753.089 51.083
753.293 51.152
753.497 51.177
753.701 51.228
753.905 51.247
754.109 51.267
754.313 51.233
754.518 51.249
754.722 51.204
754.926 51.211
755.130 51.214
755.334 51.232
755.538 51.259
755.742 51.290
755.947 51.232
756.151 51.157
756.355 51.124
756.559 51.114
756.763 51.153
756.967 51.254
757.171 51.308
757.376 51.334
757.580 51.311
757.784 51.290
757.988 51.211
758.192 51.214
758.396 51.286
758.600 51.274
758.805 51.243
759.009 51.315
759.213 51.350
759.417 51.334
759.621 51.476
759.825 51.646
760.030 51.682
760.234 51.657
760.438 51.677
760.642 51.642
760.846 51.552
761.050 51.511
761.254 51.514
761.459 51.495
761.663 51.415
761.867 51.387
762.071 51.420
762.275 51.457
762.479 51.439
762.683 51.403
762.888 51.360
763.092 51.321
763.296 51.299
763.500 51.318
763.709 51.366
763.918 51.454
764.126 51.499
764.335 51.494
764.544 51.528
764.753 51.541
764.962 51.544
765.171 51.576
765.379 51.649
765.588 51.629
765.797 51.658
766.006 51.669
766.215 51.646
766.424 51.567
766.632 51.568
766.841 51.586
767.050 51.555
767.259 51.518
767.468 51.555
767.677 51.541
767.885 51.505
768.094 51.544
768.303 51.565
768.512 51.535
768.721 51.558
768.929 51.585
769.138 51.538
769.347 51.515
769.556 51.532
769.765 51.560
769.974 51.520
770.182 51.508
770.391 51.494
770.600 51.513
770.809 51.518
771.018 51.549
771.227 51.552
771.435 51.580
771.644 51.558
771.853 51.485
772.062 51.464
772.271 51.517
772.480 51.510
772.688 51.501
772.897 51.498
773.106 51.487
773.315 51.486
773.524 51.530
773.732 51.628
773.941 51.699
774.150 51.742
774.359 51.694
774.568 51.695
774.777 51.629
774.985 51.574
775.194 51.523
775.403 51.552
775.612 51.518
775.821 51.549
776.030 51.584
776.238 51.628
776.447 51.655
776.656 51.644
776.865 51.611
777.074 51.611
777.283 51.673
777.491 51.660
777.700 51.718
777.909 51.793
778.118 51.846
778.327 51.826
778.535 51.818
778.744 51.779
778.953 51.721
779.162 51.701
779.371 51.687
779.580 51.710
779.788 51.716
779.997 51.666
780.206 51.609
780.415 51.620
780.624 51.639
780.833 51.606
781.041 51.546
781.250 51.493
781.459 51.422
781.668 51.358
781.877 51.374
782.086 51.463
782.294 51.566
782.503 51.591
782.712 51.571
782.921 51.546
783.130 51.559
783.338 51.519
783.547 51.511
783.756 51.581
783.965 51.653
784.174 51.607
784.383 51.650
784.591 51.748
784.800 51.785
785.009 51.771
785.218 51.848
785.427 51.831
785.636 51.744
785.844 51.664
786.053 51.660
786.262 51.655
786.471 51.637
786.680 51.564
786.889 51.561
787.097 51.562
787.306 51.513
787.515 51.520
787.724 51.591
787.933 51.581
788.141 51.564
788.350 51.637
788.559 51.676
788.768 51.667
788.977 51.659
789.186 51.640
789.394 51.570
789.603 51.510
789.812 51.437
790.021 51.357
790.230 51.307
790.439 51.259
790.647 51.203
790.856 51.232
791.065 51.355
791.274 51.411
791.483 51.388
791.692 51.447
791.900 51.487
792.109 51.483
792.318 51.478
792.527 51.478
792.736 51.502
792.944 51.557
793.153 51.548
793.362 51.522
793.571 51.579
793.780 51.562
793.989 51.523
794.197 51.481
794.406 51.484
794.615 51.508
794.824 51.516
795.033 51.454
795.242 51.426
795.450 51.483
795.659 51.501
795.868 51.513
796.077 51.537
796.286 51.591
796.495 51.502
796.703 51.465
796.912 51.445
797.121 51.422
797.330 51.479
797.539 51.560
797.747 51.550
797.956 51.552
798.165 51.549
798.374 51.422
798.583 51.420
798.792 51.496
799.000 51.542
799.209 51.541
799.418 51.606
799.627 51.561
799.836 51.464
800.045 51.388
800.253 51.432
800.462 51.382
800.671 51.420
800.880 51.392
801.089 51.324
801.298 51.246
801.506 51.300
801.715 51.352
801.924 51.418
802.133 51.454
802.342 51.528
802.550 51.558
802.759 51.460
802.968 51.529
803.177 51.617
803.386 51.656
803.595 51.632
803.803 51.648
804.012 51.608
804.221 51.552
804.430 51.528
804.639 51.496
804.848 51.466
805.056 51.396
805.265 51.367
805.474 51.335
805.683 51.404
805.892 51.419
806.101 51.416
806.309 51.464
806.518 51.524
806.727 51.562
806.936 51.534
807.145 51.583
807.353 51.625
807.562 51.618
807.771 51.569
807.980 51.596
808.189 51.557
808.398 51.615
808.606 51.657
808.815 51.530
809.024 51.484
809.233 51.467
809.442 51.324
809.651 51.164
809.859 51.245
810.068 51.285
810.277 51.247
810.486 51.249
810.695 51.403
810.904 51.424
811.112 51.413
811.321 51.479
811.530 51.541
811.740 51.489
811.949 51.409
812.159 51.425
812.368 51.429
812.578 51.341
812.787 51.259
812.997 51.301
813.206 51.347
813.416 51.508
813.625 51.833
813.835 52.016
814.044 52.132
814.254 52.122
814.463 51.935
814.673 51.624
814.882 51.551
815.092 51.422
815.301 51.395
815.511 51.448
815.720 51.461
815.930 51.338
816.139 51.316
816.349 51.216
816.558 51.138
816.768 51.136
816.977 51.107
817.187 51.097
817.396 51.228
817.606 51.236
817.815 51.217
818.025 51.249
818.234 51.309
818.444 51.362
818.653 51.396
818.863 51.401
819.072 51.422
819.282 51.384
819.491 51.258
819.701 51.271
819.910 51.347
820.120 51.386
820.329 51.378
820.539 51.416
820.748 51.430
820.958 51.476
821.167 51.492
821.377 51.515
821.586 51.525
821.796 51.574
822.005 51.516
822.215 51.388
822.424 51.236
822.634 51.191
822.843 51.197
823.053 51.133
823.262 51.230
823.472 51.449
823.681 51.452
823.891 51.416
824.100 51.509
824.310 51.512
824.519 51.467
824.729 51.565
824.938 51.604
825.148 51.453
825.357 51.291
825.567 51.148
825.776 51.028
825.986 50.979
826.195 51.145
826.405 51.363
826.614 51.523
826.824 51.513
827.033 51.489
827.243 51.509
827.452 51.512
827.662 51.467
827.871 51.480
828.081 51.453
828.290 51.412
828.500 51.390
828.709 51.464
828.919 51.586
829.128 51.552
829.338 51.546
829.547 51.558
829.757 51.426
829.966 51.266
830.176 51.311
830.385 51.220
830.595 51.100
830.804 51.082
831.014 51.164
831.223 51.221
831.433 51.197
831.642 51.246
831.852 51.355
832.061 51.306
832.271 51.245
832.480 51.249
832.690 51.176
832.899 51.184
833.109 51.367
833.318 51.421
833.528 51.536
833.737 51.733
833.947 51.732
834.156 51.615
834.366 51.502
834.575 51.468
834.785 51.481
834.994 51.546
835.204 51.469
835.413 51.535
835.623 51.572
835.832 51.397
836.042 51.226
836.251 51.256
836.461 51.253
836.670 51.239
836.880 51.435
837.089 51.537
837.299 51.555
837.508 51.557
837.718 51.577
837.927 51.436
838.137 51.438
838.346 51.448
838.556 51.481
838.765 51.398
838.975 51.426
839.184 51.478
839.394 51.488
839.603 51.501
839.813 51.511
840.022 51.435
840.232 51.375
840.441 51.376
840.651 51.347
840.860 51.480
841.070 51.646
841.279 51.716
841.489 51.806
841.698 51.889
841.908 51.868
842.117 51.815
842.327 51.735
842.536 51.512
842.746 51.229
842.955 50.964
843.165 50.942
843.374 51.050
843.584 51.242
843.793 51.551
844.003 51.852
844.212 51.925
844.422 51.868
844.631 51.947
844.841 51.912
845.050 51.741
845.260 51.572
845.469 51.579
845.679 51.500
845.888 51.482
846.098 51.578
846.307 51.704
846.517 51.699
846.726 51.692
846.936 51.658
847.145 51.631
847.355 51.598
847.564 51.748
847.774 51.816
847.983 51.892
848.193 51.948
848.402 52.412
848.612 52.951
848.821 52.951
849.031 53.009
849.240 53.029
849.450 52.572
849.659 51.853
849.869 51.734
850.078 51.617
850.288 51.500
850.497 51.425
850.707 51.392
850.916 51.563
851.126 51.592
851.335 51.561
851.545 51.641
851.754 51.715
851.964 51.610
852.173 51.605
852.383 51.876
852.592 51.998
852.802 52.002
853.011 51.973
853.221 52.005
853.430 51.989
853.640 51.976
853.849 51.975
854.059 52.041
854.268 52.073
854.478 52.029
854.687 51.999
854.897 52.053
855.106 52.075
855.316 52.049
855.525 52.034
855.735 52.123
855.944 52.062
856.154 51.926
856.363 51.808
856.573 51.689
856.782 51.652
856.992 51.775
857.201 51.956
857.411 51.992
857.620 52.092
857.830 52.094
858.039 51.927
858.249 51.809
858.458 51.944
858.668 51.880
858.877 51.703
859.087 51.773
859.296 51.779
859.506 51.676
859.715 51.752
859.925 51.892
860.134 51.890
860.344 51.895
860.553 51.925
860.763 51.932
860.972 51.794
861.182 51.759
861.391 51.834
861.601 51.802
861.810 51.738
862.020 51.916
862.229 51.830
862.439 51.728
862.648 51.731
862.858 51.709
863.067 51.719
863.277 51.994
863.486 52.011
863.696 51.969
863.905 52.026
864.115 52.067
864.324 51.996
864.534 52.087
864.743 52.304
864.953 52.427
865.162 52.400
865.372 52.375
865.581 52.327
865.791 52.281
866.000 52.180
866.210 52.007
866.419 52.132
866.629 52.209
866.838 52.245
867.048 52.271
867.257 52.314
867.467 52.119
867.676 52.184
867.886 52.297
868.095 52.406
868.305 52.647
868.514 52.895
868.724 52.802
868.933 52.559
869.143 52.572
869.352 52.353
869.562 52.194
869.771 52.155
869.981 52.116
870.190 52.009
870.400 52.195
870.609 52.212
870.819 52.258
871.028 52.391
871.238 52.488
871.447 52.413
871.657 52.575
871.866 52.796
872.076 52.777
872.285 52.597
872.495 52.448
872.704 52.489
872.914 52.368
873.123 52.444
873.333 52.558
873.542 52.807
873.752 52.810
873.961 52.905
874.171 52.914
874.380 52.952
874.590 52.975
874.799 52.811
875.009 52.671
875.218 52.728
875.428 52.942
875.637 53.086
875.847 53.459
876.056 53.434
876.266 53.445
876.475 53.528
876.685 53.488
876.894 53.248
877.104 53.475
877.313 53.649
877.523 53.632
877.732 53.567
877.942 53.485
878.151 53.478
878.361 53.267
878.570 52.964
878.780 52.928
878.989 52.864
879.199 52.639
879.408 52.538
879.618 52.615
879.827 52.864
880.037 52.989
880.246 52.900
880.456 53.150
880.665 53.306
880.875 53.231
881.084 53.275
881.294 53.453
881.503 53.452
881.713 53.567
881.922 53.484
882.132 53.373
882.341 53.446
882.551 53.466
882.760 53.099
882.970 52.972
883.179 53.177
883.389 53.325
883.598 53.138
883.808 53.409
884.017 53.550
884.227 53.425
884.436 53.331
884.646 53.577
884.855 53.391
885.065 53.179
885.274 53.132
885.484 53.032
885.693 52.926
885.903 53.175
886.112 53.630
886.322 53.924
886.531 53.858
886.741 53.800
886.950 53.800
887.160 53.631
887.369 53.447
887.579 53.607
887.788 53.607
887.998 53.152
888.207 52.893
888.417 52.686
888.626 52.698
888.836 52.860
889.045 53.107
889.255 53.135
889.464 53.163
889.674 53.071
889.883 52.990
890.093 53.151
890.302 53.124
890.512 53.016
890.721 52.966
890.931 52.822
891.140 52.806
891.350 53.109
891.559 53.336
891.769 53.482
891.978 53.510
892.188 53.464
892.397 53.362
892.607 53.401
892.816 53.532
893.026 53.652
893.235 53.572
893.445 53.588
893.654 53.441
893.864 53.065
894.073 53.082
894.283 53.205
894.492 53.250
894.702 53.434
894.911 53.598
895.121 53.509
895.330 53.418
895.540 53.370
895.749 53.304
895.959 53.262
896.168 53.372
896.378 53.576
896.587 53.637
896.797 53.767
897.006 54.002
897.216 54.198
897.425 54.082
897.635 53.953
897.844 54.000
898.054 53.761
898.263 53.363
898.473 53.387
898.682 53.464
898.892 53.276
899.101 53.304
899.311 53.364
899.520 53.475
899.730 53.582
899.939 53.612
900.149 53.603
900.358 53.606
900.568 53.367
900.777 53.262
900.987 53.420
901.196 53.690
901.406 53.959
901.615 54.003
901.825 53.886
902.034 53.709
902.244 53.465
902.453 53.416
902.663 53.468
902.872 53.575
903.082 53.761
903.291 53.804
903.501 53.623
903.710 53.731
903.920 53.856
904.129 53.926
904.339 54.032
904.548 54.402
904.758 54.376
904.967 54.307
905.177 54.130
905.386 53.920
905.596 53.574
905.805 53.467
906.015 53.447
906.224 53.593
906.434 54.019
906.643 54.331
906.853 54.488
907.062 54.534
907.272 54.414
907.481 54.089
907.691 54.019
907.900 53.860
908.110 53.930
908.319 54.287
908.529 54.579
908.738 54.541
908.948 54.589
909.157 54.310
909.367 53.743
909.576 53.414
909.786 53.099
909.995 53.008
910.205 53.469
910.414 53.978
910.624 54.285
910.833 54.385
911.043 54.351
911.252 54.221
911.462 54.198
911.672 54.218
911.881 54.495
912.091 54.857
912.300 54.824
912.512 54.613
912.724 54.420
912.937 54.354
913.149 54.097
913.361 53.974
913.573 54.180
913.786 54.659
913.998 54.846
914.210 54.830
914.422 54.910
914.634 54.840
914.847 54.327
915.059 54.070
915.271 54.178
915.483 54.308
915.696 54.190
915.908 54.383
916.120 54.360
916.332 54.373
916.544 54.402
916.757 54.517
916.969 54.654
917.181 54.997
917.393 55.264
917.606 55.159
917.818 55.144
918.030 55.015
918.242 54.759
918.454 54.644
918.667 54.755
918.879 54.788
919.091 54.675
919.303 54.687
919.516 54.554
919.728 54.499
919.940 54.354
920.152 54.376
920.364 54.360
920.577 54.683
920.789 54.625
921.001 54.550
921.213 54.568
921.426 54.507
921.638 54.172
921.850 54.513
922.062 55.095
922.274 55.411
922.487 55.263
922.699 55.023
922.911 54.555
923.123 54.161
923.336 54.052
923.548 54.541
923.760 55.086
923.972 55.471
924.184 55.659
924.397 55.756
924.609 55.709
924.821 55.350
925.033 54.903
925.246 54.856
925.458 55.003
925.670 54.949
925.882 55.121
926.094 55.535
926.307 55.576
926.519 55.319
926.731 55.078
926.943 54.729
927.156 54.308
927.368 54.181
927.580 54.231
927.792 54.414
928.004 54.691
928.217 55.078
928.429 55.483
928.641 55.931
928.853 56.297
929.066 56.817
929.278 56.909
929.490 56.786
929.702 56.424
929.914 56.357
930.127 56.085
930.339 56.180
930.551 56.164
930.763 56.115
930.976 55.894
931.188 55.958
931.400 55.721
931.612 55.569
931.824 55.626
932.037 55.834
932.249 55.959
932.461 56.148
932.673 56.228
932.886 56.446
933.098 56.244
933.310 56.131
933.522 56.141
933.734 56.390
933.947 56.654
934.159 56.789
934.371 56.886
934.583 56.777
934.796 56.149
935.008 55.149
935.220 54.636
935.432 53.951
935.644 53.736
935.857 54.291
936.069 54.539
936.281 54.945
936.493 55.605
936.706 55.883
936.918 55.854
937.130 55.789
937.342 55.910
937.554 56.201
937.767 56.046
937.979 55.949
938.191 56.438
938.403 56.763
938.616 56.619
938.828 56.610
939.040 56.629
939.252 56.486
939.464 56.499
939.677 56.935
939.889 57.578
940.101 57.582
940.313 57.954
940.526 57.937
940.738 57.453
940.950 57.567
941.162 57.961
941.374 57.634
941.587 57.418
941.799 57.401
942.011 57.250
942.223 57.944
942.436 58.503
942.648 58.689
942.860 58.863
943.072 58.432
943.284 57.339
943.497 56.920
943.709 56.732
943.921 56.727
944.133 56.839
944.346 57.046
944.558 57.206
944.770 57.832
944.982 58.150
945.194 58.544
945.407 58.817
945.619 58.993
945.831 58.716
946.043 58.458
946.256 57.830
946.468 57.828
946.680 58.144
946.892 58.678
947.104 59.040
947.317 59.265
947.529 59.043
947.741 58.738
947.953 58.220
948.166 57.612
948.378 58.359
948.590 58.936
948.802 58.537
949.014 59.115
949.227 60.319
949.439 60.029
949.651 59.785
949.863 60.126
950.076 59.204
950.288 59.070
950.500 60.052
950.712 60.320
950.924 60.941
951.137 61.884
951.349 61.319
951.561 60.455
951.773 61.351
951.986 62.350
952.198 62.431
952.410 63.331
952.622 63.255
952.834 61.763
953.047 59.816
953.259 58.651
953.471 57.320
953.683 57.324
953.896 56.897
954.108 56.873
954.320 57.518
954.532 58.879
954.744 59.832
954.957 60.354
955.169 60.212
955.381 59.926
955.593 59.015
955.806 57.764
956.018 58.182
956.230 58.204
956.442 57.613
956.654 57.274
956.867 57.790
957.079 57.345
957.291 57.875
957.503 58.158
957.716 58.112
957.928 58.352
958.140 59.250
958.352 59.477
958.564 60.281
958.777 60.381
958.989 59.930
959.201 59.220
959.413 58.752
959.626 58.272
959.838 59.055
960.050 59.283
960.262 58.669
960.474 58.417
960.687 58.748
960.899 58.497
961.111 58.871
961.323 61.108
961.536 62.689
961.748 62.949
961.960 63.178
962.172 62.643
962.384 61.355
962.597 60.513
962.809 59.557
963.021 57.987
963.233 57.908
963.446 58.426
963.658 58.209
963.870 57.964
964.082 58.403
964.294 57.800
964.507 57.172
964.719 57.775
964.931 58.821
965.143 59.028
965.356 59.998
965.568 60.005
965.780 59.413
966.000 59.779
966.221 60.129
966.441 60.148
966.662 60.193
966.882 60.014
967.103 59.594
967.323 60.457
967.543 60.924
967.764 60.796
967.984 60.595
968.205 60.380
968.425 59.384
968.645 57.848
968.866 57.136
969.086 57.234
969.307 56.519
969.527 56.287
969.748 57.392
969.968 58.397
970.188 58.901
970.409 59.454
970.629 59.526
970.850 59.108
971.070 58.490
971.290 58.506
971.511 60.094
971.731 60.298
971.952 60.952
972.172 61.321
972.393 61.450
972.613 60.955
972.833 60.870
973.054 60.536
973.274 60.832
973.495 60.680
973.715 60.701
973.936 61.327
974.156 61.061
974.376 61.686
974.597 62.719
974.817 62.034
975.038 62.211
975.258 62.906
975.478 61.698
975.699 60.920
975.919 61.281
976.140 61.758
976.360 61.825
976.581 62.519
976.801 63.164
977.021 63.425
977.242 62.584
977.462 62.253
977.683 61.823
977.903 59.867
978.123 59.524
978.344 61.138
978.564 61.434
978.785 62.607
979.005 64.302
979.226 64.220
979.446 62.737
979.666 63.324
979.887 63.336
980.107 63.696
980.328 64.390
980.548 65.099
980.769 65.816
980.989 67.250
981.209 67.650
981.430 67.265
981.650 65.702
981.871 64.593
982.091 63.488
982.311 62.722
982.532 62.660
982.752 63.126
982.973 63.085
983.193 61.408
983.414 60.577
983.634 60.614
983.854 61.436
984.075 61.630
984.295 62.454
984.516 62.169
984.736 62.157
984.956 62.207
985.177 61.156
985.397 61.166
985.618 62.274
985.838 61.818
986.059 60.541
986.279 61.150
986.499 60.956
986.720 60.355
986.940 60.378
987.161 61.011
987.381 61.105
987.602 61.865
987.822 61.590
988.042 60.232
988.263 60.297
988.483 60.868
988.704 59.594
988.924 59.614
989.144 60.955
989.365 60.508
989.585 59.009
989.806 59.777
990.026 61.356
990.247 62.704
990.467 63.232
990.687 62.904
990.908 62.312
991.128 60.824
991.349 60.813
991.569 62.092
991.789 63.467
992.010 64.815
992.230 66.290
992.451 66.072
992.671 65.905
992.892 65.514
993.112 63.431
993.332 63.044
993.553 64.845
993.773 65.977
993.994 65.972
994.214 66.867
994.435 67.239
994.655 64.075
994.875 62.044
995.096 61.969
995.316 62.572
995.537 61.692
995.757 63.389
995.977 64.611
996.198 63.488
996.418 61.142
996.639 60.318
996.859 56.585
997.080 53.169
997.300 54.471
997.520 56.543
997.741 57.291
997.961 60.460
998.182 62.313
998.402 59.911
998.622 58.916
998.843 58.058
999.063 55.862
999.284 57.187
999.504 61.592
999.725 61.834
999.945 62.826
1000.165 63.525
1000.386 61.584
1000.606 60.221
1000.827 62.985
1001.047 63.972
1001.268 65.508
1001.488 67.286
1001.708 66.486
1001.929 62.676
1002.149 62.667
1002.370 64.642
1002.590 64.807
1002.810 65.507
1003.031 64.647
1003.251 63.176
1003.472 62.271
1003.692 60.728
1003.913 60.021
1004.133 64.385
1004.353 66.346
1004.574 66.183
1004.794 65.645
1005.015 67.631
1005.235 68.071
1005.455 69.148
1005.676 70.898
1005.896 70.833
1006.117 67.642
1006.337 65.230
1006.558 62.513
1006.778 58.369
1006.998 59.795
1007.219 64.156
1007.439 64.752
1007.660 63.405
1007.880 64.328
1008.101 62.660
1008.321 59.231
1008.541 59.605
1008.762 61.243
1008.982 58.691
1009.203 60.239
1009.423 62.540
1009.643 63.824
1009.864 65.936
1010.084 67.784
1010.305 65.872
1010.525 64.101
1010.746 59.387
1010.966 56.255
1011.186 58.398
1011.407 58.967
1011.627 53.800
1011.848 53.672
1012.068 53.952
1012.288 50.747
1012.509 49.314
1012.729 52.437
1012.950 53.749
