290.982 104.016
291.167 103.605
291.352 98.935
291.537 95.476
291.722 95.675
291.907 95.685
292.091 93.910
292.276 94.335
292.461 92.618
292.646 91.819
292.831 88.103
293.016 85.718
293.201 84.864
293.386 86.083
293.571 81.717
293.756 78.607
293.940 78.337
294.125 78.761
294.310 77.632
294.495 79.268
294.680 83.782
294.865 84.273
295.050 83.684
295.235 82.654
295.420 80.976
295.605 78.735
295.789 77.406
295.974 75.476
296.159 74.709
296.344 77.791
296.529 78.652
296.714 77.161
296.899 75.711
297.084 76.109
297.269 73.998
297.454 73.037
297.638 76.828
297.823 78.010
298.008 78.756
298.193 79.752
298.378 80.904
298.563 77.876
298.748 78.346
298.933 78.161
299.118 77.829
299.303 79.557
299.487 81.045
299.672 80.776
299.857 80.611
300.042 78.270
300.227 72.852
300.412 70.187
300.597 71.626
300.782 69.921
300.967 70.020
301.152 72.127
301.336 73.371
301.521 72.437
301.706 73.133
301.891 73.239
302.076 72.860
302.261 74.850
302.446 74.603
302.631 75.916
302.816 77.960
303.001 79.759
303.185 77.890
303.370 78.768
303.555 77.966
303.740 73.677
303.925 69.784
304.110 69.042
304.295 66.164
304.480 63.992
304.665 65.505
304.850 67.360
305.034 67.215
305.219 66.253
305.404 66.145
305.589 65.627
305.774 63.819
305.959 63.127
306.144 64.415
306.329 64.847
306.514 66.283
306.699 66.567
306.883 63.976
307.068 60.742
307.253 58.774
307.438 57.093
307.623 56.767
307.808 58.282
307.993 60.330
308.178 61.096
308.363 59.500
308.548 57.974
308.732 56.572
308.917 54.902
309.102 55.863
309.287 58.960
309.472 61.228
309.657 62.938
309.842 63.523
310.027 62.694
310.212 61.092
310.397 57.668
310.581 54.256
310.766 53.129
310.951 51.922
311.136 50.549
311.321 52.359
311.506 55.315
311.691 55.679
311.876 55.146
312.061 55.160
312.245 55.770
312.430 53.952
312.615 52.251
312.800 54.753
312.985 57.146
313.170 56.820
313.347 57.463
313.523 57.958
313.700 54.183
313.877 51.438
314.054 49.242
314.230 49.101
314.407 49.587
314.584 51.144
314.761 51.791
314.937 51.761
315.114 51.407
315.291 51.331
315.467 49.904
315.644 49.336
315.821 49.916
315.998 48.666
316.174 46.256
316.351 45.131
316.528 43.326
316.704 42.275
316.881 42.905
317.058 44.900
317.235 45.266
317.411 45.157
317.588 45.981
317.765 47.268
317.942 48.241
318.118 49.668
318.295 50.046
318.472 48.861
318.648 47.736
318.825 46.476
319.002 44.904
319.179 45.083
319.355 45.492
319.532 44.011
319.709 43.589
319.885 44.344
320.062 44.855
320.239 43.839
320.416 45.043
320.592 46.432
320.769 45.949
320.946 45.358
321.123 46.217
321.299 45.547
321.476 44.013
321.653 44.396
321.829 44.086
322.006 43.133
322.183 42.443
322.360 41.898
322.536 40.915
322.713 40.375
322.890 40.294
323.066 40.457
323.243 41.370
323.420 41.462
323.597 40.822
323.773 41.542
323.950 43.817
324.127 43.458
324.304 41.794
324.480 42.954
324.657 43.476
324.834 41.036
325.010 39.958
325.187 41.495
325.364 40.459
325.541 39.053
325.717 38.630
325.894 39.153
326.071 37.888
326.248 37.529
326.424 37.356
326.601 36.725
326.778 36.184
326.954 37.577
327.131 38.140
327.308 37.655
327.485 37.609
327.661 36.876
327.838 35.215
328.015 34.629
328.191 34.925
328.368 35.128
328.545 35.506
328.722 35.645
328.898 34.723
329.075 33.116
329.252 32.364
329.429 33.420
329.605 34.215
329.782 34.419
329.959 34.762
330.135 35.720
330.312 34.698
330.489 33.740
330.666 33.233
330.842 33.996
331.019 33.281
331.196 32.450
331.372 32.007
331.549 32.011
331.726 31.913
331.903 31.749
332.079 31.280
332.256 31.133
332.433 31.278
332.610 31.333
332.786 30.964
332.963 30.576
333.140 29.787
333.316 30.169
333.493 30.050
333.670 29.983
333.847 31.825
334.023 32.526
334.200 31.736
334.377 32.664
334.553 32.632
334.730 30.369
334.907 29.534
335.084 29.535
335.260 27.750
335.437 27.093
335.614 28.373
335.791 29.756
335.967 29.985
336.144 30.865
336.321 31.695
336.497 31.061
336.674 30.402
336.851 29.551
337.028 28.157
337.204 27.417
337.381 27.311
337.558 26.808
337.734 26.997
337.911 28.045
338.088 29.667
338.265 29.695
338.441 29.369
338.618 29.430
338.795 29.898
338.972 28.873
339.148 27.477
339.325 27.753
339.502 28.324
339.678 27.382
339.855 26.882
340.032 27.408
340.209 27.325
340.385 26.608
340.562 25.612
340.739 25.245
340.916 25.613
341.092 24.766
341.269 23.851
341.446 23.760
341.622 24.091
341.799 24.466
341.976 24.850
342.153 25.109
342.329 25.583
342.506 25.516
342.683 25.637
342.859 26.152
343.036 26.508
343.213 25.732
343.390 24.720
343.566 24.105
343.743 23.543
343.920 22.747
344.097 22.883
344.273 22.954
344.450 22.228
344.627 22.005
344.803 22.415
344.980 22.079
345.157 22.456
345.334 23.580
345.510 23.816
345.687 23.470
345.864 23.487
346.040 22.909
346.217 21.692
346.394 21.920
346.571 22.457
346.747 22.676
346.924 22.403
347.101 21.840
347.278 19.955
347.454 19.147
347.631 19.859
347.808 20.428
347.984 21.783
348.161 22.670
348.338 21.849
348.515 20.998
348.691 21.105
348.868 20.097
349.045 19.734
349.221 20.381
349.398 20.039
349.575 19.224
349.752 19.414
349.928 19.834
350.105 20.032
350.282 20.237
350.459 20.319
350.635 20.012
350.812 19.512
350.989 19.654
351.165 19.546
351.342 19.128
351.519 19.650
351.696 20.986
351.872 20.605
352.049 19.895
352.226 20.084
352.402 19.516
352.579 18.357
352.756 18.533
352.933 19.149
353.109 19.470
353.286 19.651
353.463 19.675
353.640 18.689
353.816 17.607
353.993 17.058
354.170 16.726
354.346 16.108
354.523 16.319
354.700 16.784
354.877 17.057
355.053 17.308
355.230 17.902
355.407 18.299
355.584 18.019
355.760 17.669
355.937 17.458
356.114 17.637
356.290 17.728
356.467 18.292
356.644 18.466
356.821 18.144
356.997 17.897
357.174 17.454
357.351 16.696
357.527 16.548
357.704 16.668
357.881 16.408
358.058 16.914
358.234 17.538
358.411 17.939
358.588 18.418
358.765 18.718
358.941 18.440
359.118 17.937
359.295 17.096
359.471 16.397
359.648 15.883
359.825 15.293
360.002 15.033
360.178 15.368
360.355 15.642
360.532 15.735
360.708 16.209
360.885 16.801
361.062 16.434
361.239 15.857
361.415 15.692
361.592 14.694
361.769 13.805
361.946 13.808
362.122 13.761
362.299 13.679
362.476 14.617
362.652 15.478
362.829 15.202
363.006 15.145
363.183 15.077
363.359 15.080
363.536 14.439
363.713 14.962
363.889 15.114
364.066 14.758
364.243 14.336
364.420 14.708
364.596 14.070
364.773 13.430
364.950 13.442
365.127 13.209
365.303 12.829
365.480 13.349
365.661 14.177
365.841 14.596
366.022 15.061
366.202 15.464
366.383 15.340
366.563 14.723
366.744 14.242
366.924 13.401
367.105 12.970
367.286 12.702
367.466 12.789
367.647 13.027
367.827 12.997
368.008 12.502
368.188 12.584
368.369 12.451
368.549 12.388
368.730 12.596
368.911 12.829
369.091 12.743
369.272 12.246
369.452 11.754
369.633 11.913
369.813 11.874
369.994 11.682
370.174 12.101
370.355 12.317
370.535 12.520
370.716 12.465
370.897 11.976
371.077 11.792
371.258 11.934
371.438 11.445
371.619 11.299
371.799 11.943
371.980 12.711
372.160 12.868
372.341 12.858
372.522 12.829
372.702 12.468
372.883 11.732
373.063 11.310
373.244 11.332
373.424 11.447
373.605 11.399
373.785 11.563
373.966 11.776
374.147 11.873
374.327 11.768
374.508 11.611
374.688 11.341
374.869 11.217
375.049 11.191
375.230 11.216
375.410 11.476
375.591 11.989
375.772 12.526
375.952 12.514
376.133 12.432
376.313 12.249
376.494 11.970
376.674 11.300
376.855 10.910
377.035 10.583
377.216 10.517
377.397 10.367
377.577 10.093
377.758 10.441
377.938 11.058
378.119 11.106
378.299 10.855
378.480 11.111
378.660 10.771
378.841 10.267
379.021 10.156
379.202 10.330
379.383 10.277
379.563 9.875
379.744 9.662
379.924 9.550
380.105 9.271
380.285 8.838
380.466 8.969
380.646 9.300
380.827 9.124
381.008 8.803
381.188 8.738
381.369 8.733
381.549 8.686
381.730 8.972
381.910 9.598
382.091 9.640
382.271 9.437
382.452 9.345
382.633 9.017
382.813 8.604
382.994 8.686
383.174 8.898
383.355 9.115
383.535 9.511
383.716 9.496
383.896 9.510
384.077 9.569
384.258 9.321
384.438 8.917
384.619 8.788
384.799 8.773
384.980 8.757
385.160 8.627
385.341 8.587
385.521 8.681
385.702 8.456
385.882 8.178
386.063 8.014
386.244 7.874
386.424 7.865
386.605 8.026
386.785 8.154
386.966 8.331
387.146 8.316
387.327 8.105
387.507 7.965
387.688 7.793
387.869 7.642
388.049 7.743
388.230 7.858
388.410 7.997
388.591 8.315
388.771 8.365
388.952 8.393
389.132 8.256
389.313 8.186
389.494 7.980
389.674 7.802
389.855 7.635
390.035 7.548
390.216 7.300
390.396 7.155
390.577 7.351
390.757 7.436
390.938 7.713
391.119 7.822
391.299 7.682
391.480 7.472
391.660 7.336
391.841 7.154
392.021 7.207
392.202 7.369
392.382 7.466
392.563 7.567
392.743 7.431
392.924 7.300
393.105 7.224
393.285 7.068
393.466 6.911
393.646 6.900
393.827 6.893
394.007 6.881
394.188 6.991
394.368 7.128
394.549 6.975
394.730 6.990
394.910 7.091
395.091 6.923
395.271 6.723
395.452 6.951
395.632 6.900
395.813 7.043
395.993 7.316
396.174 7.220
396.355 7.051
396.535 7.074
396.716 6.846
396.896 6.603
397.077 6.777
397.257 7.031
397.438 7.232
397.618 7.196
397.799 7.215
397.980 7.084
398.160 6.703
398.341 6.385
398.521 6.452
398.702 6.484
398.882 6.564
399.063 6.688
399.243 6.728
399.424 6.569
399.605 6.449
399.785 6.555
399.966 6.587
400.146 6.639
400.327 6.630
400.507 6.571
400.688 6.339
400.868 6.351
401.049 6.345
401.229 6.238
401.410 6.216
401.591 6.218
401.771 6.060
401.952 5.953
402.132 6.163
402.313 6.392
402.493 6.491
402.674 6.491
402.854 6.508
403.035 6.528
403.216 6.459
403.396 6.488
403.577 6.713
403.757 6.537
403.938 6.417
404.118 6.385
404.299 6.168
404.479 5.884
404.660 5.842
404.841 5.648
405.023 5.477
405.204 5.522
405.385 5.660
405.566 5.860
405.748 5.859
405.929 5.931
406.110 6.054
406.292 5.928
406.473 5.830
406.654 6.177
406.835 6.332
407.017 6.409
407.198 6.520
407.379 6.466
407.560 6.082
407.742 5.804
407.923 5.557
408.104 5.404
408.286 5.327
408.467 5.324
408.648 5.206
408.829 5.193
409.011 5.251
409.192 5.580
409.373 6.025
409.555 6.229
409.736 6.199
409.917 6.145
410.098 5.934
410.280 5.651
410.461 5.707
410.642 5.848
410.823 5.931
411.005 5.953
411.186 5.837
411.367 5.568
411.549 5.483
411.730 5.634
411.911 5.724
412.092 5.818
412.274 6.001
412.455 5.951
412.636 5.713
412.818 5.640
412.999 5.573
413.180 5.530
413.361 5.619
413.543 5.586
413.724 5.532
413.905 5.571
414.087 5.575
414.268 5.527
414.449 5.553
414.630 5.518
414.812 5.423
414.993 5.316
415.174 5.285
415.355 5.406
415.537 5.441
415.718 5.403
415.899 5.448
416.081 5.393
416.262 5.345
416.443 5.282
416.624 5.260
416.806 5.209
416.987 5.209
417.168 5.098
417.350 5.063
417.531 5.042
417.712 4.959
417.893 4.890
418.075 4.892
418.256 4.933
418.437 5.027
418.618 5.226
418.800 5.227
418.981 5.066
419.162 4.872
419.344 4.766
419.525 4.701
419.706 4.790
419.887 5.004
420.069 5.238
420.250 5.339
420.431 5.268
420.613 5.221
420.794 5.152
420.975 4.995
421.156 4.957
421.338 4.990
421.519 4.908
421.700 4.869
421.882 4.921
422.063 4.864
422.244 4.803
422.425 4.816
422.607 4.719
422.788 4.646
422.969 4.640
423.150 4.579
423.332 4.624
423.513 4.722
423.694 4.874
423.876 5.102
424.057 5.242
424.238 5.140
424.419 5.067
424.601 4.908
424.782 4.660
424.963 4.726
425.145 5.133
425.326 5.273
425.507 5.320
425.688 5.332
425.870 5.217
426.051 4.821
426.232 4.725
426.413 4.607
426.595 4.506
426.776 4.455
426.957 4.532
427.139 4.450
427.320 4.423
427.501 4.537
427.682 4.648
427.864 4.594
428.045 4.536
428.226 4.484
428.408 4.399
428.589 4.251
428.770 4.246
428.951 4.368
429.133 4.459
429.314 4.436
429.495 4.378
429.677 4.372
429.858 4.348
430.039 4.335
430.220 4.329
430.402 4.342
430.583 4.230
430.764 4.169
430.945 4.166
431.127 4.201
431.308 4.197
431.489 4.282
431.671 4.253
431.852 4.268
432.033 4.282
432.214 4.267
432.396 4.200
432.577 4.206
432.758 4.190
432.940 4.144
433.121 4.096
433.302 4.102
433.483 4.169
433.665 4.150
433.846 4.095
434.027 4.226
434.208 4.369
434.390 4.393
434.571 4.405
434.752 4.431
434.934 4.368
435.115 4.264
435.296 4.210
435.477 4.229
435.659 4.280
435.840 4.279
436.030 4.275
436.220 4.312
436.410 4.364
436.600 4.370
436.790 4.310
436.980 4.277
437.170 4.199
437.360 4.155
437.550 4.199
437.741 4.237
437.931 4.250
438.121 4.254
438.311 4.237
438.501 4.154
438.691 4.209
438.881 4.213
439.071 4.217
439.261 4.230
439.451 4.193
439.641 4.116
439.831 4.076
440.021 4.017
440.211 3.933
440.401 3.898
440.591 3.854
440.781 3.843
440.971 3.912
441.161 3.962
441.351 4.069
441.542 4.138
441.732 4.125
441.922 4.029
442.112 3.982
442.302 3.931
442.492 3.899
442.682 3.945
442.872 4.019
443.062 4.007
443.252 3.914
443.442 3.835
443.632 3.765
443.822 3.723
444.012 3.758
444.202 3.802
444.392 3.844
444.582 3.797
444.772 3.752
444.962 3.705
445.153 3.652
445.343 3.600
445.533 3.654
445.723 3.699
445.913 3.658
446.103 3.631
446.293 3.647
446.483 3.624
446.673 3.599
446.863 3.645
447.053 3.697
447.243 3.748
447.433 3.783
447.623 3.765
447.813 3.778
448.003 3.798
448.193 3.774
448.383 3.751
448.573 3.815
448.764 3.751
448.954 3.679
449.144 3.645
449.334 3.561
449.524 3.467
449.714 3.468
449.904 3.508
450.094 3.517
450.284 3.586
450.474 3.613
450.664 3.662
450.854 3.660
451.044 3.642
451.234 3.617
451.424 3.588
451.614 3.540
451.804 3.512
451.994 3.450
452.184 3.446
452.375 3.520
452.565 3.493
452.755 3.501
452.945 3.593
453.135 3.617
453.325 3.584
453.515 3.615
453.705 3.646
453.895 3.645
454.085 3.680
454.275 3.678
454.465 3.682
454.655 3.666
454.845 3.725
455.035 3.722
455.225 3.646
455.415 3.610
455.605 3.684
455.795 3.581
455.985 3.495
456.176 3.593
456.366 3.676
456.556 3.550
456.746 3.509
456.936 3.565
457.126 3.487
457.316 3.373
457.506 3.396
457.696 3.471
457.886 3.435
458.076 3.426
458.266 3.440
458.456 3.404
458.646 3.320
458.836 3.287
459.026 3.296
459.216 3.257
459.406 3.252
459.596 3.318
459.787 3.376
459.977 3.341
460.167 3.355
460.357 3.360
460.547 3.350
460.737 3.353
460.927 3.331
461.117 3.341
461.307 3.350
461.497 3.335
461.687 3.250
461.877 3.330
462.067 3.391
462.257 3.404
462.447 3.422
462.637 3.525
462.827 3.550
463.017 3.465
463.207 3.393
463.397 3.328
463.588 3.300
463.778 3.343
463.968 3.406
464.158 3.479
464.348 3.548
464.538 3.499
464.728 3.381
464.918 3.335
465.108 3.318
465.298 3.244
465.488 3.239
465.678 3.278
465.868 3.277
466.058 3.246
466.248 3.271
466.438 3.315
466.628 3.297
466.818 3.273
467.008 3.299
467.199 3.351
467.389 3.339
467.579 3.329
467.769 3.359
467.959 3.317
468.149 3.233
468.339 3.224
468.529 3.200
468.719 3.139
468.909 3.170
469.099 3.257
469.289 3.317
469.479 3.310
469.669 3.316
469.859 3.306
470.049 3.239
470.239 3.121
470.429 3.116
470.619 3.114
470.810 3.087
471.000 3.114
471.190 3.137
471.380 3.137
471.570 3.206
471.760 3.288
471.950 3.265
472.140 3.289
472.330 3.326
472.520 3.319
472.710 3.264
472.900 3.296
473.090 3.302
473.280 3.256
473.470 3.221
473.660 3.227
473.850 3.169
474.040 3.134
474.230 3.168
474.421 3.196
474.611 3.222
474.801 3.253
474.991 3.253
475.181 3.216
475.371 3.192
475.561 3.209
475.751 3.229
475.941 3.230
476.131 3.263
476.321 3.219
476.511 3.115
476.701 3.072
476.891 3.089
477.081 3.087
477.271 3.138
477.461 3.147
477.651 3.120
477.841 3.044
478.031 2.989
478.222 2.962
478.412 2.961
478.602 2.972
478.792 3.016
478.982 3.058
479.172 3.071
479.362 3.139
479.552 3.171
479.742 3.139
479.932 3.108
480.122 3.102
480.312 3.030
480.502 3.007
480.692 3.059
480.882 3.102
481.072 3.133
481.262 3.164
481.452 3.135
481.642 3.098
481.833 3.082
482.023 3.043
482.213 3.039
482.403 3.084
482.593 3.100
482.783 3.115
482.973 3.158
483.163 3.184
483.353 3.206
483.543 3.250
483.733 3.238
483.923 3.165
484.113 3.142
484.303 3.096
484.493 3.038
484.683 3.044
484.873 3.074
485.063 3.052
485.253 3.096
485.443 3.141
485.634 3.117
485.824 3.100
486.014 3.117
486.204 3.049
486.394 2.999
486.584 3.004
486.774 3.022
486.964 3.051
487.154 3.096
487.344 3.105
487.534 3.107
487.724 3.099
487.914 3.056
488.104 3.010
488.294 2.986
488.484 2.979
488.674 2.981
488.864 3.004
489.054 3.034
489.245 3.053
489.435 3.046
489.625 3.048
489.815 3.014
490.005 3.015
490.195 3.051
490.385 3.085
490.575 3.159
490.765 3.177
490.955 3.167
491.145 3.163
491.335 3.182
491.525 3.152
491.715 3.164
491.905 3.183
492.095 3.156
492.285 3.091
492.475 3.059
492.665 3.054
492.856 2.995
493.046 2.978
493.236 2.983
493.426 2.985
493.616 2.959
493.806 2.997
493.996 3.029
494.186 3.006
494.376 2.979
494.566 2.981
494.756 2.978
494.946 2.978
495.136 2.984
495.326 2.983
495.516 3.004
495.706 3.010
495.896 3.002
496.086 3.064
496.276 3.097
496.467 3.067
496.657 3.049
496.847 3.031
497.037 2.971
497.227 2.945
497.417 2.953
497.607 2.969
497.797 2.999
497.987 3.030
498.177 3.020
498.367 3.021
498.557 3.022
498.747 2.967
498.937 2.958
499.127 2.977
499.317 2.987
499.507 2.993
499.697 3.016
499.887 2.987
500.077 2.949
500.268 2.935
500.458 2.951
500.648 2.961
500.838 2.967
501.028 2.970
501.218 2.945
501.408 2.885
501.598 2.856
501.788 2.858
501.978 2.867
502.168 2.895
502.358 2.915
502.548 2.955
502.738 2.942
502.928 2.937
503.118 2.941
503.308 2.929
503.498 2.892
503.688 2.905
503.879 2.936
504.069 2.946
504.259 2.961
504.449 2.961
504.639 2.971
504.829 2.966
505.019 2.918
505.209 2.899
505.399 2.901
505.589 2.874
505.779 2.837
505.969 2.863
506.159 2.882
506.349 2.890
506.539 2.885
506.729 2.895
506.919 2.894
507.109 2.870
507.299 2.843
507.490 2.861
507.680 2.865
507.870 2.838
508.060 2.838
508.250 2.832
508.440 2.823
508.630 2.801
508.820 2.809
509.010 2.824
509.200 2.829
509.390 2.814
509.580 2.799
509.770 2.784
509.960 2.776
510.150 2.781
510.340 2.789
510.530 2.796
510.720 2.788
510.910 2.797
511.100 2.814
511.291 2.828
511.481 2.857
511.671 2.904
511.861 2.871
512.051 2.847
512.241 2.841
512.431 2.916
512.621 3.064
512.811 3.106
513.001 3.144
513.191 3.153
513.381 3.055
513.571 2.888
513.761 2.857
513.951 2.815
514.141 2.795
514.331 2.802
514.521 2.795
514.711 2.799
514.902 2.822
515.092 2.817
515.282 2.821
515.472 2.845
515.662 2.873
515.852 2.880
516.042 2.865
516.232 2.829
516.422 2.803
516.612 2.755
516.802 2.734
516.992 2.769
517.182 2.808
517.372 2.805
517.562 2.807
517.752 2.800
517.942 2.787
518.132 2.797
518.322 2.823
518.513 2.845
518.703 2.871
518.893 2.895
519.083 2.889
519.273 2.881
519.463 2.898
519.653 2.938
519.843 2.973
520.033 2.952
520.223 2.955
520.413 2.959
520.603 2.917
520.793 2.876
520.983 2.894
521.173 2.884
521.363 2.864
521.553 2.843
521.743 2.817
521.933 2.810
522.123 2.813
522.314 2.804
522.504 2.813
522.694 2.848
522.884 2.885
523.074 2.875
523.264 2.855
523.454 2.852
523.644 2.824
523.834 2.786
524.024 2.795
524.214 2.836
524.404 2.848
524.594 2.876
524.784 2.882
524.974 2.869
525.164 2.847
525.354 2.860
525.544 2.836
525.734 2.813
525.925 2.804
526.115 2.805
526.305 2.759
526.495 2.735
526.685 2.756
526.875 2.824
527.065 2.887
527.255 2.924
527.445 2.951
527.635 2.941
527.825 2.871
528.015 2.799
528.205 2.774
528.395 2.784
528.585 2.811
528.775 2.818
528.965 2.821
529.155 2.842
529.345 2.827
529.535 2.817
529.726 2.839
529.916 2.859
530.106 2.836
530.296 2.829
530.486 2.805
530.676 2.804
530.866 2.811
531.056 2.828
531.246 2.832
531.436 2.844
531.626 2.842
531.816 2.824
532.006 2.807
532.196 2.805
532.386 2.770
532.576 2.741
532.766 2.730
532.956 2.711
533.146 2.685
533.337 2.702
533.527 2.702
533.717 2.705
533.907 2.709
534.097 2.718
534.287 2.707
534.477 2.721
534.667 2.726
534.857 2.736
535.047 2.729
535.237 2.739
535.427 2.745
535.617 2.742
535.807 2.741
535.997 2.745
536.187 2.744
536.377 2.746
536.567 2.737
536.757 2.722
536.948 2.735
537.138 2.735
537.328 2.709
537.518 2.703
537.708 2.694
537.898 2.705
538.088 2.723
538.278 2.732
538.468 2.730
538.658 2.746
538.848 2.723
539.038 2.699
539.228 2.678
539.418 2.680
539.608 2.683
539.798 2.690
539.988 2.713
540.178 2.756
540.368 2.755
540.558 2.743
540.749 2.723
540.939 2.702
541.129 2.672
541.319 2.660
541.509 2.663
541.699 2.705
541.889 2.742
542.079 2.984
542.269 3.426
542.459 3.458
542.649 3.461
542.839 3.442
543.029 3.223
543.219 2.780
543.409 2.743
543.599 2.728
543.789 2.745
543.979 2.728
544.169 2.725
544.360 2.762
544.550 2.768
544.740 2.753
544.930 2.760
545.120 2.800
545.310 2.755
545.500 2.720
545.690 2.703
545.880 2.686
546.070 2.675
546.267 2.702
546.463 2.728
546.660 2.726
546.857 2.723
547.054 2.707
547.251 2.702
547.447 2.695
547.644 2.695
547.841 2.691
548.038 2.669
548.234 2.635
548.431 2.625
548.628 2.616
548.825 2.625
549.021 2.663
549.218 2.711
549.415 2.723
549.612 2.717
549.808 2.701
550.005 2.655
550.202 2.619
550.399 2.622
550.595 2.655
550.792 2.669
550.989 2.695
551.186 2.724
551.382 2.730
551.579 2.698
551.776 2.700
551.973 2.729
552.169 2.729
552.366 2.728
552.563 2.743
552.760 2.757
552.956 2.727
553.153 2.712
553.350 2.719
553.547 2.733
553.743 2.736
553.940 2.769
554.137 2.804
554.334 2.796
554.530 2.787
554.727 2.780
554.924 2.749
555.121 2.728
555.317 2.726
555.514 2.729
555.711 2.722
555.908 2.704
556.104 2.698
556.301 2.697
556.498 2.683
556.695 2.685
556.891 2.709
557.088 2.700
557.285 2.692
557.482 2.693
557.678 2.684
557.875 2.687
558.072 2.706
558.269 2.713
558.465 2.726
558.662 2.766
558.859 2.794
559.056 2.785
559.252 2.762
559.449 2.734
559.646 2.690
559.843 2.666
560.039 2.681
560.236 2.716
560.433 2.727
560.630 2.720
560.826 2.704
561.023 2.667
561.220 2.625
561.417 2.634
561.613 2.655
561.810 2.675
562.007 2.695
562.204 2.720
562.400 2.708
562.597 2.698
562.794 2.681
562.991 2.682
563.187 2.689
563.384 2.718
563.581 2.745
563.778 2.761
563.974 2.760
564.171 2.770
564.368 2.768
564.565 2.747
564.761 2.723
564.958 2.699
565.155 2.670
565.352 2.670
565.548 2.709
565.745 2.739
565.942 2.744
566.139 2.750
566.335 2.761
566.532 2.731
566.729 2.720
566.926 2.745
567.122 2.760
567.319 2.752
567.516 2.767
567.713 2.782
567.909 2.775
568.106 2.776
568.303 2.784
568.500 2.781
568.696 2.778
568.893 2.783
569.090 2.781
569.287 2.773
569.483 2.763
569.680 2.767
569.877 2.776
570.074 2.792
570.270 2.783
570.467 2.783
570.664 2.786
570.861 2.769
571.057 2.761
571.254 2.769
571.451 2.763
571.648 2.755
571.844 2.758
572.041 2.757
572.238 2.768
572.435 2.787
572.631 2.823
572.828 2.859
573.025 2.859
573.222 2.870
573.418 2.894
573.615 2.856
573.812 2.843
574.009 2.864
574.205 2.829
574.402 2.809
574.599 2.837
574.796 2.836
574.992 2.817
575.189 2.831
575.386 2.821
575.583 2.811
575.779 2.818
575.976 2.806
576.173 2.813
576.370 2.818
576.567 2.803
576.763 2.803
576.960 2.835
577.158 2.840
577.356 2.858
577.554 2.888
577.752 2.874
577.950 2.880
578.148 2.876
578.346 2.861
578.544 2.861
578.742 2.872
578.940 2.843
579.138 2.843
579.336 2.846
579.534 2.822
579.732 2.815
579.930 2.831
580.128 2.841
580.326 2.837
580.524 2.849
580.722 2.878
580.920 2.881
581.118 2.869
581.316 2.864
581.514 2.854
581.712 2.854
581.909 2.864
582.107 2.847
582.305 2.831
582.503 2.838
582.701 2.842
582.899 2.834
583.097 2.856
583.295 2.873
583.493 2.859
583.691 2.815
583.889 2.812
584.087 2.841
584.285 2.867
584.483 2.887
584.681 2.902
584.879 2.891
585.077 2.861
585.275 2.842
585.473 2.827
585.671 2.803
585.869 2.793
586.067 2.800
586.265 2.825
586.463 2.850
586.661 2.865
586.859 2.885
587.057 2.885
587.255 2.861
587.453 2.840
587.651 2.843
587.849 2.830
588.047 2.808
588.245 2.796
588.443 2.797
588.641 2.807
588.839 2.810
589.037 2.837
589.235 2.861
589.433 2.893
589.631 2.896
589.829 2.903
590.027 2.904
590.225 2.903
590.423 2.876
590.621 2.850
590.819 2.832
591.017 2.819
591.215 2.805
591.413 2.798
591.611 2.811
591.809 2.813
592.006 2.804
592.204 2.793
592.402 2.803
592.600 2.815
592.798 2.831
592.996 2.841
593.194 2.852
593.392 2.851
593.590 2.830
593.788 2.826
593.986 2.838
594.184 2.828
594.382 2.828
594.580 2.865
594.778 2.872
594.976 2.864
595.174 2.901
595.372 2.899
595.570 2.866
595.768 2.839
595.966 2.811
596.164 2.759
596.362 2.721
596.560 2.704
596.758 2.723
596.956 2.749
597.154 2.774
597.352 2.806
597.550 2.817
597.748 2.813
597.946 2.789
598.144 2.784
598.342 2.819
598.540 2.843
598.738 2.857
598.936 2.873
599.134 2.851
599.332 2.801
599.530 2.787
599.728 2.752
599.926 2.733
600.124 2.757
600.322 2.778
600.520 2.773
600.718 2.782
600.916 2.823
601.114 2.848
601.312 2.820
601.510 2.806
601.708 2.832
601.905 2.815
602.103 2.754
602.301 2.772
602.499 2.822
602.697 2.817
602.895 2.827
603.093 2.859
603.291 2.859
603.489 2.814
603.687 2.809
603.885 2.802
604.083 2.806
604.281 2.799
604.479 2.816
604.677 2.801
604.875 2.759
605.073 2.742
605.271 2.756
605.469 2.771
605.667 2.776
605.865 2.784
606.063 2.776
606.261 2.744
606.459 2.713
606.657 2.703
606.855 2.719
607.053 2.727
607.251 2.736
607.449 2.738
607.647 2.744
607.845 2.740
608.043 2.745
608.241 2.743
608.439 2.736
608.637 2.727
608.835 2.721
609.033 2.709
609.231 2.716
609.429 2.740
609.627 2.759
609.825 2.760
610.023 2.768
610.221 2.769
610.419 2.766
610.617 2.755
610.815 2.751
611.013 2.757
611.211 2.750
611.409 2.721
611.607 2.721
611.804 2.732
612.002 2.734
612.200 2.742
612.398 2.756
612.596 2.761
612.794 2.768
612.992 2.767
613.190 2.749
613.388 2.729
613.586 2.731
613.784 2.744
613.982 2.747
614.180 2.770
614.378 2.786
614.576 2.775
614.774 2.770
614.972 2.782
615.170 2.776
615.368 2.767
615.566 2.739
615.764 2.706
615.962 2.680
616.160 2.668
616.358 2.670
616.556 2.677
616.754 2.675
616.952 2.667
617.150 2.677
617.348 2.672
617.546 2.677
617.744 2.679
617.942 2.684
618.140 2.672
618.338 2.671
618.536 2.682
618.734 2.685
618.932 2.685
619.130 2.705
619.328 2.721
619.526 2.733
619.724 2.735
619.922 2.730
620.120 2.700
620.318 2.688
620.516 2.700
620.714 2.714
620.912 2.739
621.110 2.780
621.308 2.796
621.506 2.788
621.704 2.779
621.901 2.756
622.099 2.731
622.297 2.748
622.495 2.783
622.693 2.780
622.891 2.792
623.089 2.807
623.287 2.803
623.485 2.759
623.683 2.767
623.881 2.776
624.079 2.766
624.277 2.743
624.475 2.733
624.673 2.733
624.871 2.739
625.069 2.760
625.267 2.779
625.465 2.815
625.663 2.832
625.861 2.824
626.059 2.812
626.257 2.811
626.455 2.797
626.653 2.796
626.851 2.817
627.049 2.843
627.247 2.859
627.445 2.845
627.643 2.846
627.841 2.842
628.039 2.827
628.237 2.817
628.435 2.869
628.633 2.885
628.831 2.863
629.029 2.850
629.227 2.833
629.425 2.783
629.623 2.751
629.821 2.768
630.019 2.817
630.217 2.864
630.415 2.896
630.613 2.914
630.811 2.917
631.009 2.891
631.207 2.894
631.405 2.902
631.603 2.898
631.801 2.893
631.998 2.900
632.196 2.887
632.394 2.921
632.592 2.955
632.790 2.981
632.988 3.000
633.186 2.999
633.384 2.976
633.582 2.999
633.780 3.017
633.978 2.995
634.176 2.997
634.374 2.995
634.572 2.953
634.770 2.940
634.968 2.945
635.166 2.927
635.364 2.910
635.562 2.945
635.760 2.972
635.958 2.974
636.156 2.978
636.354 2.975
636.552 2.956
636.750 2.935
636.948 2.948
637.146 2.963
637.344 2.987
637.542 3.005
637.740 3.034
637.938 3.066
638.136 3.082
638.334 3.092
638.532 3.089
638.730 3.276
638.928 3.612
639.126 3.629
639.324 3.640
639.522 3.636
639.720 3.410
639.918 3.051
640.116 3.068
640.314 3.079
640.512 3.079
640.710 3.101
640.908 3.122
641.106 3.091
641.304 3.098
641.502 3.142
641.699 3.177
641.897 3.179
642.095 3.205
642.293 3.199
642.491 3.175
642.689 3.153
642.887 3.152
643.085 3.144
643.283 3.144
643.481 3.153
643.679 3.166
643.877 3.178
644.075 3.184
644.273 3.197
644.471 3.221
644.669 3.234
644.867 3.247
645.065 3.277
645.263 3.280
645.461 3.250
645.659 3.228
645.857 3.218
646.055 3.228
646.253 3.256
646.451 3.311
646.649 3.367
646.847 3.396
647.045 3.387
647.243 3.356
647.441 3.330
647.639 3.321
647.837 3.353
648.035 3.408
648.233 3.472
648.431 3.514
648.629 3.522
648.827 3.508
649.025 3.503
649.223 3.486
649.421 3.470
649.619 3.493
649.817 3.486
650.015 3.473
650.213 3.486
650.411 3.509
650.609 3.524
650.807 3.527
651.005 3.517
651.203 3.486
651.401 3.456
651.599 3.425
651.796 3.451
651.994 3.474
652.192 3.485
652.390 3.514
652.588 3.532
652.786 3.520
652.984 3.517
653.182 3.515
653.380 3.504
653.578 3.494
653.776 3.512
653.974 3.527
654.172 3.541
654.370 3.553
654.568 3.598
654.766 3.604
654.964 3.581
655.162 3.578
655.360 3.577
655.558 3.558
655.756 3.553
655.954 3.575
656.152 3.612
656.350 3.657
656.548 3.684
656.746 3.729
656.944 3.759
657.142 3.741
657.340 3.705
657.538 3.675
657.736 3.645
657.934 3.659
658.132 3.710
658.330 3.741
658.528 3.777
658.726 3.812
658.924 3.793
659.122 3.765
659.320 3.782
659.518 3.784
659.716 3.804
659.914 3.843
660.112 3.850
660.310 3.842
660.508 3.857
660.706 3.851
660.904 3.839
661.102 3.869
661.300 3.902
661.498 3.899
661.696 3.883
661.893 3.905
662.091 3.919
662.289 3.903
662.487 3.907
662.685 3.915
662.883 3.923
663.081 3.939
663.279 3.948
663.477 3.928
663.675 3.949
663.873 3.986
664.071 4.003
664.269 4.035
664.467 4.112
664.665 4.145
664.863 4.129
665.061 4.123
665.259 4.157
665.457 4.164
665.655 4.148
665.853 4.148
666.051 4.188
666.249 4.187
666.447 4.159
666.645 4.178
666.843 4.211
667.041 4.200
667.239 4.199
667.437 4.228
667.635 4.236
667.833 4.226
668.031 4.237
668.229 4.247
668.427 4.247
668.625 4.240
668.823 4.278
669.021 4.332
669.219 4.383
669.417 4.403
669.615 4.441
669.813 4.439
670.011 4.393
670.209 4.347
670.407 4.360
670.605 4.357
670.803 4.350
671.001 4.364
671.199 4.355
671.397 4.370
671.595 4.431
671.792 4.484
671.990 4.489
672.188 4.576
672.386 4.643
672.584 4.593
672.782 4.556
672.980 4.598
673.178 4.582
673.376 4.527
673.574 4.563
673.772 4.612
673.970 4.610
674.168 4.594
674.366 4.585
674.564 4.594
674.762 4.604
674.960 4.635
675.158 4.676
675.356 4.721
675.554 4.733
675.752 4.727
675.950 4.727
676.148 4.747
676.346 4.741
676.544 4.765
676.742 4.821
676.940 4.835
677.138 4.817
677.336 4.840
677.534 4.863
677.732 4.865
677.930 4.894
678.128 4.930
678.326 4.975
678.524 5.001
678.722 5.008
678.920 5.024
679.118 5.025
679.316 5.038
679.514 5.056
679.712 5.087
679.910 5.110
680.108 5.163
680.306 5.157
680.504 5.123
680.702 5.103
680.900 5.092
681.098 5.084
681.296 5.119
681.494 5.164
681.691 5.188
681.889 5.218
682.087 5.274
682.285 5.306
682.483 5.330
682.681 5.335
682.879 5.319
683.077 5.287
683.275 5.305
683.473 5.344
683.671 5.407
683.869 5.443
684.067 5.475
684.265 5.480
684.463 5.488
684.661 5.495
684.859 5.556
685.057 5.633
685.255 5.666
685.453 5.676
685.651 5.686
685.849 5.694
686.047 5.675
686.245 5.709
686.443 5.745
686.641 5.777
686.839 5.793
687.037 5.807
687.235 5.831
687.433 5.869
687.631 5.880
687.829 5.900
688.027 5.931
688.225 5.933
688.423 5.942
688.621 5.971
688.819 6.014
689.017 6.012
689.215 6.004
689.413 6.024
689.611 6.061
689.809 6.041
690.007 6.041
690.205 6.074
690.403 6.072
690.601 6.086
690.799 6.129
690.997 6.200
691.195 6.230
691.393 6.282
691.591 6.316
691.788 6.345
691.986 6.357
692.184 6.390
692.382 6.421
692.580 6.460
692.778 6.492
692.976 6.549
693.174 6.619
693.372 6.615
693.570 6.604
693.768 6.604
693.966 6.602
694.164 6.585
694.362 6.640
694.560 6.677
694.758 6.698
694.956 6.720
695.154 6.761
695.352 6.756
695.550 6.771
695.748 6.822
695.946 6.853
696.144 6.850
696.342 6.860
696.540 6.876
696.744 6.892
696.948 6.903
697.152 6.929
697.357 6.975
697.561 7.039
697.765 7.067
697.969 7.124
698.173 7.178
698.377 7.225
698.581 7.263
698.786 7.308
698.990 7.320
699.194 7.359
699.398 7.391
699.602 7.383
699.806 7.376
700.010 7.401
700.215 7.381
700.419 7.371
700.623 7.394
700.827 7.427
701.031 7.442
701.235 7.485
701.440 7.500
701.644 7.506
701.848 7.554
702.052 7.591
702.256 7.596
702.460 7.670
702.664 7.706
702.869 7.691
703.073 7.683
703.277 7.709
703.481 7.709
703.685 7.777
703.889 7.894
704.093 7.985
704.298 8.077
704.502 8.098
704.706 8.081
704.910 8.028
705.114 8.012
705.318 8.004
705.522 8.043
705.727 8.065
705.931 8.107
706.135 8.133
706.339 8.145
706.543 8.155
706.747 8.162
706.951 8.174
707.156 8.249
707.360 8.326
707.564 8.382
707.768 8.446
707.972 8.509
708.176 8.509
708.380 8.467
708.585 8.479
708.789 8.504
708.993 8.501
709.197 8.508
709.401 8.532
709.605 8.537
709.810 8.564
710.014 8.589
710.218 8.652
710.422 8.724
710.626 8.792
710.830 8.853
711.034 8.900
711.239 8.930
711.443 8.945
711.647 8.928
711.851 8.913
712.055 8.947
712.259 8.953
712.463 8.953
712.668 8.987
712.872 9.059
713.076 9.064
713.280 9.083
713.484 9.147
713.688 9.227
713.892 9.301
714.097 9.378
714.301 9.419
714.505 9.423
714.709 9.417
714.913 9.419
715.117 9.418
715.321 9.431
715.526 9.476
715.730 9.527
715.934 9.535
716.138 9.573
716.342 9.623
716.546 9.650
716.750 9.678
716.955 9.708
717.159 9.699
717.363 9.735
717.567 9.778
717.771 9.817
717.975 9.824
718.180 9.874
718.384 9.894
718.588 9.921
718.792 9.933
718.996 9.946
719.200 9.995
719.404 10.040
719.609 10.105
719.813 10.134
720.017 10.181
720.221 10.211
720.425 10.203
720.629 10.177
720.833 10.210
721.038 10.265
721.242 10.306
721.446 10.375
721.650 10.418
721.854 10.430
722.058 10.421
722.262 10.412
722.467 10.425
722.671 10.484
722.875 10.533
723.079 10.582
723.283 10.625
723.487 10.665
723.691 10.704
723.896 10.758
724.100 10.807
724.304 10.854
724.508 10.854
724.712 10.811
724.916 10.798
725.120 10.803
725.325 10.788
725.529 10.846
725.733 10.970
725.937 11.064
726.141 11.111
726.345 11.191
726.550 11.236
726.754 11.208
726.958 11.163
727.162 11.140
727.366 11.130
727.570 11.140
727.774 11.189
727.979 11.245
728.183 11.356
728.387 11.481
728.591 11.532
728.795 11.546
728.999 11.591
729.203 11.593
729.408 11.588
729.612 11.621
729.816 11.678
730.020 11.717
730.224 11.805
730.428 11.819
730.632 11.817
730.837 11.846
731.041 11.865
731.245 11.818
731.449 11.849
731.653 11.909
731.857 11.924
732.061 11.958
732.266 12.045
732.470 12.069
732.674 12.104
732.878 12.175
733.082 12.212
733.286 12.214
733.490 12.299
733.695 12.353
733.899 12.377
734.103 12.432
734.307 12.482
734.511 12.492
734.715 12.559
734.920 12.603
735.124 12.627
735.328 12.696
735.532 12.762
735.736 12.752
735.940 12.782
736.144 12.854
736.349 12.908
736.553 12.953
736.757 13.030
736.961 13.106
737.165 13.132
737.369 13.112
737.573 13.099
737.778 13.106
737.982 13.098
738.186 13.097
738.390 13.142
738.594 13.145
738.798 13.138
739.002 13.191
739.207 13.239
739.411 13.294
739.615 13.377
739.819 13.438
740.023 13.489
740.227 13.542
740.431 13.570
740.636 13.586
740.840 13.633
741.044 13.674
741.248 13.687
741.452 13.743
741.656 13.821
741.860 13.860
742.065 13.868
742.269 13.908
742.473 13.888
742.677 13.891
742.881 13.950
743.085 14.032
743.290 14.088
743.494 14.158
743.698 14.199
743.902 14.216
744.106 14.255
744.310 14.336
744.514 14.379
744.719 14.454
744.923 14.472
745.127 14.448
745.331 14.448
745.535 14.536
745.739 14.648
745.943 14.815
746.148 14.893
746.352 14.908
746.556 14.886
746.760 14.796
746.964 14.729
747.168 14.769
747.372 14.796
747.577 14.845
747.781 14.972
747.985 15.075
748.189 15.099
748.393 15.186
748.597 15.259
748.801 15.216
749.006 15.197
749.210 15.318
749.414 15.395
749.618 15.436
749.822 15.523
750.026 15.558
750.230 15.522
750.435 15.527
750.639 15.573
750.843 15.647
751.047 15.711
751.251 15.802
751.455 15.860
751.660 15.882
751.864 15.862
752.068 15.861
752.272 15.810
752.476 15.825
752.680 15.866
752.884 15.944
753.089 16.029
753.293 16.142
753.497 16.218
753.701 16.258
753.905 16.304
754.109 16.362
754.313 16.380
754.518 16.405
754.722 16.396
754.926 16.370
755.130 16.383
755.334 16.458
755.538 16.573
755.742 16.679
755.947 16.797
756.151 16.860
756.355 16.895
756.559 16.902
756.763 16.979
756.967 17.094
757.171 17.146
757.376 17.145
757.580 17.147
757.784 17.146
757.988 17.062
758.192 17.069
758.396 17.153
758.600 17.164
758.805 17.191
759.009 17.316
759.213 17.433
759.417 17.519
759.621 17.684
759.825 17.882
760.030 17.972
760.234 17.966
760.438 17.967
760.642 17.996
760.846 17.965
761.050 17.930
761.254 18.001
761.459 18.059
761.663 18.038
761.867 18.030
762.071 18.109
762.275 18.101
762.479 18.064
762.683 18.058
762.888 18.085
763.092 18.110
763.296 18.226
763.500 18.347
763.709 18.411
763.918 18.504
764.126 18.582
764.335 18.609
764.544 18.677
764.753 18.773
764.962 18.844
765.171 18.917
765.379 19.034
765.588 19.099
765.797 19.121
766.006 19.121
766.215 19.130
766.424 19.078
766.632 19.068
766.841 19.141
767.050 19.199
767.259 19.265
767.468 19.364
767.677 19.437
767.885 19.501
768.094 19.581
768.303 19.563
768.512 19.540
768.721 19.589
768.929 19.651
769.138 19.690
769.347 19.735
769.556 19.793
769.765 19.864
769.974 19.842
770.182 19.832
770.391 19.891
770.600 19.980
770.809 19.997
771.018 20.054
771.227 20.105
771.435 20.104
771.644 20.081
771.853 20.079
772.062 20.108
772.271 20.175
772.480 20.259
772.688 20.327
772.897 20.341
773.106 20.374
773.315 20.452
773.524 20.590
773.732 20.736
773.941 20.847
774.150 20.948
774.359 20.991
774.568 20.980
774.777 20.933
774.985 20.980
775.194 21.010
775.403 21.021
775.612 21.056
775.821 21.116
776.030 21.147
776.238 21.197
776.447 21.219
776.656 21.205
776.865 21.267
777.074 21.322
777.283 21.424
777.491 21.526
777.700 21.647
777.909 21.766
778.118 21.861
778.327 21.916
778.535 21.955
778.744 22.000
778.953 21.979
779.162 22.003
779.371 21.979
779.580 21.988
779.788 21.947
779.997 21.916
780.206 21.969
780.415 22.071
780.624 22.144
780.833 22.235
781.041 22.283
781.250 22.252
781.459 22.222
781.668 22.258
781.877 22.328
782.086 22.405
782.294 22.481
782.503 22.485
782.712 22.464
782.921 22.507
783.130 22.590
783.338 22.624
783.547 22.716
783.756 22.882
783.965 23.002
784.174 23.029
784.383 23.116
784.591 23.203
784.800 23.202
785.009 23.184
785.218 23.214
785.427 23.260
785.636 23.283
785.844 23.306
786.053 23.327
786.262 23.364
786.471 23.355
786.680 23.350
786.889 23.444
787.097 23.520
787.306 23.600
787.515 23.702
787.724 23.801
787.933 23.823
788.141 23.900
788.350 23.951
788.559 23.989
788.768 24.022
788.977 24.069
789.186 24.057
789.394 24.082
789.603 24.133
789.812 24.132
790.021 24.052
790.230 24.024
790.439 24.013
790.647 24.008
790.856 24.096
791.065 24.262
791.274 24.347
791.483 24.356
791.692 24.435
791.900 24.517
792.109 24.603
792.318 24.678
792.527 24.755
792.736 24.779
792.944 24.770
793.153 24.739
793.362 24.769
793.571 24.827
793.780 24.871
793.989 24.945
794.197 24.992
794.406 25.040
794.615 25.110
794.824 25.171
795.033 25.208
795.242 25.214
795.450 25.258
795.659 25.288
795.868 25.354
796.077 25.389
796.286 25.488
796.495 25.474
796.703 25.524
796.912 25.529
797.121 25.506
797.330 25.550
797.539 25.654
797.747 25.708
797.956 25.773
798.165 25.785
798.374 25.689
798.583 25.713
798.792 25.827
799.000 25.875
799.209 25.949
799.418 26.098
799.627 26.126
799.836 26.109
800.045 26.180
800.253 26.271
800.462 26.280
800.671 26.428
800.880 26.389
801.089 26.324
801.298 26.339
801.506 26.405
801.715 26.375
801.924 26.496
802.133 26.539
802.342 26.580
802.550 26.642
802.759 26.631
802.968 26.702
803.177 26.852
803.386 27.060
803.595 27.138
803.803 27.199
804.012 27.273
804.221 27.206
804.430 27.025
804.639 26.980
804.848 27.050
805.056 26.986
805.265 27.047
805.474 27.171
805.683 27.244
805.892 27.269
806.101 27.332
806.309 27.419
806.518 27.502
806.727 27.652
806.936 27.677
807.145 27.693
807.353 27.724
807.562 27.741
807.771 27.687
807.980 27.729
808.189 27.773
808.398 27.908
808.606 28.042
808.815 28.006
809.024 28.002
809.233 28.064
809.442 28.015
809.651 27.853
809.859 27.926
810.068 28.071
810.277 28.021
810.486 27.961
810.695 28.165
810.904 28.266
811.112 28.247
811.321 28.371
811.530 28.494
811.740 28.510
811.949 28.446
812.159 28.516
812.368 28.540
812.578 28.576
812.787 28.549
812.997 28.668
813.206 28.687
813.416 28.887
813.625 29.274
813.835 29.411
814.044 29.504
814.254 29.577
814.463 29.392
814.673 29.101
814.882 29.137
815.092 29.101
815.301 29.082
815.511 29.215
815.720 29.290
815.930 29.224
816.139 29.238
816.349 29.241
816.558 29.228
816.768 29.182
816.977 29.105
817.187 29.101
817.396 29.225
817.606 29.264
817.815 29.289
818.025 29.361
818.234 29.468
818.444 29.588
818.653 29.655
818.863 29.672
819.072 29.783
819.282 29.787
819.491 29.628
819.701 29.701
819.910 29.921
820.120 30.024
820.329 30.064
820.539 30.204
820.748 30.250
820.958 30.302
821.167 30.321
821.377 30.394
821.586 30.518
821.796 30.567
822.005 30.525
822.215 30.565
822.424 30.531
822.634 30.525
822.843 30.586
823.053 30.492
823.262 30.494
823.472 30.658
823.681 30.647
823.891 30.704
824.100 30.954
824.310 30.994
824.519 30.976
824.729 31.109
824.938 31.112
825.148 30.875
825.357 30.770
825.567 30.708
825.776 30.608
825.986 30.616
826.195 30.876
826.405 31.184
826.614 31.318
826.824 31.301
827.033 31.282
827.243 31.302
827.452 31.307
827.662 31.382
827.871 31.509
828.081 31.620
828.290 31.647
828.500 31.541
828.709 31.588
828.919 31.773
829.128 31.690
829.338 31.653
829.547 31.763
829.757 31.676
829.966 31.450
830.176 31.545
830.385 31.544
830.595 31.445
830.804 31.433
831.014 31.599
831.223 31.695
831.433 31.722
831.642 31.877
831.852 32.128
832.061 32.166
832.271 32.149
832.480 32.231
832.690 32.126
832.899 32.026
833.109 32.172
833.318 32.232
833.528 32.343
833.737 32.744
833.947 32.894
834.156 32.829
834.366 32.784
834.575 32.708
834.785 32.526
834.994 32.601
835.204 32.549
835.413 32.641
835.623 32.795
835.832 32.761
836.042 32.656
836.251 32.733
836.461 32.722
836.670 32.716
836.880 32.888
837.089 32.898
837.299 32.956
837.508 33.050
837.718 33.137
837.927 33.141
838.137 33.353
838.346 33.475
838.556 33.561
838.765 33.570
838.975 33.542
839.184 33.454
839.394 33.475
839.603 33.521
839.813 33.548
840.022 33.534
840.232 33.568
840.441 33.564
840.651 33.562
840.860 33.620
841.070 33.828
841.279 34.012
841.489 34.098
841.698 34.153
841.908 34.187
842.117 34.164
842.327 34.034
842.536 33.804
842.746 33.622
842.955 33.434
843.165 33.410
843.374 33.519
843.584 33.819
843.793 34.165
844.003 34.522
844.212 34.708
844.422 34.677
844.631 34.659
844.841 34.667
845.050 34.525
845.260 34.334
845.469 34.438
845.679 34.413
845.888 34.364
846.098 34.487
846.307 34.543
846.517 34.498
846.726 34.661
846.936 34.716
847.145 34.701
847.355 34.867
847.564 35.138
847.774 35.183
847.983 35.249
848.193 35.388
848.402 36.003
848.612 36.776
848.821 36.931
849.031 37.020
849.240 36.933
849.450 36.326
849.659 35.420
849.869 35.185
850.078 35.024
850.288 34.976
850.497 34.909
850.707 34.824
850.916 35.008
851.126 35.116
851.335 35.198
851.545 35.342
851.754 35.485
851.964 35.411
852.173 35.384
852.383 35.531
852.592 35.647
852.802 35.763
853.011 35.826
853.221 35.942
853.430 35.974
853.640 36.028
853.849 35.960
854.059 35.897
854.268 35.921
854.478 36.004
854.687 35.961
854.897 36.116
855.106 36.341
855.316 36.436
855.525 36.489
855.735 36.652
855.944 36.571
856.154 36.384
856.363 36.256
856.573 36.149
856.782 36.183
856.992 36.358
857.201 36.601
857.411 36.662
857.620 36.664
857.830 36.605
858.039 36.510
858.249 36.406
858.458 36.551
858.668 36.639
858.877 36.590
859.087 36.723
859.296 36.916
859.506 36.937
859.715 37.093
859.925 37.343
860.134 37.330
860.344 37.250
860.553 37.240
860.763 37.192
860.972 36.968
861.182 36.947
861.391 37.001
861.601 36.960
861.810 36.975
862.020 37.163
862.229 37.097
862.439 37.079
862.648 37.234
862.858 37.132
863.067 37.147
863.277 37.497
863.486 37.588
863.696 37.575
863.905 37.751
864.115 37.810
864.324 37.705
864.534 37.635
864.743 37.788
864.953 37.928
865.162 37.899
865.372 37.915
865.581 38.097
865.791 38.055
866.000 37.871
866.210 37.738
866.419 37.932
866.629 37.912
866.838 38.079
867.048 38.437
867.257 38.687
867.467 38.621
867.676 38.817
867.886 38.951
868.095 38.939
868.305 39.059
868.514 39.159
868.724 39.055
868.933 38.789
869.143 38.745
869.352 38.672
869.562 38.671
869.771 38.614
869.981 38.581
870.190 38.577
870.400 38.764
870.609 38.807
870.819 38.942
871.028 39.145
871.238 39.272
871.447 39.278
871.657 39.552
871.866 39.858
872.076 39.940
872.285 39.805
872.495 39.560
872.704 39.380
872.914 39.160
873.123 39.081
873.333 39.052
873.542 39.225
873.752 39.222
873.961 39.276
874.171 39.349
874.380 39.574
874.590 39.802
874.799 39.773
875.009 39.719
875.218 39.836
875.428 39.983
875.637 39.985
875.847 40.305
876.056 40.296
876.266 40.317
876.475 40.624
876.685 40.683
876.894 40.455
877.104 40.630
877.313 40.802
877.523 40.601
877.732 40.632
877.942 40.778
878.151 40.988
878.361 40.916
878.570 40.715
878.780 40.647
878.989 40.463
879.199 40.252
879.408 40.248
879.618 40.387
879.827 40.711
880.037 41.016
880.246 40.983
880.456 41.069
880.665 41.284
880.875 41.290
881.084 41.301
881.294 41.411
881.503 41.486
881.713 41.516
881.922 41.373
882.132 41.194
882.341 41.309
882.551 41.295
882.760 40.997
882.970 40.924
883.179 41.161
883.389 41.265
883.598 41.124
883.808 41.402
884.017 41.542
884.227 41.452
884.436 41.497
884.646 41.784
884.855 41.577
885.065 41.413
885.274 41.495
885.484 41.404
885.693 41.355
885.903 41.607
886.112 42.025
886.322 42.310
886.531 42.190
886.741 42.187
886.950 42.297
887.160 42.177
887.369 41.959
887.579 42.268
887.788 42.381
887.998 42.035
888.207 41.811
888.417 41.660
888.626 41.651
888.836 41.668
889.045 41.929
889.255 42.024
889.464 41.962
889.674 41.846
889.883 41.826
890.093 41.975
890.302 42.015
890.512 42.080
890.721 42.081
890.931 42.019
891.140 41.933
891.350 42.219
891.559 42.382
891.769 42.482
891.978 42.515
892.188 42.575
892.397 42.629
892.607 42.791
892.816 42.937
893.026 43.034
893.235 42.900
893.445 42.733
893.654 42.440
893.864 42.113
894.073 42.203
894.283 42.466
894.492 42.637
894.702 42.942
894.911 43.182
895.121 42.987
895.330 42.880
895.540 42.895
895.749 42.991
895.959 43.084
896.168 43.344
896.378 43.627
896.587 43.646
896.797 43.770
897.006 43.991
897.216 44.397
897.425 44.203
897.635 43.969
897.844 43.935
898.054 43.628
898.263 43.035
898.473 43.095
898.682 43.222
898.892 42.990
899.101 42.974
899.311 42.935
899.520 42.943
899.730 43.152
899.939 43.222
900.149 43.357
900.358 43.615
900.568 43.567
900.777 43.407
900.987 43.599
901.196 43.817
901.406 44.039
901.615 44.017
901.825 43.924
902.034 43.801
902.244 43.647
902.453 43.549
902.663 43.557
902.872 43.736
903.082 43.953
903.291 43.965
903.501 43.923
903.710 44.171
903.920 44.400
904.129 44.474
904.339 44.577
904.548 44.867
904.758 44.724
904.967 44.484
905.177 44.145
905.386 44.034
905.596 43.809
905.805 43.829
906.015 44.009
906.224 44.298
906.434 44.619
906.643 44.792
906.853 44.791
907.062 44.594
907.272 44.383
907.481 43.969
907.691 43.958
907.900 44.118
908.110 44.348
908.319 44.865
908.529 45.168
908.738 44.988
908.948 44.781
909.157 44.490
909.367 44.072
909.576 43.996
909.786 43.753
909.995 43.757
910.205 44.218
910.414 44.433
910.624 44.624
910.833 44.927
911.043 44.839
911.252 44.608
911.462 44.754
911.672 44.711
911.881 44.999
912.091 45.631
912.300 45.803
912.512 45.650
912.724 45.443
912.937 45.400
913.149 45.058
913.361 44.911
913.573 45.012
913.786 45.585
913.998 45.837
914.210 45.866
914.422 45.929
914.634 45.922
914.847 45.214
915.059 44.763
915.271 44.735
915.483 44.854
915.696 44.937
915.908 45.572
916.120 45.680
916.332 45.733
916.544 45.730
916.757 45.672
916.969 45.632
917.181 45.979
917.393 46.362
917.606 46.473
917.818 46.604
918.030 46.475
918.242 46.124
918.454 45.767
918.667 45.698
918.879 45.593
919.091 45.413
919.303 45.594
919.516 45.762
919.728 45.597
919.940 45.480
920.152 45.682
920.364 45.590
920.577 45.594
920.789 45.773
921.001 45.909
921.213 45.887
921.426 45.712
921.638 45.723
921.850 46.276
922.062 46.802
922.274 47.130
922.487 46.990
922.699 46.661
922.911 46.114
923.123 45.722
923.336 45.414
923.548 45.929
923.760 46.596
923.972 46.955
924.184 47.047
924.397 47.329
924.609 47.327
924.821 46.928
925.033 46.496
925.246 46.457
925.458 46.721
925.670 46.881
925.882 47.177
926.094 47.640
926.307 47.892
926.519 47.736
926.731 47.417
926.943 47.026
927.156 46.583
927.368 46.474
927.580 46.482
927.792 46.707
928.004 46.999
928.217 47.351
928.429 47.494
928.641 47.777
928.853 48.024
929.066 48.603
929.278 48.798
929.490 48.630
929.702 48.299
929.914 48.347
930.127 48.037
930.339 48.092
930.551 48.162
930.763 48.219
930.976 48.142
931.188 48.067
931.400 47.827
931.612 47.914
931.824 47.846
932.037 47.593
932.249 47.535
932.461 47.645
932.673 47.517
932.886 47.756
933.098 47.915
933.310 48.058
933.522 48.127
933.734 48.109
933.947 47.794
934.159 47.948
934.371 48.016
934.583 47.875
934.796 47.702
935.008 47.616
935.220 46.882
935.432 46.261
935.644 46.058
935.857 46.370
936.069 46.312
936.281 46.859
936.493 47.449
936.706 47.402
936.918 47.157
937.130 47.133
937.342 47.667
937.554 48.016
937.767 48.120
937.979 48.335
938.191 49.103
938.403 49.308
938.616 49.088
938.828 49.214
939.040 49.412
939.252 48.960
939.464 48.869
939.677 49.592
939.889 50.295
940.101 50.386
940.313 50.862
940.526 50.680
940.738 49.963
940.950 50.095
941.162 50.314
941.374 50.500
941.587 50.507
941.799 50.098
942.011 49.867
942.223 50.807
942.436 51.050
942.648 51.170
942.860 51.811
943.072 51.599
943.284 50.773
943.497 50.378
943.709 49.840
943.921 49.931
944.133 50.134
944.346 50.128
944.558 50.316
944.770 51.506
944.982 51.949
945.194 52.188
945.407 52.566
945.619 52.753
945.831 52.411
946.043 52.182
946.256 51.698
946.468 51.408
946.680 51.643
946.892 52.083
947.104 52.420
947.317 52.515
947.529 52.532
947.741 52.332
947.953 51.676
948.166 51.124
948.378 52.072
948.590 52.394
948.802 51.508
949.014 52.265
949.227 53.736
949.439 53.358
949.651 53.412
949.863 54.214
950.076 53.520
950.288 53.102
950.500 54.418
950.712 54.483
950.924 55.119
951.137 55.900
951.349 55.173
951.561 54.233
951.773 55.553
951.986 57.058
952.198 57.330
952.410 60.176
952.622 62.972
952.834 61.270
953.047 58.721
953.259 57.279
953.471 54.193
953.683 51.384
953.896 51.058
954.108 50.622
954.320 50.918
954.532 52.028
954.744 52.433
954.957 52.415
955.169 52.631
955.381 53.277
955.593 53.086
955.806 52.345
956.018 53.329
956.230 53.654
956.442 52.418
956.654 51.775
956.867 52.085
957.079 51.542
957.291 52.332
957.503 52.939
957.716 52.995
957.928 53.529
958.140 54.667
958.352 54.775
958.564 55.164
958.777 54.767
958.989 54.322
959.201 53.744
959.413 52.587
959.626 51.584
959.838 52.299
960.050 52.325
960.262 51.001
960.474 50.958
960.687 51.785
960.899 51.495
961.111 51.711
961.323 54.211
961.536 55.975
961.748 56.119
961.960 56.594
962.172 56.567
962.384 55.859
962.597 55.267
962.809 54.988
963.021 53.586
963.233 53.503
963.446 53.843
963.658 53.701
963.870 53.371
964.082 53.210
964.294 51.966
964.507 51.445
964.719 52.124
964.931 53.089
965.143 53.444
965.356 54.127
965.568 53.640
965.780 53.079
966.000 53.648
966.221 54.910
966.441 55.735
966.662 55.780
966.882 55.574
967.103 55.392
967.323 56.177
967.543 56.475
967.764 56.182
967.984 55.461
968.205 54.931
968.425 54.016
968.645 52.387
968.866 51.479
969.086 51.948
969.307 51.349
969.527 50.354
969.748 51.350
969.968 52.828
970.188 53.674
970.409 54.424
970.629 55.019
970.850 54.573
971.070 53.613
971.290 53.828
971.511 55.760
971.731 56.064
971.952 56.784
972.172 57.392
972.393 57.224
972.613 55.904
972.833 55.091
973.054 54.627
973.274 55.323
973.495 55.146
973.715 55.358
973.936 56.331
974.156 56.072
974.376 56.205
974.597 57.129
974.817 56.952
975.038 57.523
975.258 58.373
975.478 57.140
975.699 55.599
975.919 55.255
976.140 55.614
976.360 56.283
976.581 57.609
976.801 58.922
977.021 59.153
977.242 57.776
977.462 57.048
977.683 56.771
977.903 54.947
978.123 54.884
978.344 57.575
978.564 58.100
978.785 59.117
979.005 60.913
979.226 61.616
979.446 60.497
979.666 60.874
979.887 60.635
980.107 61.218
980.328 61.195
980.548 60.643
980.769 59.691
980.989 58.192
981.209 57.959
981.430 57.375
981.650 55.582
981.871 56.021
982.091 57.818
982.311 56.786
982.532 57.108
982.752 57.793
982.973 57.498
983.193 55.597
983.414 55.499
983.634 55.666
983.854 56.742
984.075 57.179
984.295 58.640
984.516 58.375
984.736 57.997
984.956 58.216
985.177 56.754
985.397 55.894
985.618 56.459
985.838 56.603
986.059 56.243
986.279 57.883
986.499 58.726
986.720 58.568
986.940 57.675
987.161 56.842
987.381 56.096
987.602 56.823
987.822 56.388
988.042 55.107
988.263 55.053
988.483 55.654
988.704 53.653
988.924 53.953
989.144 55.712
989.365 55.932
989.585 54.507
989.806 55.346
990.026 56.772
990.247 58.878
990.467 60.009
990.687 60.812
990.908 60.877
991.128 60.062
991.349 60.007
991.569 61.536
991.789 63.304
992.010 64.769
992.230 65.981
992.451 65.684
992.671 65.662
992.892 63.771
993.112 60.908
993.332 59.669
993.553 60.868
993.773 61.016
993.994 61.426
994.214 63.085
994.435 64.627
994.655 61.654
994.875 59.749
995.096 59.741
995.316 59.691
995.537 57.513
995.757 59.498
995.977 61.279
996.198 60.200
996.418 57.254
996.639 56.184
996.859 50.994
997.080 46.542
997.300 47.555
997.520 50.596
997.741 52.268
997.961 56.219
998.182 58.041
998.402 55.184
998.622 52.989
998.843 51.496
999.063 49.455
999.284 51.993
999.504 56.869
999.725 58.517
999.945 60.745
1000.165 61.488
1000.386 59.689
1000.606 59.470
1000.827 62.167
1001.047 61.951
1001.268 63.216
1001.488 64.261
1001.708 62.473
1001.929 58.935
1002.149 60.267
1002.370 62.483
1002.590 61.741
1002.810 62.024
1003.031 59.911
1003.251 57.717
1003.472 57.365
1003.692 55.852
1003.913 54.131
1004.133 58.690
1004.353 60.519
1004.574 59.662
1004.794 61.004
1005.015 64.459
1005.235 64.676
1005.455 66.241
1005.676 68.704
1005.896 66.104
1006.117 62.283
1006.337 60.411
1006.558 57.277
1006.778 52.146
1006.998 54.278
1007.219 58.968
1007.439 58.539
1007.660 55.052
1007.880 54.768
1008.101 53.780
1008.321 51.180
1008.541 52.858
1008.762 56.732
1008.982 55.238
1009.203 56.471
1009.423 58.959
1009.643 60.807
1009.864 62.164
1010.084 64.378
1010.305 63.393
1010.525 60.889
1010.746 55.206
1010.966 53.058
1011.186 53.988
1011.407 52.210
1011.627 46.548
1011.848 44.318
1012.068 42.462
1012.288 39.555
1012.509 39.851
1012.729 42.102
1012.950 45.153
