290.982 102.098
291.167 89.664
291.352 91.066
291.537 94.122
291.722 89.089
291.907 95.786
292.091 93.119
292.276 95.819
292.461 96.566
292.646 91.181
292.831 89.188
293.016 91.608
293.201 86.151
293.386 86.367
293.571 84.980
293.756 90.677
293.940 87.152
294.125 83.518
294.310 88.434
294.495 94.554
294.680 87.599
294.865 80.163
295.050 88.025
295.235 91.156
295.420 87.664
295.605 78.741
295.789 80.745
295.974 83.728
296.159 87.236
296.344 90.078
296.529 86.950
296.714 88.790
296.899 84.794
297.084 82.392
297.269 83.702
297.454 81.629
297.638 81.491
297.823 84.857
298.008 92.020
298.193 88.269
298.378 89.711
298.563 87.557
298.748 88.761
298.933 82.782
299.118 85.128
299.303 87.496
299.487 90.363
299.672 95.242
299.857 88.838
300.042 87.967
300.227 88.434
300.412 82.370
300.597 79.271
300.782 81.179
300.967 90.541
301.152 88.385
301.336 84.763
301.521 85.136
301.706 86.054
301.891 87.696
302.076 85.341
302.261 83.263
302.446 86.451
302.631 87.832
302.816 88.772
303.001 88.579
303.185 87.004
303.370 87.851
303.555 85.603
303.740 87.158
303.925 84.172
304.110 74.327
304.295 74.359
304.480 79.942
304.665 80.035
304.850 84.443
305.034 83.721
305.219 82.141
305.404 80.359
305.589 78.414
305.774 82.290
305.959 80.293
306.144 82.338
306.329 83.565
306.514 79.692
306.699 80.362
306.883 80.983
307.068 74.769
307.253 71.816
307.438 71.055
307.623 75.332
307.808 75.680
307.993 76.592
308.178 78.898
308.363 76.367
308.548 74.445
308.732 71.206
308.917 77.287
309.102 76.022
309.287 77.008
309.472 82.033
309.657 81.456
309.842 80.716
310.027 77.498
310.212 74.729
310.397 76.763
310.581 77.472
310.766 70.306
310.951 65.805
311.136 69.161
311.321 71.072
311.506 75.064
311.691 78.594
311.876 79.468
312.061 75.626
312.245 72.202
312.430 71.173
312.615 75.909
312.800 72.989
312.985 67.287
313.170 77.079
313.347 78.578
313.523 77.903
313.700 73.580
313.877 69.562
314.054 69.059
314.230 69.626
314.407 67.414
314.584 71.269
314.761 67.822
314.937 70.441
315.114 73.668
315.291 71.150
315.467 70.179
315.644 68.305
315.821 72.248
315.998 74.029
316.174 70.517
316.351 69.483
316.528 65.763
316.704 65.677
316.881 65.398
317.058 67.134
317.235 67.279
317.411 67.268
317.588 66.455
317.765 66.200
317.942 71.091
318.118 71.222
318.295 71.242
318.472 72.643
318.648 66.326
318.825 66.060
319.002 67.998
319.179 65.154
319.355 65.373
319.532 67.275
319.709 68.089
319.885 66.613
320.062 66.051
320.239 67.792
320.416 67.155
320.592 64.043
320.769 67.970
320.946 68.937
321.123 65.511
321.299 67.705
321.476 67.655
321.653 66.488
321.829 64.914
322.006 66.012
322.183 66.228
322.360 63.862
322.536 65.255
322.713 64.653
322.890 65.582
323.066 64.660
323.243 60.907
323.420 63.174
323.597 66.339
323.773 66.121
323.950 64.259
324.127 66.458
324.304 69.816
324.480 66.256
324.657 61.147
324.834 65.984
325.010 67.940
325.187 63.929
325.364 62.291
325.541 64.869
325.717 67.399
325.894 67.031
326.071 62.970
326.248 61.904
326.424 60.939
326.601 63.040
326.778 62.578
326.954 62.123
327.131 63.657
327.308 63.779
327.485 62.699
327.661 61.765
327.838 61.347
328.015 60.826
328.191 60.256
328.368 59.632
328.545 59.788
328.722 60.137
328.898 60.396
329.075 60.641
329.252 61.284
329.429 57.531
329.605 57.679
329.782 62.971
329.959 61.103
330.135 59.023
330.312 57.937
330.489 62.840
330.666 63.726
330.842 60.187
331.019 58.861
331.196 59.284
331.372 57.720
331.549 58.160
331.726 58.615
331.903 58.598
332.079 61.943
332.256 59.634
332.433 58.431
332.610 58.588
332.786 59.741
332.963 61.228
333.140 56.255
333.316 55.225
333.493 57.433
333.670 60.643
333.847 59.693
334.023 58.108
334.200 62.048
334.377 57.267
334.553 56.854
334.730 62.338
334.907 58.666
335.084 55.136
335.260 54.693
335.437 56.396
335.614 56.894
335.791 54.847
335.967 56.889
336.144 58.691
336.321 57.919
336.497 59.118
336.674 58.539
336.851 58.033
337.028 59.182
337.204 56.963
337.381 56.827
337.558 56.199
337.734 55.176
337.911 55.444
338.088 56.095
338.265 59.193
338.441 61.742
338.618 58.128
338.795 55.387
338.972 57.230
339.148 61.140
339.325 57.990
339.502 53.217
339.678 56.186
339.855 58.747
340.032 57.326
340.209 57.012
340.385 55.252
340.562 56.507
340.739 56.719
340.916 54.924
341.092 56.009
341.269 55.639
341.446 54.065
341.622 55.691
341.799 55.056
341.976 55.268
342.153 56.223
342.329 55.270
342.506 55.189
342.683 56.558
342.859 57.271
343.036 56.480
343.213 55.832
343.390 56.702
343.566 53.535
343.743 52.728
343.920 53.426
344.097 53.681
344.273 53.777
344.450 53.644
344.627 53.531
344.803 54.254
344.980 54.375
345.157 55.629
345.334 54.802
345.510 55.041
345.687 55.722
345.864 55.264
346.040 55.537
346.217 54.353
346.394 54.361
346.571 53.700
346.747 54.998
346.924 56.662
347.101 55.185
347.278 52.959
347.454 52.268
347.631 52.038
347.808 54.151
347.984 56.771
348.161 55.478
348.338 55.890
348.515 53.590
348.691 51.875
348.868 55.365
349.045 55.630
349.221 53.239
349.398 52.312
349.575 54.432
349.752 54.035
349.928 51.878
350.105 53.141
350.282 54.500
350.459 54.591
350.635 55.011
350.812 54.054
350.989 52.649
351.165 52.615
351.342 55.167
351.519 54.125
351.696 53.624
351.872 54.939
352.049 55.557
352.226 54.123
352.402 53.780
352.579 53.222
352.756 53.032
352.933 53.149
353.109 54.080
353.286 54.133
353.463 52.992
353.640 53.886
353.816 53.195
353.993 51.281
354.170 52.434
354.346 53.601
354.523 53.053
354.700 51.306
354.877 52.235
355.053 52.503
355.230 53.624
355.407 54.669
355.584 53.126
355.760 53.594
355.937 51.898
356.114 52.360
356.290 53.151
356.467 52.645
356.644 52.308
356.821 52.060
356.997 52.121
357.174 51.770
357.351 52.017
357.527 51.671
357.704 51.294
357.881 53.411
358.058 51.925
358.234 50.986
358.411 53.066
358.588 53.398
358.765 52.994
358.941 53.765
359.118 53.438
359.295 52.407
359.471 52.079
359.648 51.455
359.825 50.919
360.002 50.435
360.178 51.046
360.355 50.601
360.532 51.854
360.708 52.085
360.885 51.156
361.062 52.249
361.239 51.948
361.415 51.463
361.592 51.359
361.769 51.286
361.946 49.476
362.122 49.482
362.299 51.899
362.476 51.466
362.652 51.167
362.829 52.634
363.006 52.139
363.183 49.856
363.359 51.130
363.536 52.339
363.713 53.098
363.889 51.692
364.066 52.672
364.243 52.379
364.420 52.130
364.596 52.983
364.773 54.065
364.950 53.240
365.127 53.439
365.303 54.443
365.480 53.676
365.661 54.626
365.841 55.370
366.022 55.846
366.202 56.102
366.383 57.638
366.563 56.895
366.744 56.874
366.924 56.934
367.105 57.508
367.286 56.998
367.466 58.548
367.647 58.611
367.827 59.349
368.008 60.387
368.188 59.595
368.369 60.032
368.549 61.753
368.730 62.489
368.911 62.462
369.091 62.122
369.272 63.754
369.452 64.553
369.633 62.958
369.813 64.914
369.994 66.216
370.174 66.215
370.355 67.830
370.535 67.550
370.716 67.964
370.897 69.775
371.077 70.204
371.258 69.233
371.438 70.233
371.619 71.547
371.799 71.451
371.980 71.124
372.160 72.631
372.341 74.207
372.522 74.207
372.702 73.366
372.883 73.685
373.063 74.555
373.244 75.180
373.424 75.527
373.605 76.207
373.785 75.452
373.966 75.466
374.147 76.689
374.327 77.805
374.508 77.971
374.688 77.716
374.869 77.130
375.049 77.456
375.230 78.904
375.410 79.657
375.591 78.407
375.772 78.234
375.952 79.147
376.133 80.515
376.313 79.814
376.494 80.249
376.674 79.934
376.855 79.902
377.035 80.543
377.216 80.639
377.397 79.797
377.577 80.063
377.758 80.979
377.938 81.157
378.119 82.184
378.299 81.260
378.480 80.291
378.660 80.913
378.841 81.410
379.021 81.787
379.202 82.256
379.383 81.507
379.563 81.422
379.744 82.522
379.924 81.899
380.105 81.489
380.285 82.015
380.466 82.568
380.646 82.214
380.827 81.541
381.008 82.353
381.188 82.502
381.369 82.311
381.549 82.256
381.730 82.425
381.910 82.085
382.091 82.662
382.271 82.677
382.452 81.795
382.633 81.786
382.813 82.052
382.994 82.011
383.174 83.030
383.355 82.540
383.535 82.914
383.716 83.184
383.896 83.798
384.077 82.998
384.258 82.303
384.438 83.086
384.619 83.511
384.799 83.324
384.980 83.045
385.160 83.051
385.341 82.964
385.521 83.338
385.702 83.630
385.882 83.692
386.063 83.852
386.244 83.495
386.424 83.784
386.605 83.795
386.785 83.515
386.966 83.848
387.146 83.999
387.327 84.168
387.507 83.244
387.688 83.007
387.869 83.846
388.049 83.790
388.230 82.994
388.410 83.417
388.591 83.957
388.771 84.059
388.952 84.210
389.132 83.636
389.313 83.130
389.494 83.363
389.674 83.728
389.855 83.564
390.035 83.322
390.216 83.465
390.396 83.281
390.577 83.176
390.757 83.607
390.938 83.782
391.119 83.705
391.299 84.105
391.480 83.849
391.660 83.449
391.841 83.513
392.021 83.733
392.202 83.893
392.382 83.131
392.563 83.612
392.743 84.191
392.924 84.078
393.105 84.024
393.285 84.349
393.466 83.502
393.646 83.028
393.827 83.585
394.007 84.407
394.188 84.364
394.368 83.994
394.549 83.724
394.730 83.396
394.910 83.468
395.091 83.475
395.271 83.839
395.452 84.075
395.632 83.690
395.813 83.553
395.993 83.444
396.174 83.856
396.355 84.236
396.535 83.479
396.716 83.722
396.896 83.186
397.077 83.096
397.257 83.636
397.438 83.872
397.618 84.451
397.799 85.099
397.980 84.455
398.160 83.964
398.341 83.378
398.521 83.385
398.702 83.905
398.882 84.561
399.063 84.170
399.243 83.597
399.424 83.303
399.605 83.684
399.785 84.206
399.966 84.484
400.146 84.484
400.327 83.636
400.507 83.817
400.688 83.715
400.868 83.540
401.049 84.237
401.229 84.139
401.410 84.355
401.591 83.866
401.771 83.831
401.952 83.546
402.132 84.059
402.313 85.051
402.493 84.931
402.674 83.918
402.854 83.802
403.035 84.143
403.216 84.489
403.396 84.418
403.577 84.260
403.757 83.566
403.938 84.441
404.118 84.410
404.299 84.334
404.479 84.416
404.660 84.100
404.841 83.784
405.023 83.810
405.204 83.806
405.385 83.586
405.566 83.668
405.748 83.905
405.929 84.091
406.110 83.758
406.292 83.962
406.473 84.181
406.654 84.130
406.835 83.949
407.017 84.207
407.198 83.990
407.379 84.157
407.560 84.359
407.742 84.215
407.923 83.810
408.104 83.638
408.286 84.276
408.467 84.049
408.648 83.821
408.829 83.667
409.011 84.328
409.192 84.256
409.373 83.936
409.555 84.272
409.736 84.420
409.917 83.828
410.098 83.864
410.280 84.456
410.461 84.154
410.642 84.233
410.823 84.774
411.005 84.509
411.186 83.940
411.367 83.981
411.549 84.234
411.730 83.836
411.911 83.784
412.092 84.245
412.274 84.610
412.455 84.264
412.636 84.256
412.818 84.199
412.999 84.264
413.180 84.202
413.361 83.749
413.543 83.591
413.724 84.005
413.905 83.740
414.087 84.421
414.268 84.439
414.449 84.441
414.630 84.459
414.812 83.895
414.993 83.840
415.174 84.126
415.355 84.284
415.537 84.112
415.718 84.517
415.899 83.993
416.081 83.897
416.262 83.708
416.443 83.929
416.624 84.169
416.806 83.836
416.987 83.884
417.168 84.066
417.350 84.184
417.531 84.139
417.712 84.018
417.893 83.549
418.075 83.446
418.256 83.708
418.437 83.769
418.618 84.147
418.800 84.035
418.981 83.850
419.162 83.419
419.344 83.630
419.525 83.595
419.706 83.622
419.887 83.919
420.069 83.978
420.250 83.782
420.431 84.230
420.613 84.188
420.794 83.905
420.975 84.022
421.156 83.860
421.338 84.139
421.519 84.335
421.700 83.950
421.882 83.183
422.063 83.098
422.244 83.602
422.425 84.156
422.607 84.236
422.788 83.536
422.969 83.573
423.150 83.683
423.332 83.763
423.513 83.579
423.694 83.847
423.876 83.713
424.057 83.820
424.238 84.188
424.419 84.050
424.601 83.593
424.782 83.756
424.963 83.743
425.145 83.904
425.326 83.986
425.507 84.311
425.688 83.841
425.870 83.987
426.051 83.967
426.232 83.886
426.413 83.484
426.595 83.834
426.776 84.206
426.957 83.551
427.139 83.293
427.320 83.433
427.501 83.554
427.682 83.599
427.864 83.749
428.045 84.103
428.226 83.996
428.408 83.541
428.589 83.434
428.770 83.784
428.951 84.042
429.133 84.135
429.314 84.129
429.495 83.797
429.677 83.729
429.858 83.966
430.039 83.856
430.220 83.676
430.402 83.998
430.583 83.813
430.764 84.042
430.945 84.050
431.127 84.093
431.308 83.905
431.489 83.928
431.671 83.703
431.852 83.635
432.033 83.891
432.214 84.034
432.396 83.818
432.577 83.637
432.758 83.830
432.940 83.733
433.121 83.464
433.302 83.722
433.483 83.784
433.665 83.723
433.846 83.683
434.027 83.598
434.208 83.372
434.390 83.841
434.571 83.875
434.752 84.123
434.934 83.717
435.115 83.817
435.296 83.672
435.477 83.599
435.659 83.996
435.840 84.033
436.030 83.752
436.220 83.766
436.410 83.418
436.600 83.828
436.790 84.184
436.980 84.095
437.170 83.948
437.360 84.168
437.550 83.960
437.741 84.002
437.931 83.899
438.121 83.770
438.311 83.469
438.501 83.480
438.691 83.637
438.881 83.833
439.071 83.923
439.261 84.086
439.451 84.099
439.641 84.277
439.831 84.010
440.021 83.537
440.211 83.710
440.401 83.290
440.591 83.364
440.781 83.223
440.971 83.308
441.161 83.705
441.351 83.830
441.542 83.520
441.732 83.646
441.922 83.721
442.112 83.590
442.302 83.506
442.492 83.559
442.682 83.569
442.872 83.653
443.062 83.603
443.252 83.446
443.442 83.438
443.632 83.667
443.822 83.738
444.012 83.600
444.202 83.724
444.392 83.938
444.582 84.074
444.772 83.698
444.962 83.340
445.153 83.599
445.343 83.857
445.533 83.699
445.723 83.587
445.913 83.473
446.103 83.497
446.293 83.315
446.483 83.452
446.673 83.784
446.863 83.887
447.053 84.218
447.243 83.921
447.433 83.729
447.623 84.174
447.813 83.778
448.003 83.488
448.193 83.452
448.383 83.695
448.573 83.875
448.764 83.679
448.954 83.779
449.144 83.720
449.334 83.713
449.524 83.599
449.714 83.549
449.904 83.716
450.094 83.433
450.284 83.439
450.474 83.819
450.664 83.809
450.854 83.711
451.044 83.551
451.234 83.741
451.424 83.764
451.614 83.557
451.804 83.640
451.994 83.651
452.184 83.943
452.375 83.516
452.565 83.817
452.755 84.029
452.945 83.546
453.135 83.979
453.325 83.969
453.515 83.788
453.705 83.705
453.895 83.926
454.085 84.081
454.275 83.778
454.465 83.789
454.655 83.829
454.845 83.604
455.035 83.683
455.225 83.838
455.415 83.853
455.605 83.906
455.795 84.006
455.985 84.128
456.176 83.870
456.366 84.034
456.556 83.574
456.746 83.744
456.936 83.477
457.126 83.468
457.316 83.724
457.506 83.741
457.696 84.125
457.886 84.169
458.076 83.967
458.266 83.810
458.456 83.912
458.646 84.350
458.836 84.128
459.026 83.663
459.216 83.433
459.406 83.586
459.596 83.645
459.787 83.750
459.977 83.793
460.167 83.831
460.357 84.119
460.547 83.870
460.737 83.727
460.927 83.923
461.117 83.905
461.307 83.670
461.497 83.795
461.687 84.132
461.877 84.035
462.067 83.742
462.257 83.976
462.447 83.961
462.637 83.689
462.827 83.557
463.017 83.750
463.207 83.885
463.397 83.779
463.588 83.660
463.778 83.705
463.968 83.935
464.158 84.153
464.348 84.300
464.538 84.309
464.728 84.097
464.918 83.879
465.108 83.987
465.298 83.852
465.488 83.989
465.678 83.883
465.868 83.810
466.058 83.847
466.248 83.686
466.438 83.676
466.628 83.959
466.818 84.019
467.008 84.017
467.199 83.851
467.389 83.925
467.579 84.076
467.769 83.767
467.959 84.123
468.149 84.061
468.339 83.726
468.529 83.495
468.719 83.782
468.909 83.836
469.099 83.629
469.289 83.559
469.479 83.720
469.669 84.033
469.859 83.986
470.049 83.789
470.239 83.977
470.429 84.006
470.619 83.754
470.810 83.807
471.000 83.952
471.190 83.947
471.380 83.746
471.570 83.808
471.760 83.863
471.950 83.804
472.140 83.895
472.330 83.849
472.520 84.030
472.710 84.126
472.900 83.926
473.090 83.898
473.280 84.129
473.470 84.086
473.660 84.237
473.850 84.081
474.040 83.996
474.230 83.783
474.421 84.184
474.611 84.157
474.801 84.149
474.991 84.097
475.181 83.958
475.371 84.080
475.561 84.133
475.751 83.941
475.941 84.206
476.131 84.031
476.321 84.175
476.511 83.942
476.701 83.969
476.891 84.013
477.081 84.015
477.271 84.102
477.461 84.023
477.651 83.908
477.841 83.883
478.031 84.047
478.222 84.138
478.412 83.905
478.602 83.981
478.792 84.086
478.982 84.066
479.172 83.829
479.362 83.977
479.552 84.047
479.742 84.049
479.932 83.977
480.122 83.963
480.312 83.949
480.502 83.993
480.692 83.852
480.882 83.973
481.072 84.220
481.262 84.245
481.452 84.020
481.642 83.849
481.833 83.862
482.023 84.157
482.213 84.261
482.403 84.311
482.593 83.884
482.783 84.094
482.973 84.273
483.163 84.094
483.353 84.057
483.543 84.105
483.733 84.108
483.923 84.019
484.113 84.165
484.303 84.473
484.493 84.350
484.683 84.073
484.873 83.812
485.063 83.913
485.253 84.052
485.443 84.076
485.634 84.248
485.824 84.423
486.014 84.292
486.204 83.942
486.394 83.884
486.584 84.199
486.774 84.265
486.964 84.035
487.154 84.230
487.344 84.282
487.534 84.324
487.724 84.009
487.914 84.068
488.104 84.145
488.294 84.274
488.484 84.366
488.674 84.086
488.864 84.053
489.054 84.403
489.245 84.465
489.435 84.133
489.625 84.266
489.815 84.413
490.005 84.400
490.195 84.382
490.385 84.311
490.575 84.233
490.765 84.427
490.955 84.499
491.145 84.217
491.335 84.283
491.525 84.137
491.715 84.298
491.905 84.296
492.095 84.259
492.285 84.233
492.475 84.129
492.665 84.267
492.856 84.198
493.046 84.188
493.236 84.232
493.426 84.374
493.616 84.476
493.806 84.422
493.996 84.322
494.186 84.033
494.376 84.330
494.566 84.461
494.756 84.583
494.946 84.387
495.136 84.367
495.326 84.465
495.516 84.273
495.706 84.424
495.896 84.349
496.086 84.366
496.276 84.032
496.467 84.317
496.657 84.496
496.847 84.444
497.037 84.295
497.227 84.415
497.417 84.552
497.607 84.777
497.797 84.576
497.987 84.437
498.177 84.521
498.367 84.685
498.557 84.497
498.747 84.363
498.937 84.364
499.127 84.430
499.317 84.402
499.507 84.450
499.697 84.419
499.887 84.300
500.077 84.295
500.268 84.303
500.458 84.464
500.648 84.692
500.838 84.463
501.028 84.458
501.218 84.460
501.408 84.390
501.598 84.250
501.788 84.243
501.978 84.424
502.168 84.439
502.358 84.249
502.548 84.416
502.738 84.403
502.928 84.384
503.118 84.486
503.308 84.481
503.498 84.561
503.688 84.549
503.879 84.541
504.069 84.526
504.259 84.727
504.449 84.638
504.639 84.684
504.829 84.386
505.019 84.513
505.209 84.758
505.399 84.585
505.589 84.400
505.779 84.425
505.969 84.358
506.159 84.466
506.349 84.525
506.539 84.301
506.729 84.358
506.919 84.298
507.109 84.256
507.299 84.461
507.490 84.666
507.680 84.488
507.870 84.677
508.060 84.619
508.250 84.508
508.440 84.329
508.630 84.521
508.820 84.608
509.010 84.452
509.200 84.658
509.390 84.652
509.580 84.724
509.770 84.429
509.960 84.417
510.150 84.412
510.340 84.340
510.530 84.193
510.720 84.227
510.910 84.576
511.100 84.542
511.291 84.407
511.481 84.581
511.671 84.389
511.861 84.372
512.051 84.546
512.241 84.598
512.431 84.472
512.621 84.474
512.811 84.586
513.001 84.897
513.191 84.747
513.381 84.766
513.571 84.648
513.761 84.638
513.951 84.674
514.141 84.503
514.331 84.596
514.521 84.488
514.711 84.388
514.902 84.388
515.092 84.404
515.282 84.170
515.472 84.434
515.662 84.518
515.852 84.585
516.042 84.455
516.232 84.430
516.422 84.287
516.612 84.536
516.802 84.621
516.992 84.449
517.182 84.349
517.372 84.476
517.562 84.380
517.752 84.225
517.942 84.372
518.132 84.680
518.322 84.483
518.513 84.367
518.703 84.491
518.893 84.410
519.083 84.576
519.273 84.328
519.463 84.219
519.653 84.453
519.843 84.482
520.033 84.287
520.223 84.232
520.413 84.255
520.603 84.295
520.793 84.284
520.983 84.411
521.173 84.401
521.363 84.363
521.553 84.470
521.743 84.323
521.933 84.426
522.123 84.594
522.314 84.292
522.504 84.312
522.694 84.157
522.884 84.212
523.074 84.385
523.264 84.431
523.454 84.396
523.644 84.385
523.834 84.572
524.024 84.372
524.214 84.426
524.404 84.362
524.594 84.239
524.784 84.396
524.974 84.548
525.164 84.462
525.354 84.276
525.544 84.121
525.734 84.185
525.925 84.258
526.115 84.213
526.305 84.314
526.495 84.285
526.685 84.229
526.875 84.437
527.065 84.390
527.255 84.402
527.445 84.247
527.635 84.334
527.825 84.322
528.015 84.166
528.205 84.235
528.395 84.094
528.585 84.289
528.775 84.276
528.965 84.356
529.155 84.319
529.345 84.092
529.535 84.115
529.726 84.254
529.916 84.334
530.106 84.387
530.296 84.143
530.486 84.110
530.676 84.299
530.866 84.366
531.056 84.424
531.246 84.538
531.436 84.376
531.626 84.194
531.816 84.165
532.006 84.297
532.196 84.314
532.386 84.003
532.576 84.204
532.766 84.196
532.956 84.143
533.146 84.305
533.337 84.273
533.527 84.315
533.717 84.134
533.907 84.301
534.097 84.370
534.287 84.242
534.477 84.379
534.667 84.388
534.857 84.345
535.047 84.321
535.237 84.301
535.427 84.331
535.617 84.343
535.807 84.302
535.997 84.128
536.187 84.004
536.377 84.026
536.567 84.143
536.757 84.231
536.948 84.010
537.138 84.044
537.328 84.463
537.518 84.351
537.708 84.270
537.898 84.330
538.088 84.025
538.278 84.143
538.468 84.207
538.658 84.103
538.848 84.327
539.038 84.417
539.228 84.382
539.418 84.120
539.608 83.904
539.798 84.076
539.988 84.284
540.178 84.154
540.368 84.223
540.558 84.338
540.749 84.375
540.939 84.342
541.129 84.216
541.319 84.288
541.509 84.498
541.699 84.417
541.889 84.284
542.079 84.510
542.269 84.545
542.459 84.682
542.649 85.033
542.839 84.691
543.029 84.647
543.219 84.545
543.409 84.439
543.599 84.424
543.789 84.460
543.979 84.484
544.169 84.611
544.360 84.409
544.550 84.356
544.740 84.393
544.930 84.499
545.120 84.551
545.310 84.515
545.500 84.445
545.690 84.465
545.880 84.370
546.070 84.463
546.267 84.557
546.463 84.596
546.660 84.515
546.857 84.507
547.054 84.614
547.251 84.547
547.447 84.606
547.644 84.593
547.841 84.604
548.038 84.685
548.234 84.849
548.431 84.661
548.628 84.589
548.825 84.647
549.021 84.686
549.218 84.672
549.415 84.684
549.612 84.573
549.808 84.646
550.005 84.852
550.202 84.763
550.399 84.753
550.595 85.095
550.792 84.893
550.989 84.755
551.186 84.684
551.382 84.781
551.579 84.868
551.776 84.729
551.973 84.728
552.169 84.814
552.366 84.928
552.563 84.832
552.760 84.787
552.956 84.882
553.153 84.686
553.350 84.865
553.547 84.926
553.743 84.706
553.940 84.811
554.137 85.042
554.334 84.936
554.530 84.945
554.727 85.005
554.924 84.825
555.121 84.917
555.317 84.894
555.514 84.826
555.711 84.769
555.908 84.732
556.104 85.016
556.301 84.848
556.498 84.911
556.695 85.024
556.891 84.877
557.088 84.962
557.285 84.689
557.482 84.781
557.678 84.859
557.875 84.975
558.072 85.063
558.269 85.034
558.465 84.974
558.662 84.930
558.859 85.010
559.056 85.061
559.252 84.923
559.449 84.871
559.646 84.978
559.843 84.980
560.039 85.082
560.236 85.051
560.433 85.017
560.630 85.118
560.826 84.935
561.023 84.945
561.220 85.020
561.417 85.018
561.613 84.820
561.810 84.980
562.007 84.869
562.204 84.795
562.400 85.060
562.597 85.321
562.794 85.033
562.991 84.939
563.187 85.159
563.384 85.294
563.581 85.175
563.778 85.121
563.974 85.102
564.171 84.907
564.368 84.990
564.565 84.956
564.761 85.145
564.958 85.065
565.155 85.027
565.352 85.046
565.548 85.086
565.745 85.101
565.942 85.132
566.139 85.060
566.335 84.980
566.532 85.319
566.729 85.301
566.926 85.009
567.122 84.890
567.319 84.987
567.516 85.129
567.713 85.400
567.909 85.235
568.106 85.057
568.303 85.020
568.500 85.103
568.696 85.213
568.893 85.127
569.090 84.987
569.287 85.127
569.483 85.249
569.680 85.038
569.877 85.267
570.074 85.181
570.270 85.118
570.467 84.954
570.664 85.137
570.861 85.359
571.057 85.428
571.254 85.379
571.451 85.270
571.648 85.131
571.844 85.082
572.041 85.080
572.238 85.200
572.435 85.219
572.631 85.157
572.828 85.231
573.025 85.248
573.222 85.286
573.418 85.352
573.615 85.664
573.812 85.565
574.009 85.329
574.205 85.258
574.402 85.153
574.599 85.286
574.796 85.317
574.992 85.336
575.189 85.365
575.386 85.252
575.583 85.207
575.779 85.176
575.976 85.271
576.173 85.343
576.370 85.421
576.567 85.346
576.763 85.307
576.960 85.246
577.158 85.433
577.356 85.317
577.554 85.462
577.752 85.228
577.950 85.297
578.148 85.396
578.346 85.427
578.544 85.452
578.742 85.480
578.940 85.458
579.138 85.262
579.336 85.079
579.534 85.250
579.732 85.389
579.930 85.314
580.128 85.383
580.326 85.368
580.524 85.461
580.722 85.507
580.920 85.416
581.118 85.536
581.316 85.554
581.514 85.486
581.712 85.582
581.909 85.549
582.107 85.467
582.305 85.563
582.503 85.449
582.701 85.318
582.899 85.444
583.097 85.544
583.295 85.559
583.493 85.602
583.691 85.559
583.889 85.494
584.087 85.589
584.285 85.647
584.483 85.619
584.681 85.720
584.879 85.743
585.077 85.613
585.275 85.763
585.473 85.796
585.671 85.679
585.869 85.552
586.067 85.526
586.265 85.570
586.463 85.725
586.661 85.920
586.859 85.742
587.057 85.631
587.255 85.739
587.453 85.570
587.651 85.670
587.849 85.787
588.047 85.726
588.245 85.691
588.443 85.802
588.641 85.788
588.839 85.805
589.037 85.815
589.235 85.811
589.433 85.865
589.631 85.840
589.829 85.796
590.027 85.752
590.225 85.644
590.423 85.750
590.621 85.618
590.819 85.639
591.017 85.762
591.215 85.814
591.413 85.617
591.611 85.689
591.809 85.530
592.006 85.611
592.204 85.789
592.402 85.862
592.600 85.786
592.798 85.820
592.996 85.702
593.194 85.663
593.392 85.794
593.590 85.904
593.788 85.795
593.986 85.730
594.184 85.744
594.382 85.817
594.580 85.806
594.778 85.807
594.976 85.958
595.174 85.820
595.372 85.763
595.570 85.646
595.768 85.686
595.966 85.722
596.164 85.884
596.362 85.861
596.560 85.749
596.758 85.736
596.956 85.897
597.154 85.886
597.352 85.771
597.550 85.891
597.748 85.835
597.946 85.710
598.144 85.672
598.342 85.709
598.540 85.755
598.738 85.598
598.936 85.847
599.134 86.006
599.332 85.771
599.530 85.745
599.728 85.871
599.926 86.026
600.124 85.644
600.322 85.733
600.520 85.753
600.718 85.773
600.916 85.767
601.114 85.774
601.312 85.951
601.510 85.881
601.708 85.662
601.905 85.708
602.103 85.777
602.301 85.763
602.499 85.885
602.697 85.748
602.895 85.811
603.093 85.680
603.291 85.620
603.489 85.619
603.687 85.706
603.885 85.780
604.083 85.778
604.281 85.671
604.479 85.412
604.677 85.532
604.875 85.697
605.073 85.492
605.271 85.675
605.469 85.624
605.667 85.677
605.865 85.740
606.063 85.616
606.261 85.628
606.459 85.616
606.657 85.640
606.855 85.511
607.053 85.617
607.251 85.899
607.449 85.532
607.647 85.663
607.845 85.608
608.043 85.548
608.241 85.621
608.439 85.519
608.637 85.504
608.835 85.345
609.033 85.325
609.231 85.246
609.429 85.290
609.627 85.424
609.825 85.519
610.023 85.453
610.221 85.477
610.419 85.469
610.617 85.508
610.815 85.371
611.013 85.377
611.211 85.300
611.409 85.208
611.607 85.349
611.804 85.475
612.002 85.554
612.200 85.362
612.398 85.372
612.596 85.341
612.794 85.360
612.992 85.372
613.190 85.291
613.388 85.235
613.586 85.164
613.784 85.073
613.982 85.297
614.180 85.493
614.378 85.280
614.576 85.354
614.774 85.283
614.972 85.252
615.170 85.494
615.368 85.368
615.566 85.197
615.764 85.302
615.962 85.249
616.160 85.161
616.358 85.338
616.556 85.282
616.754 85.185
616.952 85.160
617.150 85.339
617.348 85.374
617.546 85.326
617.744 85.249
617.942 85.265
618.140 85.206
618.338 85.049
618.536 84.919
618.734 85.014
618.932 85.134
619.130 85.219
619.328 85.049
619.526 85.063
619.724 85.186
619.922 85.219
620.120 85.126
620.318 85.103
620.516 85.162
620.714 85.059
620.912 85.179
621.110 85.144
621.308 84.965
621.506 85.083
621.704 85.055
621.901 84.990
622.099 85.020
622.297 85.221
622.495 85.190
622.693 85.065
622.891 85.114
623.089 85.173
623.287 84.917
623.485 84.893
623.683 84.949
623.881 85.055
624.079 84.908
624.277 84.842
624.475 84.889
624.673 84.814
624.871 84.812
625.069 84.913
625.267 85.027
625.465 85.150
625.663 85.103
625.861 84.892
626.059 84.822
626.257 84.773
626.455 84.747
626.653 84.813
626.851 84.784
627.049 84.775
627.247 84.820
627.445 84.793
627.643 84.809
627.841 84.838
628.039 84.665
628.237 84.739
628.435 84.801
628.633 84.856
628.831 84.861
629.029 84.922
629.227 84.987
629.425 84.775
629.623 84.877
629.821 84.895
630.019 84.689
630.217 84.699
630.415 84.735
630.613 84.809
630.811 84.858
631.009 84.808
631.207 84.860
631.405 84.827
631.603 84.632
631.801 84.648
631.998 84.676
632.196 84.859
632.394 84.808
632.592 84.762
632.790 84.696
632.988 84.503
633.186 84.503
633.384 84.525
633.582 84.644
633.780 84.485
633.978 84.632
634.176 84.769
634.374 84.598
634.572 84.488
634.770 84.666
634.968 84.525
635.166 84.677
635.364 84.673
635.562 84.357
635.760 84.417
635.958 84.621
636.156 84.849
636.354 84.428
636.552 84.454
636.750 84.591
636.948 84.571
637.146 84.712
637.344 84.480
637.542 84.398
637.740 84.493
637.938 84.589
638.136 84.636
638.334 84.584
638.532 84.643
638.730 84.542
638.928 84.534
639.126 84.962
639.324 85.248
639.522 84.448
639.720 84.578
639.918 84.589
640.116 84.570
640.314 84.242
640.512 84.427
640.710 84.407
640.908 84.477
641.106 84.476
641.304 84.507
641.502 84.381
641.699 84.418
641.897 84.358
642.095 84.545
642.293 84.559
642.491 84.528
642.689 84.473
642.887 84.363
643.085 84.455
643.283 84.342
643.481 84.494
643.679 84.408
643.877 84.276
644.075 84.194
644.273 84.187
644.471 84.292
644.669 84.201
644.867 84.353
645.065 84.277
645.263 84.284
645.461 84.404
645.659 84.473
645.857 84.295
646.055 84.165
646.253 84.248
646.451 84.312
646.649 84.308
646.847 84.334
647.045 84.408
647.243 84.178
647.441 84.323
647.639 84.395
647.837 84.279
648.035 84.193
648.233 84.397
648.431 84.454
648.629 84.541
648.827 84.492
649.025 84.154
649.223 84.124
649.421 84.405
649.619 84.325
649.817 84.304
650.015 84.374
650.213 84.355
650.411 84.390
650.609 84.389
650.807 84.225
651.005 84.232
651.203 84.081
651.401 84.248
651.599 84.390
651.796 84.177
651.994 84.251
652.192 84.159
652.390 84.174
652.588 84.183
652.786 84.267
652.984 84.269
653.182 84.072
653.380 84.113
653.578 84.137
653.776 84.099
653.974 84.022
654.172 84.004
654.370 83.993
654.568 84.028
654.766 83.975
654.964 84.089
655.162 84.124
655.360 84.071
655.558 84.012
655.756 83.964
655.954 84.026
656.152 84.103
656.350 84.026
656.548 83.967
656.746 84.071
656.944 84.075
657.142 84.214
657.340 84.254
657.538 84.089
657.736 84.077
657.934 84.115
658.132 83.960
658.330 83.931
658.528 83.945
658.726 83.920
658.924 83.986
659.122 84.083
659.320 83.934
659.518 83.981
659.716 83.864
659.914 83.839
660.112 83.976
660.310 84.212
660.508 83.874
660.706 83.891
660.904 83.930
661.102 84.094
661.300 84.049
661.498 84.149
661.696 84.114
661.893 84.034
662.091 83.876
662.289 84.048
662.487 83.907
662.685 83.828
662.883 83.821
663.081 83.794
663.279 83.858
663.477 84.019
663.675 83.994
663.873 83.997
664.071 83.837
664.269 83.960
664.467 84.026
664.665 83.909
664.863 83.838
665.061 83.748
665.259 83.931
665.457 83.811
665.655 83.847
665.853 83.769
666.051 83.737
666.249 83.595
666.447 83.780
666.645 84.001
666.843 83.976
667.041 83.741
667.239 83.706
667.437 83.700
667.635 83.622
667.833 83.615
668.031 83.646
668.229 83.588
668.427 83.677
668.625 83.687
668.823 83.599
669.021 83.423
669.219 83.502
669.417 83.658
669.615 83.651
669.813 83.552
670.011 83.677
670.209 83.512
670.407 83.460
670.605 83.538
670.803 83.519
671.001 83.305
671.199 83.600
671.397 83.836
671.595 83.549
671.792 83.523
671.990 83.425
672.188 83.544
672.386 83.576
672.584 83.484
672.782 83.379
672.980 83.294
673.178 83.295
673.376 83.484
673.574 83.463
673.772 83.456
673.970 83.541
674.168 83.349
674.366 83.285
674.564 83.256
674.762 83.211
674.960 83.328
675.158 83.328
675.356 83.303
675.554 83.437
675.752 83.395
675.950 83.282
676.148 83.445
676.346 83.348
676.544 83.061
676.742 82.936
676.940 83.070
677.138 83.280
677.336 83.281
677.534 83.190
677.732 83.158
677.930 83.176
678.128 82.956
678.326 83.161
678.524 83.201
678.722 82.999
678.920 83.073
679.118 83.186
679.316 83.063
679.514 83.208
679.712 83.279
679.910 83.090
680.108 83.026
680.306 82.976
680.504 82.962
680.702 83.000
680.900 82.892
681.098 82.892
681.296 82.995
681.494 82.979
681.691 82.790
681.889 82.804
682.087 83.014
682.285 82.880
682.483 82.881
682.681 82.837
682.879 82.828
683.077 82.678
683.275 82.679
683.473 82.804
683.671 82.617
683.869 82.688
684.067 82.839
684.265 82.952
684.463 82.996
684.661 82.788
684.859 82.546
685.057 82.758
685.255 82.738
685.453 82.927
685.651 82.884
685.849 82.660
686.047 82.593
686.245 82.841
686.443 83.039
686.641 82.911
686.839 82.784
687.037 82.650
687.235 82.580
687.433 82.662
687.631 82.811
687.829 82.787
688.027 82.367
688.225 82.454
688.423 82.574
688.621 82.648
688.819 82.661
689.017 82.472
689.215 82.576
689.413 82.707
689.611 82.467
689.809 82.699
690.007 82.751
690.205 82.473
690.403 82.576
690.601 82.638
690.799 82.479
690.997 82.643
691.195 82.655
691.393 82.478
691.591 82.594
691.788 82.713
691.986 82.800
692.184 82.610
692.382 82.562
692.580 82.664
692.778 82.728
692.976 82.815
693.174 82.704
693.372 82.524
693.570 82.595
693.768 82.591
693.966 82.580
694.164 82.576
694.362 82.528
694.560 82.569
694.758 82.508
694.956 82.555
695.154 82.409
695.352 82.572
695.550 82.604
695.748 82.567
695.946 82.469
696.144 82.460
696.342 82.421
696.540 82.458
696.744 82.535
696.948 82.595
697.152 82.426
697.357 82.428
697.561 82.532
697.765 82.512
697.969 82.585
698.173 82.586
698.377 82.516
698.581 82.477
698.786 82.573
698.990 82.470
699.194 82.541
699.398 82.381
699.602 82.537
699.806 82.605
700.010 82.344
700.215 82.532
700.419 82.514
700.623 82.383
700.827 82.412
701.031 82.362
701.235 82.529
701.440 82.468
701.644 82.418
701.848 82.426
702.052 82.554
702.256 82.587
702.460 82.397
702.664 82.575
702.869 82.602
703.073 82.513
703.277 82.594
703.481 82.588
703.685 82.614
703.889 82.738
704.093 82.531
704.298 82.582
704.502 82.776
704.706 82.616
704.910 82.398
705.114 82.404
705.318 82.540
705.522 82.377
705.727 82.318
705.931 82.388
706.135 82.363
706.339 82.448
706.543 82.334
706.747 82.381
706.951 82.522
707.156 82.470
707.360 82.433
707.564 82.420
707.768 82.473
707.972 82.572
708.176 82.415
708.380 82.581
708.585 82.248
708.789 82.220
708.993 82.252
709.197 82.133
709.401 82.386
709.605 82.310
709.810 82.350
710.014 82.352
710.218 82.448
710.422 82.433
710.626 82.492
710.830 82.396
711.034 82.365
711.239 82.428
711.443 82.526
711.647 82.537
711.851 82.251
712.055 82.211
712.259 82.177
712.463 82.140
712.668 82.223
712.872 82.264
713.076 82.122
713.280 82.312
713.484 82.235
713.688 82.288
713.892 82.236
714.097 82.358
714.301 82.526
714.505 82.566
714.709 82.267
714.913 82.224
715.117 82.214
715.321 82.478
715.526 82.459
715.730 82.203
715.934 82.332
716.138 82.285
716.342 82.083
716.546 82.250
716.750 82.287
716.955 81.823
717.159 82.128
717.363 82.077
717.567 82.024
717.771 82.150
717.975 82.378
718.180 82.270
718.384 82.075
718.588 82.036
718.792 82.361
718.996 82.134
719.200 82.074
719.404 82.180
719.609 82.140
719.813 82.252
720.017 82.231
720.221 81.926
720.425 81.938
720.629 81.982
720.833 81.978
721.038 81.944
721.242 81.945
721.446 82.103
721.650 82.391
721.854 82.128
722.058 82.183
722.262 82.258
722.467 81.975
722.671 81.841
722.875 81.961
723.079 82.282
723.283 82.188
723.487 82.000
723.691 81.995
723.896 82.107
724.100 82.091
724.304 82.071
724.508 82.020
724.712 82.176
724.916 82.173
725.120 81.969
725.325 82.054
725.529 82.219
725.733 82.100
725.937 82.139
726.141 82.039
726.345 81.930
726.550 81.841
726.754 82.020
726.958 81.935
727.162 81.844
727.366 81.836
727.570 81.822
727.774 81.917
727.979 82.030
728.183 81.991
728.387 81.788
728.591 81.852
728.795 82.086
728.999 82.024
729.203 82.051
729.408 81.960
729.612 81.930
729.816 81.935
730.020 82.055
730.224 81.993
730.428 81.939
730.632 82.179
730.837 81.971
731.041 81.753
731.245 81.958
731.449 81.887
731.653 81.783
731.857 81.826
732.061 81.865
732.266 81.995
732.470 81.949
732.674 81.849
732.878 81.869
733.082 81.859
733.286 81.778
733.490 81.961
733.695 82.075
733.899 81.955
734.103 82.077
734.307 82.108
734.511 81.788
734.715 81.734
734.920 81.860
735.124 81.898
735.328 81.823
735.532 81.903
735.736 81.799
735.940 81.844
736.144 82.002
736.349 82.339
736.553 82.100
736.757 81.970
736.961 81.963
737.165 81.952
737.369 81.890
737.573 81.847
737.778 81.806
737.982 82.062
738.186 81.904
738.390 81.863
738.594 81.731
738.798 81.762
739.002 82.184
739.207 81.932
739.411 81.794
739.615 81.749
739.819 81.848
740.023 81.901
740.227 81.804
740.431 81.848
740.636 81.974
740.840 81.901
741.044 81.908
741.248 82.047
741.452 82.096
741.656 81.856
741.860 81.887
742.065 81.751
742.269 81.830
742.473 82.153
742.677 82.146
742.881 82.065
743.085 81.663
743.290 81.852
743.494 82.001
743.698 81.815
743.902 81.594
744.106 81.673
744.310 81.913
744.514 81.859
744.719 81.630
744.923 81.644
745.127 81.872
745.331 81.907
745.535 81.831
745.739 81.700
745.943 81.804
746.148 81.735
746.352 82.046
746.556 81.807
746.760 81.549
746.964 81.641
747.168 81.493
747.372 81.683
747.577 81.733
747.781 81.514
747.985 81.842
748.189 82.091
748.393 81.812
748.597 81.576
748.801 82.067
749.006 81.928
749.210 81.717
749.414 81.696
749.618 81.890
749.822 81.947
750.026 81.938
750.230 81.890
750.435 81.545
750.639 81.741
750.843 81.792
751.047 81.793
751.251 81.936
751.455 81.725
751.660 81.865
751.864 81.870
752.068 81.766
752.272 81.674
752.476 81.666
752.680 81.825
752.884 81.597
753.089 81.535
753.293 81.658
753.497 81.824
753.701 81.830
753.905 81.943
754.109 81.791
754.313 82.043
754.518 82.052
754.722 81.651
754.926 81.664
755.130 81.540
755.334 81.973
755.538 81.921
755.742 81.889
755.947 81.941
756.151 81.800
756.355 81.785
756.559 81.749
756.763 81.662
756.967 81.681
757.171 81.629
757.376 81.794
757.580 81.646
757.784 81.770
757.988 81.816
758.192 81.901
758.396 81.757
758.600 81.820
758.805 81.950
759.009 81.737
759.213 81.866
759.417 81.805
759.621 81.691
759.825 81.660
760.030 81.834
760.234 81.911
760.438 82.147
760.642 82.013
760.846 82.123
761.050 81.861
761.254 81.524
761.459 81.615
761.663 81.988
761.867 82.072
762.071 81.642
762.275 81.568
762.479 81.844
762.683 81.988
762.888 81.672
763.092 81.785
763.296 81.433
763.500 81.705
763.709 81.898
763.918 81.952
764.126 81.748
764.335 81.615
764.544 81.900
764.753 81.905
764.962 81.817
765.171 81.733
765.379 81.784
765.588 81.571
765.797 81.806
766.006 81.899
766.215 81.974
766.424 81.939
766.632 81.667
766.841 81.415
767.050 81.579
767.259 81.818
767.468 81.816
767.677 81.652
767.885 81.586
768.094 81.470
768.303 81.718
768.512 81.945
768.721 81.951
768.929 81.659
769.138 81.691
769.347 81.802
769.556 81.775
769.765 81.872
769.974 81.805
770.182 81.875
770.391 81.730
770.600 81.928
770.809 81.670
771.018 81.678
771.227 81.732
771.435 81.717
771.644 81.578
771.853 81.754
772.062 81.627
772.271 81.667
772.480 81.535
772.688 81.527
772.897 81.690
773.106 81.451
773.315 81.493
773.524 81.583
773.732 81.593
773.941 81.729
774.150 81.970
774.359 81.889
774.568 81.699
774.777 81.438
774.985 81.469
775.194 81.450
775.403 81.377
775.612 81.613
775.821 81.495
776.030 81.285
776.238 81.620
776.447 81.165
776.656 81.597
776.865 81.739
777.074 81.435
777.283 81.567
777.491 81.811
777.700 81.837
777.909 81.572
778.118 81.780
778.327 81.900
778.535 81.765
778.744 81.585
778.953 81.536
779.162 81.464
779.371 81.579
779.580 81.493
779.788 81.379
779.997 81.808
780.206 81.691
780.415 81.251
780.624 81.380
780.833 81.687
781.041 81.563
781.250 81.189
781.459 81.113
781.668 81.296
781.877 81.368
782.086 81.693
782.294 81.702
782.503 81.580
782.712 81.701
782.921 81.768
783.130 81.260
783.338 81.113
783.547 81.511
783.756 81.765
783.965 81.632
784.174 81.657
784.383 81.810
784.591 81.687
784.800 81.598
785.009 81.618
785.218 81.668
785.427 81.714
785.636 81.693
785.844 81.582
786.053 81.219
786.262 81.344
786.471 81.506
786.680 81.601
786.889 81.410
787.097 81.285
787.306 81.579
787.515 81.620
787.724 81.348
787.933 81.311
788.141 81.608
788.350 81.622
788.559 81.715
788.768 81.886
788.977 81.893
789.186 81.670
789.394 81.511
789.603 81.346
789.812 81.489
790.021 81.480
790.230 81.504
790.439 81.260
790.647 81.351
790.856 81.317
791.065 81.325
791.274 81.408
791.483 81.648
791.692 81.439
791.900 81.182
792.109 81.476
792.318 81.481
792.527 81.686
792.736 81.486
792.944 81.159
793.153 81.356
793.362 81.427
793.571 81.339
793.780 81.402
793.989 81.517
794.197 81.630
794.406 81.518
794.615 81.198
794.824 81.304
795.033 81.455
795.242 81.509
795.450 81.350
795.659 81.335
795.868 81.419
796.077 81.391
796.286 81.458
796.495 81.077
796.703 81.548
796.912 81.363
797.121 81.221
797.330 81.250
797.539 81.233
797.747 81.497
797.956 81.221
798.165 81.556
798.374 81.340
798.583 80.917
798.792 80.814
799.000 81.327
799.209 81.618
799.418 81.282
799.627 80.825
799.836 81.413
800.045 81.313
800.253 81.085
800.462 81.240
800.671 81.284
800.880 81.154
801.089 81.596
801.298 81.362
801.506 81.001
801.715 80.588
801.924 81.080
802.133 81.683
802.342 81.450
802.550 81.203
802.759 81.324
802.968 81.361
803.177 81.045
803.386 81.407
803.595 81.374
803.803 81.550
804.012 81.533
804.221 81.617
804.430 81.483
804.639 80.618
804.848 81.130
805.056 81.207
805.265 81.276
805.474 81.103
805.683 81.027
805.892 81.101
806.101 81.281
806.309 81.435
806.518 81.246
806.727 81.397
806.936 81.553
807.145 81.545
807.353 81.342
807.562 81.338
807.771 81.042
807.980 81.033
808.189 81.742
808.398 81.740
808.606 81.634
808.815 81.680
809.024 81.255
809.233 80.867
809.442 80.927
809.651 80.992
809.859 81.093
810.068 80.769
810.277 80.912
810.486 81.089
810.695 81.067
810.904 81.091
811.112 81.681
811.321 81.593
811.530 81.556
811.740 81.378
811.949 81.128
812.159 81.252
812.368 80.943
812.578 80.927
812.787 81.174
812.997 81.108
813.206 81.098
813.416 81.336
813.625 81.230
813.835 81.857
814.044 81.930
814.254 81.494
814.463 81.552
814.673 81.609
814.882 81.561
815.092 81.497
815.301 81.315
815.511 80.863
815.720 81.215
815.930 81.105
816.139 81.316
816.349 81.016
816.558 80.747
816.768 80.652
816.977 81.183
817.187 80.993
817.396 80.887
817.606 80.835
817.815 80.916
818.025 81.009
818.234 80.901
818.444 81.140
818.653 81.255
818.863 81.130
819.072 81.231
819.282 81.342
819.491 81.564
819.701 81.587
819.910 81.090
820.120 81.052
820.329 81.296
820.539 80.740
820.748 80.772
820.958 80.961
821.167 81.036
821.377 81.343
821.586 80.791
821.796 80.951
822.005 80.729
822.215 80.850
822.424 81.190
822.634 80.826
822.843 80.439
823.053 81.034
823.262 81.376
823.472 81.266
823.681 81.298
823.891 80.772
824.100 80.437
824.310 80.891
824.519 81.159
824.729 81.179
824.938 81.421
825.148 81.844
825.357 81.643
825.567 80.945
825.776 80.585
825.986 80.705
826.195 81.094
826.405 81.233
826.614 81.242
826.824 81.229
827.033 81.377
827.243 81.271
827.452 81.197
827.662 81.034
827.871 81.204
828.081 81.000
828.290 80.925
828.500 80.976
828.709 81.341
828.919 81.369
829.128 81.080
829.338 81.560
829.547 81.488
829.757 80.998
829.966 80.786
830.176 81.290
830.385 80.792
830.595 80.788
830.804 80.767
831.014 81.158
831.223 80.943
831.433 80.966
831.642 80.963
831.852 81.075
832.061 81.778
832.271 81.212
832.480 81.045
832.690 81.334
832.899 81.046
833.109 80.621
833.318 81.266
833.528 82.122
833.737 81.390
833.947 81.428
834.156 81.156
834.366 80.648
834.575 80.985
834.785 81.041
834.994 81.169
835.204 81.651
835.413 81.346
835.623 80.703
835.832 80.942
836.042 81.816
836.251 80.919
836.461 80.841
836.670 81.053
836.880 81.133
837.089 81.637
837.299 81.469
837.508 80.765
837.718 80.989
837.927 81.172
838.137 81.142
838.346 81.159
838.556 81.448
838.765 81.644
838.975 81.160
839.184 81.094
839.394 81.356
839.603 81.716
839.813 81.076
840.022 81.190
840.232 81.136
840.441 81.124
840.651 81.567
840.860 80.924
841.070 80.981
841.279 81.328
841.489 81.403
841.698 80.961
841.908 81.154
842.117 81.778
842.327 81.632
842.536 81.449
842.746 81.309
842.955 80.642
843.165 80.750
843.374 80.698
843.584 80.896
843.793 81.107
844.003 81.248
844.212 81.162
844.422 81.186
844.631 81.517
844.841 81.362
845.050 81.660
845.260 81.746
845.469 81.298
845.679 80.505
845.888 81.432
846.098 81.838
846.307 81.402
846.517 81.509
846.726 81.356
846.936 81.376
847.145 80.945
847.355 81.064
847.564 81.249
847.774 80.612
847.983 81.126
848.193 81.863
848.402 81.719
848.612 81.436
848.821 82.068
849.031 82.827
849.240 81.735
849.450 81.595
849.659 81.126
849.869 81.143
850.078 81.336
850.288 81.175
850.497 81.404
850.707 81.489
850.916 81.580
851.126 80.773
851.335 81.244
851.545 81.562
851.754 81.442
851.964 81.147
852.173 80.946
852.383 81.139
852.592 80.902
852.802 81.256
853.011 81.134
853.221 80.898
853.430 80.914
853.640 81.507
853.849 81.507
854.059 81.420
854.268 80.929
854.478 80.905
854.687 81.306
854.897 81.659
855.106 81.337
855.316 81.465
855.525 81.608
855.735 81.351
855.944 81.118
856.154 81.102
856.363 80.161
856.573 80.995
856.782 80.656
856.992 80.399
857.201 80.862
857.411 80.437
857.620 80.711
857.830 80.685
858.039 81.092
858.249 81.337
858.458 80.596
858.668 81.077
858.877 81.638
859.087 81.200
859.296 80.994
859.506 81.388
859.715 81.133
859.925 80.908
860.134 81.246
860.344 81.375
860.553 80.967
860.763 80.851
860.972 81.079
861.182 80.964
861.391 80.128
861.601 80.965
861.810 81.827
862.020 80.859
862.229 80.623
862.439 81.377
862.648 80.664
862.858 80.953
863.067 81.436
863.277 81.645
863.486 81.662
863.696 81.475
863.905 80.721
864.115 80.629
864.324 80.627
864.534 80.510
864.743 80.891
864.953 80.968
865.162 81.597
865.372 81.694
865.581 81.249
865.791 81.243
866.000 80.913
866.210 81.171
866.419 80.674
866.629 80.169
866.838 81.050
867.048 80.941
867.257 81.182
867.467 80.834
867.676 80.632
867.886 80.941
868.095 81.335
868.305 81.856
868.514 81.410
868.724 81.224
868.933 81.429
869.143 81.623
869.352 81.264
869.562 81.789
869.771 80.647
869.981 80.484
870.190 80.615
870.400 80.537
870.609 80.958
870.819 81.457
871.028 80.929
871.238 81.157
871.447 81.033
871.657 81.212
871.866 81.244
872.076 81.709
872.285 82.142
872.495 81.372
872.704 80.902
872.914 80.581
873.123 81.131
873.333 81.396
873.542 81.423
873.752 80.923
873.961 81.540
874.171 81.662
874.380 81.332
874.590 80.879
874.799 81.301
875.009 81.725
875.218 81.031
875.428 81.405
875.637 80.889
875.847 81.214
876.056 81.555
876.266 81.753
876.475 81.028
876.685 80.796
876.894 81.839
877.104 82.034
877.313 81.276
877.523 80.853
877.732 81.306
877.942 81.406
878.151 81.841
878.361 82.120
878.570 81.788
878.780 80.958
878.989 81.105
879.199 81.422
879.408 81.061
879.618 81.482
879.827 81.490
880.037 81.487
880.246 82.207
880.456 81.754
880.665 80.697
880.875 82.064
881.084 82.281
881.294 82.535
881.503 81.785
881.713 81.283
881.922 81.229
882.132 82.164
882.341 82.229
882.551 81.373
882.760 81.566
882.970 81.648
883.179 80.939
883.389 81.370
883.598 81.310
883.808 80.961
884.017 80.394
884.227 81.428
884.436 81.352
884.646 80.952
884.855 81.410
885.065 81.456
885.274 81.321
885.484 81.005
885.693 80.496
885.903 80.430
886.112 81.200
886.322 81.087
886.531 81.699
886.741 81.575
886.950 80.346
887.160 81.527
887.369 82.447
887.579 81.146
887.788 80.742
887.998 81.064
888.207 81.189
888.417 80.344
888.626 80.792
888.836 80.754
889.045 81.277
889.255 81.087
889.464 81.199
889.674 80.969
889.883 80.777
890.093 80.487
890.302 80.208
890.512 80.870
890.721 80.265
890.931 79.980
891.140 80.898
891.350 81.270
891.559 81.810
891.769 81.789
891.978 80.543
892.188 80.625
892.397 80.280
892.607 80.722
892.816 81.158
893.026 81.498
893.235 81.310
893.445 81.078
893.654 80.992
893.864 80.661
894.073 80.178
894.283 80.174
894.492 80.938
894.702 80.956
894.911 81.437
895.121 81.467
895.330 80.766
895.540 80.645
895.749 81.074
895.959 80.906
896.168 80.278
896.378 80.362
896.587 81.113
896.797 81.752
897.006 81.008
897.216 79.964
897.425 80.567
897.635 81.760
897.844 81.185
898.054 80.656
898.263 81.284
898.473 81.038
898.682 80.595
898.892 81.189
899.101 80.805
899.311 80.502
899.520 80.780
899.730 80.776
899.939 81.291
900.149 81.171
900.358 80.629
900.568 80.303
900.777 80.207
900.987 80.147
901.196 80.951
901.406 80.810
901.615 81.037
901.825 81.520
902.034 81.020
902.244 80.954
902.453 81.143
902.663 80.367
902.872 81.159
903.082 81.108
903.291 80.557
903.501 81.275
903.710 80.364
903.920 80.261
904.129 81.230
904.339 81.883
904.548 80.883
904.758 80.495
904.967 81.628
905.177 80.534
905.386 81.023
905.596 81.191
905.805 80.944
906.015 81.483
906.224 81.281
906.434 80.960
906.643 80.790
906.853 81.233
907.062 81.589
907.272 80.671
907.481 80.286
907.691 81.027
907.900 80.057
908.110 81.129
908.319 81.529
908.529 81.702
908.738 81.389
908.948 80.839
909.157 80.409
909.367 80.023
909.576 80.964
909.786 80.727
909.995 81.619
910.205 81.075
910.414 80.369
910.624 81.301
910.833 81.520
911.043 81.542
911.252 80.549
911.462 80.484
911.672 80.507
911.881 81.297
912.091 81.099
912.300 81.079
912.512 81.496
912.724 81.016
912.937 80.795
913.149 80.706
913.361 80.485
913.573 79.858
913.786 80.367
913.998 80.667
914.210 81.373
914.422 80.858
914.634 80.422
914.847 81.230
915.059 81.570
915.271 80.362
915.483 80.277
915.696 81.058
915.908 81.785
916.120 81.467
916.332 82.132
916.544 80.372
916.757 80.240
916.969 81.342
917.181 81.165
917.393 81.566
917.606 81.967
917.818 81.669
918.030 81.247
918.242 81.544
918.454 81.378
918.667 80.741
918.879 81.437
919.091 81.742
919.303 81.335
919.516 81.442
919.728 81.408
919.940 80.896
920.152 80.930
920.364 80.732
920.577 81.043
920.789 81.283
921.001 81.704
921.213 80.813
921.426 81.000
921.638 80.812
921.850 80.299
922.062 80.912
922.274 82.699
922.487 82.761
922.699 82.187
922.911 80.494
923.123 80.115
923.336 81.093
923.548 81.624
923.760 81.910
923.972 82.507
924.184 83.005
924.397 82.895
924.609 82.019
924.821 81.678
925.033 80.906
925.246 80.561
925.458 81.009
925.670 82.515
925.882 82.392
926.094 81.329
926.307 82.381
926.519 82.522
926.731 82.138
926.943 82.592
927.156 81.463
927.368 80.834
927.580 80.795
927.792 82.455
928.004 82.618
928.217 81.242
928.429 80.905
928.641 82.148
928.853 82.874
929.066 83.222
929.278 82.402
929.490 83.638
929.702 83.253
929.914 81.777
930.127 82.362
930.339 83.077
930.551 82.169
930.763 81.968
930.976 82.699
931.188 81.956
931.400 82.254
931.612 82.600
931.824 81.421
932.037 82.920
932.249 83.269
932.461 81.985
932.673 82.953
932.886 82.732
933.098 82.863
933.310 83.802
933.522 82.566
933.734 82.875
933.947 82.496
934.159 81.223
934.371 79.833
934.583 82.149
934.796 83.510
935.008 83.310
935.220 81.060
935.432 80.176
935.644 79.967
935.857 80.275
936.069 81.276
936.281 81.549
936.493 81.321
936.706 82.968
936.918 82.451
937.130 81.693
937.342 82.116
937.554 81.565
937.767 82.131
937.979 83.653
938.191 81.235
938.403 82.103
938.616 84.002
938.828 84.033
939.040 84.346
939.252 82.646
939.464 82.036
939.677 82.161
939.889 82.061
940.101 82.319
940.313 82.917
940.526 82.285
940.738 83.806
940.950 83.216
941.162 82.789
941.374 83.988
941.587 83.273
941.799 84.989
942.011 83.926
942.223 81.692
942.436 84.015
942.648 84.271
942.860 84.658
943.072 84.024
943.284 83.896
943.497 83.488
943.709 84.998
943.921 84.323
944.133 83.841
944.346 84.697
944.558 84.231
944.770 84.118
944.982 84.476
945.194 85.097
945.407 84.180
945.619 85.023
945.831 85.189
946.043 84.842
946.256 84.833
946.468 83.959
946.680 82.299
946.892 84.739
947.104 85.898
947.317 85.903
947.529 85.998
947.741 84.085
947.953 82.639
948.166 84.616
948.378 85.477
948.590 85.222
948.802 86.842
949.014 85.940
949.227 84.698
949.439 87.848
949.651 86.996
949.863 83.847
950.076 85.265
950.288 84.351
950.500 81.964
950.712 84.861
950.924 86.301
951.137 85.216
951.349 85.592
951.561 85.465
951.773 84.000
951.986 84.584
952.198 88.183
952.410 88.920
952.622 88.548
952.834 92.889
953.047 90.296
953.259 83.435
953.471 83.667
953.683 84.216
953.896 85.210
954.108 85.398
954.320 84.086
954.532 84.392
954.744 85.846
954.957 86.672
955.169 86.333
955.381 85.211
955.593 84.899
955.806 84.983
956.018 85.800
956.230 84.024
956.442 86.181
956.654 83.023
956.867 81.029
957.079 85.344
957.291 86.108
957.503 85.032
957.716 82.639
957.928 82.277
958.140 85.435
958.352 85.890
958.564 87.698
958.777 87.071
958.989 86.724
959.201 84.620
959.413 84.273
959.626 83.335
959.838 82.432
960.050 83.716
960.262 87.151
960.474 85.519
960.687 84.075
960.899 83.381
961.111 84.483
961.323 84.722
961.536 86.989
961.748 89.721
961.960 86.750
962.172 85.493
962.384 87.757
962.597 85.651
962.809 84.902
963.021 85.569
963.233 83.835
963.446 83.701
963.658 85.088
963.870 85.297
964.082 84.408
964.294 81.287
964.507 83.084
964.719 83.071
964.931 85.612
965.143 85.175
965.356 84.748
965.568 82.884
965.780 85.349
966.000 85.684
966.221 85.618
966.441 86.658
966.662 84.521
966.882 86.525
967.103 87.303
967.323 85.025
967.543 84.300
967.764 85.430
967.984 85.341
968.205 83.667
968.425 81.416
968.645 84.091
968.866 88.301
969.086 83.330
969.307 81.186
969.527 83.346
969.748 82.010
969.968 81.980
970.188 86.942
970.409 87.119
970.629 85.057
970.850 85.082
971.070 84.273
971.290 83.925
971.511 85.493
971.731 88.242
971.952 89.848
972.172 83.540
972.393 86.284
972.613 86.983
972.833 86.089
973.054 86.235
973.274 82.722
973.495 84.197
973.715 84.939
973.936 83.592
974.156 84.733
974.376 84.935
974.597 84.064
974.817 88.538
975.038 88.400
975.258 82.674
975.478 83.999
975.699 85.591
975.919 84.130
976.140 84.366
976.360 86.202
976.581 87.903
976.801 89.816
977.021 87.791
977.242 85.021
977.462 84.336
977.683 83.398
977.903 85.636
978.123 86.513
978.344 83.320
978.564 84.521
978.785 89.447
979.005 86.325
979.226 88.752
979.446 86.439
979.666 85.341
979.887 88.008
980.107 87.431
980.328 88.449
980.548 88.437
980.769 86.916
980.989 85.931
981.209 82.293
981.430 78.390
981.650 87.093
981.871 86.423
982.091 80.396
982.311 83.022
982.532 86.721
982.752 86.412
982.973 84.453
983.193 83.076
983.414 86.029
983.634 85.183
983.854 86.716
984.075 86.037
984.295 85.376
984.516 89.340
984.736 86.215
984.956 84.638
985.177 88.800
985.397 86.437
985.618 80.427
985.838 87.260
986.059 88.760
986.279 87.159
986.499 84.001
986.720 86.930
986.940 85.336
987.161 84.852
987.381 84.172
987.602 81.829
987.822 86.132
988.042 88.575
988.263 82.285
988.483 79.902
988.704 84.436
988.924 87.288
989.144 83.892
989.365 81.821
989.585 82.283
989.806 84.545
990.026 85.508
990.247 87.426
990.467 89.930
990.687 88.720
990.908 85.751
991.128 83.662
991.349 84.440
991.569 85.422
991.789 90.897
992.010 89.142
992.230 89.142
992.451 90.471
992.671 85.778
992.892 84.256
993.112 90.101
993.332 88.236
993.553 84.476
993.773 86.735
993.994 90.429
994.214 88.823
994.435 87.572
994.655 89.971
994.875 92.071
995.096 86.727
995.316 85.558
995.537 86.508
995.757 88.288
995.977 88.274
996.198 90.926
996.418 88.040
996.639 85.483
996.859 82.433
997.080 84.334
997.300 81.624
997.520 81.142
997.741 84.359
997.961 82.718
998.182 81.363
998.402 83.835
998.622 83.196
998.843 79.187
999.063 81.243
999.284 86.298
999.504 83.478
999.725 90.689
999.945 91.013
1000.165 88.758
1000.386 88.535
1000.606 83.280
1000.827 83.345
1001.047 84.794
1001.268 86.753
1001.488 84.650
1001.708 84.435
1001.929 88.874
1002.149 86.880
1002.370 82.028
1002.590 87.685
1002.810 89.591
1003.031 85.996
1003.251 87.843
1003.472 82.103
1003.692 87.333
1003.913 90.768
1004.133 81.177
1004.353 87.716
1004.574 91.233
1004.794 86.211
1005.015 83.815
1005.235 81.070
1005.455 94.072
1005.676 92.681
1005.896 91.311
1006.117 91.327
1006.337 81.149
1006.558 78.750
1006.778 84.399
1006.998 88.809
1007.219 83.600
1007.439 83.557
1007.660 88.791
1007.880 79.452
1008.101 77.819
1008.321 84.554
1008.541 86.999
1008.762 82.523
1008.982 82.889
1009.203 85.198
1009.423 81.605
1009.643 90.371
1009.864 93.631
1010.084 95.071
1010.305 88.610
1010.525 78.786
1010.746 78.316
1010.966 82.277
1011.186 72.634
1011.407 79.158
1011.627 89.124
1011.848 83.167
1012.068 77.064
1012.288 77.319
1012.509 84.320
1012.729 78.171
1012.950 72.332
