290.982 85.652
291.167 75.424
291.352 77.271
291.537 77.802
291.722 68.517
291.907 75.887
292.091 79.983
292.276 86.503
292.461 83.838
292.646 73.119
292.831 71.995
293.016 76.037
293.201 67.793
293.386 67.120
293.571 66.540
293.756 72.440
293.940 58.198
294.125 57.478
294.310 66.631
294.495 70.855
294.680 70.356
294.865 68.692
295.050 68.130
295.235 63.021
295.420 67.075
295.605 63.689
295.789 61.719
295.974 63.950
296.159 65.731
296.344 65.646
296.529 60.972
296.714 67.918
296.899 65.050
297.084 59.871
297.269 61.974
297.454 63.995
297.638 63.964
297.823 61.375
298.008 70.190
298.193 66.542
298.378 65.199
298.563 61.576
298.748 67.357
298.933 67.062
299.118 64.722
299.303 64.260
299.487 65.469
299.672 74.313
299.857 67.910
300.042 60.791
300.227 66.458
300.412 63.426
300.597 57.465
300.782 54.470
300.967 63.449
301.152 61.458
301.336 57.923
301.521 60.669
301.706 61.285
301.891 63.882
302.076 57.717
302.261 61.483
302.446 64.071
302.631 68.157
302.816 64.896
303.001 65.406
303.185 65.908
303.370 62.021
303.555 58.229
303.740 65.610
303.925 61.333
304.110 45.545
304.295 48.187
304.480 50.709
304.665 51.373
304.850 52.731
305.034 53.347
305.219 58.759
305.404 55.959
305.589 54.600
305.774 57.849
305.959 52.939
306.144 50.892
306.329 51.266
306.514 54.250
306.699 52.804
306.883 53.383
307.068 50.104
307.253 47.504
307.438 47.499
307.623 50.419
307.808 49.495
307.993 51.680
308.178 49.584
308.363 49.425
308.548 47.326
308.732 44.848
308.917 45.256
309.102 47.365
309.287 47.655
309.472 54.555
309.657 53.936
309.842 51.246
310.027 46.986
310.212 45.395
310.397 52.778
310.581 53.190
310.766 41.569
310.951 39.145
311.136 41.832
311.321 43.689
311.506 43.607
311.691 47.928
311.876 51.113
312.061 44.455
312.245 44.003
312.430 46.018
312.615 46.600
312.800 41.160
312.985 42.178
313.170 50.660
313.347 50.720
313.523 50.731
313.700 46.963
313.877 40.158
314.054 40.366
314.230 43.995
314.407 37.563
314.584 42.344
314.761 41.238
314.937 44.253
315.114 44.704
315.291 41.443
315.467 43.368
315.644 39.283
315.821 40.282
315.998 47.214
316.174 43.737
316.351 37.314
316.528 33.020
316.704 35.934
316.881 36.152
317.058 35.968
317.235 38.535
317.411 38.591
317.588 36.324
317.765 37.167
317.942 42.757
318.118 43.746
318.295 40.690
318.472 43.145
318.648 36.971
318.825 35.998
319.002 39.567
319.179 37.294
319.355 37.271
319.532 40.037
319.709 37.584
319.885 30.849
320.062 32.928
320.239 37.325
320.416 38.317
320.592 33.780
320.769 38.898
320.946 39.167
321.123 35.284
321.299 38.521
321.476 35.939
321.653 35.437
321.829 35.839
322.006 35.123
322.183 33.868
322.360 32.487
322.536 31.898
322.713 34.288
322.890 34.773
323.066 34.284
323.243 33.944
323.420 33.554
323.597 37.130
323.773 35.591
323.950 35.201
324.127 38.271
324.304 42.353
324.480 33.953
324.657 28.085
324.834 34.102
325.010 38.422
325.187 35.087
325.364 31.727
325.541 34.513
325.717 33.181
325.894 32.933
326.071 31.579
326.248 33.734
326.424 28.537
326.601 28.570
326.778 31.023
326.954 27.754
327.131 31.688
327.308 33.156
327.485 31.773
327.661 29.528
327.838 27.761
328.015 26.183
328.191 28.860
328.368 31.833
328.545 31.076
328.722 30.153
328.898 30.066
329.075 29.475
329.252 28.507
329.429 24.907
329.605 27.091
329.782 30.295
329.959 29.855
330.135 29.435
330.312 27.962
330.489 31.397
330.666 29.039
330.842 25.794
331.019 25.441
331.196 29.765
331.372 28.692
331.549 25.832
331.726 26.156
331.903 25.567
332.079 27.363
332.256 26.184
332.433 25.111
332.610 28.458
332.786 27.641
332.963 26.589
333.140 25.821
333.316 23.832
333.493 23.589
333.670 28.983
333.847 28.593
334.023 27.451
334.200 31.487
334.377 26.766
334.553 26.368
334.730 32.908
334.907 26.860
335.084 21.784
335.260 23.068
335.437 25.716
335.614 26.537
335.791 23.769
335.967 26.988
336.144 27.296
336.321 25.638
336.497 28.347
336.674 27.053
336.851 27.557
337.028 27.605
337.204 24.943
337.381 24.141
337.558 26.287
337.734 25.653
337.911 24.403
338.088 25.175
338.265 29.292
338.441 32.018
338.618 27.370
338.795 24.861
338.972 28.308
339.148 31.974
339.325 28.699
339.502 21.723
339.678 24.296
339.855 27.725
340.032 28.017
340.209 27.536
340.385 23.767
340.562 25.203
340.739 27.155
340.916 25.006
341.092 27.171
341.269 26.373
341.446 24.869
341.622 25.198
341.799 26.559
341.976 28.385
342.153 28.999
342.329 27.351
342.506 27.499
342.683 28.553
342.859 28.978
343.036 29.563
343.213 28.327
343.390 27.933
343.566 26.457
343.743 26.525
343.920 28.804
344.097 27.834
344.273 26.200
344.450 28.373
344.627 27.547
344.803 27.281
344.980 28.553
345.157 28.731
345.334 27.243
345.510 29.001
345.687 32.316
345.864 30.369
346.040 28.955
346.217 27.519
346.394 28.980
346.571 28.543
346.747 31.029
346.924 31.591
347.101 31.384
347.278 29.634
347.454 28.341
347.631 27.449
347.808 30.178
347.984 33.588
348.161 32.041
348.338 33.748
348.515 30.696
348.691 28.500
348.868 31.794
349.045 33.034
349.221 31.895
349.398 31.108
349.575 31.438
349.752 32.108
349.928 31.802
350.105 32.522
350.282 32.699
350.459 33.389
350.635 34.149
350.812 32.906
350.989 32.633
351.165 32.776
351.342 35.693
351.519 34.655
351.696 33.081
351.872 35.717
352.049 36.614
352.226 34.275
352.402 33.066
352.579 33.773
352.756 35.383
352.933 35.571
353.109 35.662
353.286 36.388
353.463 36.378
353.640 36.275
353.816 35.600
353.993 33.003
354.170 33.729
354.346 35.308
354.523 36.140
354.700 34.520
354.877 35.045
355.053 35.826
355.230 37.233
355.407 38.447
355.584 37.769
355.760 38.216
355.937 36.042
356.114 36.246
356.290 37.758
356.467 38.542
356.644 38.695
356.821 38.150
356.997 37.659
357.174 37.705
357.351 38.726
357.527 39.097
357.704 38.504
357.881 39.844
358.058 39.924
358.234 38.881
358.411 40.543
358.588 40.021
358.765 40.719
358.941 42.189
359.118 41.544
359.295 41.168
359.471 40.530
359.648 40.601
359.825 40.258
360.002 40.037
360.178 40.944
360.355 40.489
360.532 41.120
360.708 42.038
360.885 41.100
361.062 42.182
361.239 42.101
361.415 41.055
361.592 41.261
361.769 41.288
361.946 39.790
362.122 40.634
362.299 41.906
362.476 41.672
362.652 42.355
362.829 44.477
363.006 43.682
363.183 41.178
363.359 42.157
363.536 42.877
363.713 44.282
363.889 42.671
364.066 43.766
364.243 44.126
364.420 42.684
364.596 43.866
364.773 44.003
364.950 43.293
365.127 43.893
365.303 43.377
365.480 43.937
365.661 44.130
365.841 44.833
366.022 45.386
366.202 45.400
366.383 46.313
366.563 46.457
366.744 45.869
366.924 44.548
367.105 44.776
367.286 44.380
367.466 45.847
367.647 45.666
367.827 45.334
368.008 45.213
368.188 44.785
368.369 44.741
368.549 46.247
368.730 46.608
368.911 46.770
369.091 46.099
369.272 46.411
369.452 47.439
369.633 45.103
369.813 45.236
369.994 46.715
370.174 46.163
370.355 47.721
370.535 48.280
370.716 47.718
370.897 48.901
371.077 48.031
371.258 46.470
371.438 47.290
371.619 48.468
371.799 48.226
371.980 47.487
372.160 48.709
372.341 50.266
372.522 49.431
372.702 47.486
372.883 47.305
373.063 48.590
373.244 49.069
373.424 48.956
373.605 49.530
373.785 48.540
373.966 48.701
374.147 49.710
374.327 49.619
374.508 50.281
374.688 49.177
374.869 49.380
375.049 49.252
375.230 49.512
375.410 50.810
375.591 50.079
375.772 50.107
375.952 50.987
376.133 51.971
376.313 50.747
376.494 49.847
376.674 50.303
376.855 50.788
377.035 50.807
377.216 50.534
377.397 49.561
377.577 50.812
377.758 51.185
377.938 50.685
378.119 51.933
378.299 51.623
378.480 51.526
378.660 50.820
378.841 51.399
379.021 51.483
379.202 51.170
379.383 51.458
379.563 52.421
379.744 52.267
379.924 50.561
380.105 51.272
380.285 52.046
380.466 52.208
380.646 52.085
380.827 52.025
381.008 52.756
381.188 51.801
381.369 51.606
381.549 51.874
381.730 51.761
381.910 52.356
382.091 53.021
382.271 53.743
382.452 52.296
382.633 52.280
382.813 53.243
382.994 52.707
383.174 52.636
383.355 52.297
383.535 52.989
383.716 53.910
383.896 54.415
384.077 53.825
384.258 53.381
384.438 53.496
384.619 53.834
384.799 53.652
384.980 54.290
385.160 54.624
385.341 54.145
385.521 53.840
385.702 53.779
385.882 54.179
386.063 54.243
386.244 54.489
386.424 54.721
386.605 54.184
386.785 54.333
386.966 54.791
387.146 55.367
387.327 54.993
387.507 54.549
387.688 54.476
387.869 55.088
388.049 55.077
388.230 54.888
388.410 55.151
388.591 55.586
388.771 55.313
388.952 55.694
389.132 55.694
389.313 55.492
389.494 55.379
389.674 55.369
389.855 55.194
390.035 54.919
390.216 55.551
390.396 55.827
390.577 55.353
390.757 55.621
390.938 56.438
391.119 56.060
391.299 56.198
391.480 55.870
391.660 55.507
391.841 55.772
392.021 55.877
392.202 56.119
392.382 56.103
392.563 56.292
392.743 56.338
392.924 56.615
393.105 56.521
393.285 56.550
393.466 56.315
393.646 56.022
393.827 56.075
394.007 56.346
394.188 56.766
394.368 56.880
394.549 56.861
394.730 56.438
394.910 55.811
395.091 56.436
395.271 57.001
395.452 56.545
395.632 56.742
395.813 57.044
395.993 56.832
396.174 57.380
396.355 57.257
396.535 56.856
396.716 57.099
396.896 56.917
397.077 56.754
397.257 56.919
397.438 57.307
397.618 57.530
397.799 57.815
397.980 57.343
398.160 57.317
398.341 57.106
398.521 56.768
398.702 57.513
398.882 58.001
399.063 57.559
399.243 57.285
399.424 57.220
399.605 57.172
399.785 57.535
399.966 57.724
400.146 57.951
400.327 57.276
400.507 57.550
400.688 57.534
400.868 57.180
401.049 57.385
401.229 57.878
401.410 58.412
401.591 57.955
401.771 57.797
401.952 57.901
402.132 57.788
402.313 57.553
402.493 58.261
402.674 58.003
402.854 57.960
403.035 57.916
403.216 58.200
403.396 58.477
403.577 58.089
403.757 57.501
403.938 57.896
404.118 57.715
404.299 58.257
404.479 58.618
404.660 58.104
404.841 58.352
405.023 57.919
405.204 57.897
405.385 58.105
405.566 57.879
405.748 57.828
405.929 58.168
406.110 57.866
406.292 58.313
406.473 58.242
406.654 57.970
406.835 57.967
407.017 58.512
407.198 58.795
407.379 58.395
407.560 58.266
407.742 58.063
407.923 57.788
408.104 58.130
408.286 58.780
408.467 58.184
408.648 57.876
408.829 58.055
409.011 57.702
409.192 58.355
409.373 58.650
409.555 58.810
409.736 59.021
409.917 58.532
410.098 58.329
410.280 58.543
410.461 58.479
410.642 58.441
410.823 58.695
411.005 58.744
411.186 58.697
411.367 58.578
411.549 58.577
411.730 58.402
411.911 58.337
412.092 59.140
412.274 59.219
412.455 58.891
412.636 58.628
412.818 58.836
412.999 58.851
413.180 58.894
413.361 58.467
413.543 58.514
413.724 58.644
413.905 58.343
414.087 58.789
414.268 58.962
414.449 59.126
414.630 59.211
414.812 58.861
414.993 58.826
415.174 59.105
415.355 58.926
415.537 58.449
415.718 59.175
415.899 59.320
416.081 58.839
416.262 58.486
416.443 58.445
416.624 59.016
416.806 59.065
416.987 58.810
417.168 58.438
417.350 58.704
417.531 59.030
417.712 59.135
417.893 59.048
418.075 58.692
418.256 58.500
418.437 59.032
418.618 59.495
418.800 59.249
418.981 58.731
419.162 58.614
419.344 58.989
419.525 58.843
419.706 59.014
419.887 59.169
420.069 58.971
420.250 59.153
420.431 59.393
420.613 59.249
420.794 59.173
420.975 58.831
421.156 58.791
421.338 59.013
421.519 59.297
421.700 59.027
421.882 58.667
422.063 58.704
422.244 59.093
422.425 59.426
422.607 59.431
422.788 59.100
422.969 59.337
423.150 59.171
423.332 59.297
423.513 58.772
423.694 58.912
423.876 58.927
424.057 59.484
424.238 59.872
424.419 59.306
424.601 58.848
424.782 59.265
424.963 59.326
425.145 59.208
425.326 59.285
425.507 59.991
425.688 59.542
425.870 59.583
426.051 59.343
426.232 59.238
426.413 59.204
426.595 59.196
426.776 59.228
426.957 59.308
427.139 59.090
427.320 59.342
427.501 59.406
427.682 59.189
427.864 59.455
428.045 59.784
428.226 59.336
428.408 58.797
428.589 58.805
428.770 59.199
428.951 59.386
429.133 59.286
429.314 59.508
429.495 59.136
429.677 59.310
429.858 59.640
430.039 59.660
430.220 59.396
430.402 59.483
430.583 59.483
430.764 59.618
430.945 59.912
431.127 59.851
431.308 59.681
431.489 59.935
431.671 59.620
431.852 59.720
432.033 59.420
432.214 59.593
432.396 59.824
432.577 59.737
432.758 59.687
432.940 59.401
433.121 59.485
433.302 59.689
433.483 59.759
433.665 59.868
433.846 59.834
434.027 59.766
434.208 59.675
434.390 59.804
434.571 59.789
434.752 59.686
434.934 59.670
435.115 59.880
435.296 59.881
435.477 59.602
435.659 60.279
435.840 60.431
436.030 59.955
436.220 59.800
436.410 59.902
436.600 60.030
436.790 60.275
436.980 60.054
437.170 59.837
437.360 60.070
437.550 59.902
437.741 59.877
437.931 59.950
438.121 60.098
438.311 59.979
438.501 59.897
438.691 59.999
438.881 59.923
439.071 60.117
439.261 60.117
439.451 60.125
439.641 60.247
439.831 60.381
440.021 60.085
440.211 60.131
440.401 60.029
440.591 60.017
440.781 59.997
440.971 60.145
441.161 60.126
441.351 60.530
441.542 60.183
441.732 60.222
441.922 60.355
442.112 60.159
442.302 59.991
442.492 60.231
442.682 60.404
442.872 60.262
443.062 60.264
443.252 60.280
443.442 60.187
443.632 60.238
443.822 60.422
444.012 60.383
444.202 60.552
444.392 60.765
444.582 60.620
444.772 60.319
444.962 59.979
445.153 60.209
445.343 60.549
445.533 60.442
445.723 60.273
445.913 60.321
446.103 60.488
446.293 60.485
446.483 60.525
446.673 60.515
446.863 60.464
447.053 60.833
447.243 60.981
447.433 60.815
447.623 60.967
447.813 60.825
448.003 60.726
448.193 60.754
448.383 60.710
448.573 60.683
448.764 60.748
448.954 60.984
449.144 60.728
449.334 60.547
449.524 60.853
449.714 60.902
449.904 61.033
450.094 60.691
450.284 60.662
450.474 61.219
450.664 61.118
450.854 61.043
451.044 61.017
451.234 60.904
451.424 61.105
451.614 60.949
451.804 60.939
451.994 61.037
452.184 61.085
452.375 60.947
452.565 61.081
452.755 61.421
452.945 61.034
453.135 61.212
453.325 61.209
453.515 60.929
453.705 61.089
453.895 61.263
454.085 61.228
454.275 61.293
454.465 61.519
454.655 61.345
454.845 61.143
455.035 61.318
455.225 61.538
455.415 61.378
455.605 61.427
455.795 61.399
455.985 61.507
456.176 61.550
456.366 61.234
456.556 61.407
456.746 61.548
456.936 61.013
457.126 61.073
457.316 61.421
457.506 61.322
457.696 61.577
457.886 61.650
458.076 61.846
458.266 61.849
458.456 61.777
458.646 62.101
458.836 61.669
459.026 61.357
459.216 61.532
459.406 61.665
459.596 61.982
459.787 61.736
459.977 61.591
460.167 61.827
460.357 61.913
460.547 61.597
460.737 61.853
460.927 61.998
461.117 61.954
461.307 61.914
461.497 62.036
461.687 62.026
461.877 61.974
462.067 61.813
462.257 62.071
462.447 62.169
462.637 61.587
462.827 61.556
463.017 61.992
463.207 62.222
463.397 62.056
463.588 61.977
463.778 61.989
463.968 62.400
464.158 62.505
464.348 62.140
464.538 62.110
464.728 62.123
464.918 61.918
465.108 62.213
465.298 62.297
465.488 62.505
465.678 62.354
465.868 62.302
466.058 62.371
466.248 62.220
466.438 62.205
466.628 62.305
466.818 62.604
467.008 62.619
467.199 62.197
467.389 62.126
467.579 62.468
467.769 62.496
467.959 62.699
468.149 62.544
468.339 62.214
468.529 62.027
468.719 62.326
468.909 62.479
469.099 62.246
469.289 62.470
469.479 62.595
469.669 62.624
469.859 62.344
470.049 62.335
470.239 62.524
470.429 62.519
470.619 62.482
470.810 62.561
471.000 62.689
471.190 62.725
471.380 62.580
471.570 62.531
471.760 62.636
471.950 62.630
472.140 62.744
472.330 62.913
472.520 63.091
472.710 62.842
472.900 62.743
473.090 62.706
473.280 62.794
473.470 62.708
473.660 62.693
473.850 62.741
474.040 62.981
474.230 62.948
474.421 62.726
474.611 62.839
474.801 62.918
474.991 63.088
475.181 63.152
475.371 63.060
475.561 62.856
475.751 62.891
475.941 63.084
476.131 62.827
476.321 62.860
476.511 63.088
476.701 62.889
476.891 62.907
477.081 63.088
477.271 63.167
477.461 62.900
477.651 62.978
477.841 63.050
478.031 63.167
478.222 63.277
478.412 62.849
478.602 62.992
478.792 63.165
478.982 63.241
479.172 63.156
479.362 63.235
479.552 63.151
479.742 63.297
479.932 63.453
480.122 63.185
480.312 63.026
480.502 63.332
480.692 63.258
480.882 63.271
481.072 63.436
481.262 63.572
481.452 63.485
481.642 63.342
481.833 63.374
482.023 63.562
482.213 63.546
482.403 63.608
482.593 63.367
482.783 63.596
482.973 63.600
483.163 63.845
483.353 64.014
483.543 63.784
483.733 63.619
483.923 63.751
484.113 63.778
484.303 63.872
484.493 63.806
484.683 63.820
484.873 63.778
485.063 63.857
485.253 63.897
485.443 64.022
485.634 63.969
485.824 63.948
486.014 63.849
486.204 63.678
486.394 63.659
486.584 63.848
486.774 63.896
486.964 63.981
487.154 63.878
487.344 63.895
487.534 64.103
487.724 63.974
487.914 63.932
488.104 63.976
488.294 64.104
488.484 64.134
488.674 63.840
488.864 63.889
489.054 64.273
489.245 64.236
489.435 64.091
489.625 64.228
489.815 64.346
490.005 64.175
490.195 64.262
490.385 64.359
490.575 64.209
490.765 64.393
490.955 64.447
491.145 64.070
491.335 64.209
491.525 64.243
491.715 64.532
491.905 64.518
492.095 64.333
492.285 64.301
492.475 64.238
492.665 64.291
492.856 64.299
493.046 64.486
493.236 64.296
493.426 64.217
493.616 64.260
493.806 64.409
493.996 64.447
494.186 64.540
494.376 64.747
494.566 64.599
494.756 64.566
494.946 64.470
495.136 64.642
495.326 64.555
495.516 64.594
495.706 64.479
495.896 64.508
496.086 64.427
496.276 64.397
496.467 64.841
496.657 64.863
496.847 64.753
497.037 64.490
497.227 64.496
497.417 64.634
497.607 64.871
497.797 64.673
497.987 64.756
498.177 64.884
498.367 64.834
498.557 64.740
498.747 64.567
498.937 64.607
499.127 64.803
499.317 64.693
499.507 64.866
499.697 64.624
499.887 64.643
500.077 64.910
500.268 64.902
500.458 64.798
500.648 64.916
500.838 65.021
501.028 64.871
501.218 64.814
501.408 64.946
501.598 64.883
501.788 64.868
501.978 65.067
502.168 64.982
502.358 64.905
502.548 64.922
502.738 64.862
502.928 64.978
503.118 65.005
503.308 64.979
503.498 65.084
503.688 65.139
503.879 65.199
504.069 65.270
504.259 65.126
504.449 65.048
504.639 65.164
504.829 65.031
505.019 65.087
505.209 65.330
505.399 65.108
505.589 64.903
505.779 65.040
505.969 65.072
506.159 65.243
506.349 65.250
506.539 65.165
506.729 65.179
506.919 65.227
507.109 65.159
507.299 65.043
507.490 65.077
507.680 65.253
507.870 65.494
508.060 65.374
508.250 65.150
508.440 65.229
508.630 65.225
508.820 65.301
509.010 65.302
509.200 65.392
509.390 65.389
509.580 65.555
509.770 65.253
509.960 65.186
510.150 65.166
510.340 65.265
510.530 65.255
510.720 65.270
510.910 65.418
511.100 65.346
511.291 65.393
511.481 65.389
511.671 65.245
511.861 65.470
512.051 65.430
512.241 65.218
512.431 65.313
512.621 65.400
512.811 65.567
513.001 65.798
513.191 65.428
513.381 65.690
513.571 65.632
513.761 65.520
513.951 65.626
514.141 65.490
514.331 65.574
514.521 65.414
514.711 65.423
514.902 65.499
515.092 65.429
515.282 65.362
515.472 65.406
515.662 65.542
515.852 65.582
516.042 65.434
516.232 65.435
516.422 65.395
516.612 65.499
516.802 65.561
516.992 65.530
517.182 65.401
517.372 65.219
517.562 65.294
517.752 65.455
517.942 65.563
518.132 65.390
518.322 65.346
518.513 65.671
518.703 65.575
518.893 65.269
519.083 65.545
519.273 65.567
519.463 65.414
519.653 65.493
519.843 65.567
520.033 65.667
520.223 65.564
520.413 65.517
520.603 65.626
520.793 65.663
520.983 65.640
521.173 65.645
521.363 65.579
521.553 65.590
521.743 65.721
521.933 65.611
522.123 65.609
522.314 65.716
522.504 65.694
522.694 65.516
522.884 65.505
523.074 65.717
523.264 65.595
523.454 65.476
523.644 65.573
523.834 65.550
524.024 65.489
524.214 65.624
524.404 65.676
524.594 65.780
524.784 65.752
524.974 65.718
525.164 65.725
525.354 65.710
525.544 65.542
525.734 65.442
525.925 65.516
526.115 65.492
526.305 65.678
526.495 65.629
526.685 65.608
526.875 65.537
527.065 65.733
527.255 65.714
527.445 65.622
527.635 65.643
527.825 65.725
528.015 65.551
528.205 65.496
528.395 65.522
528.585 65.634
528.775 65.702
528.965 65.651
529.155 65.583
529.345 65.589
529.535 65.663
529.726 65.736
529.916 65.873
530.106 65.896
530.296 65.733
530.486 65.573
530.676 65.636
530.866 65.822
531.056 65.951
531.246 65.869
531.436 65.770
531.626 65.706
531.816 65.674
532.006 65.834
532.196 65.770
532.386 65.587
532.576 65.628
532.766 65.635
532.956 65.633
533.146 65.635
533.337 65.680
533.527 65.719
533.717 65.580
533.907 65.742
534.097 65.769
534.287 65.745
534.477 65.716
534.667 65.682
534.857 65.867
535.047 65.865
535.237 65.710
535.427 65.756
535.617 65.944
535.807 65.943
535.997 65.724
536.187 65.600
536.377 65.504
536.567 65.625
536.757 65.900
536.948 65.982
537.138 65.933
537.328 66.001
537.518 65.956
537.708 65.840
537.898 65.841
538.088 65.732
538.278 65.775
538.468 65.790
538.658 65.800
538.848 65.815
539.038 65.881
539.228 65.934
539.418 65.738
539.608 65.585
539.798 65.717
539.988 65.963
540.178 65.880
540.368 65.965
540.558 66.088
540.749 66.132
540.939 66.054
541.129 65.857
541.319 65.913
541.509 66.048
541.699 65.986
541.889 65.881
542.079 66.177
542.269 66.159
542.459 66.360
542.649 66.769
542.839 66.231
543.029 66.317
543.219 66.275
543.409 66.228
543.599 66.276
543.789 66.122
543.979 66.143
544.169 66.246
544.360 66.119
544.550 66.224
544.740 66.414
544.930 66.182
545.120 66.202
545.310 66.232
545.500 66.281
545.690 66.210
545.880 66.219
546.070 66.314
546.267 66.435
546.463 66.360
546.660 66.194
546.857 66.319
547.054 66.381
547.251 66.303
547.447 66.310
547.644 66.272
547.841 66.352
548.038 66.388
548.234 66.343
548.431 66.283
548.628 66.353
548.825 66.286
549.021 66.326
549.218 66.492
549.415 66.432
549.612 66.327
549.808 66.520
550.005 66.516
550.202 66.398
550.399 66.383
550.595 66.569
550.792 66.380
550.989 66.407
551.186 66.321
551.382 66.594
551.579 66.602
551.776 66.556
551.973 66.472
552.169 66.540
552.366 66.588
552.563 66.417
552.760 66.522
552.956 66.607
553.153 66.524
553.350 66.516
553.547 66.429
553.743 66.457
553.940 66.508
554.137 66.651
554.334 66.432
554.530 66.636
554.727 66.646
554.924 66.638
555.121 66.564
555.317 66.641
555.514 66.558
555.711 66.546
555.908 66.620
556.104 66.648
556.301 66.562
556.498 66.546
556.695 66.551
556.891 66.553
557.088 66.620
557.285 66.351
557.482 66.488
557.678 66.545
557.875 66.676
558.072 66.532
558.269 66.601
558.465 66.580
558.662 66.572
558.859 66.602
559.056 66.618
559.252 66.587
559.449 66.596
559.646 66.664
559.843 66.583
560.039 66.616
560.236 66.729
560.433 66.642
560.630 66.647
560.826 66.652
561.023 66.496
561.220 66.521
561.417 66.548
561.613 66.421
561.810 66.568
562.007 66.554
562.204 66.465
562.400 66.494
562.597 66.863
562.794 66.659
562.991 66.633
563.187 66.754
563.384 66.640
563.581 66.526
563.778 66.536
563.974 66.506
564.171 66.558
564.368 66.656
564.565 66.653
564.761 66.533
564.958 66.584
565.155 66.623
565.352 66.572
565.548 66.485
565.745 66.702
565.942 66.772
566.139 66.587
566.335 66.606
566.532 66.705
566.729 66.676
566.926 66.514
567.122 66.486
567.319 66.461
567.516 66.458
567.713 66.645
567.909 66.638
568.106 66.546
568.303 66.425
568.500 66.567
568.696 66.727
568.893 66.747
569.090 66.637
569.287 66.589
569.483 66.599
569.680 66.605
569.877 66.713
570.074 66.514
570.270 66.547
570.467 66.687
570.664 66.745
570.861 66.807
571.057 66.844
571.254 66.716
571.451 66.581
571.648 66.487
571.844 66.512
572.041 66.699
572.238 66.723
572.435 66.668
572.631 66.606
572.828 66.594
573.025 66.712
573.222 66.812
573.418 66.723
573.615 66.724
573.812 66.585
574.009 66.557
574.205 66.710
574.402 66.732
574.599 66.669
574.796 66.670
574.992 66.732
575.189 66.652
575.386 66.700
575.583 66.561
575.779 66.514
575.976 66.617
576.173 66.761
576.370 66.740
576.567 66.956
576.763 66.682
576.960 66.691
577.158 66.868
577.356 66.753
577.554 66.801
577.752 66.658
577.950 66.639
578.148 66.681
578.346 66.596
578.544 66.563
578.742 66.714
578.940 66.805
579.138 66.722
579.336 66.384
579.534 66.645
579.732 66.829
579.930 66.693
580.128 66.647
580.326 66.653
580.524 66.750
580.722 66.798
580.920 66.751
581.118 66.728
581.316 66.663
581.514 66.822
581.712 66.814
581.909 66.759
582.107 66.739
582.305 66.749
582.503 66.468
582.701 66.559
582.899 66.799
583.097 66.799
583.295 66.636
583.493 66.704
583.691 66.673
583.889 66.593
584.087 66.540
584.285 66.647
584.483 66.728
584.681 66.801
584.879 66.887
585.077 66.724
585.275 66.953
585.473 67.025
585.671 66.862
585.869 66.717
586.067 66.558
586.265 66.587
586.463 66.690
586.661 66.795
586.859 66.748
587.057 66.692
587.255 66.582
587.453 66.551
587.651 66.859
587.849 66.723
588.047 66.721
588.245 66.788
588.443 66.839
588.641 66.728
588.839 66.692
589.037 66.748
589.235 66.902
589.433 66.855
589.631 66.651
589.829 66.665
590.027 66.662
590.225 66.547
590.423 66.599
590.621 66.723
590.819 66.616
591.017 66.733
591.215 66.743
591.413 66.561
591.611 66.654
591.809 66.478
592.006 66.632
592.204 66.608
592.402 66.373
592.600 66.529
592.798 66.729
592.996 66.662
593.194 66.634
593.392 66.551
593.590 66.705
593.788 66.634
593.986 66.619
594.184 66.591
594.382 66.665
594.580 66.562
594.778 66.535
594.976 66.799
595.174 66.548
595.372 66.629
595.570 66.588
595.768 66.539
595.966 66.426
596.164 66.536
596.362 66.493
596.560 66.513
596.758 66.482
596.956 66.536
597.154 66.639
597.352 66.575
597.550 66.517
597.748 66.477
597.946 66.398
598.144 66.494
598.342 66.389
598.540 66.441
598.738 66.456
598.936 66.496
599.134 66.429
599.332 66.526
599.530 66.497
599.728 66.443
599.926 66.591
600.124 66.452
600.322 66.531
600.520 66.502
600.718 66.471
600.916 66.356
601.114 66.373
601.312 66.525
601.510 66.539
601.708 66.380
601.905 66.346
602.103 66.542
602.301 66.391
602.499 66.406
602.697 66.522
602.895 66.522
603.093 66.397
603.291 66.429
603.489 66.407
603.687 66.436
603.885 66.531
604.083 66.618
604.281 66.469
604.479 66.453
604.677 66.318
604.875 66.297
605.073 66.350
605.271 66.375
605.469 66.281
605.667 66.407
605.865 66.366
606.063 66.244
606.261 66.255
606.459 66.230
606.657 66.356
606.855 66.388
607.053 66.411
607.251 66.649
607.449 66.285
607.647 66.205
607.845 66.289
608.043 66.316
608.241 66.301
608.439 66.213
608.637 66.217
608.835 66.196
609.033 66.033
609.231 66.103
609.429 66.127
609.627 66.267
609.825 66.256
610.023 66.104
610.221 66.115
610.419 66.254
610.617 66.170
610.815 66.141
611.013 66.060
611.211 65.965
611.409 66.110
611.607 65.994
611.804 66.120
612.002 66.136
612.200 66.076
612.398 66.150
612.596 65.987
612.794 65.916
612.992 66.135
613.190 66.028
613.388 65.963
613.586 66.013
613.784 65.912
613.982 65.995
614.180 66.103
614.378 66.021
614.576 65.929
614.774 66.078
614.972 66.044
615.170 66.167
615.368 66.151
615.566 66.048
615.764 65.950
615.962 65.939
616.160 66.040
616.358 66.071
616.556 65.984
616.754 66.010
616.952 65.780
617.150 65.688
617.348 65.895
617.546 66.020
617.744 66.019
617.942 65.900
618.140 65.743
618.338 65.802
618.536 65.875
618.734 65.680
618.932 65.629
619.130 65.744
619.328 65.598
619.526 65.642
619.724 65.894
619.922 65.886
620.120 65.790
620.318 65.736
620.516 65.661
620.714 65.689
620.912 65.776
621.110 65.817
621.308 65.619
621.506 65.608
621.704 65.618
621.901 65.784
622.099 65.719
622.297 65.592
622.495 65.588
622.693 65.544
622.891 65.569
623.089 65.490
623.287 65.536
623.485 65.504
623.683 65.413
623.881 65.463
624.079 65.502
624.277 65.532
624.475 65.542
624.673 65.185
624.871 65.275
625.069 65.505
625.267 65.592
625.465 65.577
625.663 65.582
625.861 65.356
626.059 65.334
626.257 65.237
626.455 65.305
626.653 65.298
626.851 65.326
627.049 65.272
627.247 65.214
627.445 65.110
627.643 65.283
627.841 65.400
628.039 65.362
628.237 65.289
628.435 65.198
628.633 65.108
628.831 65.212
629.029 65.287
629.227 65.268
629.425 65.140
629.623 65.031
629.821 65.146
630.019 65.183
630.217 65.091
630.415 65.139
630.613 65.203
630.811 65.051
631.009 65.140
631.207 65.163
631.405 65.159
631.603 64.926
631.801 64.906
631.998 65.020
632.196 65.070
632.394 64.814
632.592 64.964
632.790 65.134
632.988 64.891
633.186 65.007
633.384 64.921
633.582 64.897
633.780 64.764
633.978 64.754
634.176 64.796
634.374 64.642
634.572 64.635
634.770 64.699
634.968 64.623
635.166 64.683
635.364 64.771
635.562 64.589
635.760 64.569
635.958 64.700
636.156 64.648
636.354 64.425
636.552 64.503
636.750 64.471
636.948 64.632
637.146 64.613
637.344 64.523
637.542 64.558
637.740 64.398
637.938 64.261
638.136 64.493
638.334 64.654
638.532 64.483
638.730 64.365
638.928 64.414
639.126 64.809
639.324 65.149
639.522 64.206
639.720 64.222
639.918 64.155
640.116 64.278
640.314 64.116
640.512 64.310
640.710 64.113
640.908 64.043
641.106 64.031
641.304 64.192
641.502 64.052
641.699 64.030
641.897 63.970
642.095 64.046
642.293 63.888
642.491 63.900
642.689 63.931
642.887 63.993
643.085 63.910
643.283 63.773
643.481 63.664
643.679 63.766
643.877 63.690
644.075 63.597
644.273 63.600
644.471 63.697
644.669 63.604
644.867 63.657
645.065 63.459
645.263 63.376
645.461 63.377
645.659 63.327
645.857 63.212
646.055 63.034
646.253 63.146
646.451 63.220
646.649 63.295
646.847 63.210
647.045 63.246
647.243 63.023
647.441 63.152
647.639 63.008
647.837 62.931
648.035 62.863
648.233 62.980
648.431 63.035
648.629 62.998
648.827 62.979
649.025 62.864
649.223 62.742
649.421 62.693
649.619 62.564
649.817 62.312
650.015 62.434
650.213 62.321
650.411 62.254
650.609 62.286
650.807 62.235
651.005 62.178
651.203 61.863
651.401 61.955
651.599 62.065
651.796 61.918
651.994 61.681
652.192 61.644
652.390 61.805
652.588 61.744
652.786 61.608
652.984 61.552
653.182 61.598
653.380 61.461
653.578 61.255
653.776 61.298
653.974 61.113
654.172 61.057
654.370 60.938
654.568 61.053
654.766 60.983
654.964 60.906
655.162 60.848
655.360 60.818
655.558 60.734
655.756 60.586
655.954 60.691
656.152 60.582
656.350 60.436
656.548 60.290
656.746 60.348
656.944 60.362
657.142 60.252
657.340 60.201
657.538 60.080
657.736 59.973
657.934 59.886
658.132 59.745
658.330 59.672
658.528 59.624
658.726 59.493
658.924 59.457
659.122 59.446
659.320 59.232
659.518 59.202
659.716 59.117
659.914 59.093
660.112 58.995
660.310 59.047
660.508 58.767
660.706 58.694
660.904 58.607
661.102 58.578
661.300 58.389
661.498 58.391
661.696 58.405
661.893 58.058
662.091 57.885
662.289 57.883
662.487 57.700
662.685 57.567
662.883 57.379
663.081 57.309
663.279 57.119
663.477 57.085
663.675 56.900
663.873 56.736
664.071 56.553
664.269 56.681
664.467 56.561
664.665 56.277
664.863 56.203
665.061 55.892
665.259 55.736
665.457 55.699
665.655 55.584
665.853 55.305
666.051 55.290
666.249 55.015
666.447 54.889
666.645 54.965
666.843 54.815
667.041 54.419
667.239 54.421
667.437 54.172
667.635 54.161
667.833 53.965
668.031 53.939
668.229 53.957
668.427 53.778
668.625 53.621
668.823 53.526
669.021 53.175
669.219 53.223
669.417 53.346
669.615 53.304
669.813 53.010
670.011 53.020
670.209 52.877
670.407 52.807
670.605 52.737
670.803 52.687
671.001 52.741
671.199 52.754
671.397 52.575
671.595 52.267
671.792 52.563
671.990 52.661
672.188 52.548
672.386 52.335
672.584 52.552
672.782 52.667
672.980 52.511
673.178 52.601
673.376 52.615
673.574 52.534
673.772 52.461
673.970 52.624
674.168 52.471
674.366 52.467
674.564 52.511
674.762 52.521
674.960 52.467
675.158 52.596
675.356 52.546
675.554 52.508
675.752 52.596
675.950 52.580
676.148 52.615
676.346 52.545
676.544 52.435
676.742 52.360
676.940 52.610
677.138 52.770
677.336 52.673
677.534 52.590
677.732 52.473
677.930 52.563
678.128 52.572
678.326 52.691
678.524 52.618
678.722 52.664
678.920 52.730
679.118 52.768
679.316 52.612
679.514 52.654
679.712 52.861
679.910 52.743
680.108 52.657
680.306 52.569
680.504 52.529
680.702 52.578
680.900 52.511
681.098 52.497
681.296 52.497
681.494 52.393
681.691 52.461
681.889 52.399
682.087 52.447
682.285 52.446
682.483 52.484
682.681 52.375
682.879 52.278
683.077 52.207
683.275 52.082
683.473 52.022
683.671 52.348
683.869 52.367
684.067 52.341
684.265 52.107
684.463 52.086
684.661 52.010
684.859 51.935
685.057 52.002
685.255 51.892
685.453 52.113
685.651 51.973
685.849 51.862
686.047 51.677
686.245 51.799
686.443 51.739
686.641 51.673
686.839 51.529
687.037 51.551
687.235 51.557
687.433 51.415
687.631 51.377
687.829 51.428
688.027 51.194
688.225 51.117
688.423 51.069
688.621 51.055
688.819 50.995
689.017 50.958
689.215 50.981
689.413 50.885
689.611 50.740
689.809 50.749
690.007 50.687
690.205 50.451
690.403 50.463
690.601 50.474
690.799 50.235
690.997 50.301
691.195 50.306
691.393 50.151
691.591 50.305
691.788 50.198
691.986 49.977
692.184 50.009
692.382 49.992
692.580 49.812
692.778 49.803
692.976 49.842
693.174 49.812
693.372 49.665
693.570 49.636
693.768 49.384
693.966 49.251
694.164 49.231
694.362 49.251
694.560 49.073
694.758 48.895
694.956 49.102
695.154 49.013
695.352 48.993
695.550 48.963
695.748 48.750
695.946 48.682
696.144 48.850
696.342 48.693
696.540 48.470
696.744 48.494
696.948 48.347
697.152 48.546
697.357 48.518
697.561 48.374
697.765 48.114
697.969 48.300
698.173 48.244
698.377 48.109
698.581 48.079
698.786 48.208
698.990 48.085
699.194 48.003
699.398 47.941
699.602 47.944
699.806 47.975
700.010 47.784
700.215 47.770
700.419 47.763
700.623 47.531
700.827 47.555
701.031 47.555
701.235 47.534
701.440 47.621
701.644 47.533
701.848 47.453
702.052 47.300
702.256 47.394
702.460 47.134
702.664 47.073
702.869 47.346
703.073 47.294
703.277 47.290
703.481 47.190
703.685 47.125
703.889 47.210
704.093 47.152
704.298 47.163
704.502 47.217
704.706 47.158
704.910 46.940
705.114 46.871
705.318 46.928
705.522 46.874
705.727 46.681
705.931 46.816
706.135 46.734
706.339 46.660
706.543 46.700
706.747 46.715
706.951 46.679
707.156 46.412
707.360 46.500
707.564 46.579
707.768 46.738
707.972 46.650
708.176 46.420
708.380 46.420
708.585 46.461
708.789 46.296
708.993 46.338
709.197 46.312
709.401 46.412
709.605 46.361
709.810 46.267
710.014 46.268
710.218 46.223
710.422 46.075
710.626 46.211
710.830 46.234
711.034 46.264
711.239 46.351
711.443 46.095
711.647 46.246
711.851 46.026
712.055 45.958
712.259 45.980
712.463 45.887
712.668 45.842
712.872 45.850
713.076 45.827
713.280 45.840
713.484 45.791
713.688 45.982
713.892 46.004
714.097 45.834
714.301 45.814
714.505 45.715
714.709 45.711
714.913 45.624
715.117 45.566
715.321 45.781
715.526 45.721
715.730 45.610
715.934 45.450
716.138 45.299
716.342 45.283
716.546 45.421
716.750 45.367
716.955 45.320
717.159 45.338
717.363 45.312
717.567 45.127
717.771 45.006
717.975 44.976
718.180 45.074
718.384 44.999
718.588 45.029
718.792 45.119
718.996 44.998
719.200 44.997
719.404 44.866
719.609 44.918
719.813 44.918
720.017 44.834
720.221 44.712
720.425 44.683
720.629 44.640
720.833 44.636
721.038 44.526
721.242 44.670
721.446 44.490
721.650 44.587
721.854 44.584
722.058 44.298
722.262 44.263
722.467 44.290
722.671 44.294
722.875 44.262
723.079 44.274
723.283 44.263
723.487 44.160
723.691 43.932
723.896 44.057
724.100 44.143
724.304 44.147
724.508 44.071
724.712 44.133
724.916 43.914
725.120 43.698
725.325 43.736
725.529 43.806
725.733 43.737
725.937 43.781
726.141 43.862
726.345 43.831
726.550 43.695
726.754 43.744
726.958 43.666
727.162 43.719
727.366 43.489
727.570 43.479
727.774 43.607
727.979 43.660
728.183 43.547
728.387 43.470
728.591 43.533
728.795 43.633
728.999 43.641
729.203 43.603
729.408 43.682
729.612 43.551
729.816 43.446
730.020 43.577
730.224 43.538
730.428 43.577
730.632 43.814
730.837 43.531
731.041 43.355
731.245 43.586
731.449 43.628
731.653 43.653
731.857 43.556
732.061 43.730
732.266 43.675
732.470 43.642
732.674 43.769
732.878 43.767
733.082 43.761
733.286 43.885
733.490 43.845
733.695 44.090
733.899 44.291
734.103 44.218
734.307 44.419
734.511 44.429
734.715 44.298
734.920 44.306
735.124 44.408
735.328 44.500
735.532 44.522
735.736 44.556
735.940 44.602
736.144 44.891
736.349 44.950
736.553 44.984
736.757 45.308
736.961 45.361
737.165 45.243
737.369 45.256
737.573 45.116
737.778 45.335
737.982 45.598
738.186 45.597
738.390 45.689
738.594 45.711
738.798 45.659
739.002 45.837
739.207 46.007
739.411 46.123
739.615 46.278
739.819 46.484
740.023 46.509
740.227 46.501
740.431 46.663
740.636 46.510
740.840 46.680
741.044 46.934
741.248 47.011
741.452 47.132
741.656 47.105
741.860 47.247
742.065 47.333
742.269 47.371
742.473 47.717
742.677 47.868
742.881 47.828
743.085 47.807
743.290 48.169
743.494 48.260
743.698 48.269
743.902 48.248
744.106 48.438
744.310 48.641
744.514 48.846
744.719 48.917
744.923 48.786
745.127 48.762
745.331 48.950
745.535 49.218
745.739 49.242
745.943 49.410
746.148 49.627
746.352 49.801
746.556 49.706
746.760 49.732
746.964 49.744
747.168 49.749
747.372 50.125
747.577 50.163
747.781 50.069
747.985 50.319
748.189 50.744
748.393 50.955
748.597 50.684
748.801 50.908
749.006 51.194
749.210 50.994
749.414 51.019
749.618 51.426
749.822 51.424
750.026 51.386
750.230 51.389
750.435 51.430
750.639 51.775
750.843 51.891
751.047 51.898
751.251 52.135
751.455 51.971
751.660 52.131
751.864 52.158
752.068 52.240
752.272 52.339
752.476 52.367
752.680 52.599
752.884 52.799
753.089 52.717
753.293 52.823
753.497 52.874
753.701 52.923
753.905 53.082
754.109 53.244
754.313 53.297
754.518 53.201
754.722 53.225
754.926 53.370
755.130 53.291
755.334 53.714
755.538 53.781
755.742 53.559
755.947 53.942
756.151 53.984
756.355 53.884
756.559 53.782
756.763 53.808
756.967 54.274
757.171 54.220
757.376 54.237
757.580 54.249
757.784 54.168
757.988 54.366
758.192 54.540
758.396 54.426
758.600 54.572
758.805 54.763
759.009 54.669
759.213 54.871
759.417 55.164
759.621 55.147
759.825 54.938
760.030 55.260
760.234 55.408
760.438 55.434
760.642 55.229
760.846 55.344
761.050 55.447
761.254 55.359
761.459 55.308
761.663 55.472
761.867 55.436
762.071 55.455
762.275 55.467
762.479 55.606
762.683 55.474
762.888 55.474
763.092 55.472
763.296 55.605
763.500 55.833
763.709 55.916
763.918 56.047
764.126 56.079
764.335 55.983
764.544 56.244
764.753 56.020
764.962 55.994
765.171 55.996
765.379 56.094
765.588 56.263
765.797 56.446
766.006 56.350
766.215 56.417
766.424 56.492
766.632 56.425
766.841 56.237
767.050 56.557
767.259 56.554
767.468 56.489
767.677 56.654
767.885 56.501
768.094 56.619
768.303 56.898
768.512 57.025
768.721 56.767
768.929 56.477
769.138 56.623
769.347 56.824
769.556 56.855
769.765 56.791
769.974 56.804
770.182 56.953
770.391 57.053
770.600 56.833
770.809 56.829
771.018 56.838
771.227 56.758
771.435 57.096
771.644 57.114
771.853 56.919
772.062 56.795
772.271 56.976
772.480 57.112
772.688 57.186
772.897 57.151
773.106 57.089
773.315 56.938
773.524 57.052
773.732 57.177
773.941 57.334
774.150 57.414
774.359 57.232
774.568 57.361
774.777 57.562
774.985 57.518
775.194 57.341
775.403 57.413
775.612 57.213
775.821 57.407
776.030 57.433
776.238 57.807
776.447 57.458
776.656 57.516
776.865 57.628
777.074 57.563
777.283 57.625
777.491 57.756
777.700 57.927
777.909 57.813
778.118 57.870
778.327 57.887
778.535 57.932
778.744 57.888
778.953 57.592
779.162 57.589
779.371 57.925
779.580 57.932
779.788 58.101
779.997 58.018
780.206 57.943
780.415 57.696
780.624 57.820
780.833 58.029
781.041 57.825
781.250 57.572
781.459 57.541
781.668 57.902
781.877 58.026
782.086 58.080
782.294 58.035
782.503 58.029
782.712 58.155
782.921 58.019
783.130 57.982
783.338 57.966
783.547 58.150
783.756 58.077
783.965 57.812
784.174 58.067
784.383 58.511
784.591 58.376
784.800 58.390
785.009 58.372
785.218 58.459
785.427 58.474
785.636 58.292
785.844 58.063
786.053 58.106
786.262 58.158
786.471 58.207
786.680 58.355
786.889 58.457
787.097 58.331
787.306 58.460
787.515 58.529
787.724 58.291
787.933 58.214
788.141 58.456
788.350 58.276
788.559 58.342
788.768 58.622
788.977 58.495
789.186 58.442
789.394 58.702
789.603 58.289
789.812 58.532
790.021 58.850
790.230 58.624
790.439 58.350
790.647 58.360
790.856 58.424
791.065 58.491
791.274 58.344
791.483 58.664
791.692 58.528
791.900 58.222
792.109 58.730
792.318 58.766
792.527 58.707
792.736 58.675
792.944 58.435
793.153 58.585
793.362 58.685
793.571 58.734
793.780 58.471
793.989 58.485
794.197 58.732
794.406 58.890
794.615 58.747
794.824 58.610
795.033 58.584
795.242 58.585
795.450 58.744
795.659 58.878
795.868 58.686
796.077 58.616
796.286 58.780
796.495 58.684
796.703 59.036
796.912 58.817
797.121 58.959
797.330 58.935
797.539 58.661
797.747 58.737
797.956 58.850
798.165 58.848
798.374 58.757
798.583 58.560
798.792 58.678
799.000 58.933
799.209 59.220
799.418 58.994
799.627 58.423
799.836 58.703
800.045 58.800
800.253 58.832
800.462 58.954
800.671 58.877
800.880 58.567
801.089 58.894
801.298 58.779
801.506 58.755
801.715 58.490
801.924 58.782
802.133 59.033
802.342 58.916
802.550 58.605
802.759 58.556
802.968 58.640
803.177 58.683
803.386 59.155
803.595 58.732
803.803 59.278
804.012 59.150
804.221 58.801
804.430 58.821
804.639 58.606
804.848 58.765
805.056 58.791
805.265 58.639
805.474 58.542
805.683 58.501
805.892 59.077
806.101 59.138
806.309 59.078
806.518 58.648
806.727 58.982
806.936 59.002
807.145 59.126
807.353 58.812
807.562 58.934
807.771 58.770
807.980 58.679
808.189 59.147
808.398 59.127
808.606 59.010
808.815 59.446
809.024 59.161
809.233 58.407
809.442 58.590
809.651 58.553
809.859 58.572
810.068 58.659
810.277 58.762
810.486 58.840
810.695 58.687
810.904 58.687
811.112 59.197
811.321 58.900
811.530 58.716
811.740 58.824
811.949 59.061
812.159 59.264
812.368 58.685
812.578 58.859
812.787 58.852
812.997 58.566
813.206 58.803
813.416 58.905
813.625 58.850
813.835 59.157
814.044 59.557
814.254 59.137
814.463 59.226
814.673 58.959
814.882 58.977
815.092 58.886
815.301 59.034
815.511 58.952
815.720 59.213
815.930 58.938
816.139 59.063
816.349 58.893
816.558 58.492
816.768 58.533
816.977 58.966
817.187 58.917
817.396 58.875
817.606 58.767
817.815 58.822
818.025 58.671
818.234 58.750
818.444 58.733
818.653 58.742
818.863 58.996
819.072 59.141
819.282 59.065
819.491 58.789
819.701 58.748
819.910 58.651
820.120 58.630
820.329 58.778
820.539 58.595
820.748 58.797
820.958 59.089
821.167 58.818
821.377 59.199
821.586 58.936
821.796 58.935
822.005 59.117
822.215 58.913
822.424 59.126
822.634 58.835
822.843 58.414
823.053 59.061
823.262 59.219
823.472 58.696
823.681 58.690
823.891 58.428
824.100 58.253
824.310 58.929
824.519 58.794
824.729 58.835
824.938 59.022
825.148 59.298
825.357 59.134
825.567 58.380
825.776 58.289
825.986 58.658
826.195 58.778
826.405 59.002
826.614 58.960
826.824 58.755
827.033 58.611
827.243 58.156
827.452 58.768
827.662 59.204
827.871 58.874
828.081 58.946
828.290 58.773
828.500 58.778
828.709 58.836
828.919 58.967
829.128 58.997
829.338 58.814
829.547 58.461
829.757 58.410
829.966 58.803
830.176 58.628
830.385 58.660
830.595 58.723
830.804 58.420
831.014 58.726
831.223 58.587
831.433 58.714
831.642 58.631
831.852 58.494
832.061 58.633
832.271 58.828
832.480 58.450
832.690 58.612
832.899 58.601
833.109 58.348
833.318 58.858
833.528 59.223
833.737 58.582
833.947 58.642
834.156 59.014
834.366 58.615
834.575 58.636
834.785 58.431
834.994 58.923
835.204 58.990
835.413 58.521
835.623 58.459
835.832 58.769
836.042 59.074
836.251 58.558
836.461 58.428
836.670 58.737
836.880 58.728
837.089 58.976
837.299 58.819
837.508 58.301
837.718 58.677
837.927 58.572
838.137 58.340
838.346 58.764
838.556 59.015
838.765 58.586
838.975 58.279
839.184 58.103
839.394 58.257
839.603 58.745
839.813 58.711
840.022 58.819
840.232 58.600
840.441 58.272
840.651 58.947
840.860 58.879
841.070 58.474
841.279 58.820
841.489 59.117
841.698 58.877
841.908 58.780
842.117 58.844
842.327 58.963
842.536 58.635
842.746 58.343
842.955 57.937
843.165 58.239
843.374 58.277
843.584 58.879
843.793 58.662
844.003 58.675
844.212 59.206
844.422 59.199
844.631 58.756
844.841 58.771
845.050 59.050
845.260 58.779
845.469 58.823
845.679 58.522
845.888 58.616
846.098 58.683
846.307 58.920
846.517 58.702
846.726 58.433
846.936 58.554
847.145 58.522
847.355 58.875
847.564 58.941
847.774 58.528
847.983 59.017
848.193 59.080
848.402 58.954
848.612 58.916
848.821 60.265
849.031 61.112
849.240 58.763
849.450 58.631
849.659 58.072
849.869 58.143
850.078 58.240
850.288 58.261
850.497 58.748
850.707 58.604
850.916 58.271
851.126 58.070
851.335 58.481
851.545 58.528
851.754 58.570
851.964 58.714
852.173 58.397
852.383 58.398
852.592 58.573
852.802 59.032
853.011 58.914
853.221 58.155
853.430 58.122
853.640 58.047
853.849 58.308
854.059 58.703
854.268 58.557
854.478 58.522
854.687 58.307
854.897 58.403
855.106 58.783
855.316 58.844
855.525 58.885
855.735 58.592
855.944 58.756
856.154 58.834
856.363 58.225
856.573 58.021
856.782 57.933
856.992 57.882
857.201 58.606
857.411 58.270
857.620 58.166
857.830 58.057
858.039 58.594
858.249 58.578
858.458 58.216
858.668 58.600
858.877 59.152
859.087 58.914
859.296 58.703
859.506 59.072
859.715 58.695
859.925 58.840
860.134 59.200
860.344 58.628
860.553 58.464
860.763 58.332
860.972 58.356
861.182 58.525
861.391 57.916
861.601 58.287
861.810 58.716
862.020 58.102
862.229 57.870
862.439 58.502
862.648 58.473
862.858 58.338
863.067 58.586
863.277 58.680
863.486 59.184
863.696 59.403
863.905 58.468
864.115 58.176
864.324 58.195
864.534 58.621
864.743 58.994
864.953 58.453
865.162 58.715
865.372 58.900
865.581 58.786
865.791 58.542
866.000 58.300
866.210 58.483
866.419 57.985
866.629 57.391
866.838 58.827
867.048 58.669
867.257 58.634
867.467 58.764
867.676 58.434
867.886 58.213
868.095 58.847
868.305 59.608
868.514 59.078
868.724 58.974
868.933 58.951
869.143 58.531
869.352 58.710
869.562 58.939
869.771 58.396
869.981 58.585
870.190 58.702
870.400 57.931
870.609 58.274
870.819 58.894
871.028 58.836
871.238 58.334
871.447 58.152
871.657 58.679
871.866 59.043
872.076 59.401
872.285 59.502
872.495 58.795
872.704 58.617
872.914 58.131
873.123 58.872
873.333 58.927
873.542 58.686
873.752 58.695
873.961 59.007
874.171 58.849
874.380 58.479
874.590 58.263
874.799 58.767
875.009 58.660
875.218 58.561
875.428 58.364
875.637 58.518
875.847 58.809
876.056 58.781
876.266 59.242
876.475 58.405
876.685 58.608
876.894 59.532
877.104 59.240
877.313 59.225
877.523 58.911
877.732 59.097
877.942 59.669
878.151 59.412
878.361 58.989
878.570 58.932
878.780 58.901
878.989 58.826
879.199 58.746
879.408 58.070
879.618 58.306
879.827 58.790
880.037 58.822
880.246 59.823
880.456 59.312
880.665 58.209
880.875 59.319
881.084 59.791
881.294 59.381
881.503 58.409
881.713 58.504
881.922 59.190
882.132 59.693
882.341 59.012
882.551 58.833
882.760 59.321
882.970 58.820
883.179 58.058
883.389 58.643
883.598 58.863
883.808 58.576
884.017 58.006
884.227 59.035
884.436 59.234
884.646 58.707
884.855 58.359
885.065 58.587
885.274 58.408
885.484 57.848
885.693 58.180
885.903 58.230
886.112 58.740
886.322 58.900
886.531 59.493
886.741 59.310
886.950 57.989
887.160 58.388
887.369 59.289
887.579 58.928
887.788 58.997
887.998 59.027
888.207 58.692
888.417 57.857
888.626 58.236
888.836 58.178
889.045 58.428
889.255 59.094
889.464 59.067
889.674 58.324
889.883 58.262
890.093 58.334
890.302 58.420
890.512 58.042
890.721 57.593
890.931 58.025
891.140 58.774
891.350 58.676
891.559 59.077
891.769 59.575
891.978 58.469
892.188 58.451
892.397 58.136
892.607 58.529
892.816 58.883
893.026 58.739
893.235 59.126
893.445 58.868
893.654 58.366
893.864 58.647
894.073 57.507
894.283 57.404
894.492 58.084
894.702 58.531
894.911 59.228
895.121 58.603
895.330 57.909
895.540 58.075
895.749 58.601
895.959 59.194
896.168 58.177
896.378 58.237
896.587 58.705
896.797 59.581
897.006 59.716
897.216 59.228
897.425 59.049
897.635 59.497
897.844 59.141
898.054 58.918
898.263 58.334
898.473 57.549
898.682 57.332
898.892 58.351
899.101 58.320
899.311 57.868
899.520 57.882
899.730 58.231
899.939 58.861
900.149 59.437
900.358 58.363
900.568 58.024
900.777 58.011
900.987 58.028
901.196 58.498
901.406 58.491
901.615 58.837
901.825 58.880
902.034 58.195
902.244 58.353
902.453 57.949
902.663 58.473
902.872 58.777
903.082 58.088
903.291 58.499
903.501 58.658
903.710 57.793
903.920 58.114
904.129 58.733
904.339 58.852
904.548 58.906
904.758 58.316
904.967 59.045
905.177 58.478
905.386 57.954
905.596 58.539
905.805 58.266
906.015 58.772
906.224 58.262
906.434 58.138
906.643 58.234
906.853 58.382
907.062 58.767
907.272 58.686
907.481 58.485
907.691 57.920
907.900 57.515
908.110 58.822
908.319 58.946
908.529 57.662
908.738 58.305
908.948 58.363
909.157 58.545
909.367 58.216
909.576 57.933
909.786 57.573
909.995 58.355
910.205 57.965
910.414 58.125
910.624 58.815
910.833 59.069
911.043 58.854
911.252 57.871
911.462 58.295
911.672 59.081
911.881 59.060
912.091 58.454
912.300 59.296
912.512 59.721
912.724 58.853
912.937 58.769
913.149 58.295
913.361 58.724
913.573 57.808
913.786 57.942
913.998 58.133
914.210 59.205
914.422 58.814
914.634 57.581
914.847 58.478
915.059 58.878
915.271 57.886
915.483 58.320
915.696 58.211
915.908 59.101
916.120 58.885
916.332 58.423
916.544 58.117
916.757 58.625
916.969 59.586
917.181 58.699
917.393 58.292
917.606 58.897
917.818 59.027
918.030 58.792
918.242 59.112
918.454 58.899
918.667 58.195
918.879 58.793
919.091 58.855
919.303 58.593
919.516 59.202
919.728 59.468
919.940 59.233
920.152 58.731
920.364 57.982
920.577 58.624
920.789 58.651
921.001 58.438
921.213 58.159
921.426 58.649
921.638 59.195
921.850 58.925
922.062 58.516
922.274 59.707
922.487 59.175
922.699 59.125
922.911 57.882
923.123 57.807
923.336 59.013
923.548 59.875
923.760 59.788
923.972 59.764
924.184 59.641
924.397 59.523
924.609 58.867
924.821 59.122
925.033 59.144
925.246 58.554
925.458 57.606
925.670 58.906
925.882 59.545
926.094 58.993
926.307 58.982
926.519 59.188
926.731 59.059
926.943 59.205
927.156 59.256
927.368 59.280
927.580 58.473
927.792 59.058
928.004 59.841
928.217 59.092
928.429 58.394
928.641 59.649
928.853 61.094
929.066 60.336
929.278 59.222
929.490 60.190
929.702 60.501
929.914 60.407
930.127 60.201
930.339 60.514
930.551 59.686
930.763 59.427
930.976 59.316
931.188 58.916
931.400 59.339
931.612 59.883
931.824 60.166
932.037 59.997
932.249 60.020
932.461 59.862
932.673 59.550
932.886 59.239
933.098 59.632
933.310 60.238
933.522 59.140
933.734 60.190
933.947 60.482
934.159 59.096
934.371 57.395
934.583 58.737
934.796 59.805
935.008 60.399
935.220 59.809
935.432 59.508
935.644 58.541
935.857 58.160
936.069 58.968
936.281 59.336
936.493 58.445
936.706 60.728
936.918 61.395
937.130 59.744
937.342 59.029
937.554 58.619
937.767 60.719
937.979 60.614
938.191 57.827
938.403 59.062
938.616 61.069
938.828 62.131
939.040 61.277
939.252 59.847
939.464 61.156
939.677 61.154
939.889 62.351
940.101 62.814
940.313 61.828
940.526 60.660
940.738 59.977
940.950 60.509
941.162 60.737
941.374 62.426
941.587 63.782
941.799 63.915
942.011 62.077
942.223 59.388
942.436 61.287
942.648 65.420
942.860 63.455
943.072 61.431
943.284 61.707
943.497 62.466
943.709 61.911
943.921 61.235
944.133 61.493
944.346 60.828
944.558 60.783
944.770 62.491
944.982 61.872
945.194 62.259
945.407 62.913
945.619 61.753
945.831 61.327
946.043 60.921
946.256 60.418
946.468 61.660
946.680 60.274
946.892 62.134
947.104 62.677
947.317 63.121
947.529 63.851
947.741 60.836
947.953 61.544
948.166 62.866
948.378 62.503
948.590 61.181
948.802 62.884
949.014 62.753
949.227 59.314
949.439 62.557
949.651 65.806
949.863 63.512
950.076 62.755
950.288 62.114
950.500 60.083
950.712 62.611
950.924 65.101
951.137 62.636
951.349 62.282
951.561 63.441
951.773 62.668
951.986 61.676
952.198 65.449
952.410 67.331
952.622 63.884
952.834 64.305
953.047 60.772
953.259 61.486
953.471 61.182
953.683 61.418
953.896 61.800
954.108 62.985
954.320 61.116
954.532 60.000
954.744 61.626
954.957 64.776
955.169 65.455
955.381 61.337
955.593 61.854
955.806 64.328
956.018 64.486
956.230 62.033
956.442 62.907
956.654 60.207
956.867 58.494
957.079 63.120
957.291 63.649
957.503 61.653
957.716 61.935
957.928 60.750
958.140 62.759
958.352 64.851
958.564 65.558
958.777 64.285
958.989 64.014
959.201 62.485
959.413 63.466
959.626 61.883
959.838 59.562
960.050 60.168
960.262 63.927
960.474 63.515
960.687 59.909
960.899 59.501
961.111 62.606
961.323 63.660
961.536 63.922
961.748 67.530
961.960 65.301
962.172 63.987
962.384 66.062
962.597 63.547
962.809 63.185
963.021 61.726
963.233 59.510
963.446 59.488
963.658 63.009
963.870 65.822
964.082 64.251
964.294 60.308
964.507 58.750
964.719 60.373
964.931 65.882
965.143 66.605
965.356 62.822
965.568 61.624
965.780 61.699
966.000 62.732
966.221 63.913
966.441 62.750
966.662 61.795
966.882 63.959
967.103 63.814
967.323 63.005
967.543 62.492
967.764 63.716
967.984 64.788
968.205 63.391
968.425 62.686
968.645 65.080
968.866 64.694
969.086 60.517
969.307 60.630
969.527 60.481
969.748 59.436
969.968 60.500
970.188 65.586
970.409 66.345
970.629 65.095
970.850 64.040
971.070 62.068
971.290 59.993
971.511 61.008
971.731 64.482
971.952 69.218
972.172 64.054
972.393 65.557
972.613 63.084
972.833 64.580
973.054 65.078
973.274 60.102
973.495 63.589
973.715 63.639
973.936 61.689
974.156 63.644
974.376 61.114
974.597 59.943
974.817 65.949
975.038 66.613
975.258 64.379
975.478 65.690
975.699 65.669
975.919 63.340
976.140 64.192
976.360 63.878
976.581 65.192
976.801 65.834
977.021 64.902
977.242 66.280
977.462 65.679
977.683 63.903
977.903 63.882
978.123 64.332
978.344 58.448
978.564 62.847
978.785 68.506
979.005 66.916
979.226 66.725
979.446 63.266
979.666 63.993
979.887 62.111
980.107 66.355
980.328 69.308
980.548 67.403
980.769 63.705
980.989 63.906
981.209 68.426
981.430 70.715
981.650 66.200
981.871 63.940
982.091 60.395
982.311 62.315
982.532 66.826
982.752 64.881
982.973 65.766
983.193 62.750
983.414 63.907
983.634 61.425
983.854 63.387
984.075 64.709
984.295 65.643
984.516 65.083
984.736 65.353
984.956 63.797
985.177 63.988
985.397 64.129
985.618 61.269
985.838 65.848
986.059 65.314
986.279 65.774
986.499 66.458
986.720 66.884
986.940 63.323
987.161 61.557
987.381 62.206
987.602 63.722
987.822 67.252
988.042 68.937
988.263 60.156
988.483 60.100
988.704 63.874
988.924 65.915
989.144 62.350
989.365 62.010
989.585 62.761
989.806 63.598
990.026 62.337
990.247 65.777
990.467 69.954
990.687 70.007
990.908 64.996
991.128 63.109
991.349 67.113
991.569 66.712
991.789 70.314
992.010 69.064
992.230 68.700
992.451 68.702
992.671 68.600
992.892 64.863
993.112 68.144
993.332 64.656
993.553 61.227
993.773 66.289
993.994 67.787
994.214 66.339
994.435 64.057
994.655 65.315
994.875 68.380
995.096 64.798
995.316 67.036
995.537 63.137
995.757 65.125
995.977 65.132
996.198 68.478
996.418 67.190
996.639 61.222
996.859 58.600
997.080 61.991
997.300 55.158
997.520 60.250
997.741 68.224
997.961 65.202
998.182 60.347
998.402 64.050
998.622 61.810
998.843 53.041
999.063 60.141
999.284 63.091
999.504 63.587
999.725 69.289
999.945 70.095
1000.165 65.542
1000.386 64.879
1000.606 60.902
1000.827 62.670
1001.047 66.347
1001.268 70.639
1001.488 68.598
1001.708 64.895
1001.929 67.677
1002.149 67.145
1002.370 59.615
1002.590 66.267
1002.810 73.409
1003.031 66.758
1003.251 64.539
1003.472 62.922
1003.692 66.960
1003.913 71.864
1004.133 65.042
1004.353 69.221
1004.574 75.313
1004.794 68.591
1005.015 65.507
1005.235 60.233
1005.455 72.200
1005.676 75.545
1005.896 74.881
1006.117 72.205
1006.337 55.912
1006.558 61.689
1006.778 66.571
1006.998 64.047
1007.219 65.778
1007.439 65.800
1007.660 72.475
1007.880 66.211
1008.101 56.784
1008.321 61.574
1008.541 60.933
1008.762 63.566
1008.982 62.751
1009.203 66.433
1009.423 67.022
1009.643 69.323
1009.864 73.935
1010.084 75.096
1010.305 69.022
1010.525 62.707
1010.746 63.122
1010.966 64.594
1011.186 48.904
1011.407 62.490
1011.627 71.269
1011.848 62.194
1012.068 51.530
1012.288 51.811
1012.509 59.122
1012.729 54.841
1012.950 55.349
