200.182 82.356
200.437 81.853
200.691 81.457
200.946 80.923
201.201 80.229
201.455 79.715
201.710 79.407
201.964 78.826
202.219 78.260
202.474 77.577
202.728 76.861
202.983 76.189
203.237 75.556
203.492 74.800
203.747 73.907
204.001 73.210
204.256 72.403
204.510 71.413
204.765 70.549
205.020 69.970
205.274 69.235
205.529 68.606
205.783 67.892
206.038 67.057
206.293 66.172
206.547 65.345
206.802 64.633
207.057 63.927
207.311 63.165
207.566 62.241
207.820 61.310
208.075 60.476
208.330 59.628
208.584 58.607
208.839 57.610
209.093 56.782
209.348 55.877
209.603 55.229
209.857 54.470
210.112 53.658
210.366 52.761
210.621 51.872
210.876 51.047
211.130 50.277
211.385 49.554
211.639 49.009
211.894 48.344
212.149 47.627
212.403 46.793
212.658 45.958
212.913 45.052
213.167 44.094
213.422 43.529
213.676 42.923
213.931 42.267
214.186 41.573
214.440 40.857
214.695 40.099
214.949 39.468
215.204 38.830
215.459 38.209
215.713 37.609
215.968 36.941
216.222 36.214
216.477 35.588
216.732 35.079
216.986 34.413
217.241 33.631
217.495 33.066
217.750 32.528
218.005 31.984
218.259 31.406
218.514 30.825
218.769 30.225
219.023 29.708
219.278 29.287
219.532 28.752
219.787 28.206
220.042 27.735
220.296 27.253
220.551 26.721
220.805 26.303
221.060 25.833
221.315 25.339
221.569 24.795
221.824 24.338
222.078 23.921
222.333 23.460
222.588 22.989
222.842 22.523
223.097 22.116
223.351 21.663
223.606 21.108
223.861 20.552
224.115 20.127
224.370 19.707
224.625 19.238
224.879 18.755
225.134 18.276
225.388 17.905
225.643 17.534
225.898 17.148
226.152 16.759
226.407 16.338
226.661 15.836
226.916 15.381
227.171 14.951
227.425 14.554
227.680 14.200
227.934 13.921
228.189 13.579
228.444 13.244
228.698 12.978
228.953 12.667
229.208 12.394
229.462 12.099
229.717 11.808
229.971 11.535
230.226 11.283
230.481 11.018
230.735 10.776
230.990 10.535
231.244 10.295
231.499 10.073
231.754 9.864
232.008 9.665
232.263 9.499
232.517 9.319
232.772 9.153
233.027 8.951
233.281 8.743
233.536 8.553
233.790 8.318
234.045 8.119
234.300 7.970
234.554 7.828
234.809 7.673
235.064 7.546
235.318 7.452
235.573 7.356
235.827 7.242
236.082 7.120
236.337 7.027
236.591 6.932
236.846 6.821
237.100 6.726
237.355 6.659
237.610 6.581
237.864 6.476
238.119 6.410
238.373 6.325
238.628 6.237
238.883 6.176
239.137 6.111
239.392 6.049
239.646 6.003
239.901 5.960
240.156 5.914
240.410 5.892
240.665 5.848
240.920 5.796
241.174 5.761
241.429 5.725
241.683 5.686
241.938 5.646
242.193 5.615
242.447 5.586
242.702 5.563
242.956 5.537
243.211 5.508
243.466 5.480
243.720 5.463
243.975 5.443
244.229 5.421
244.484 5.392
244.739 5.370
244.993 5.355
245.248 5.339
245.503 5.323
245.757 5.316
246.012 5.311
246.266 5.297
246.521 5.286
246.776 5.281
247.030 5.263
247.285 5.244
247.539 5.233
247.794 5.223
248.049 5.206
248.303 5.195
248.558 5.195
248.812 5.182
249.067 5.152
249.322 5.140
249.576 5.134
249.831 5.130
250.085 5.120
250.340 5.115
250.595 5.110
250.849 5.108
251.104 5.101
251.359 5.096
251.613 5.089
251.868 5.082
252.122 5.074
252.377 5.070
252.632 5.069
252.886 5.051
253.141 5.030
253.395 5.023
253.650 5.016
253.905 5.004
254.161 4.989
254.416 4.976
254.672 4.980
254.927 4.988
255.183 4.974
255.438 4.965
255.694 4.963
255.949 4.959
256.205 4.950
256.460 4.941
256.715 4.925
256.971 4.925
257.226 4.927
257.482 4.928
257.737 4.924
257.993 4.915
258.248 4.907
258.504 4.898
258.759 4.883
259.014 4.878
259.270 4.871
259.525 4.858
259.781 4.855
260.036 4.873
260.292 4.880
260.547 4.870
260.803 4.868
261.058 4.873
261.314 4.867
261.569 4.857
261.824 4.851
262.080 4.851
262.335 4.853
262.591 4.864
262.846 4.869
263.102 4.859
263.357 4.846
263.613 4.846
263.868 4.839
264.123 4.834
264.379 4.826
264.634 4.823
264.890 4.818
265.145 4.826
265.401 4.824
265.656 4.819
265.912 4.808
266.167 4.789
266.423 4.773
266.678 4.768
266.933 4.762
267.189 4.754
267.444 4.743
267.700 4.733
267.955 4.724
268.211 4.715
268.466 4.719
268.722 4.722
268.977 4.723
269.232 4.722
269.488 4.720
269.743 4.719
269.999 4.722
270.254 4.720
270.510 4.712
270.765 4.714
271.021 4.715
271.276 4.717
271.532 4.718
271.787 4.718
272.042 4.712
272.298 4.703
272.553 4.689
272.809 4.678
273.064 4.675
273.320 4.685
273.575 4.692
273.831 4.683
274.086 4.681
274.342 4.681
274.597 4.672
274.852 4.673
275.108 4.677
275.363 4.673
275.619 4.652
275.874 4.632
276.130 4.622
276.385 4.620
276.641 4.617
276.896 4.610
277.151 4.608
277.407 4.607
277.662 4.593
277.918 4.577
278.173 4.564
278.429 4.553
278.684 4.554
278.940 4.559
279.195 4.555
279.451 4.557
279.706 4.550
279.961 4.549
280.217 4.545
280.472 4.542
280.728 4.536
280.983 4.532
281.239 4.528
281.494 4.527
281.750 4.535
282.005 4.536
282.260 4.536
282.516 4.528
282.771 4.519
283.027 4.519
283.282 4.521
283.538 4.514
283.793 4.501
284.049 4.494
284.304 4.490
284.560 4.484
284.815 4.476
285.070 4.474
285.326 4.479
285.581 4.480
285.837 4.471
286.092 4.464
286.348 4.460
286.603 4.461
286.859 4.456
287.114 4.454
287.369 4.453
287.625 4.456
287.880 4.461
288.136 4.471
288.391 4.477
288.647 4.474
288.902 4.460
289.158 4.451
289.413 4.463
289.669 4.471
289.924 4.479
290.179 4.490
290.435 4.496
290.690 4.498
290.946 4.499
291.201 4.507
291.457 4.516
291.712 4.527
291.968 4.531
292.223 4.529
292.479 4.537
292.734 4.537
292.989 4.543
293.245 4.556
293.500 4.569
293.756 4.574
294.011 4.585
294.267 4.590
294.522 4.591
294.778 4.598
295.033 4.606
295.288 4.616
295.544 4.622
295.799 4.629
296.055 4.636
296.310 4.646
296.566 4.658
296.821 4.678
297.077 4.698
297.332 4.706
297.588 4.712
297.843 4.720
298.098 4.737
298.354 4.751
298.609 4.764
298.865 4.780
299.120 4.799
299.376 4.820
299.631 4.828
299.887 4.839
300.142 4.860
300.397 4.875
300.653 4.886
300.908 4.893
301.164 4.906
301.419 4.924
301.675 4.937
301.930 4.954
302.186 4.972
302.441 4.987
302.697 4.998
302.952 5.015
303.207 5.033
303.463 5.049
303.718 5.060
303.974 5.078
304.229 5.106
304.485 5.129
304.740 5.149
304.996 5.166
305.251 5.185
305.506 5.203
305.762 5.215
306.017 5.228
306.273 5.253
306.528 5.277
306.784 5.302
307.039 5.334
307.295 5.354
307.550 5.369
307.806 5.398
308.061 5.425
308.316 5.445
308.572 5.459
308.827 5.475
309.083 5.498
309.338 5.519
309.594 5.533
309.849 5.559
310.105 5.585
310.360 5.610
310.615 5.633
310.871 5.651
311.126 5.671
311.382 5.703
311.637 5.733
311.893 5.747
312.148 5.762
312.404 5.774
312.659 5.785
312.915 5.805
313.170 5.828
313.429 5.849
313.688 5.872
313.947 5.899
314.206 5.920
314.465 5.935
314.724 5.949
314.983 5.965
315.242 5.983
315.501 5.997
315.760 6.015
316.019 6.040
316.278 6.062
316.536 6.081
316.795 6.095
317.054 6.113
317.313 6.132
317.572 6.150
317.831 6.171
318.090 6.195
318.349 6.215
318.608 6.230
318.867 6.242
319.126 6.256
319.385 6.278
319.644 6.295
319.903 6.305
320.162 6.314
320.421 6.327
320.680 6.331
320.939 6.336
321.198 6.335
321.457 6.338
321.716 6.343
321.975 6.339
322.234 6.335
322.493 6.335
322.752 6.333
323.010 6.338
323.269 6.339
323.528 6.333
323.787 6.333
324.046 6.344
324.305 6.363
324.564 6.379
324.823 6.381
325.082 6.384
325.341 6.393
325.600 6.401
325.859 6.407
326.118 6.414
326.377 6.417
326.636 6.418
326.895 6.419
327.154 6.406
327.413 6.398
327.672 6.398
327.931 6.399
328.190 6.398
328.449 6.398
328.708 6.398
328.967 6.397
329.226 6.402
329.485 6.401
329.743 6.395
330.002 6.384
330.261 6.378
330.520 6.377
330.779 6.372
331.038 6.372
331.297 6.378
331.556 6.376
331.815 6.372
332.074 6.360
332.333 6.352
332.592 6.359
332.851 6.360
333.110 6.356
333.369 6.342
333.628 6.323
333.887 6.302
334.146 6.288
334.405 6.281
334.664 6.278
334.923 6.285
335.182 6.282
335.441 6.267
335.700 6.255
335.959 6.252
336.217 6.252
336.476 6.257
336.735 6.256
336.994 6.264
337.253 6.286
337.512 6.295
337.771 6.295
338.030 6.291
338.289 6.290
338.548 6.291
338.807 6.292
339.066 6.302
339.325 6.298
339.584 6.293
339.843 6.291
340.102 6.279
340.361 6.268
340.620 6.263
340.879 6.255
341.138 6.244
341.397 6.224
341.656 6.212
341.915 6.214
342.174 6.204
342.433 6.206
342.691 6.216
342.950 6.222
343.209 6.221
343.468 6.222
343.727 6.223
343.986 6.232
344.245 6.235
344.504 6.233
344.763 6.238
345.022 6.232
345.281 6.216
345.540 6.207
345.799 6.205
346.058 6.206
346.317 6.208
346.576 6.210
346.835 6.215
347.094 6.217
347.353 6.221
347.612 6.217
347.871 6.228
348.130 6.233
348.389 6.219
348.648 6.197
348.907 6.190
349.166 6.202
349.424 6.205
349.683 6.204
349.942 6.209
350.201 6.212
350.460 6.209
350.719 6.193
350.978 6.180
351.237 6.191
351.496 6.202
351.755 6.194
352.014 6.187
352.273 6.178
352.532 6.162
352.791 6.151
353.050 6.147
353.309 6.150
353.568 6.141
353.827 6.139
354.086 6.139
354.345 6.124
354.604 6.111
354.863 6.091
355.122 6.095
355.381 6.088
355.640 6.077
355.898 6.072
356.157 6.065
356.416 6.066
356.675 6.076
356.934 6.076
357.193 6.090
357.452 6.107
357.711 6.092
357.970 6.090
358.229 6.088
358.488 6.074
358.747 6.064
359.006 6.057
359.265 6.069
359.524 6.087
359.783 6.090
360.042 6.083
360.301 6.077
360.560 6.075
360.819 6.071
361.078 6.070
361.337 6.073
361.596 6.084
361.855 6.089
362.114 6.088
362.372 6.093
362.631 6.089
362.890 6.083
363.149 6.066
363.408 6.060
363.667 6.052
363.926 6.052
364.185 6.062
364.444 6.070
364.703 6.067
364.962 6.048
365.221 6.043
365.480 6.051
365.745 6.038
366.009 6.032
366.274 6.045
366.539 6.046
366.804 6.040
367.068 6.031
367.333 6.016
367.598 6.007
367.863 5.997
368.127 5.989
368.392 5.998
368.657 6.003
368.921 5.979
369.186 5.955
369.451 5.955
369.716 5.954
369.980 5.948
370.245 5.955
370.510 5.959
370.775 5.964
371.039 5.964
371.304 5.962
371.569 5.953
371.834 5.952
372.098 5.950
372.363 5.948
372.628 5.940
372.892 5.933
373.157 5.908
373.422 5.881
373.687 5.876
373.951 5.877
374.216 5.871
374.481 5.867
374.746 5.863
375.010 5.858
375.275 5.839
375.540 5.809
375.804 5.780
376.069 5.762
376.334 5.756
376.599 5.744
376.863 5.739
377.128 5.737
377.393 5.732
377.658 5.723
377.922 5.708
378.187 5.703
378.452 5.693
378.716 5.682
378.981 5.671
379.246 5.660
379.511 5.653
379.775 5.649
380.040 5.639
380.305 5.618
380.570 5.610
380.834 5.616
381.099 5.630
381.364 5.635
381.629 5.627
381.893 5.632
382.158 5.629
382.423 5.608
382.687 5.595
382.952 5.592
383.217 5.587
383.482 5.582
383.746 5.576
384.011 5.573
384.276 5.576
384.541 5.558
384.805 5.532
385.070 5.522
385.335 5.523
385.599 5.525
385.864 5.523
386.129 5.525
386.394 5.521
386.658 5.516
386.923 5.504
387.188 5.481
387.453 5.466
387.717 5.464
387.982 5.454
388.247 5.446
388.511 5.430
388.776 5.415
389.041 5.414
389.306 5.413
389.570 5.398
389.835 5.383
390.100 5.372
390.365 5.376
390.629 5.375
390.894 5.366
391.159 5.358
391.424 5.354
391.688 5.339
391.953 5.335
392.218 5.342
392.482 5.345
392.747 5.344
393.012 5.334
393.277 5.340
393.541 5.348
393.806 5.344
394.071 5.347
394.336 5.339
394.600 5.337
394.865 5.335
395.130 5.331
395.394 5.334
395.659 5.336
395.924 5.332
396.189 5.326
396.453 5.325
396.718 5.330
396.983 5.317
397.248 5.306
397.512 5.297
397.777 5.290
398.042 5.272
398.306 5.259
398.571 5.258
398.836 5.261
399.101 5.259
399.365 5.257
399.630 5.267
399.895 5.283
400.160 5.281
400.424 5.273
400.689 5.283
400.954 5.299
401.219 5.309
401.483 5.308
401.748 5.300
402.013 5.298
402.277 5.289
402.542 5.282
402.807 5.280
403.072 5.287
403.336 5.297
403.601 5.306
403.866 5.311
404.131 5.315
404.395 5.321
404.660 5.334
404.929 5.330
405.198 5.325
405.466 5.326
405.735 5.340
406.004 5.360
406.273 5.368
406.542 5.354
406.810 5.343
407.079 5.344
407.348 5.354
407.617 5.352
407.886 5.356
408.154 5.359
408.423 5.364
408.692 5.368
408.961 5.368
409.229 5.366
409.498 5.370
409.767 5.370
410.036 5.365
410.305 5.359
410.573 5.367
410.842 5.365
411.111 5.360
411.380 5.360
411.649 5.357
411.917 5.351
412.186 5.350
412.455 5.353
412.724 5.359
412.993 5.357
413.261 5.360
413.530 5.356
413.799 5.364
414.068 5.379
414.337 5.395
414.605 5.408
414.874 5.410
415.143 5.407
415.412 5.407
415.681 5.402
415.949 5.390
416.218 5.384
416.487 5.386
416.756 5.389
417.024 5.393
417.293 5.390
417.562 5.384
417.831 5.384
418.100 5.394
418.368 5.403
418.637 5.409
418.906 5.414
419.175 5.424
419.444 5.428
419.712 5.431
419.981 5.436
420.250 5.442
420.519 5.445
420.788 5.438
421.056 5.429
421.325 5.435
421.594 5.438
421.863 5.439
422.132 5.439
422.400 5.427
422.669 5.419
422.938 5.423
423.207 5.429
423.476 5.432
423.744 5.434
424.013 5.443
424.282 5.452
424.551 5.457
424.819 5.449
425.088 5.438
425.357 5.437
425.626 5.442
425.895 5.443
426.163 5.440
426.432 5.451
426.701 5.456
426.970 5.445
427.239 5.439
427.507 5.436
427.776 5.438
428.045 5.448
428.314 5.457
428.583 5.466
428.851 5.475
429.120 5.474
429.389 5.472
429.658 5.474
429.927 5.477
430.195 5.470
430.464 5.460
430.733 5.462
431.002 5.463
431.271 5.464
431.539 5.464
431.808 5.462
432.077 5.468
432.346 5.477
432.614 5.480
432.883 5.479
433.152 5.485
433.421 5.491
433.690 5.493
433.958 5.501
434.227 5.504
434.496 5.498
434.765 5.493
435.034 5.495
435.302 5.493
435.571 5.482
435.840 5.472
436.116 5.467
436.393 5.468
436.669 5.467
436.945 5.465
437.221 5.472
437.498 5.479
437.774 5.482
438.050 5.489
438.326 5.493
438.603 5.495
438.879 5.502
439.155 5.504
439.431 5.510
439.708 5.512
439.984 5.510
440.260 5.510
440.537 5.503
440.813 5.502
441.089 5.508
441.365 5.516
441.642 5.519
441.918 5.522
442.194 5.529
442.470 5.515
442.747 5.505
443.023 5.495
443.299 5.489
443.575 5.499
443.852 5.506
444.128 5.514
444.404 5.523
444.680 5.519
444.957 5.515
445.233 5.506
445.509 5.501
445.786 5.505
446.062 5.506
446.338 5.505
446.614 5.502
446.891 5.506
447.167 5.506
447.443 5.512
447.719 5.513
447.996 5.514
448.272 5.523
448.548 5.532
448.824 5.530
449.101 5.532
449.377 5.541
449.653 5.552
449.930 5.558
450.206 5.560
450.482 5.575
450.758 5.583
451.035 5.590
451.311 5.599
451.587 5.597
451.863 5.595
452.140 5.606
452.416 5.618
452.692 5.637
452.968 5.647
453.245 5.652
453.521 5.665
453.797 5.683
454.074 5.686
454.350 5.694
454.626 5.708
454.902 5.723
455.179 5.740
455.455 5.752
455.731 5.757
456.007 5.762
456.284 5.766
456.560 5.769
456.836 5.780
457.112 5.792
457.389 5.804
457.665 5.815
457.941 5.825
458.218 5.832
458.494 5.844
458.770 5.851
459.046 5.859
459.323 5.881
459.599 5.900
459.875 5.916
460.151 5.933
460.428 5.947
460.704 5.960
460.980 5.971
461.256 5.987
461.533 6.004
461.809 6.020
462.085 6.039
462.361 6.053
462.638 6.068
462.914 6.087
463.190 6.100
463.467 6.115
463.743 6.126
464.019 6.131
464.295 6.132
464.572 6.142
464.848 6.156
465.124 6.173
465.400 6.186
465.677 6.203
465.953 6.213
466.229 6.224
466.505 6.239
466.782 6.246
467.058 6.254
467.334 6.264
467.611 6.278
467.887 6.296
468.163 6.311
468.439 6.327
468.716 6.341
468.992 6.348
469.268 6.361
469.544 6.372
469.821 6.387
470.097 6.400
470.373 6.399
470.649 6.399
470.926 6.415
471.202 6.427
471.478 6.438
471.755 6.446
472.031 6.455
472.307 6.470
472.583 6.486
472.860 6.510
473.136 6.540
473.412 6.567
473.688 6.585
473.965 6.596
474.241 6.610
474.517 6.632
474.793 6.650
475.070 6.667
475.346 6.681
475.622 6.699
475.899 6.714
476.175 6.728
476.451 6.744
476.727 6.759
477.004 6.769
477.280 6.770
477.556 6.781
477.832 6.797
478.109 6.803
478.385 6.814
478.661 6.820
478.937 6.824
479.214 6.836
479.490 6.849
479.766 6.865
480.043 6.890
480.319 6.908
480.595 6.925
480.871 6.953
481.148 6.975
481.424 6.994
481.700 7.018
481.976 7.040
482.253 7.059
482.529 7.077
482.805 7.098
483.081 7.118
483.358 7.133
483.634 7.159
483.910 7.181
484.186 7.200
484.463 7.213
484.739 7.224
485.015 7.246
485.292 7.273
485.568 7.298
485.844 7.325
486.120 7.349
486.397 7.366
486.673 7.388
486.949 7.416
487.225 7.445
487.502 7.470
487.778 7.492
488.054 7.515
488.330 7.538
488.607 7.556
488.883 7.570
489.159 7.588
489.436 7.611
489.712 7.626
489.988 7.634
490.264 7.650
490.541 7.664
490.817 7.677
491.093 7.696
491.369 7.717
491.646 7.732
491.922 7.751
492.198 7.776
492.474 7.796
492.751 7.818
493.027 7.840
493.303 7.861
493.580 7.884
493.856 7.916
494.132 7.954
494.408 7.972
494.685 7.992
494.961 8.013
495.237 8.032
495.513 8.060
495.790 8.095
496.066 8.130
496.342 8.159
496.618 8.180
496.895 8.197
497.171 8.211
497.447 8.228
497.724 8.247
498.000 8.268
498.276 8.287
498.552 8.299
498.829 8.312
499.105 8.325
499.381 8.339
499.657 8.358
499.934 8.370
500.210 8.392
500.486 8.416
500.762 8.442
501.039 8.462
501.315 8.479
501.591 8.507
501.867 8.534
502.144 8.555
502.420 8.579
502.696 8.595
502.973 8.611
503.249 8.630
503.525 8.644
503.801 8.660
504.078 8.676
504.354 8.688
504.630 8.707
504.906 8.730
505.183 8.749
505.459 8.773
505.735 8.798
506.011 8.817
506.288 8.834
506.564 8.857
506.840 8.879
507.117 8.908
507.393 8.945
507.669 8.979
507.945 9.004
508.222 9.024
508.498 9.052
508.774 9.076
509.050 9.093
509.327 9.114
509.603 9.138
509.879 9.158
510.155 9.178
510.432 9.206
510.708 9.226
510.984 9.245
511.261 9.281
511.537 9.308
511.813 9.333
512.089 9.367
512.366 9.394
512.642 9.414
512.918 9.427
513.194 9.448
513.471 9.471
513.747 9.498
514.023 9.530
514.299 9.559
514.576 9.582
514.852 9.607
515.128 9.640
515.405 9.670
515.681 9.694
515.957 9.728
516.233 9.760
516.510 9.788
516.786 9.820
517.062 9.847
517.338 9.870
517.615 9.890
517.891 9.917
518.167 9.951
518.443 9.971
518.720 9.986
518.996 10.006
519.272 10.027
519.548 10.053
519.825 10.082
520.101 10.115
520.377 10.154
520.654 10.183
520.930 10.207
521.206 10.242
521.482 10.281
521.759 10.313
522.035 10.340
522.311 10.367
522.587 10.396
522.864 10.431
523.140 10.462
523.416 10.486
523.692 10.517
523.969 10.539
524.245 10.561
524.521 10.588
524.798 10.615
525.074 10.638
525.350 10.662
525.626 10.694
525.903 10.729
526.179 10.754
526.455 10.786
526.731 10.822
527.008 10.859
527.284 10.891
527.560 10.924
527.836 10.951
528.113 10.984
528.389 11.020
528.665 11.053
528.942 11.078
529.218 11.124
529.494 11.188
529.770 11.226
530.047 11.250
530.323 11.283
530.599 11.320
530.875 11.355
531.152 11.394
531.428 11.434
531.704 11.471
531.980 11.503
532.257 11.541
532.533 11.578
532.809 11.612
533.086 11.644
533.362 11.675
533.638 11.707
533.914 11.740
534.191 11.770
534.467 11.807
534.743 11.847
535.019 11.881
535.296 11.920
535.572 11.962
535.848 12.003
536.124 12.041
536.401 12.082
536.677 12.117
536.953 12.154
537.230 12.195
537.506 12.237
537.782 12.289
538.058 12.331
538.335 12.361
538.611 12.394
538.887 12.433
539.163 12.471
539.440 12.515
539.716 12.553
539.992 12.591
540.268 12.635
540.545 12.673
540.821 12.716
541.097 12.755
541.373 12.798
541.650 12.846
541.926 12.891
542.202 12.935
542.479 12.976
542.755 13.017
543.031 13.058
543.307 13.096
543.584 13.136
543.860 13.174
544.136 13.211
544.412 13.246
544.689 13.295
544.965 13.337
545.241 13.376
545.517 13.422
545.794 13.466
546.070 13.494
546.356 13.508
546.642 13.544
546.928 13.596
547.214 13.638
547.500 13.671
547.786 13.713
548.072 13.756
548.358 13.802
548.644 13.850
548.930 13.888
549.216 13.931
549.502 13.978
549.788 14.023
550.074 14.076
550.360 14.131
550.646 14.176
550.932 14.221
551.218 14.268
551.504 14.315
551.790 14.358
552.076 14.398
552.362 14.442
552.648 14.480
552.934 14.520
553.220 14.565
553.506 14.608
553.793 14.661
554.079 14.708
554.365 14.747
554.651 14.789
554.937 14.830
555.223 14.878
555.509 14.930
555.795 14.975
556.081 15.019
556.367 15.060
556.653 15.107
556.939 15.154
557.225 15.196
557.511 15.234
557.797 15.272
558.083 15.308
558.369 15.356
558.655 15.396
558.941 15.432
559.227 15.472
559.513 15.510
559.799 15.556
560.085 15.600
560.371 15.647
560.657 15.693
560.943 15.732
561.229 15.777
561.515 15.819
561.801 15.857
562.087 15.889
562.373 15.922
562.659 15.960
562.945 15.997
563.231 16.039
563.517 16.073
563.803 16.107
564.089 16.146
564.375 16.176
564.661 16.215
564.947 16.260
565.233 16.299
565.519 16.339
565.805 16.382
566.091 16.421
566.377 16.463
566.663 16.505
566.949 16.543
567.235 16.583
567.521 16.625
567.807 16.663
568.093 16.705
568.379 16.747
568.665 16.787
568.951 16.824
569.237 16.861
569.524 16.898
569.810 16.931
570.096 16.970
570.382 17.013
570.668 17.057
570.954 17.102
571.240 17.144
571.526 17.181
571.812 17.221
572.098 17.264
572.384 17.308
572.670 17.347
572.956 17.382
573.242 17.424
573.528 17.473
573.814 17.525
574.100 17.566
574.386 17.604
574.672 17.652
574.958 17.708
575.244 17.764
575.530 17.826
575.816 17.886
576.102 17.941
576.388 17.998
576.674 18.060
576.960 18.118
577.248 18.167
577.536 18.222
577.824 18.281
578.113 18.337
578.401 18.397
578.689 18.458
578.977 18.523
579.265 18.589
579.553 18.654
579.841 18.722
580.130 18.788
580.418 18.851
580.706 18.915
580.994 18.984
581.282 19.063
581.570 19.141
581.858 19.213
582.147 19.283
582.435 19.351
582.723 19.426
583.011 19.501
583.299 19.568
583.587 19.642
583.875 19.717
584.164 19.788
584.452 19.866
584.740 19.942
585.028 20.012
585.316 20.081
585.604 20.159
585.892 20.238
586.181 20.318
586.469 20.404
586.757 20.487
587.045 20.576
587.333 20.665
587.621 20.753
587.909 20.834
588.198 20.911
588.486 20.991
588.774 21.065
589.062 21.149
589.350 21.236
589.638 21.316
589.927 21.390
590.215 21.470
590.503 21.559
590.791 21.644
591.079 21.722
591.367 21.802
591.655 21.884
591.944 21.975
592.232 22.056
592.520 22.131
592.808 22.213
593.096 22.288
593.384 22.357
593.672 22.426
593.961 22.499
594.249 22.565
594.537 22.639
594.825 22.720
595.113 22.799
595.401 22.878
595.689 22.953
595.978 23.024
596.266 23.094
596.554 23.167
596.842 23.239
597.130 23.305
597.418 23.378
597.706 23.452
597.995 23.520
598.283 23.580
598.571 23.640
598.859 23.690
599.147 23.742
599.435 23.803
599.723 23.855
600.012 23.913
600.300 23.962
600.588 24.008
600.876 24.067
601.164 24.118
601.452 24.171
601.740 24.218
602.029 24.258
602.317 24.303
602.605 24.344
602.893 24.386
603.181 24.432
603.469 24.473
603.757 24.505
604.046 24.532
604.334 24.564
604.622 24.594
604.910 24.624
605.198 24.658
605.486 24.692
605.774 24.723
606.063 24.751
606.351 24.782
606.639 24.808
606.927 24.830
607.215 24.859
607.503 24.889
607.791 24.914
608.080 24.935
608.368 24.959
608.656 24.983
608.944 25.008
609.232 25.035
609.520 25.053
609.808 25.079
610.097 25.111
610.385 25.132
610.673 25.160
610.961 25.184
611.249 25.213
611.537 25.234
611.825 25.254
612.114 25.274
612.402 25.288
612.690 25.304
612.978 25.320
613.266 25.340
613.554 25.365
613.843 25.385
614.131 25.402
614.419 25.419
614.707 25.439
614.995 25.448
615.283 25.464
615.571 25.498
615.860 25.542
616.148 25.572
616.436 25.615
616.724 25.654
617.012 25.683
617.300 25.716
617.588 25.750
617.877 25.789
618.165 25.833
618.453 25.866
618.741 25.900
619.029 25.935
619.317 25.976
619.605 26.022
619.894 26.070
620.182 26.124
620.470 26.173
620.758 26.224
621.046 26.288
621.334 26.356
621.622 26.424
621.911 26.490
622.199 26.566
622.487 26.645
622.775 26.702
623.063 26.764
623.351 26.832
623.639 26.904
623.928 26.978
624.216 27.056
624.504 27.132
624.792 27.209
625.080 27.293
625.368 27.386
625.656 27.479
625.945 27.569
626.233 27.666
626.521 27.760
626.809 27.854
627.097 27.950
627.385 28.048
627.673 28.147
627.962 28.249
628.250 28.348
628.538 28.449
628.826 28.555
629.114 28.666
629.402 28.786
629.690 28.914
629.979 29.039
630.267 29.156
630.555 29.274
630.843 29.404
631.131 29.527
631.419 29.651
631.707 29.771
631.996 29.910
632.284 30.048
632.572 30.188
632.860 30.321
633.148 30.444
633.436 30.563
633.724 30.697
634.013 30.825
634.301 30.964
634.589 31.103
634.877 31.242
635.165 31.381
635.453 31.510
635.741 31.639
636.030 31.776
636.318 31.922
636.606 32.063
636.894 32.202
637.182 32.345
637.470 32.484
637.759 32.626
638.047 32.770
638.335 32.911
638.623 33.045
638.911 33.182
639.199 33.322
639.487 33.471
639.776 33.606
640.064 33.746
640.352 33.899
640.640 34.052
640.928 34.196
641.216 34.328
641.504 34.461
641.793 34.597
642.081 34.736
642.369 34.870
642.657 34.996
642.945 35.116
643.233 35.238
643.521 35.366
643.810 35.483
644.098 35.600
644.386 35.718
644.674 35.840
644.962 35.955
645.250 36.061
645.538 36.165
645.827 36.264
646.115 36.365
646.403 36.467
646.691 36.572
646.979 36.675
647.267 36.767
647.555 36.859
647.844 36.956
648.132 37.048
648.420 37.127
648.708 37.206
648.996 37.290
649.284 37.379
649.572 37.454
649.861 37.523
650.149 37.595
650.437 37.671
650.725 37.744
651.013 37.815
651.301 37.887
651.589 37.954
651.878 38.010
652.166 38.078
652.454 38.151
652.742 38.213
653.030 38.279
653.318 38.340
653.606 38.400
653.895 38.443
654.183 38.490
654.471 38.544
654.759 38.588
655.047 38.617
655.335 38.644
655.623 38.674
655.912 38.699
656.200 38.722
656.488 38.747
656.776 38.766
657.064 38.767
657.352 38.782
657.640 38.799
657.929 38.801
658.217 38.799
658.505 38.807
658.793 38.819
659.081 38.824
659.369 38.822
659.657 38.814
659.946 38.812
660.234 38.818
660.522 38.813
660.810 38.808
661.098 38.798
661.386 38.791
661.675 38.784
661.963 38.770
662.251 38.753
662.539 38.743
662.827 38.729
663.115 38.722
663.403 38.718
663.692 38.710
663.980 38.696
664.268 38.678
664.556 38.655
664.844 38.632
665.132 38.617
665.420 38.602
665.709 38.590
665.997 38.574
666.285 38.562
666.573 38.541
666.861 38.521
667.149 38.510
667.437 38.505
667.726 38.495
668.014 38.474
668.302 38.460
668.590 38.450
668.878 38.434
669.166 38.418
669.454 38.410
669.743 38.386
670.031 38.362
670.319 38.354
670.607 38.346
670.895 38.341
671.183 38.323
671.471 38.317
671.760 38.311
672.048 38.309
672.336 38.324
672.624 38.348
672.912 38.365
673.200 38.376
673.488 38.394
673.777 38.415
674.065 38.426
674.353 38.437
674.641 38.464
674.929 38.481
675.217 38.483
675.505 38.514
675.794 38.557
676.082 38.595
676.370 38.635
676.658 38.683
676.946 38.746
677.234 38.802
677.522 38.845
677.811 38.896
678.099 38.962
678.387 39.018
678.675 39.075
678.963 39.139
679.251 39.205
679.539 39.273
679.828 39.348
680.116 39.440
680.404 39.532
680.692 39.614
680.980 39.691
681.268 39.762
681.556 39.839
681.845 39.926
682.133 40.011
682.421 40.092
682.709 40.172
682.997 40.256
683.285 40.353
683.573 40.455
683.862 40.551
684.150 40.651
684.438 40.753
684.726 40.851
685.014 40.956
685.302 41.062
685.591 41.173
685.879 41.279
686.167 41.388
686.455 41.495
686.743 41.601
687.031 41.709
687.319 41.832
687.608 41.951
687.896 42.069
688.184 42.194
688.472 42.315
688.760 42.439
689.048 42.559
689.336 42.674
689.625 42.783
689.913 42.885
690.201 43.002
690.489 43.123
690.777 43.257
691.065 43.385
691.353 43.506
691.642 43.644
691.930 43.778
692.218 43.894
692.506 44.020
692.794 44.154
693.082 44.268
693.370 44.374
693.659 44.485
693.947 44.600
694.235 44.716
694.523 44.817
694.811 44.931
695.099 45.056
695.387 45.167
695.676 45.274
695.964 45.398
696.252 45.510
696.540 45.622
696.836 45.737
697.133 45.841
697.429 45.941
697.725 46.025
698.021 46.116
698.318 46.210
698.614 46.315
698.910 46.440
699.207 46.557
699.503 46.669
699.799 46.780
700.095 46.885
700.392 46.986
700.688 47.094
700.984 47.192
701.281 47.288
701.577 47.386
701.873 47.472
702.169 47.568
702.466 47.665
702.762 47.756
703.058 47.832
703.355 47.905
703.651 47.982
703.947 48.058
704.243 48.149
704.540 48.238
704.836 48.315
705.132 48.382
705.428 48.451
705.725 48.509
706.021 48.547
706.317 48.604
706.614 48.675
706.910 48.750
707.206 48.834
707.502 48.910
707.799 48.966
708.095 49.014
708.391 49.057
708.688 49.082
708.984 49.115
709.280 49.136
709.576 49.151
709.873 49.184
710.169 49.215
710.465 49.249
710.762 49.285
711.058 49.315
711.354 49.354
711.650 49.392
711.947 49.410
712.243 49.430
712.539 49.459
712.836 49.487
713.132 49.504
713.428 49.523
713.724 49.532
714.021 49.540
714.317 49.563
714.613 49.578
714.910 49.571
715.206 49.588
715.502 49.610
715.798 49.617
716.095 49.622
716.391 49.631
716.687 49.632
716.984 49.605
717.280 49.594
717.576 49.585
717.872 49.563
718.169 49.544
718.465 49.517
718.761 49.483
719.058 49.444
719.354 49.407
719.650 49.361
719.946 49.325
720.243 49.297
720.539 49.270
720.835 49.222
721.131 49.197
721.428 49.185
721.724 49.155
722.020 49.120
722.317 49.081
722.613 49.043
722.909 49.009
723.205 48.975
723.502 48.951
723.798 48.924
724.094 48.900
724.391 48.854
724.687 48.798
724.983 48.747
725.279 48.684
725.576 48.626
725.872 48.598
726.168 48.556
726.465 48.509
726.761 48.460
727.057 48.404
727.353 48.368
727.650 48.326
727.946 48.259
728.242 48.204
728.539 48.150
728.835 48.091
729.131 48.048
729.427 47.992
729.724 47.932
730.020 47.881
730.316 47.814
730.613 47.739
730.909 47.661
731.205 47.591
731.501 47.530
731.798 47.489
732.094 47.427
732.390 47.356
732.687 47.288
732.983 47.223
733.279 47.142
733.575 47.055
733.872 46.978
734.168 46.910
734.464 46.836
734.761 46.772
735.057 46.721
735.353 46.666
735.649 46.602
735.946 46.540
736.242 46.493
736.538 46.449
736.835 46.394
737.131 46.331
737.427 46.274
737.723 46.236
738.020 46.204
738.316 46.146
738.612 46.081
738.909 46.028
739.205 45.976
739.501 45.916
739.797 45.859
740.094 45.803
740.390 45.728
740.686 45.663
740.982 45.600
741.279 45.541
741.575 45.477
741.871 45.407
742.168 45.344
742.464 45.295
742.760 45.245
743.056 45.176
743.353 45.110
743.649 45.051
743.945 44.983
744.242 44.920
744.538 44.851
744.834 44.783
745.130 44.718
745.427 44.658
745.723 44.592
746.019 44.550
746.316 44.505
746.612 44.457
746.908 44.411
747.204 44.349
747.501 44.293
747.797 44.236
748.093 44.172
748.390 44.114
748.686 44.063
748.982 44.025
749.278 43.977
749.575 43.914
749.871 43.841
750.167 43.769
750.464 43.720
750.760 43.675
751.056 43.635
751.352 43.606
751.649 43.580
751.945 43.553
752.241 43.518
752.538 43.484
752.834 43.433
753.130 43.395
753.426 43.365
753.723 43.321
754.019 43.292
754.315 43.255
754.611 43.216
754.908 43.194
755.204 43.187
755.500 43.160
755.797 43.119
756.093 43.054
756.389 43.008
756.685 42.964
756.982 42.934
757.278 42.906
757.574 42.862
757.871 42.804
758.167 42.772
758.463 42.754
758.759 42.732
759.056 42.695
759.352 42.676
759.648 42.647
759.945 42.616
760.241 42.575
760.537 42.539
760.833 42.511
761.130 42.482
761.426 42.462
761.722 42.437
762.019 42.391
762.315 42.357
762.611 42.354
762.907 42.368
763.204 42.371
763.500 42.366
763.804 42.362
764.108 42.371
764.412 42.372
764.716 42.356
765.020 42.333
765.324 42.338
765.628 42.328
765.932 42.325
766.236 42.334
766.540 42.348
766.844 42.354
767.148 42.346
767.452 42.343
767.756 42.356
768.060 42.352
768.364 42.353
768.668 42.350
768.972 42.340
769.276 42.322
769.580 42.304
769.884 42.293
770.188 42.274
770.492 42.263
770.796 42.257
771.100 42.274
771.404 42.270
771.708 42.236
772.012 42.217
772.316 42.209
772.620 42.211
772.924 42.202
773.228 42.175
773.532 42.137
773.836 42.128
774.140 42.127
774.444 42.162
774.748 42.185
775.052 42.203
775.356 42.206
775.659 42.205
775.963 42.229
776.267 42.247
776.571 42.232
776.875 42.239
777.179 42.252
777.483 42.278
777.787 42.292
778.091 42.303
778.395 42.335
778.699 42.374
779.003 42.390
779.307 42.393
779.611 42.401
779.915 42.397
780.219 42.399
780.523 42.426
780.827 42.457
781.131 42.463
781.435 42.471
781.739 42.482
782.043 42.490
782.347 42.488
782.651 42.467
782.955 42.452
783.259 42.454
783.563 42.479
783.867 42.463
784.171 42.471
784.475 42.480
784.779 42.476
785.083 42.465
785.387 42.452
785.691 42.449
785.995 42.459
786.299 42.465
786.603 42.481
786.907 42.500
787.211 42.517
787.515 42.549
787.819 42.589
788.123 42.615
788.427 42.633
788.731 42.647
789.035 42.655
789.339 42.675
789.643 42.684
789.947 42.682
790.251 42.724
790.555 42.756
790.859 42.773
791.163 42.787
791.467 42.812
791.771 42.832
792.075 42.870
792.379 42.883
792.683 42.918
792.987 42.945
793.291 42.953
793.595 42.967
793.899 42.985
794.203 43.004
794.507 43.021
794.811 43.052
795.115 43.087
795.419 43.094
795.723 43.091
796.027 43.098
796.331 43.109
796.635 43.126
796.939 43.115
797.243 43.118
797.547 43.143
797.851 43.183
798.155 43.209
798.459 43.239
798.763 43.272
799.067 43.284
799.371 43.302
799.674 43.342
799.978 43.365
800.282 43.398
800.586 43.423
800.890 43.465
801.194 43.507
801.498 43.544
801.802 43.587
802.106 43.600
802.410 43.650
802.714 43.691
803.018 43.707
803.322 43.734
803.626 43.778
803.930 43.851
804.234 43.908
804.538 43.945
804.842 43.994
805.146 44.027
805.450 44.071
805.754 44.104
806.058 44.143
806.362 44.184
806.666 44.186
806.970 44.190
807.274 44.213
807.578 44.267
807.882 44.311
808.186 44.332
808.490 44.368
808.794 44.394
809.098 44.424
809.402 44.474
809.706 44.523
810.010 44.570
810.314 44.618
810.618 44.663
810.922 44.709
811.226 44.730
811.530 44.733
811.834 44.756
812.137 44.791
812.441 44.831
812.744 44.879
813.048 44.918
813.351 44.947
813.655 44.976
813.958 45.016
814.262 45.074
814.565 45.113
814.869 45.132
815.172 45.153
815.476 45.185
815.779 45.238
816.083 45.300
816.386 45.314
816.690 45.366
816.993 45.430
817.297 45.486
817.600 45.560
817.904 45.594
818.208 45.623
818.511 45.662
818.815 45.697
819.118 45.734
819.422 45.759
819.725 45.785
820.029 45.821
820.332 45.855
820.636 45.904
820.939 45.935
821.243 45.956
821.546 46.021
821.850 46.097
822.153 46.157
822.457 46.165
822.760 46.186
823.064 46.238
823.367 46.265
823.671 46.303
823.974 46.333
824.278 46.374
824.582 46.401
824.885 46.437
825.189 46.536
825.492 46.619
825.796 46.687
826.099 46.723
826.403 46.746
826.706 46.814
827.010 46.886
827.313 46.940
827.617 47.004
827.920 47.022
828.224 47.035
828.527 47.059
828.831 47.088
829.134 47.119
829.438 47.178
829.741 47.209
830.045 47.241
830.348 47.280
830.652 47.334
830.956 47.398
831.259 47.427
831.563 47.457
831.866 47.518
832.170 47.611
832.473 47.682
832.777 47.720
833.080 47.741
833.384 47.802
833.687 47.863
833.991 47.946
834.294 47.983
834.598 47.990
834.901 48.048
835.205 48.112
835.508 48.164
835.812 48.207
836.115 48.254
836.419 48.312
836.722 48.342
837.026 48.408
837.330 48.474
837.633 48.531
837.937 48.588
838.240 48.635
838.544 48.691
838.847 48.736
839.151 48.795
839.454 48.852
839.758 48.899
840.061 48.961
840.365 49.030
840.668 49.084
840.972 49.164
841.275 49.233
841.579 49.306
841.882 49.382
842.186 49.445
842.489 49.499
842.793 49.573
843.097 49.629
843.400 49.682
843.704 49.715
844.007 49.752
844.311 49.808
844.614 49.867
844.918 49.943
845.221 49.996
845.525 50.041
845.828 50.059
846.132 50.072
846.435 50.155
846.739 50.225
847.042 50.278
847.346 50.361
847.649 50.421
847.953 50.465
848.256 50.565
848.560 50.667
848.863 50.743
849.167 50.799
849.471 50.837
849.774 50.896
850.078 50.989
850.381 51.082
850.685 51.140
850.988 51.232
851.292 51.300
851.595 51.395
851.899 51.456
852.202 51.519
852.506 51.603
852.809 51.686
853.113 51.723
853.416 51.741
853.720 51.765
854.023 51.834
854.327 51.894
854.630 51.934
854.934 52.000
855.237 52.076
855.541 52.137
855.845 52.200
856.148 52.239
856.452 52.297
856.755 52.358
857.059 52.409
857.362 52.468
857.666 52.516
857.969 52.586
858.273 52.641
858.576 52.676
858.880 52.717
859.183 52.749
859.487 52.772
859.790 52.813
860.094 52.825
860.397 52.863
860.701 52.942
861.004 53.028
861.308 53.070
861.611 53.122
861.915 53.164
862.219 53.178
862.522 53.249
862.826 53.296
863.129 53.361
863.433 53.406
863.736 53.444
864.040 53.518
864.343 53.608
864.647 53.667
864.950 53.719
865.254 53.800
865.557 53.876
865.861 53.928
866.164 53.998
866.468 54.071
866.771 54.115
867.075 54.159
867.378 54.213
867.682 54.261
867.985 54.334
868.289 54.397
868.593 54.435
868.896 54.465
869.200 54.512
869.503 54.544
869.807 54.602
870.110 54.657
870.414 54.752
870.717 54.819
871.021 54.845
871.324 54.910
871.628 55.002
871.931 55.102
872.235 55.166
872.538 55.202
872.842 55.260
873.145 55.312
873.449 55.360
873.752 55.436
874.056 55.492
874.359 55.543
874.663 55.651
874.967 55.727
875.270 55.781
875.574 55.863
875.877 55.952
876.181 56.031
876.484 56.072
876.788 56.167
877.091 56.252
877.395 56.332
877.698 56.412
878.002 56.496
878.305 56.567
878.609 56.670
878.912 56.755
879.216 56.789
879.519 56.817
879.823 56.870
880.126 56.936
880.430 57.029
880.733 57.145
881.037 57.226
881.341 57.300
881.644 57.336
881.948 57.403
882.251 57.488
882.555 57.535
882.858 57.618
883.162 57.782
883.465 57.895
883.769 57.978
884.072 58.062
884.376 58.143
884.679 58.229
884.983 58.291
885.286 58.339
885.590 58.376
885.893 58.422
886.197 58.499
886.500 58.558
886.804 58.614
887.107 58.688
887.411 58.790
887.715 58.867
888.018 58.907
888.322 58.968
888.625 59.007
888.929 59.075
889.232 59.163
889.536 59.220
889.839 59.245
890.143 59.342
890.446 59.427
890.750 59.517
891.053 59.593
891.357 59.670
891.660 59.773
891.964 59.866
892.267 59.925
892.571 60.006
892.874 60.098
893.178 60.157
893.482 60.217
893.785 60.314
894.089 60.386
894.392 60.446
894.696 60.492
894.999 60.568
895.303 60.651
895.606 60.733
895.910 60.785
896.213 60.806
896.517 60.855
896.820 60.938
897.124 60.995
897.427 61.049
897.731 61.152
898.034 61.267
898.338 61.365
898.641 61.427
898.945 61.503
899.248 61.596
899.552 61.690
899.856 61.791
900.159 61.898
900.463 61.995
900.766 62.054
901.070 62.092
901.373 62.149
901.677 62.163
901.980 62.176
902.284 62.210
902.587 62.255
902.891 62.285
903.194 62.294
903.498 62.354
903.801 62.451
904.105 62.544
904.408 62.638
904.712 62.670
905.015 62.703
905.319 62.805
905.622 62.906
905.926 62.943
906.230 62.935
906.533 62.996
906.837 63.052
907.140 63.162
907.444 63.235
907.747 63.239
908.051 63.306
908.354 63.390
908.658 63.460
908.961 63.528
909.265 63.575
909.568 63.616
909.872 63.685
910.175 63.743
910.479 63.805
910.782 63.860
911.086 63.893
911.389 63.922
911.693 63.967
911.996 64.010
912.300 64.075
912.613 64.140
912.926 64.226
913.238 64.322
913.551 64.433
913.864 64.518
914.176 64.566
914.489 64.615
914.802 64.683
915.115 64.736
915.427 64.785
915.740 64.834
916.053 64.869
916.366 64.881
916.678 64.929
916.991 64.971
917.304 65.025
917.617 65.069
917.929 65.112
918.242 65.122
918.555 65.149
918.868 65.186
919.180 65.204
919.493 65.241
919.806 65.326
920.119 65.331
920.431 65.341
920.744 65.385
921.057 65.433
921.370 65.516
921.682 65.580
921.995 65.628
922.308 65.618
922.621 65.640
922.933 65.736
923.246 65.815
923.559 65.853
923.872 65.892
924.184 65.925
924.497 65.938
924.810 65.980
925.123 66.081
925.435 66.125
925.748 66.167
926.061 66.215
926.374 66.193
926.686 66.288
926.999 66.380
927.312 66.461
927.625 66.495
927.937 66.479
928.250 66.491
928.563 66.507
928.876 66.523
929.188 66.560
929.501 66.574
929.814 66.623
930.127 66.650
930.439 66.666
930.752 66.688
931.065 66.701
931.378 66.702
931.690 66.726
932.003 66.677
932.316 66.637
932.629 66.582
932.941 66.509
933.254 66.484
933.567 66.423
933.880 66.409
934.192 66.435
934.505 66.429
934.818 66.436
935.131 66.461
935.443 66.489
935.756 66.498
936.069 66.521
936.382 66.529
936.694 66.585
937.007 66.638
937.320 66.627
937.633 66.571
937.945 66.527
938.258 66.470
938.571 66.401
938.884 66.367
939.196 66.374
939.509 66.342
939.822 66.300
940.135 66.281
940.447 66.226
940.760 66.151
941.073 66.157
941.386 66.220
941.698 66.214
942.011 66.149
942.324 66.131
942.637 66.103
942.949 66.039
943.262 66.017
943.575 66.015
943.888 65.974
944.200 65.923
944.513 65.941
944.826 65.966
945.139 65.982
945.451 66.022
945.764 66.014
946.077 65.976
946.390 65.868
946.702 65.827
947.015 65.812
947.328 65.812
947.641 65.819
947.953 65.765
948.266 65.693
948.579 65.661
948.892 65.604
949.204 65.618
949.517 65.638
949.830 65.576
950.143 65.516
950.455 65.515
950.768 65.480
951.081 65.484
951.394 65.474
951.706 65.491
952.019 65.525
952.332 65.572
952.645 65.626
952.957 65.623
953.270 65.610
953.583 65.669
953.896 65.685
954.208 65.611
954.521 65.603
954.834 65.650
955.147 65.631
955.459 65.642
955.772 65.573
956.085 65.560
956.398 65.570
956.710 65.619
957.023 65.594
957.336 65.578
957.649 65.597
957.961 65.577
958.274 65.580
958.587 65.588
958.900 65.592
959.212 65.570
959.525 65.497
959.838 65.542
960.151 65.549
960.463 65.480
960.776 65.476
961.089 65.459
961.402 65.394
961.714 65.404
962.027 65.457
962.340 65.442
962.653 65.367
962.965 65.329
963.278 65.349
963.591 65.338
963.904 65.259
964.216 65.123
964.529 65.026
964.842 64.895
965.154 64.808
965.467 64.844
965.780 64.801
966.094 64.791
966.409 64.805
966.723 64.837
967.037 64.890
967.352 64.907
967.666 64.899
967.980 64.882
968.295 64.847
968.609 64.802
968.923 64.772
969.238 64.786
969.552 64.732
969.866 64.739
970.181 64.749
970.495 64.683
970.809 64.630
971.124 64.632
971.438 64.558
971.752 64.550
972.067 64.587
972.381 64.610
972.695 64.541
973.010 64.506
973.324 64.547
973.638 64.564
973.953 64.479
974.267 64.478
974.581 64.488
974.896 64.482
975.210 64.358
975.524 64.344
975.839 64.325
976.153 64.414
976.467 64.488
976.781 64.517
977.096 64.502
977.410 64.476
977.724 64.506
978.039 64.504
978.353 64.488
978.667 64.579
978.982 64.615
979.296 64.610
979.610 64.644
979.925 64.579
980.239 64.563
980.553 64.496
980.868 64.486
981.182 64.483
981.496 64.461
981.811 64.483
982.125 64.571
982.439 64.569
982.754 64.539
983.068 64.594
983.382 64.630
983.697 64.676
984.011 64.753
984.325 64.735
984.640 64.648
984.954 64.582
985.268 64.566
985.583 64.513
985.897 64.443
986.211 64.336
986.526 64.284
986.840 64.274
987.154 64.285
987.469 64.228
987.783 64.174
988.097 64.217
988.412 64.222
988.726 64.147
989.040 64.019
989.355 64.003
989.669 64.052
989.983 64.044
990.298 63.918
990.612 63.859
990.926 63.866
991.241 63.891
991.555 63.863
991.869 63.799
992.184 63.741
992.498 63.740
992.812 63.666
993.127 63.593
993.441 63.477
993.755 63.356
994.070 63.247
994.384 63.287
994.698 63.258
995.013 63.279
995.327 63.287
995.641 63.216
995.956 63.095
996.270 63.034
996.584 63.041
996.899 62.976
997.213 62.945
997.527 62.914
997.841 62.835
998.156 62.815
998.470 62.753
998.784 62.672
999.099 62.710
999.413 62.647
999.727 62.628
