290.982 82.223
291.167 84.141
291.352 85.711
291.537 86.256
291.722 86.372
291.907 90.225
292.091 89.863
292.276 87.953
292.461 87.627
292.646 87.846
292.831 89.553
293.016 86.770
293.201 82.842
293.386 81.311
293.571 82.697
293.756 83.781
293.940 84.241
294.125 83.051
294.310 84.649
294.495 85.529
294.680 84.474
294.865 83.143
295.050 84.067
295.235 85.222
295.420 84.527
295.605 82.178
295.789 83.090
295.974 84.434
296.159 84.005
296.344 83.027
296.529 81.707
296.714 81.974
296.899 82.056
297.084 83.356
297.269 84.261
297.454 85.626
297.638 86.619
297.823 85.024
298.008 82.995
298.193 82.889
298.378 83.200
298.563 82.995
298.748 84.032
298.933 84.119
299.118 82.779
299.303 83.198
299.487 82.052
299.672 80.393
299.857 77.824
300.042 77.897
300.227 77.772
300.412 77.176
300.597 77.146
300.782 74.817
300.967 74.719
301.152 74.951
301.336 74.670
301.521 75.227
301.706 77.136
301.891 78.861
302.076 79.077
302.261 79.125
302.446 80.172
302.631 80.195
302.816 83.202
303.001 83.849
303.185 82.447
303.370 81.238
303.555 80.495
303.740 78.560
303.925 77.612
304.110 77.142
304.295 77.552
304.480 75.858
304.665 74.766
304.850 72.672
305.034 71.815
305.219 73.729
305.404 74.137
305.589 74.232
305.774 74.484
305.959 75.366
306.144 75.178
306.329 73.295
306.514 72.663
306.699 72.778
306.883 71.853
307.068 71.316
307.253 70.750
307.438 71.687
307.623 71.843
307.808 70.504
307.993 68.621
308.178 67.559
308.363 68.049
308.548 70.362
308.732 72.755
308.917 73.576
309.102 73.771
309.287 72.911
309.472 72.387
309.657 73.327
309.842 73.035
310.027 72.144
310.212 72.163
310.397 72.178
310.581 70.444
310.766 68.812
310.951 68.183
311.136 67.107
311.321 67.233
311.506 65.797
311.691 64.035
311.876 64.745
312.061 65.500
312.245 66.868
312.430 68.397
312.615 69.157
312.800 68.151
312.985 66.138
313.170 65.382
313.347 66.059
313.523 66.262
313.700 66.052
313.877 65.826
314.054 66.621
314.230 65.937
314.407 63.262
314.584 62.328
314.761 62.265
314.937 62.488
315.114 63.353
315.291 62.587
315.467 62.157
315.644 60.825
315.821 60.776
315.998 60.671
316.174 59.780
316.351 60.917
316.528 61.307
316.704 60.694
316.881 60.864
317.058 61.351
317.235 62.252
317.411 63.327
317.588 64.966
317.765 64.544
317.942 63.779
318.118 64.401
318.295 63.077
318.472 61.444
318.648 62.521
318.825 63.074
319.002 61.837
319.179 60.770
319.355 60.699
319.532 60.432
319.709 59.845
319.885 60.010
320.062 60.007
320.239 60.657
320.416 61.964
320.592 61.698
320.769 61.540
320.946 62.025
321.123 62.322
321.299 61.646
321.476 60.612
321.653 60.891
321.829 60.634
322.006 60.130
322.183 60.180
322.360 59.175
322.536 58.789
322.713 59.442
322.890 59.167
323.066 57.944
323.243 58.443
323.420 61.170
323.597 61.658
323.773 60.463
323.950 60.422
324.127 61.016
324.304 61.125
324.480 59.996
324.657 58.717
324.834 58.686
325.010 58.889
325.187 57.778
325.364 55.215
325.541 54.219
325.717 55.045
325.894 54.060
326.071 51.791
326.248 51.703
326.424 52.565
326.601 52.613
326.778 52.057
326.954 51.796
327.131 51.493
327.308 51.142
327.485 51.831
327.661 51.564
327.838 51.919
328.015 53.101
328.191 52.487
328.368 51.614
328.545 50.040
328.722 49.222
328.898 50.195
329.075 50.743
329.252 50.356
329.429 49.382
329.605 50.236
329.782 50.453
329.959 49.512
330.135 49.300
330.312 50.055
330.489 51.221
330.666 51.465
330.842 50.290
331.019 49.918
331.196 49.906
331.372 50.085
331.549 48.547
331.726 47.733
331.903 47.784
332.079 47.988
332.256 46.980
332.433 46.146
332.610 45.799
332.786 46.319
332.963 46.425
333.140 46.516
333.316 47.871
333.493 47.999
333.670 47.771
333.847 49.401
334.023 49.273
334.200 48.278
334.377 47.673
334.553 48.184
334.730 47.536
334.907 46.404
335.084 46.193
335.260 44.467
335.437 44.471
335.614 45.287
335.791 43.786
335.967 43.163
336.144 43.934
336.321 44.202
336.497 43.491
336.674 43.174
336.851 43.450
337.028 42.666
337.204 42.563
337.381 43.585
337.558 44.013
337.734 43.748
337.911 43.561
338.088 43.767
338.265 45.635
338.441 46.700
338.618 45.762
338.795 45.248
338.972 46.055
339.148 46.533
339.325 45.395
339.502 43.633
339.678 43.660
339.855 44.118
340.032 43.360
340.209 41.497
340.385 40.391
340.562 40.404
340.739 40.329
340.916 39.787
341.092 39.607
341.269 39.785
341.446 40.078
341.622 39.693
341.799 39.587
341.976 40.197
342.153 40.713
342.329 40.877
342.506 41.522
342.683 41.261
342.859 40.679
343.036 40.109
343.213 39.483
343.390 38.881
343.566 38.708
343.743 37.945
343.920 36.887
344.097 36.269
344.273 36.046
344.450 35.491
344.627 36.057
344.803 37.318
344.980 37.377
345.157 36.827
345.334 36.812
345.510 36.655
345.687 36.547
345.864 37.557
346.040 38.223
346.217 38.371
346.394 38.406
346.571 37.585
346.747 35.519
346.924 35.060
347.101 36.454
347.278 36.976
347.454 37.683
347.631 37.813
347.808 36.470
347.984 36.043
348.161 36.358
348.338 36.527
348.515 36.495
348.691 37.056
348.868 36.944
349.045 35.025
349.221 34.214
349.398 33.207
349.575 33.286
349.752 34.110
349.928 33.477
350.105 32.517
350.282 31.730
350.459 32.048
350.635 32.180
350.812 31.637
350.989 32.386
351.165 33.068
351.342 33.282
351.519 32.847
351.696 32.315
351.872 32.184
352.049 32.084
352.226 32.650
352.402 32.400
352.579 32.247
352.756 32.779
352.933 32.524
353.109 31.637
353.286 31.122
353.463 31.267
353.640 31.155
353.816 30.636
353.993 30.389
354.170 30.027
354.346 29.942
354.523 30.026
354.700 29.732
354.877 29.746
355.053 29.540
355.230 29.555
355.407 29.468
355.584 29.788
355.760 30.378
355.937 30.631
356.114 30.694
356.290 30.610
356.467 30.602
356.644 30.139
356.821 29.557
356.997 30.130
357.174 30.464
357.351 30.157
357.527 29.820
357.704 29.550
357.881 29.851
358.058 30.407
358.234 30.431
358.411 30.204
358.588 30.174
358.765 30.121
358.941 29.514
359.118 29.005
359.295 28.929
359.471 28.315
359.648 28.190
359.825 27.906
360.002 27.168
360.178 27.168
360.355 27.014
360.532 27.072
360.708 26.978
360.885 26.752
361.062 26.056
361.239 25.756
361.415 26.025
361.592 25.948
361.769 25.611
361.946 25.755
362.122 25.633
362.299 24.745
362.476 24.547
362.652 24.702
362.829 25.173
363.006 25.423
363.183 25.789
363.359 25.775
363.536 25.186
363.713 24.956
363.889 24.596
364.066 23.916
364.243 24.102
364.420 23.838
364.596 23.516
364.773 23.034
364.950 23.497
365.127 23.568
365.303 23.319
365.480 23.857
365.661 23.883
365.841 23.764
366.022 23.773
366.202 23.756
366.383 23.643
366.563 23.819
366.744 23.940
366.924 23.628
367.105 23.156
367.286 22.625
367.466 21.838
367.647 21.814
367.827 21.727
368.008 21.863
368.188 21.882
368.369 21.927
368.549 21.767
368.730 20.919
368.911 20.394
369.091 20.345
369.272 20.517
369.452 20.845
369.633 20.316
369.813 20.135
369.994 20.513
370.174 20.419
370.355 20.148
370.535 19.903
370.716 20.394
370.897 20.548
371.077 20.161
371.258 20.475
371.438 21.085
371.619 21.659
371.799 21.437
371.980 20.553
372.160 20.529
372.341 20.898
372.522 20.974
372.702 20.911
372.883 20.854
373.063 20.955
373.244 20.852
373.424 20.355
373.605 20.083
373.785 20.104
373.966 20.113
374.147 19.967
374.327 19.911
374.508 20.011
374.688 19.959
374.869 20.183
375.049 20.519
375.230 20.893
375.410 20.911
375.591 20.519
375.772 20.451
375.952 20.795
376.133 21.016
376.313 20.810
376.494 20.270
376.674 20.194
376.855 20.257
377.035 19.862
377.216 19.598
377.397 19.691
377.577 19.844
377.758 19.749
377.938 19.501
378.119 19.218
378.299 18.970
378.480 19.117
378.660 19.215
378.841 18.927
379.021 18.424
379.202 17.660
379.383 16.996
379.563 16.650
379.744 16.380
379.924 16.067
380.105 16.127
380.285 16.120
380.466 15.681
380.646 15.135
380.827 14.790
381.008 15.029
381.188 15.175
381.369 15.430
381.549 15.304
381.730 15.175
381.910 15.246
382.091 14.923
382.271 14.890
382.452 15.077
382.633 15.167
382.813 15.372
382.994 15.591
383.174 15.500
383.355 15.224
383.535 15.477
383.716 15.829
383.896 15.693
384.077 15.759
384.258 15.795
384.438 15.786
384.619 15.757
384.799 15.562
384.980 15.296
385.160 15.091
385.341 14.780
385.521 14.388
385.702 14.021
385.882 14.226
386.063 14.232
386.244 14.014
386.424 14.008
386.605 13.845
386.785 13.634
386.966 13.498
387.146 13.489
387.327 13.566
387.507 13.622
387.688 13.769
387.869 13.671
388.049 13.793
388.230 13.795
388.410 13.684
388.591 13.686
388.771 13.761
388.952 13.739
389.132 13.562
389.313 13.470
389.494 13.401
389.674 13.253
389.855 12.988
390.035 12.800
390.216 12.826
390.396 12.898
390.577 12.914
390.757 12.760
390.938 12.661
391.119 12.699
391.299 12.735
391.480 12.715
391.660 12.693
391.841 12.828
392.021 12.693
392.202 12.556
392.382 12.429
392.563 12.372
392.743 12.337
392.924 12.214
393.105 12.192
393.285 12.198
393.466 12.207
393.646 12.289
393.827 12.238
394.007 11.993
394.188 12.041
394.368 11.942
394.549 11.814
394.730 11.706
394.910 11.708
395.091 11.732
395.271 11.929
395.452 12.062
395.632 11.750
395.813 11.521
395.993 11.613
396.174 11.564
396.355 11.484
396.535 11.496
396.716 11.780
396.896 12.050
397.077 11.972
397.257 11.521
397.438 11.105
397.618 11.118
397.799 11.192
397.980 11.329
398.160 11.299
398.341 11.305
398.521 11.281
398.702 11.021
398.882 10.692
399.063 10.686
399.243 10.950
399.424 11.057
399.605 11.176
399.785 11.062
399.966 10.815
400.146 10.685
400.327 10.652
400.507 10.716
400.688 10.617
400.868 10.526
401.049 10.439
401.229 10.093
401.410 10.025
401.591 10.024
401.771 10.212
401.952 10.322
402.132 10.278
402.313 10.203
402.493 10.128
402.674 10.276
402.854 10.444
403.035 10.586
403.216 10.476
403.396 10.486
403.577 10.508
403.757 10.195
403.938 9.955
404.118 9.832
404.299 9.694
404.479 9.505
404.660 9.302
404.841 9.165
405.023 9.015
405.204 9.041
405.385 9.076
405.566 8.962
405.748 8.863
405.929 8.904
406.110 9.251
406.292 9.556
406.473 9.821
406.654 9.922
406.835 9.778
407.017 9.601
407.198 9.685
407.379 9.597
407.560 9.454
407.742 9.451
407.923 9.389
408.104 8.924
408.286 8.589
408.467 8.364
408.648 8.499
408.829 8.917
409.011 9.107
409.192 9.005
409.373 8.903
409.555 8.972
409.736 9.126
409.917 9.239
410.098 9.440
410.280 9.529
410.461 9.560
410.642 9.299
410.823 8.763
411.005 8.641
411.186 8.862
411.367 9.032
411.549 9.096
411.730 9.080
411.911 8.972
412.092 8.903
412.274 9.001
412.455 8.949
412.636 8.944
412.818 9.169
412.999 9.147
413.180 9.014
413.361 8.970
413.543 8.919
413.724 8.932
413.905 8.938
414.087 8.950
414.268 8.743
414.449 8.646
414.630 8.704
414.812 8.719
414.993 8.798
415.174 8.683
415.355 8.566
415.537 8.498
415.718 8.485
415.899 8.495
416.081 8.446
416.262 8.444
416.443 8.430
416.624 8.349
416.806 8.181
416.987 8.036
417.168 7.928
417.350 7.809
417.531 7.777
417.712 7.676
417.893 7.623
418.075 7.734
418.256 7.692
418.437 7.602
418.618 7.478
418.800 7.467
418.981 7.524
419.162 7.606
419.344 7.744
419.525 7.792
419.706 7.767
419.887 7.657
420.069 7.455
420.250 7.498
420.431 7.530
420.613 7.610
420.794 7.605
420.975 7.466
421.156 7.464
421.338 7.391
421.519 7.267
421.700 7.209
421.882 7.245
422.063 7.226
422.244 7.147
422.425 7.181
422.607 7.100
422.788 7.071
422.969 7.138
423.150 7.277
423.332 7.458
423.513 7.495
423.694 7.393
423.876 7.385
424.057 7.484
424.238 7.550
424.419 7.724
424.601 8.081
424.782 8.152
424.963 8.208
425.145 8.072
425.326 7.877
425.507 7.798
425.688 7.955
425.870 7.923
426.051 7.784
426.232 7.698
426.413 7.523
426.595 7.139
426.776 6.949
426.957 6.875
427.139 6.982
427.320 6.941
427.501 6.867
427.682 6.646
427.864 6.622
428.045 6.637
428.226 6.623
428.408 6.604
428.589 6.606
428.770 6.643
428.951 6.566
429.133 6.401
429.314 6.367
429.495 6.394
429.677 6.468
429.858 6.477
430.039 6.418
430.220 6.379
430.402 6.331
430.583 6.389
430.764 6.416
430.945 6.433
431.127 6.369
431.308 6.348
431.489 6.400
431.671 6.397
431.852 6.328
432.033 6.329
432.214 6.336
432.396 6.309
432.577 6.201
432.758 6.133
432.940 6.173
433.121 6.187
433.302 6.126
433.483 6.144
433.665 6.253
433.846 6.366
434.027 6.427
434.208 6.429
434.390 6.436
434.571 6.479
434.752 6.524
434.934 6.520
435.115 6.581
435.296 6.668
435.477 6.606
435.659 6.554
435.840 6.569
436.030 6.610
436.220 6.571
436.410 6.552
436.600 6.538
436.790 6.562
436.980 6.610
437.170 6.565
437.360 6.509
437.550 6.517
437.741 6.509
437.931 6.414
438.121 6.384
438.311 6.442
438.501 6.490
438.691 6.538
438.881 6.479
439.071 6.351
439.261 6.293
439.451 6.229
439.641 6.163
439.831 6.052
440.021 6.001
440.211 5.926
440.401 5.940
440.591 5.931
440.781 5.948
440.971 5.975
441.161 5.916
441.351 5.865
441.542 5.919
441.732 5.976
441.922 5.991
442.112 6.016
442.302 6.065
442.492 6.009
442.682 5.896
442.872 5.733
443.062 5.666
443.252 5.722
443.442 5.821
443.632 5.799
443.822 5.713
444.012 5.630
444.202 5.570
444.392 5.513
444.582 5.456
444.772 5.444
444.962 5.465
445.153 5.461
445.343 5.424
445.533 5.332
445.723 5.312
445.913 5.335
446.103 5.412
446.293 5.446
446.483 5.410
446.673 5.427
446.863 5.462
447.053 5.497
447.243 5.553
447.433 5.570
447.623 5.627
447.813 5.651
448.003 5.693
448.193 5.670
448.383 5.642
448.573 5.638
448.764 5.548
448.954 5.530
449.144 5.498
449.334 5.416
449.524 5.363
449.714 5.322
449.904 5.303
450.094 5.303
450.284 5.335
450.474 5.342
450.664 5.333
450.854 5.415
451.044 5.449
451.234 5.455
451.424 5.395
451.614 5.395
451.804 5.462
451.994 5.442
452.184 5.377
452.375 5.386
452.565 5.378
452.755 5.401
452.945 5.426
453.135 5.437
453.325 5.458
453.515 5.563
453.705 5.599
453.895 5.536
454.085 5.552
454.275 5.653
454.465 5.666
454.655 5.631
454.845 5.629
455.035 5.667
455.225 5.588
455.415 5.496
455.605 5.506
455.795 5.566
455.985 5.526
456.176 5.435
456.366 5.326
456.556 5.258
456.746 5.260
456.936 5.231
457.126 5.164
457.316 5.171
457.506 5.199
457.696 5.130
457.886 4.977
458.076 4.928
458.266 4.960
458.456 4.963
458.646 4.935
458.836 4.945
459.026 4.988
459.216 4.995
459.406 4.983
459.596 4.994
459.787 4.982
459.977 5.031
460.167 5.110
460.357 5.075
460.547 5.025
460.737 5.015
460.927 5.013
461.117 4.917
461.307 4.901
461.497 4.984
461.687 5.011
461.877 5.053
462.067 5.096
462.257 5.144
462.447 5.176
462.637 5.153
462.827 5.135
463.017 5.148
463.207 5.272
463.397 5.293
463.588 5.262
463.778 5.287
463.968 5.271
464.158 5.235
464.348 5.155
464.538 5.156
464.728 5.153
464.918 5.175
465.108 5.194
465.298 5.111
465.488 5.045
465.678 5.018
465.868 5.006
466.058 5.000
466.248 4.967
466.438 4.979
466.628 5.046
466.818 5.109
467.008 5.125
467.199 5.098
467.389 5.071
467.579 5.071
467.769 5.098
467.959 5.031
468.149 4.926
468.339 4.932
468.529 4.981
468.719 4.980
468.909 4.933
469.099 4.896
469.289 4.876
469.479 4.905
469.669 4.900
469.859 4.843
470.049 4.823
470.239 4.881
470.429 4.909
470.619 4.843
470.810 4.744
471.000 4.781
471.190 4.867
471.380 4.881
471.570 4.914
471.760 4.953
471.950 4.976
472.140 5.011
472.330 5.055
472.520 5.044
472.710 5.026
472.900 5.057
473.090 5.046
473.280 4.966
473.470 4.930
473.660 4.891
473.850 4.881
474.040 4.891
474.230 4.887
474.421 4.856
474.611 4.827
474.801 4.830
474.991 4.874
475.181 4.891
475.371 4.886
475.561 4.894
475.751 4.829
475.941 4.752
476.131 4.720
476.321 4.745
476.511 4.770
476.701 4.781
476.891 4.745
477.081 4.654
477.271 4.556
477.461 4.513
477.651 4.489
477.841 4.528
478.031 4.580
478.222 4.580
478.412 4.547
478.602 4.522
478.792 4.530
478.982 4.571
479.172 4.551
479.362 4.556
479.552 4.587
479.742 4.580
479.932 4.582
480.122 4.587
480.312 4.578
480.502 4.597
480.692 4.605
480.882 4.538
481.072 4.501
481.262 4.560
481.452 4.603
481.642 4.614
481.833 4.656
482.023 4.673
482.213 4.689
482.403 4.722
482.593 4.697
482.783 4.701
482.973 4.758
483.163 4.790
483.353 4.739
483.543 4.759
483.733 4.756
483.923 4.713
484.113 4.719
484.303 4.684
484.493 4.611
484.683 4.634
484.873 4.635
485.063 4.618
485.253 4.602
485.443 4.665
485.634 4.637
485.824 4.629
486.014 4.644
486.204 4.615
486.394 4.650
486.584 4.706
486.774 4.681
486.964 4.657
487.154 4.629
487.344 4.630
487.534 4.595
487.724 4.587
487.914 4.604
488.104 4.612
488.294 4.614
488.484 4.595
488.674 4.581
488.864 4.579
489.054 4.570
489.245 4.578
489.435 4.601
489.625 4.664
489.815 4.738
490.005 4.827
490.195 4.827
490.385 4.818
490.575 4.841
490.765 4.885
490.955 4.934
491.145 4.962
491.335 5.005
491.525 4.984
491.715 4.931
491.905 4.879
492.095 4.781
492.285 4.749
492.475 4.754
492.665 4.729
492.856 4.708
493.046 4.672
493.236 4.654
493.426 4.641
493.616 4.629
493.806 4.628
493.996 4.612
494.186 4.633
494.376 4.692
494.566 4.677
494.756 4.656
494.946 4.632
495.136 4.623
495.326 4.635
495.516 4.669
495.706 4.712
495.896 4.711
496.086 4.741
496.276 4.719
496.467 4.671
496.657 4.725
496.847 4.757
497.037 4.786
497.227 4.823
497.417 4.822
497.607 4.772
497.797 4.734
497.987 4.757
498.177 4.740
498.367 4.770
498.557 4.817
498.747 4.812
498.937 4.830
499.127 4.828
499.317 4.790
499.507 4.760
499.697 4.758
499.887 4.813
500.077 4.832
500.268 4.839
500.458 4.823
500.648 4.800
500.838 4.763
501.028 4.732
501.218 4.727
501.408 4.735
501.598 4.765
501.788 4.800
501.978 4.812
502.168 4.775
502.358 4.777
502.548 4.798
502.738 4.819
502.928 4.860
503.118 4.883
503.308 4.893
503.498 4.908
503.688 4.910
503.879 4.908
504.069 4.883
504.259 4.922
504.449 4.939
504.639 4.940
504.829 4.947
505.019 4.945
505.209 4.932
505.399 4.930
505.589 4.950
505.779 4.958
505.969 4.935
506.159 4.933
506.349 4.928
506.539 4.926
506.729 4.908
506.919 4.917
507.109 4.941
507.299 4.954
507.490 4.961
507.680 4.937
507.870 4.932
508.060 4.941
508.250 4.937
508.440 4.928
508.630 4.918
508.820 4.921
509.010 4.900
509.200 4.879
509.390 4.894
509.580 4.885
509.770 4.908
509.960 4.923
510.150 4.917
510.340 4.938
510.530 4.971
510.720 5.014
510.910 5.057
511.100 5.124
511.291 5.125
511.481 5.111
511.671 5.133
511.861 5.230
512.051 5.402
512.241 5.452
512.431 5.492
512.621 5.530
512.811 5.533
513.001 5.537
513.191 5.498
513.381 5.515
513.571 5.541
513.761 5.542
513.951 5.465
514.141 5.314
514.331 5.324
514.521 5.304
514.711 5.289
514.902 5.333
515.092 5.381
515.282 5.457
515.472 5.483
515.662 5.478
515.852 5.513
516.042 5.518
516.232 5.564
516.422 5.602
516.612 5.636
516.802 5.662
516.992 5.662
517.182 5.652
517.372 5.636
517.562 5.691
517.752 5.773
517.942 5.791
518.132 5.847
518.322 5.896
518.513 5.956
518.703 6.015
518.893 6.070
519.083 6.172
519.273 6.266
519.463 6.306
519.653 6.337
519.843 6.343
520.033 6.374
520.223 6.410
520.413 6.438
520.603 6.449
520.793 6.478
520.983 6.493
521.173 6.451
521.363 6.443
521.553 6.503
521.743 6.543
521.933 6.607
522.123 6.692
522.314 6.771
522.504 6.806
522.694 6.833
522.884 6.859
523.074 6.899
523.264 6.987
523.454 7.042
523.644 7.080
523.834 7.131
524.024 7.196
524.214 7.235
524.404 7.262
524.594 7.322
524.784 7.423
524.974 7.495
525.164 7.542
525.354 7.570
525.544 7.633
525.734 7.700
525.925 7.756
526.115 7.808
526.305 7.927
526.495 8.047
526.685 8.149
526.875 8.213
527.065 8.285
527.255 8.388
527.445 8.473
527.635 8.517
527.825 8.576
528.015 8.683
528.205 8.752
528.395 8.750
528.585 8.778
528.775 8.827
528.965 8.900
529.155 8.993
529.345 9.097
529.535 9.182
529.726 9.296
529.916 9.410
530.106 9.501
530.296 9.633
530.486 9.776
530.676 9.885
530.866 10.004
531.056 10.133
531.246 10.250
531.436 10.327
531.626 10.444
531.816 10.539
532.006 10.644
532.196 10.732
532.386 10.801
532.576 10.886
532.766 11.005
532.956 11.104
533.146 11.197
533.337 11.285
533.527 11.413
533.717 11.554
533.907 11.733
534.097 11.897
534.287 12.033
534.477 12.167
534.667 12.314
534.857 12.483
535.047 12.653
535.237 12.825
535.427 13.006
535.617 13.155
535.807 13.315
535.997 13.430
536.187 13.536
536.377 13.717
536.567 13.927
536.757 14.097
536.948 14.229
537.138 14.356
537.328 14.512
537.518 14.675
537.708 14.850
537.898 14.987
538.088 15.176
538.278 15.371
538.468 15.518
538.658 15.663
538.848 15.873
539.038 16.079
539.228 16.324
539.418 16.520
539.608 16.697
539.798 16.884
539.988 17.099
540.178 17.296
540.368 17.476
540.558 17.706
540.749 17.920
540.939 18.085
541.129 18.272
541.319 18.463
541.509 18.786
541.699 19.289
541.889 19.515
542.079 19.724
542.269 19.948
542.459 20.220
542.649 20.444
542.839 20.671
543.029 20.924
543.219 21.164
543.409 21.363
543.599 21.447
543.789 21.409
543.979 21.646
544.169 21.902
544.360 22.113
544.550 22.291
544.740 22.469
544.930 22.676
545.120 22.900
545.310 23.110
545.500 23.351
545.690 23.578
545.880 23.754
546.070 23.953
546.267 24.154
546.463 24.377
546.660 24.593
546.857 24.843
547.054 25.091
547.251 25.283
547.447 25.476
547.644 25.637
547.841 25.864
548.038 26.131
548.234 26.358
548.431 26.583
548.628 26.791
548.825 27.028
549.021 27.254
549.218 27.444
549.415 27.646
549.612 27.855
549.808 28.111
550.005 28.356
550.202 28.568
550.399 28.791
550.595 29.040
550.792 29.298
550.989 29.498
551.186 29.693
551.382 29.948
551.579 30.219
551.776 30.496
551.973 30.742
552.169 30.946
552.366 31.140
552.563 31.343
552.760 31.541
552.956 31.763
553.153 32.016
553.350 32.241
553.547 32.442
553.743 32.631
553.940 32.804
554.137 32.972
554.334 33.138
554.530 33.393
554.727 33.655
554.924 33.832
555.121 33.945
555.317 34.063
555.514 34.262
555.711 34.429
555.908 34.626
556.104 34.811
556.301 34.999
556.498 35.160
556.695 35.293
556.891 35.418
557.088 35.577
557.285 35.782
557.482 36.020
557.678 36.240
557.875 36.428
558.072 36.614
558.269 36.820
558.465 36.993
558.662 37.160
558.859 37.335
559.056 37.494
559.252 37.679
559.449 37.898
559.646 38.085
559.843 38.182
560.039 38.295
560.236 38.378
560.433 38.481
560.630 38.644
560.826 38.853
561.023 38.989
561.220 39.182
561.417 39.336
561.613 39.438
561.810 39.511
562.007 39.658
562.204 39.827
562.400 40.023
562.597 40.165
562.794 40.271
562.991 40.382
563.187 40.512
563.384 40.559
563.581 40.700
563.778 40.859
563.974 41.037
564.171 41.149
564.368 41.230
564.565 41.315
564.761 41.437
564.958 41.605
565.155 41.759
565.352 41.847
565.548 42.020
565.745 42.149
565.942 42.213
566.139 42.253
566.335 42.364
566.532 42.505
566.729 42.651
566.926 42.756
567.122 42.832
567.319 42.909
567.516 43.039
567.713 43.124
567.909 43.183
568.106 43.307
568.303 43.427
568.500 43.536
568.696 43.676
568.893 43.770
569.090 43.901
569.287 44.001
569.483 44.089
569.680 44.171
569.877 44.262
570.074 44.375
570.270 44.437
570.467 44.556
570.664 44.644
570.861 44.701
571.057 44.800
571.254 44.873
571.451 44.960
571.648 45.055
571.844 45.160
572.041 45.301
572.238 45.385
572.435 45.504
572.631 45.596
572.828 45.671
573.025 45.705
573.222 45.778
573.418 45.879
573.615 45.930
573.812 45.972
574.009 46.062
574.205 46.066
574.402 46.079
574.599 46.162
574.796 46.242
574.992 46.321
575.189 46.461
575.386 46.501
575.583 46.550
575.779 46.645
575.976 46.722
576.173 46.788
576.370 46.888
576.567 46.985
576.763 47.042
576.960 47.121
577.158 47.175
577.356 47.231
577.554 47.302
577.752 47.328
577.950 47.390
578.148 47.456
578.346 47.467
578.544 47.487
578.742 47.536
578.940 47.563
579.138 47.552
579.336 47.592
579.534 47.620
579.732 47.632
579.930 47.690
580.128 47.724
580.326 47.773
580.524 47.830
580.722 47.848
580.920 47.849
581.118 47.916
581.316 47.995
581.514 48.027
581.712 48.028
581.909 48.046
582.107 48.071
582.305 48.100
582.503 48.147
582.701 48.180
582.899 48.233
583.097 48.312
583.295 48.319
583.493 48.361
583.691 48.437
583.889 48.488
584.087 48.530
584.285 48.573
584.483 48.629
584.681 48.645
584.879 48.657
585.077 48.677
585.275 48.672
585.473 48.663
585.671 48.655
585.869 48.643
586.067 48.664
586.265 48.709
586.463 48.723
586.661 48.726
586.859 48.718
587.057 48.763
587.255 48.827
587.453 48.846
587.651 48.928
587.849 48.989
588.047 49.008
588.245 49.031
588.443 49.069
588.641 49.136
588.839 49.213
589.037 49.282
589.235 49.300
589.433 49.320
589.631 49.375
589.829 49.394
590.027 49.401
590.225 49.444
590.423 49.459
590.621 49.460
590.819 49.411
591.017 49.361
591.215 49.350
591.413 49.368
591.611 49.365
591.809 49.373
592.006 49.378
592.204 49.355
592.402 49.365
592.600 49.419
592.798 49.467
592.996 49.503
593.194 49.514
593.392 49.536
593.590 49.563
593.788 49.579
593.986 49.605
594.184 49.631
594.382 49.681
594.580 49.727
594.778 49.727
594.976 49.739
595.174 49.765
595.372 49.770
595.570 49.778
595.768 49.789
595.966 49.782
596.164 49.799
596.362 49.812
596.560 49.809
596.758 49.802
596.956 49.844
597.154 49.867
597.352 49.866
597.550 49.880
597.748 49.913
597.946 49.904
598.144 49.937
598.342 49.933
598.540 49.889
598.738 49.871
598.936 49.864
599.134 49.810
599.332 49.757
599.530 49.782
599.728 49.837
599.926 49.835
600.124 49.875
600.322 49.936
600.520 49.982
600.718 49.999
600.916 50.022
601.114 50.069
601.312 50.142
601.510 50.120
601.708 50.061
601.905 50.064
602.103 50.111
602.301 50.156
602.499 50.147
602.697 50.128
602.895 50.145
603.093 50.194
603.291 50.181
603.489 50.191
603.687 50.264
603.885 50.353
604.083 50.355
604.281 50.305
604.479 50.249
604.677 50.216
604.875 50.215
605.073 50.265
605.271 50.266
605.469 50.284
605.667 50.282
605.865 50.300
606.063 50.288
606.261 50.257
606.459 50.280
606.657 50.298
606.855 50.281
607.053 50.277
607.251 50.281
607.449 50.287
607.647 50.295
607.845 50.320
608.043 50.320
608.241 50.319
608.439 50.362
608.637 50.384
608.835 50.430
609.033 50.520
609.231 50.572
609.429 50.571
609.627 50.559
609.825 50.585
610.023 50.578
610.221 50.578
610.419 50.612
610.617 50.635
610.815 50.620
611.013 50.605
611.211 50.576
611.409 50.574
611.607 50.592
611.804 50.609
612.002 50.587
612.200 50.611
612.398 50.680
612.596 50.668
612.794 50.640
612.992 50.678
613.190 50.684
613.388 50.685
613.586 50.682
613.784 50.688
613.982 50.718
614.180 50.758
614.378 50.788
614.576 50.774
614.774 50.823
614.972 50.861
615.170 50.886
615.368 50.917
615.566 50.952
615.764 50.972
615.962 50.971
616.160 50.962
616.358 50.926
616.556 50.876
616.754 50.864
616.952 50.826
617.150 50.839
617.348 50.834
617.546 50.823
617.744 50.790
617.942 50.779
618.140 50.744
618.338 50.748
618.536 50.774
618.734 50.800
618.932 50.825
619.130 50.848
619.328 50.791
619.526 50.744
619.724 50.735
619.922 50.781
620.120 50.833
620.318 50.897
620.516 50.935
620.714 50.917
620.912 50.928
621.110 50.909
621.308 50.869
621.506 50.918
621.704 50.950
621.901 51.003
622.099 50.992
622.297 50.990
622.495 50.994
622.693 50.963
622.891 50.935
623.089 50.926
623.287 50.965
623.485 51.036
623.683 51.078
623.881 51.077
624.079 51.037
624.277 51.036
624.475 51.023
624.673 51.034
624.871 51.038
625.069 51.057
625.267 51.025
625.465 50.970
625.663 50.928
625.861 50.899
626.059 50.949
626.257 50.967
626.455 50.969
626.653 50.955
626.851 50.938
627.049 50.967
627.247 51.004
627.445 51.043
627.643 51.102
627.841 51.156
628.039 51.152
628.237 51.120
628.435 51.127
628.633 51.173
628.831 51.243
629.029 51.274
629.227 51.295
629.425 51.394
629.623 51.482
629.821 51.502
630.019 51.529
630.217 51.613
630.415 51.628
630.613 51.621
630.811 51.643
631.009 51.589
631.207 51.559
631.405 51.529
631.603 51.456
631.801 51.448
631.998 51.456
632.196 51.419
632.394 51.396
632.592 51.414
632.790 51.449
632.988 51.438
633.186 51.491
633.384 51.528
633.582 51.553
633.780 51.581
633.978 51.504
634.176 51.497
634.374 51.558
634.572 51.558
634.770 51.551
634.968 51.555
635.166 51.557
635.364 51.534
635.562 51.503
635.760 51.484
635.958 51.459
636.156 51.525
636.354 51.538
636.552 51.480
636.750 51.506
636.948 51.557
637.146 51.575
637.344 51.610
637.542 51.608
637.740 51.614
637.938 51.612
638.136 51.732
638.334 51.915
638.532 51.836
638.730 51.842
638.928 51.809
639.126 51.798
639.324 51.823
639.522 51.824
639.720 51.847
639.918 51.882
640.116 51.940
640.314 51.861
640.512 51.633
640.710 51.704
640.908 51.722
641.106 51.741
641.304 51.733
641.502 51.646
641.699 51.614
641.897 51.644
642.095 51.670
642.293 51.686
642.491 51.728
642.689 51.792
642.887 51.795
643.085 51.834
643.283 51.832
643.481 51.853
643.679 51.920
643.877 51.933
644.075 51.942
644.273 51.930
644.471 51.881
644.669 51.819
644.867 51.755
645.065 51.775
645.263 51.765
645.461 51.780
645.659 51.791
645.857 51.827
646.055 51.852
646.253 51.838
646.451 51.875
646.649 51.948
646.847 52.024
647.045 52.109
647.243 52.148
647.441 52.204
647.639 52.239
647.837 52.261
648.035 52.272
648.233 52.289
648.431 52.345
648.629 52.377
648.827 52.374
649.025 52.374
649.223 52.342
649.421 52.290
649.619 52.226
649.817 52.194
650.015 52.195
650.213 52.175
650.411 52.212
650.609 52.179
650.807 52.145
651.005 52.152
651.203 52.108
651.401 52.115
651.599 52.170
651.796 52.242
651.994 52.252
652.192 52.245
652.390 52.266
652.588 52.198
652.786 52.195
652.984 52.234
653.182 52.267
653.380 52.313
653.578 52.321
653.776 52.286
653.974 52.315
654.172 52.372
654.370 52.376
654.568 52.378
654.766 52.375
654.964 52.390
655.162 52.385
655.360 52.384
655.558 52.400
655.756 52.473
655.954 52.542
656.152 52.506
656.350 52.481
656.548 52.492
656.746 52.438
656.944 52.426
657.142 52.419
657.340 52.412
657.538 52.381
657.736 52.360
657.934 52.348
658.132 52.324
658.330 52.321
658.528 52.295
658.726 52.325
658.924 52.389
659.122 52.462
659.320 52.459
659.518 52.433
659.716 52.433
659.914 52.450
660.112 52.425
660.310 52.423
660.508 52.450
660.706 52.493
660.904 52.480
661.102 52.470
661.300 52.498
661.498 52.542
661.696 52.577
661.893 52.583
662.091 52.577
662.289 52.641
662.487 52.724
662.685 52.716
662.883 52.666
663.081 52.646
663.279 52.701
663.477 52.675
663.675 52.655
663.873 52.676
664.071 52.722
664.269 52.715
664.467 52.634
664.665 52.610
664.863 52.663
665.061 52.750
665.259 52.802
665.457 52.780
665.655 52.777
665.853 52.767
666.051 52.753
666.249 52.764
666.447 52.774
666.645 52.793
666.843 52.733
667.041 52.715
667.239 52.698
667.437 52.687
667.635 52.705
667.833 52.717
668.031 52.763
668.229 52.795
668.427 52.815
668.625 52.894
668.823 52.921
669.021 52.941
669.219 52.919
669.417 52.926
669.615 52.922
669.813 52.935
670.011 52.952
670.209 52.944
670.407 52.967
670.605 52.927
670.803 52.872
671.001 52.906
671.199 52.943
671.397 52.941
671.595 52.978
671.792 53.046
671.990 53.008
672.188 52.979
672.386 52.971
672.584 52.933
672.782 52.896
672.980 52.926
673.178 52.934
673.376 52.932
673.574 52.973
673.772 52.895
673.970 52.818
674.168 52.877
674.366 52.957
674.564 52.977
674.762 52.975
674.960 53.002
675.158 52.985
675.356 52.947
675.554 52.914
675.752 52.820
675.950 52.877
676.148 52.977
676.346 52.923
676.544 52.842
676.742 52.820
676.940 52.863
677.138 52.903
677.336 52.925
677.534 52.917
677.732 52.961
677.930 53.079
678.128 53.113
678.326 53.081
678.524 53.090
678.722 53.150
678.920 53.229
679.118 53.202
679.316 53.209
679.514 53.222
679.712 53.228
679.910 53.197
680.108 53.176
680.306 53.154
680.504 53.147
680.702 53.193
680.900 53.186
681.098 53.173
681.296 53.233
681.494 53.253
681.691 53.235
681.889 53.259
682.087 53.243
682.285 53.206
682.483 53.211
682.681 53.237
682.879 53.266
683.077 53.290
683.275 53.259
683.473 53.188
683.671 53.184
683.869 53.239
684.067 53.291
684.265 53.367
684.463 53.455
684.661 53.440
684.859 53.396
685.057 53.340
685.255 53.300
685.453 53.274
685.651 53.322
685.849 53.304
686.047 53.242
686.245 53.209
686.443 53.221
686.641 53.252
686.839 53.277
687.037 53.252
687.235 53.227
687.433 53.259
687.631 53.317
687.829 53.347
688.027 53.358
688.225 53.411
688.423 53.452
688.621 53.396
688.819 53.329
689.017 53.344
689.215 53.388
689.413 53.453
689.611 53.465
689.809 53.443
690.007 53.394
690.205 53.378
690.403 53.353
690.601 53.329
690.799 53.394
690.997 53.450
691.195 53.483
691.393 53.534
691.591 53.550
691.788 53.577
691.986 53.627
692.184 53.693
692.382 53.780
692.580 53.873
692.778 53.865
692.976 53.833
693.174 53.788
693.372 53.809
693.570 53.789
693.768 53.798
693.966 53.781
694.164 53.729
694.362 53.716
694.560 53.701
694.758 53.657
694.956 53.706
695.154 53.761
695.352 53.821
695.550 53.783
695.748 53.767
695.946 53.753
696.144 53.759
696.342 53.792
696.540 53.780
696.744 53.702
696.948 53.650
697.152 53.589
697.357 53.601
697.561 53.581
697.765 53.588
697.969 53.639
698.173 53.632
698.377 53.645
698.581 53.686
698.786 53.733
698.990 53.824
699.194 53.873
699.398 53.954
699.602 53.911
699.806 53.894
700.010 53.932
700.215 53.941
700.419 54.018
700.623 54.010
700.827 53.962
701.031 53.966
701.235 53.957
701.440 53.924
701.644 53.868
701.848 53.910
702.052 53.918
702.256 53.876
702.460 53.835
702.664 53.779
702.869 53.809
703.073 53.894
703.277 53.910
703.481 53.923
703.685 54.015
703.889 54.051
704.093 54.047
704.298 54.048
704.502 54.042
704.706 54.074
704.910 54.113
705.114 54.063
705.318 53.997
705.522 53.918
705.727 53.907
705.931 53.867
706.135 53.819
706.339 53.799
706.543 53.878
706.747 53.940
706.951 53.949
707.156 53.931
707.360 53.990
707.564 54.038
707.768 54.054
707.972 54.091
708.176 54.132
708.380 54.187
708.585 54.195
708.789 54.089
708.993 54.029
709.197 53.988
709.401 53.954
709.605 53.928
709.810 53.906
710.014 53.946
710.218 53.920
710.422 53.891
710.626 53.932
710.830 53.971
711.034 54.020
711.239 54.089
711.443 54.151
711.647 54.233
711.851 54.191
712.055 54.177
712.259 54.235
712.463 54.213
712.668 54.213
712.872 54.194
713.076 54.200
713.280 54.302
713.484 54.344
713.688 54.311
713.892 54.246
714.097 54.304
714.301 54.408
714.505 54.372
714.709 54.377
714.913 54.386
715.117 54.405
715.321 54.412
715.526 54.301
715.730 54.266
715.934 54.298
716.138 54.324
716.342 54.330
716.546 54.229
716.750 54.254
716.955 54.249
717.159 54.231
717.363 54.184
717.567 54.169
717.771 54.238
717.975 54.226
718.180 54.203
718.384 54.187
718.588 54.190
718.792 54.229
718.996 54.218
719.200 54.225
719.404 54.211
719.609 54.287
719.813 54.291
720.017 54.249
720.221 54.273
720.425 54.301
720.629 54.335
720.833 54.384
721.038 54.420
721.242 54.411
721.446 54.416
721.650 54.450
721.854 54.422
722.058 54.448
722.262 54.482
722.467 54.475
722.671 54.459
722.875 54.453
723.079 54.409
723.283 54.428
723.487 54.478
723.691 54.550
723.896 54.568
724.100 54.520
724.304 54.428
724.508 54.376
724.712 54.331
724.916 54.372
725.120 54.479
725.325 54.546
725.529 54.525
725.733 54.529
725.937 54.537
726.141 54.524
726.345 54.538
726.550 54.553
726.754 54.587
726.958 54.654
727.162 54.620
727.366 54.507
727.570 54.473
727.774 54.501
727.979 54.478
728.183 54.433
728.387 54.473
728.591 54.548
728.795 54.635
728.999 54.655
729.203 54.611
729.408 54.578
729.612 54.604
729.816 54.537
730.020 54.446
730.224 54.450
730.428 54.494
730.632 54.489
730.837 54.451
731.041 54.428
731.245 54.419
731.449 54.436
731.653 54.486
731.857 54.475
732.061 54.541
732.266 54.597
732.470 54.556
732.674 54.543
732.878 54.539
733.082 54.542
733.286 54.582
733.490 54.590
733.695 54.569
733.899 54.529
734.103 54.594
734.307 54.643
734.511 54.670
734.715 54.732
734.920 54.810
735.124 54.800
735.328 54.756
735.532 54.732
735.736 54.808
735.940 54.932
736.144 55.022
736.349 55.053
736.553 55.061
736.757 55.048
736.961 55.066
737.165 55.050
737.369 55.110
737.573 55.140
737.778 55.145
737.982 55.059
738.186 54.935
738.390 54.918
738.594 54.848
738.798 54.799
739.002 54.841
739.207 54.834
739.411 54.841
739.615 54.787
739.819 54.809
740.023 54.783
740.227 54.816
740.431 54.877
740.636 54.820
740.840 54.855
741.044 54.922
741.248 54.913
741.452 54.911
741.656 54.846
741.860 54.828
742.065 54.852
742.269 54.885
742.473 54.900
742.677 54.892
742.881 54.979
743.085 54.953
743.290 54.889
743.494 54.941
743.698 55.000
743.902 54.989
744.106 55.044
744.310 55.019
744.514 55.006
744.719 54.946
744.923 54.982
745.127 55.031
745.331 55.122
745.535 55.129
745.739 54.983
745.943 54.820
746.148 54.766
746.352 54.757
746.556 54.847
746.760 54.822
746.964 54.893
747.168 54.917
747.372 54.910
747.577 54.849
747.781 54.862
747.985 54.981
748.189 55.022
748.393 55.062
748.597 55.164
748.801 55.150
749.006 55.214
749.210 55.180
749.414 55.121
749.618 55.039
749.822 55.087
750.026 55.124
750.230 55.130
750.435 55.202
750.639 55.277
750.843 55.247
751.047 55.230
751.251 55.185
751.455 55.232
751.660 55.265
751.864 55.291
752.068 55.279
752.272 55.236
752.476 55.176
752.680 55.203
752.884 55.189
753.089 55.131
753.293 55.097
753.497 55.183
753.701 55.169
753.905 55.225
754.109 55.258
754.313 55.255
754.518 55.304
754.722 55.420
754.926 55.498
755.130 55.554
755.334 55.578
755.538 55.550
755.742 55.512
755.947 55.534
756.151 55.519
756.355 55.642
756.559 55.623
756.763 55.534
756.967 55.473
757.171 55.383
757.376 55.333
757.580 55.357
757.784 55.439
757.988 55.440
758.192 55.423
758.396 55.472
758.600 55.343
758.805 55.335
759.009 55.479
759.213 55.585
759.417 55.663
759.621 55.690
759.825 55.727
760.030 55.830
760.234 55.952
760.438 55.930
760.642 55.922
760.846 55.955
761.050 56.007
761.254 55.997
761.459 55.950
761.663 55.827
761.867 55.750
762.071 55.631
762.275 55.541
762.479 55.528
762.683 55.637
762.888 55.628
763.092 55.568
763.296 55.536
763.500 55.509
763.709 55.525
763.918 55.664
764.126 55.718
764.335 55.819
764.544 55.872
764.753 55.876
764.962 55.863
765.171 55.822
765.379 55.862
765.588 55.881
765.797 55.849
766.006 55.741
766.215 55.597
766.424 55.584
766.632 55.570
766.841 55.519
767.050 55.453
767.259 55.408
767.468 55.474
767.677 55.503
767.885 55.480
768.094 55.493
768.303 55.533
768.512 55.552
768.721 55.563
768.929 55.565
769.138 55.615
769.347 55.547
769.556 55.564
769.765 55.546
769.974 55.507
770.182 55.541
770.391 55.502
770.600 55.512
770.809 55.539
771.018 55.525
771.227 55.497
771.435 55.511
771.644 55.581
771.853 55.505
772.062 55.438
772.271 55.420
772.480 55.394
772.688 55.492
772.897 55.525
773.106 55.595
773.315 55.605
773.524 55.591
773.732 55.520
773.941 55.532
774.150 55.554
774.359 55.607
774.568 55.688
774.777 55.661
774.985 55.660
775.194 55.730
775.403 55.726
775.612 55.793
775.821 55.847
776.030 55.841
776.238 55.813
776.447 55.786
776.656 55.815
776.865 55.889
777.074 55.985
777.283 56.001
777.491 55.917
777.700 55.935
777.909 55.931
778.118 55.914
778.327 55.827
778.535 55.838
778.744 55.928
778.953 55.860
779.162 55.662
779.371 55.609
779.580 55.563
779.788 55.581
779.997 55.564
780.206 55.567
780.415 55.561
780.624 55.578
780.833 55.572
781.041 55.588
781.250 55.590
781.459 55.638
781.668 55.687
781.877 55.696
782.086 55.646
782.294 55.591
782.503 55.541
782.712 55.546
782.921 55.620
783.130 55.681
783.338 55.720
783.547 55.774
783.756 55.832
783.965 55.842
784.174 55.897
784.383 56.002
784.591 56.010
784.800 56.044
785.009 56.135
785.218 56.220
785.427 56.157
785.636 56.026
785.844 55.920
786.053 55.855
786.262 55.869
786.471 55.806
786.680 55.739
786.889 55.826
787.097 55.785
787.306 55.702
787.515 55.687
787.724 55.695
787.933 55.745
788.141 55.831
788.350 55.947
788.559 55.943
788.768 55.988
788.977 56.001
789.186 55.871
789.394 55.806
789.603 55.772
789.812 55.652
790.021 55.557
790.230 55.551
790.439 55.592
790.647 55.505
790.856 55.383
791.065 55.372
791.274 55.421
791.483 55.532
791.692 55.642
791.900 55.677
792.109 55.790
792.318 55.957
792.527 56.040
792.736 55.949
792.944 55.867
793.153 55.883
793.362 55.836
793.571 55.798
793.780 55.786
793.989 55.757
794.197 55.762
794.406 55.784
794.615 55.689
794.824 55.647
795.033 55.694
795.242 55.817
795.450 55.900
795.659 55.908
795.868 55.852
796.077 55.896
796.286 56.003
796.495 56.078
796.703 56.094
796.912 56.183
797.121 56.177
797.330 56.254
797.539 56.232
797.747 56.135
797.956 56.157
798.165 56.291
798.374 56.237
798.583 56.084
798.792 56.005
799.000 55.967
799.209 56.012
799.418 56.139
799.627 56.130
799.836 56.063
800.045 56.172
800.253 56.150
800.462 56.060
800.671 56.054
800.880 56.230
801.089 56.310
801.298 56.332
801.506 56.182
801.715 56.051
801.924 55.994
802.133 56.021
802.342 56.016
802.550 56.075
802.759 56.180
802.968 56.181
803.177 55.972
803.386 55.925
803.595 55.788
803.803 55.824
804.012 55.725
804.221 55.688
804.430 55.707
804.639 55.682
804.848 55.690
805.056 55.585
805.265 55.576
805.474 55.715
805.683 55.715
805.892 55.854
806.101 55.996
806.309 56.079
806.518 56.050
806.727 56.034
806.936 56.084
807.145 56.129
807.353 56.086
807.562 55.981
807.771 56.022
807.980 56.129
808.189 56.019
808.398 55.791
808.606 55.740
808.815 55.822
809.024 55.802
809.233 55.738
809.442 55.706
809.651 55.693
809.859 55.806
810.068 55.789
810.277 55.633
810.486 55.607
810.695 55.675
810.904 55.760
811.112 55.829
811.321 55.844
811.530 55.902
811.740 55.832
811.949 55.899
812.159 55.892
812.368 55.774
812.578 55.669
812.787 55.777
812.997 56.109
813.206 56.080
813.416 55.977
813.625 56.005
813.835 55.920
814.044 56.035
814.254 56.077
814.463 56.074
814.673 56.187
814.882 56.396
815.092 56.312
815.301 55.912
815.511 55.899
815.720 55.839
815.930 55.833
816.139 55.878
816.349 55.593
816.558 55.445
816.768 55.518
816.977 55.400
817.187 55.232
817.396 55.183
817.606 55.340
817.815 55.507
818.025 55.572
818.234 55.542
818.444 55.507
818.653 55.697
818.863 55.735
819.072 55.729
819.282 55.917
819.491 56.079
819.701 56.081
819.910 56.014
820.120 55.883
820.329 55.926
820.539 55.961
820.748 55.984
820.958 56.094
821.167 56.206
821.377 56.129
821.586 55.952
821.796 55.859
822.005 56.057
822.215 56.204
822.424 56.219
822.634 56.260
822.843 56.420
823.053 56.452
823.262 56.459
823.472 56.561
823.681 56.584
823.891 56.640
824.100 56.768
824.310 56.726
824.519 56.406
824.729 56.374
824.938 56.250
825.148 56.060
825.357 56.090
825.567 56.078
825.776 55.969
825.986 55.907
826.195 55.901
826.405 55.739
826.614 55.681
826.824 55.926
827.033 55.960
827.243 56.056
827.452 56.141
827.662 56.116
827.871 56.047
828.081 56.041
828.290 56.263
828.500 56.227
828.709 56.284
828.919 56.366
829.128 56.299
829.338 56.201
829.547 56.167
829.757 56.098
829.966 55.969
830.176 55.757
830.385 55.598
830.595 55.496
830.804 55.573
831.014 55.548
831.223 55.561
831.433 55.586
831.642 55.470
831.852 55.320
832.061 55.306
832.271 55.495
832.480 55.841
832.690 55.909
832.899 55.854
833.109 56.043
833.318 56.187
833.528 56.149
833.737 56.067
833.947 56.180
834.156 56.344
834.366 56.470
834.575 56.292
834.785 56.199
834.994 56.361
835.204 56.274
835.413 56.045
835.623 55.924
835.832 55.893
836.042 55.962
836.251 56.182
836.461 56.166
836.670 56.062
836.880 56.109
837.089 56.048
837.299 55.936
837.508 56.160
837.718 56.380
837.927 56.567
838.137 56.578
838.346 56.501
838.556 56.401
838.765 56.561
838.975 56.687
839.184 56.679
839.394 56.533
839.603 56.499
839.813 56.374
840.022 56.140
840.232 56.003
840.441 55.987
840.651 56.159
840.860 56.163
841.070 56.019
841.279 56.023
841.489 56.130
841.698 56.165
841.908 56.105
842.117 55.986
842.327 55.729
842.536 55.688
842.746 55.655
842.955 55.504
843.165 55.507
843.374 55.548
843.584 55.531
843.793 55.531
844.003 55.775
844.212 55.971
844.422 55.998
844.631 56.190
844.841 56.246
845.050 56.290
845.260 56.269
845.469 56.187
845.679 56.141
845.888 56.204
846.098 56.258
846.307 56.068
846.517 55.887
846.726 55.895
846.936 56.263
847.145 56.393
847.355 56.365
847.564 56.496
847.774 57.052
847.983 57.846
848.193 57.729
848.402 57.576
848.612 57.594
848.821 57.583
849.031 57.626
849.240 57.347
849.450 57.172
849.659 57.091
849.869 57.059
850.078 56.564
850.288 55.884
850.497 55.955
850.707 55.927
850.916 55.948
851.126 56.036
851.335 56.117
851.545 56.241
851.754 56.466
851.964 56.739
852.173 56.799
852.383 56.903
852.592 56.994
852.802 57.060
853.011 57.220
853.221 57.126
853.430 57.048
853.640 57.124
853.849 57.121
854.059 56.917
854.268 56.857
854.478 56.961
854.687 56.746
854.897 56.423
855.106 56.414
855.316 56.405
855.525 56.479
855.735 56.483
855.944 56.409
856.154 56.511
856.363 56.647
856.573 56.698
856.782 56.426
856.992 56.367
857.201 56.559
857.411 56.413
857.620 56.334
857.830 56.404
858.039 56.489
858.249 56.425
858.458 56.180
858.668 56.055
858.877 55.910
859.087 56.167
859.296 56.529
859.506 56.506
859.715 56.514
859.925 56.385
860.134 56.322
860.344 56.314
860.553 56.375
860.763 56.393
860.972 56.243
861.182 56.330
861.391 56.471
861.601 56.159
861.810 56.134
862.020 56.128
862.229 56.092
862.439 56.075
862.648 56.255
862.858 56.257
863.067 56.120
863.277 56.238
863.486 56.346
863.696 56.125
863.905 56.158
864.115 56.220
864.324 56.258
864.534 56.385
864.743 56.344
864.953 56.216
865.162 56.279
865.372 56.342
865.581 56.257
865.791 56.314
866.000 56.318
866.210 56.518
866.419 56.488
866.629 56.451
866.838 56.516
867.048 56.637
867.257 56.800
867.467 56.966
867.676 57.313
867.886 57.553
868.095 57.446
868.305 57.556
868.514 57.533
868.724 57.399
868.933 57.550
869.143 57.534
869.352 57.512
869.562 57.525
869.771 57.567
869.981 57.406
870.190 57.272
870.400 57.091
870.609 56.985
870.819 56.969
871.028 57.237
871.238 57.220
871.447 57.200
871.657 57.097
871.866 56.691
872.076 56.621
872.285 56.632
872.495 56.665
872.704 56.731
872.914 56.672
873.123 56.685
873.333 56.675
873.542 56.715
873.752 56.758
873.961 56.870
874.171 56.857
874.380 56.436
874.590 56.371
874.799 56.629
875.009 56.748
875.218 56.936
875.428 56.594
875.637 56.412
875.847 56.675
876.056 56.871
876.266 56.811
876.475 57.020
876.685 57.331
876.894 57.492
877.104 57.272
877.313 57.163
877.523 57.319
877.732 57.832
877.942 58.056
878.151 57.834
878.361 57.503
878.570 57.382
878.780 57.380
878.989 57.440
879.199 57.543
879.408 57.495
879.618 57.286
879.827 56.974
880.037 57.047
880.246 57.079
880.456 56.892
880.665 56.870
880.875 57.191
881.084 57.640
881.294 57.518
881.503 57.010
881.713 56.925
881.922 57.164
882.132 57.122
882.341 56.725
882.551 56.740
882.760 56.916
882.970 57.044
883.179 57.047
883.389 56.715
883.598 56.748
883.808 57.162
884.017 57.439
884.227 57.319
884.436 57.265
884.646 57.296
884.855 56.994
885.065 56.730
885.274 56.831
885.484 57.092
885.693 57.174
885.903 56.758
886.112 56.563
886.322 56.650
886.531 56.843
886.741 57.020
886.950 57.284
887.160 57.458
887.369 57.443
887.579 57.308
887.788 56.784
887.998 56.673
888.207 57.067
888.417 57.231
888.626 57.098
888.836 56.847
889.045 56.653
889.255 56.607
889.464 56.975
889.674 57.325
889.883 57.304
890.093 57.483
890.302 57.282
890.512 57.178
890.721 57.257
890.931 57.152
891.140 57.313
891.350 57.310
891.559 57.183
891.769 57.021
891.978 56.989
892.188 57.208
892.397 57.103
892.607 57.269
892.816 57.528
893.026 57.052
893.235 56.887
893.445 57.235
893.654 57.657
893.864 57.955
894.073 57.768
894.283 57.598
894.492 57.328
894.702 57.228
894.911 57.231
895.121 57.034
895.330 57.241
895.540 57.491
895.749 57.459
895.959 57.320
896.168 57.167
896.378 57.379
896.587 57.875
896.797 58.062
897.006 58.111
897.216 58.274
897.425 58.114
897.635 57.940
897.844 57.924
898.054 57.658
898.263 57.379
898.473 57.054
898.682 56.519
898.892 56.305
899.101 56.626
899.311 56.590
899.520 56.285
899.730 56.523
899.939 56.948
900.149 56.866
900.358 56.819
900.568 57.132
900.777 57.560
900.987 57.790
901.196 57.339
901.406 56.854
901.615 57.079
901.825 57.469
902.034 57.443
902.244 57.485
902.453 57.694
902.663 57.571
902.872 57.218
903.082 57.146
903.291 57.311
903.501 57.560
903.710 57.726
903.920 57.912
904.129 57.578
904.339 57.381
904.548 57.009
904.758 56.652
904.967 56.935
905.177 57.205
905.386 57.260
905.596 57.342
905.805 57.461
906.015 57.508
906.224 57.394
906.434 57.512
906.643 57.616
906.853 57.516
907.062 57.773
907.272 57.638
907.481 57.737
907.691 58.080
907.900 58.022
908.110 58.037
908.319 58.107
908.529 57.885
908.738 57.895
908.948 57.822
909.157 57.866
909.367 57.572
909.576 57.664
909.786 57.557
909.995 57.212
910.205 57.145
910.414 56.842
910.624 56.733
910.833 56.864
911.043 56.773
911.252 57.055
911.462 57.478
911.672 57.718
911.881 57.414
912.091 57.001
912.300 56.902
912.512 56.789
912.724 57.010
912.937 57.355
913.149 57.805
913.361 58.302
913.573 58.145
913.786 57.941
913.998 58.124
914.210 58.060
914.422 58.456
914.634 58.275
914.847 58.198
915.059 58.054
915.271 57.830
915.483 57.181
915.696 56.883
915.908 57.292
916.120 57.486
916.332 57.486
916.544 58.088
916.757 58.377
916.969 58.570
917.181 58.821
917.393 58.906
917.606 58.868
917.818 59.176
918.030 59.179
918.242 59.074
918.454 59.046
918.667 59.164
918.879 59.029
919.091 58.934
919.303 58.744
919.516 58.340
919.728 58.456
919.940 58.858
920.152 58.933
920.364 58.768
920.577 58.259
920.789 57.737
921.001 57.388
921.213 57.667
921.426 57.871
921.638 58.007
921.850 57.707
922.062 57.171
922.274 56.763
922.487 56.977
922.699 57.353
922.911 57.973
923.123 58.710
923.336 59.099
923.548 58.777
923.760 58.285
923.972 58.447
924.184 58.934
924.397 58.867
924.609 58.763
924.821 58.804
925.033 58.482
925.246 58.004
925.458 57.874
925.670 57.743
925.882 57.692
926.094 57.681
926.307 57.471
926.519 57.757
926.731 58.406
926.943 58.671
927.156 58.275
927.368 58.295
927.580 58.642
927.792 58.669
928.004 58.862
928.217 58.818
928.429 59.285
928.641 59.705
928.853 59.495
929.066 59.280
929.278 59.412
929.490 59.485
929.702 59.768
929.914 59.828
930.127 59.791
930.339 59.539
930.551 59.759
930.763 59.424
930.976 59.106
931.188 59.056
931.400 58.906
931.612 58.747
931.824 59.108
932.037 59.037
932.249 59.372
932.461 59.691
932.673 59.784
932.886 59.999
933.098 60.228
933.310 60.560
933.522 61.309
933.734 62.430
933.947 62.829
934.159 62.562
934.371 62.434
934.583 61.688
934.796 60.925
935.008 60.562
935.220 60.535
935.432 60.157
935.644 59.906
935.857 59.694
936.069 58.769
936.281 58.226
936.493 57.720
936.706 58.405
936.918 59.453
937.130 59.755
937.342 60.112
937.554 59.877
937.767 60.195
937.979 60.309
938.191 60.166
938.403 60.256
938.616 60.169
938.828 60.981
939.040 60.864
939.252 60.438
939.464 60.276
939.677 60.205
939.889 60.171
940.101 60.159
940.313 61.024
940.526 61.439
940.738 61.384
940.950 61.787
941.162 61.401
941.374 61.173
941.587 61.800
941.799 62.569
942.011 62.879
942.223 63.252
942.436 63.479
942.648 62.583
942.860 62.182
943.072 61.880
943.284 61.814
943.497 61.938
943.709 61.707
943.921 60.764
944.133 61.134
944.346 61.653
944.558 61.907
944.770 62.353
944.982 62.555
945.194 62.716
945.407 63.684
945.619 63.281
945.831 63.627
946.043 64.044
946.256 64.700
946.468 64.331
946.680 63.729
946.892 63.208
947.104 62.774
947.317 62.859
947.529 62.528
947.741 62.971
947.953 64.294
948.166 63.491
948.378 63.758
948.590 64.552
948.802 64.424
949.014 64.614
949.227 63.873
949.439 63.462
949.651 63.675
949.863 65.087
950.076 64.728
950.288 64.084
950.500 65.146
950.712 64.285
950.924 62.610
951.137 63.241
951.349 63.920
951.561 64.481
951.773 66.501
951.986 69.415
952.198 67.522
952.410 66.093
952.622 65.101
952.834 64.790
953.047 65.939
953.259 65.798
953.471 64.014
953.683 62.565
953.896 63.752
954.108 63.069
954.320 59.178
954.532 59.175
954.744 60.178
954.957 61.428
955.169 61.048
955.381 60.351
955.593 60.326
955.806 60.193
956.018 60.612
956.230 60.421
956.442 59.600
956.654 60.355
956.867 60.601
957.079 60.546
957.291 60.548
957.503 61.653
957.716 61.519
957.928 62.208
958.140 63.380
958.352 63.957
958.564 63.550
958.777 63.115
958.989 62.538
959.201 63.845
959.413 64.623
959.626 63.599
959.838 62.326
960.050 62.452
960.262 62.487
960.474 62.823
960.687 63.590
960.899 64.043
961.111 63.956
961.323 64.596
961.536 63.833
961.748 63.725
961.960 65.055
962.172 65.185
962.384 64.283
962.597 64.236
962.809 64.894
963.021 63.790
963.233 62.758
963.446 62.722
963.658 62.317
963.870 62.729
964.082 63.376
964.294 63.237
964.507 62.231
964.719 62.272
964.931 62.413
965.143 61.830
965.356 62.230
965.568 62.729
965.780 63.689
966.000 63.455
966.221 62.111
966.441 60.687
966.662 60.712
966.882 62.661
967.103 62.925
967.323 61.583
967.543 61.353
967.764 61.473
967.984 61.181
968.205 59.957
968.425 60.273
968.645 59.938
968.866 59.085
969.086 58.578
969.307 58.380
969.527 59.633
969.748 60.598
969.968 60.229
970.188 59.084
970.409 58.229
970.629 59.452
970.850 61.353
971.070 62.903
971.290 64.538
971.511 64.117
971.731 64.427
971.952 64.573
972.172 64.186
972.393 64.494
972.613 65.762
972.833 66.882
973.054 67.052
973.274 65.386
973.495 64.274
973.715 64.310
973.936 66.139
974.156 65.920
974.376 65.344
974.597 66.060
974.817 65.754
975.038 64.871
975.258 64.380
975.478 64.230
975.699 64.813
975.919 65.976
976.140 66.318
976.360 65.069
976.581 64.595
976.801 64.279
977.021 63.837
977.242 62.855
977.462 62.932
977.683 65.272
977.903 65.557
978.123 65.842
978.344 65.447
978.564 64.591
978.785 64.441
979.005 65.119
979.226 65.929
979.446 67.110
979.666 68.529
979.887 68.781
980.107 68.438
980.328 69.879
980.548 69.903
980.769 69.269
980.989 67.114
981.209 66.930
981.430 66.874
981.650 66.282
981.871 66.146
982.091 65.853
982.311 66.426
982.532 63.682
982.752 61.033
982.973 60.764
983.193 61.887
983.414 63.871
983.634 64.308
983.854 63.410
984.075 63.846
984.295 64.333
984.516 64.212
984.736 64.076
984.956 65.866
985.177 66.779
985.397 66.058
985.618 66.693
985.838 68.153
986.059 68.472
986.279 68.959
986.499 68.655
986.720 67.746
986.940 68.903
987.161 67.592
987.381 66.242
987.602 66.536
987.822 68.173
988.042 66.416
988.263 64.789
988.483 64.522
988.704 62.793
988.924 60.508
989.144 60.302
989.365 61.372
989.585 65.459
989.806 66.728
990.026 65.734
990.247 64.398
990.467 64.630
990.687 65.174
990.908 66.202
991.128 68.907
991.349 71.048
991.569 70.445
991.789 68.362
992.010 65.744
992.230 64.832
992.451 64.105
992.671 64.096
992.892 67.767
993.112 70.304
993.332 69.596
993.553 68.352
993.773 69.779
993.994 70.592
994.214 70.716
994.435 70.208
994.655 70.879
994.875 71.941
995.096 74.387
995.316 73.745
995.537 70.023
995.757 67.357
995.977 67.766
996.198 64.395
996.418 62.863
996.639 64.273
996.859 66.208
997.080 66.409
997.300 68.189
997.520 65.506
997.741 59.540
997.961 59.151
998.182 60.271
998.402 57.494
998.622 61.426
998.843 66.516
999.063 66.050
999.284 64.059
999.504 61.733
999.725 58.958
999.945 60.264
1000.165 66.227
1000.386 68.528
1000.606 69.264
1000.827 72.198
1001.047 70.026
1001.268 64.733
1001.488 64.664
1001.708 68.862
1001.929 71.990
1002.149 73.173
1002.370 69.589
1002.590 66.967
1002.810 69.389
1003.031 68.849
1003.251 67.634
1003.472 68.883
1003.692 71.861
1003.913 71.842
1004.133 65.897
1004.353 64.436
1004.574 64.113
1004.794 67.579
1005.015 72.034
1005.235 67.984
1005.455 68.044
1005.676 68.212
1005.896 64.907
1006.117 62.010
1006.337 61.675
1006.558 68.330
1006.778 68.957
1006.998 65.475
1007.219 63.399
1007.439 58.183
1007.660 59.691
1007.880 62.603
1008.101 63.331
1008.321 61.990
1008.541 61.670
1008.762 62.685
1008.982 59.685
1009.203 61.373
1009.423 66.283
1009.643 66.169
1009.864 67.652
1010.084 66.035
1010.305 64.999
1010.525 68.552
1010.746 70.492
1010.966 68.207
1011.186 63.767
1011.407 61.411
1011.627 58.515
1011.848 56.127
1012.068 56.587
1012.288 55.078
1012.509 55.201
1012.729 52.191
1012.950 43.600
