290.982 84.807
291.167 85.809
291.352 86.670
291.537 86.773
291.722 86.618
291.907 90.798
292.091 90.917
292.276 88.734
292.461 86.580
292.646 84.643
292.831 85.478
293.016 83.484
293.201 80.596
293.386 79.437
293.571 80.632
293.756 80.923
293.940 80.463
294.125 79.523
294.310 81.380
294.495 83.095
294.680 82.668
294.865 81.141
295.050 82.428
295.235 83.747
295.420 83.011
295.605 80.490
295.789 81.730
295.974 83.378
296.159 82.657
296.344 81.747
296.529 81.462
296.714 82.452
296.899 83.401
297.084 84.527
297.269 85.049
297.454 86.111
297.638 86.989
297.823 85.666
298.008 84.211
298.193 84.221
298.378 84.426
298.563 83.819
298.748 85.193
298.933 84.939
299.118 82.726
299.303 82.380
299.487 81.636
299.672 80.466
299.857 79.498
300.042 80.873
300.227 80.741
300.412 80.194
300.597 80.166
300.782 77.368
300.967 77.450
301.152 78.446
301.336 78.420
301.521 78.872
301.706 81.053
301.891 81.708
302.076 80.941
302.261 81.172
302.446 82.227
302.631 81.915
302.816 84.858
303.001 84.719
303.185 82.213
303.370 81.489
303.555 80.917
303.740 78.951
303.925 76.989
304.110 75.011
304.295 75.437
304.480 75.314
304.665 74.876
304.850 72.826
305.034 72.005
305.219 73.597
305.404 73.748
305.589 74.063
305.774 74.333
305.959 75.911
306.144 76.787
306.329 74.409
306.514 72.184
306.699 71.737
306.883 71.069
307.068 70.931
307.253 70.413
307.438 70.521
307.623 70.416
307.808 69.211
307.993 67.713
308.178 66.862
308.363 67.723
308.548 69.661
308.732 71.077
308.917 70.876
309.102 70.615
309.287 70.461
309.472 71.036
309.657 71.742
309.842 71.445
310.027 70.397
310.212 70.513
310.397 70.687
310.581 69.329
310.766 68.187
310.951 68.360
311.136 67.844
311.321 67.587
311.506 66.345
311.691 65.065
311.876 64.890
312.061 64.636
312.245 66.224
312.430 67.733
312.615 68.462
312.800 67.907
312.985 66.544
313.170 66.373
313.347 67.510
313.523 67.099
313.700 66.307
313.877 66.460
314.054 68.633
314.230 67.579
314.407 65.278
314.584 64.611
314.761 64.833
314.937 64.640
315.114 64.874
315.291 64.310
315.467 64.096
315.644 63.189
315.821 62.921
315.998 61.428
316.174 60.631
316.351 61.061
316.528 60.646
316.704 59.667
316.881 59.033
317.058 58.666
317.235 59.075
317.411 59.761
317.588 61.191
317.765 61.707
317.942 62.237
318.118 63.017
318.295 62.270
318.472 61.024
318.648 61.767
318.825 63.416
319.002 62.992
319.179 61.591
319.355 61.472
319.532 61.306
319.709 60.223
319.885 60.394
320.062 60.102
320.239 59.818
320.416 61.015
320.592 60.733
320.769 59.671
320.946 60.014
321.123 60.479
321.299 59.386
321.476 58.199
321.653 58.815
321.829 58.170
322.006 57.477
322.183 57.798
322.360 56.706
322.536 56.305
322.713 56.854
322.890 56.689
323.066 56.056
323.243 56.633
323.420 59.239
323.597 59.666
323.773 58.585
323.950 58.698
324.127 59.583
324.304 60.340
324.480 59.960
324.657 59.304
324.834 58.590
325.010 58.193
325.187 57.710
325.364 55.763
325.541 54.953
325.717 55.362
325.894 54.245
326.071 52.134
326.248 51.694
326.424 52.691
326.601 53.059
326.778 52.906
326.954 52.396
327.131 52.223
327.308 51.421
327.485 51.224
327.661 51.334
327.838 51.900
328.015 52.743
328.191 52.349
328.368 51.153
328.545 49.312
328.722 49.157
328.898 50.855
329.075 51.349
329.252 51.007
329.429 50.721
329.605 51.399
329.782 51.731
329.959 51.300
330.135 50.844
330.312 51.096
330.489 52.060
330.666 51.798
330.842 50.025
331.019 49.093
331.196 49.405
331.372 49.248
331.549 47.742
331.726 46.946
331.903 47.055
332.079 47.438
332.256 46.189
332.433 44.910
332.610 44.234
332.786 44.587
332.963 44.806
333.140 44.306
333.316 45.327
333.493 45.523
333.670 44.872
333.847 45.981
334.023 46.247
334.200 46.109
334.377 46.520
334.553 47.576
334.730 47.508
334.907 46.902
335.084 47.094
335.260 46.624
335.437 46.803
335.614 47.442
335.791 46.329
335.967 45.970
336.144 46.952
336.321 47.191
336.497 46.507
336.674 46.003
336.851 46.226
337.028 45.621
337.204 44.701
337.381 45.285
337.558 45.882
337.734 45.197
337.911 44.328
338.088 43.946
338.265 45.178
338.441 46.006
338.618 45.402
338.795 44.711
338.972 45.315
339.148 46.290
339.325 45.623
339.502 43.985
339.678 43.692
339.855 43.914
340.032 43.367
340.209 42.005
340.385 41.357
340.562 41.356
340.739 41.007
340.916 40.065
341.092 39.536
341.269 40.004
341.446 40.476
341.622 40.408
341.799 40.276
341.976 40.468
342.153 40.733
342.329 40.548
342.506 41.027
342.683 41.279
342.859 40.795
343.036 40.018
343.213 39.089
343.390 38.497
343.566 38.436
343.743 37.861
343.920 37.516
344.097 36.896
344.273 36.393
344.450 35.896
344.627 36.147
344.803 37.575
344.980 38.114
345.157 37.523
345.334 37.139
345.510 36.926
345.687 36.939
345.864 37.310
346.040 37.690
346.217 38.030
346.394 38.126
346.571 37.673
346.747 35.874
346.924 35.395
347.101 36.350
347.278 36.883
347.454 37.369
347.631 37.000
347.808 35.858
347.984 35.502
348.161 35.503
348.338 35.272
348.515 34.877
348.691 35.114
348.868 34.587
349.045 33.262
349.221 32.816
349.398 32.242
349.575 32.654
349.752 33.535
349.928 33.148
350.105 32.402
350.282 31.919
350.459 32.585
350.635 33.182
350.812 32.896
350.989 33.457
351.165 34.158
351.342 33.969
351.519 33.250
351.696 32.592
351.872 32.595
352.049 32.598
352.226 32.850
352.402 32.403
352.579 32.018
352.756 32.468
352.933 32.185
353.109 30.750
353.286 30.024
353.463 30.254
353.640 30.240
353.816 29.507
353.993 29.438
354.170 29.455
354.346 29.476
354.523 29.621
354.700 29.377
354.877 29.327
355.053 29.411
355.230 29.747
355.407 30.030
355.584 30.460
355.760 30.829
355.937 30.720
356.114 30.651
356.290 30.364
356.467 30.078
356.644 29.626
356.821 29.171
356.997 29.799
357.174 30.076
357.351 29.671
357.527 29.363
357.704 29.515
357.881 30.111
358.058 30.460
358.234 30.410
358.411 30.199
358.588 30.215
358.765 30.168
358.941 29.789
359.118 29.505
359.295 29.360
359.471 28.528
359.648 27.918
359.825 27.337
360.002 26.668
360.178 26.872
360.355 27.126
360.532 27.208
360.708 27.231
360.885 27.061
361.062 26.454
361.239 26.097
361.415 26.317
361.592 26.349
361.769 26.311
361.946 26.857
362.122 26.801
362.299 25.955
362.476 26.038
362.652 26.134
362.829 26.319
363.006 26.625
363.183 27.211
363.359 27.339
363.536 26.902
363.713 26.472
363.889 25.948
364.066 25.249
364.243 25.081
364.420 24.385
364.596 23.818
364.773 23.274
364.950 23.427
365.127 23.348
365.303 23.265
365.480 23.952
365.661 24.052
365.841 23.913
366.022 23.981
366.202 24.262
366.383 24.336
366.563 24.613
366.744 24.952
366.924 24.827
367.105 24.460
367.286 23.982
367.466 23.240
367.647 23.313
367.827 23.208
368.008 23.164
368.188 22.997
368.369 23.032
368.549 22.965
368.730 22.095
368.911 21.555
369.091 21.498
369.272 21.455
369.452 21.614
369.633 21.228
369.813 21.076
369.994 21.436
370.174 21.241
370.355 20.676
370.535 20.234
370.716 20.650
370.897 20.613
371.077 20.178
371.258 20.568
371.438 21.163
371.619 21.572
371.799 21.284
371.980 20.326
372.160 20.272
372.341 20.818
372.522 20.945
372.702 20.912
372.883 21.007
373.063 20.987
373.244 20.691
373.424 20.132
373.605 19.845
373.785 19.910
373.966 20.192
374.147 20.253
374.327 20.248
374.508 20.355
374.688 20.103
374.869 20.264
375.049 20.854
375.230 21.315
375.410 21.148
375.591 20.615
375.772 20.538
375.952 20.705
376.133 20.685
376.313 20.467
376.494 19.927
376.674 19.950
376.855 19.973
377.035 19.483
377.216 19.107
377.397 19.335
377.577 19.618
377.758 19.423
377.938 19.121
378.119 18.864
378.299 18.596
378.480 18.829
378.660 19.039
378.841 18.961
379.021 18.603
379.202 18.114
379.383 17.588
379.563 17.195
379.744 17.042
379.924 16.910
380.105 16.977
380.285 16.909
380.466 16.618
380.646 16.180
380.827 15.620
381.008 15.759
381.188 15.943
381.369 16.202
381.549 16.142
381.730 16.010
381.910 16.125
382.091 15.955
382.271 15.991
382.452 16.065
382.633 16.029
382.813 16.438
382.994 16.636
383.174 16.390
383.355 16.007
383.535 16.168
383.716 16.537
383.896 16.355
384.077 16.299
384.258 16.376
384.438 16.396
384.619 16.314
384.799 15.935
384.980 15.629
385.160 15.451
385.341 15.348
385.521 15.177
385.702 14.840
385.882 14.896
386.063 14.918
386.244 14.658
386.424 14.514
386.605 14.371
386.785 14.237
386.966 14.106
387.146 14.120
387.327 14.125
387.507 14.076
387.688 14.116
387.869 14.000
388.049 14.187
388.230 14.253
388.410 14.320
388.591 14.268
388.771 14.234
388.952 14.235
389.132 14.170
389.313 14.065
389.494 14.033
389.674 14.131
389.855 13.996
390.035 13.815
390.216 13.808
390.396 13.900
390.577 13.949
390.757 13.828
390.938 13.729
391.119 13.756
391.299 13.801
391.480 13.698
391.660 13.447
391.841 13.451
392.021 13.221
392.202 13.014
392.382 12.682
392.563 12.605
392.743 12.674
392.924 12.555
393.105 12.478
393.285 12.498
393.466 12.553
393.646 12.646
393.827 12.654
394.007 12.436
394.188 12.524
394.368 12.630
394.549 12.565
394.730 12.436
394.910 12.485
395.091 12.454
395.271 12.565
395.452 12.636
395.632 12.298
395.813 12.132
395.993 12.267
396.174 12.145
396.355 12.007
396.535 12.091
396.716 12.254
396.896 12.376
397.077 12.363
397.257 11.997
397.438 11.619
397.618 11.613
397.799 11.603
397.980 11.676
398.160 11.704
398.341 11.676
398.521 11.548
398.702 11.337
398.882 10.973
399.063 10.869
399.243 11.019
399.424 11.162
399.605 11.388
399.785 11.412
399.966 11.266
400.146 11.180
400.327 11.249
400.507 11.405
400.688 11.360
400.868 11.421
401.049 11.440
401.229 11.224
401.410 11.188
401.591 11.249
401.771 11.351
401.952 11.382
402.132 11.272
402.313 11.097
402.493 11.007
402.674 11.127
402.854 11.211
403.035 11.294
403.216 11.139
403.396 11.114
403.577 11.002
403.757 10.699
403.938 10.510
404.118 10.490
404.299 10.415
404.479 10.257
404.660 10.179
404.841 10.146
405.023 9.965
405.204 9.988
405.385 9.998
405.566 9.957
405.748 9.934
405.929 9.945
406.110 10.185
406.292 10.423
406.473 10.572
406.654 10.588
406.835 10.436
407.017 10.302
407.198 10.313
407.379 10.218
407.560 10.065
407.742 9.993
407.923 9.933
408.104 9.579
408.286 9.276
408.467 9.101
408.648 9.269
408.829 9.710
409.011 9.874
409.192 9.867
409.373 9.819
409.555 9.830
409.736 9.961
409.917 10.143
410.098 10.358
410.280 10.466
410.461 10.511
410.642 10.151
410.823 9.551
411.005 9.478
411.186 9.720
411.367 9.868
411.549 9.899
411.730 9.915
411.911 9.750
412.092 9.597
412.274 9.651
412.455 9.555
412.636 9.601
412.818 9.838
412.999 9.815
413.180 9.667
413.361 9.626
413.543 9.647
413.724 9.665
413.905 9.647
414.087 9.642
414.268 9.469
414.449 9.411
414.630 9.469
414.812 9.546
414.993 9.655
415.174 9.582
415.355 9.508
415.537 9.381
415.718 9.345
415.899 9.359
416.081 9.282
416.262 9.218
416.443 9.180
416.624 9.082
416.806 8.943
416.987 8.805
417.168 8.721
417.350 8.562
417.531 8.541
417.712 8.468
417.893 8.460
418.075 8.605
418.256 8.542
418.437 8.448
418.618 8.365
418.800 8.284
418.981 8.404
419.162 8.450
419.344 8.584
419.525 8.709
419.706 8.691
419.887 8.614
420.069 8.520
420.250 8.654
420.431 8.745
420.613 8.837
420.794 8.835
420.975 8.591
421.156 8.552
421.338 8.516
421.519 8.324
421.700 8.217
421.882 8.198
422.063 8.110
422.244 8.044
422.425 8.072
422.607 7.967
422.788 7.965
422.969 8.105
423.150 8.286
423.332 8.475
423.513 8.609
423.694 8.602
423.876 8.594
424.057 8.649
424.238 8.650
424.419 8.779
424.601 9.164
424.782 9.229
424.963 9.218
425.145 9.041
425.326 8.793
425.507 8.714
425.688 8.880
425.870 8.878
426.051 8.787
426.232 8.770
426.413 8.648
426.595 8.279
426.776 8.096
426.957 8.078
427.139 8.208
427.320 8.179
427.501 8.080
427.682 7.830
427.864 7.794
428.045 7.830
428.226 7.772
428.408 7.731
428.589 7.717
428.770 7.739
428.951 7.646
429.133 7.505
429.314 7.501
429.495 7.510
429.677 7.556
429.858 7.563
430.039 7.492
430.220 7.470
430.402 7.434
430.583 7.489
430.764 7.526
430.945 7.544
431.127 7.455
431.308 7.438
431.489 7.449
431.671 7.438
431.852 7.398
432.033 7.412
432.214 7.410
432.396 7.390
432.577 7.277
432.758 7.234
432.940 7.266
433.121 7.267
433.302 7.201
433.483 7.243
433.665 7.363
433.846 7.486
434.027 7.536
434.208 7.577
434.390 7.617
434.571 7.646
434.752 7.667
434.934 7.654
435.115 7.720
435.296 7.774
435.477 7.731
435.659 7.700
435.840 7.691
436.030 7.739
436.220 7.662
436.410 7.586
436.600 7.590
436.790 7.645
436.980 7.701
437.170 7.683
437.360 7.685
437.550 7.670
437.741 7.623
437.931 7.524
438.121 7.497
438.311 7.556
438.501 7.587
438.691 7.685
438.881 7.613
439.071 7.488
439.261 7.424
439.451 7.321
439.641 7.299
439.831 7.241
440.021 7.197
440.211 7.108
440.401 7.096
440.591 7.108
440.781 7.087
440.971 7.115
441.161 7.084
441.351 7.049
441.542 7.110
441.732 7.139
441.922 7.180
442.112 7.266
442.302 7.352
442.492 7.348
442.682 7.287
442.872 7.148
443.062 7.049
443.252 7.099
443.442 7.203
443.632 7.187
443.822 7.151
444.012 7.075
444.202 6.994
444.392 6.938
444.582 6.895
444.772 6.876
444.962 6.928
445.153 7.020
445.343 6.984
445.533 6.870
445.723 6.845
445.913 6.812
446.103 6.860
446.293 6.890
446.483 6.857
446.673 6.872
446.863 6.908
447.053 6.924
447.243 6.917
447.433 6.933
447.623 7.006
447.813 7.026
448.003 7.133
448.193 7.164
448.383 7.169
448.573 7.166
448.764 7.103
448.954 7.096
449.144 7.054
449.334 6.995
449.524 6.980
449.714 6.958
449.904 6.960
450.094 6.931
450.284 6.909
450.474 6.890
450.664 6.877
450.854 6.909
451.044 6.917
451.234 6.912
451.424 6.855
451.614 6.827
451.804 6.859
451.994 6.836
452.184 6.782
452.375 6.799
452.565 6.800
452.755 6.849
452.945 6.904
453.135 6.926
453.325 6.963
453.515 7.055
453.705 7.125
453.895 7.115
454.085 7.144
454.275 7.234
454.465 7.245
454.655 7.205
454.845 7.175
455.035 7.223
455.225 7.162
455.415 7.124
455.605 7.154
455.795 7.188
455.985 7.147
456.176 7.102
456.366 7.041
456.556 7.033
456.746 7.048
456.936 7.054
457.126 7.032
457.316 7.080
457.506 7.089
457.696 7.020
457.886 6.951
458.076 6.941
458.266 6.947
458.456 6.904
458.646 6.841
458.836 6.881
459.026 6.950
459.216 6.963
459.406 6.950
459.596 6.921
459.787 6.910
459.977 6.933
460.167 6.983
460.357 6.968
460.547 6.983
460.737 7.032
460.927 7.056
461.117 6.962
461.307 6.947
461.497 7.001
461.687 7.042
461.877 7.131
462.067 7.166
462.257 7.228
462.447 7.284
462.637 7.252
462.827 7.228
463.017 7.256
463.207 7.384
463.397 7.403
463.588 7.401
463.778 7.486
463.968 7.452
464.158 7.407
464.348 7.359
464.538 7.401
464.728 7.415
464.918 7.416
465.108 7.407
465.298 7.322
465.488 7.272
465.678 7.238
465.868 7.196
466.058 7.214
466.248 7.195
466.438 7.192
466.628 7.195
466.818 7.260
467.008 7.312
467.199 7.297
467.389 7.260
467.579 7.259
467.769 7.287
467.959 7.250
468.149 7.186
468.339 7.219
468.529 7.255
468.719 7.336
468.909 7.317
469.099 7.288
469.289 7.304
469.479 7.352
469.669 7.356
469.859 7.359
470.049 7.372
470.239 7.412
470.429 7.458
470.619 7.440
470.810 7.321
471.000 7.349
471.190 7.443
471.380 7.462
471.570 7.496
471.760 7.553
471.950 7.594
472.140 7.664
472.330 7.774
472.520 7.793
472.710 7.807
472.900 7.844
473.090 7.864
473.280 7.813
473.470 7.802
473.660 7.827
473.850 7.845
474.040 7.866
474.230 7.861
474.421 7.824
474.611 7.813
474.801 7.806
474.991 7.868
475.181 7.905
475.371 7.936
475.561 7.978
475.751 7.917
475.941 7.865
476.131 7.865
476.321 7.902
476.511 7.898
476.701 7.912
476.891 7.924
477.081 7.889
477.271 7.842
477.461 7.808
477.651 7.792
477.841 7.851
478.031 7.919
478.222 7.927
478.412 7.923
478.602 7.954
478.792 8.016
478.982 8.075
479.172 8.079
479.362 8.116
479.552 8.178
479.742 8.203
479.932 8.235
480.122 8.276
480.312 8.337
480.502 8.418
480.692 8.467
480.882 8.438
481.072 8.441
481.262 8.506
481.452 8.550
481.642 8.588
481.833 8.661
482.023 8.697
482.213 8.714
482.403 8.724
482.593 8.695
482.783 8.722
482.973 8.804
483.163 8.865
483.353 8.852
483.543 8.921
483.733 8.948
483.923 8.935
484.113 9.003
484.303 9.019
484.493 8.986
484.683 9.061
484.873 9.124
485.063 9.135
485.253 9.147
485.443 9.230
485.634 9.209
485.824 9.238
486.014 9.296
486.204 9.284
486.394 9.339
486.584 9.427
486.774 9.417
486.964 9.407
487.154 9.439
487.344 9.485
487.534 9.516
487.724 9.552
487.914 9.588
488.104 9.627
488.294 9.685
488.484 9.727
488.674 9.775
488.864 9.826
489.054 9.877
489.245 9.928
489.435 9.976
489.625 10.064
489.815 10.184
490.005 10.298
490.195 10.333
490.385 10.369
490.575 10.443
490.765 10.552
490.955 10.646
491.145 10.711
491.335 10.779
491.525 10.832
491.715 10.840
491.905 10.847
492.095 10.852
492.285 10.879
492.475 10.944
492.665 10.983
492.856 10.989
493.046 10.990
493.236 11.038
493.426 11.100
493.616 11.130
493.806 11.198
493.996 11.252
494.186 11.279
494.376 11.393
494.566 11.432
494.756 11.462
494.946 11.540
495.136 11.643
495.326 11.705
495.516 11.757
495.706 11.856
495.896 11.900
496.086 11.972
496.276 12.052
496.467 12.093
496.657 12.250
496.847 12.342
497.037 12.405
497.227 12.482
497.417 12.538
497.607 12.580
497.797 12.652
497.987 12.770
498.177 12.811
498.367 12.905
498.557 13.005
498.747 13.031
498.937 13.134
499.127 13.199
499.317 13.241
499.507 13.293
499.697 13.377
499.887 13.487
500.077 13.554
500.268 13.667
500.458 13.732
500.648 13.753
500.838 13.780
501.028 13.842
501.218 13.909
501.408 13.961
501.598 14.063
501.788 14.150
501.978 14.230
502.168 14.296
502.358 14.354
502.548 14.429
502.738 14.549
502.928 14.671
503.118 14.732
503.308 14.829
503.498 14.971
503.688 15.074
503.879 15.152
504.069 15.199
504.259 15.302
504.449 15.391
504.639 15.476
504.829 15.562
505.019 15.671
505.209 15.784
505.399 15.874
505.589 15.936
505.779 16.005
505.969 16.094
506.159 16.196
506.349 16.298
506.539 16.413
506.729 16.499
506.919 16.588
507.109 16.666
507.299 16.736
507.490 16.802
507.680 16.862
507.870 16.961
508.060 17.072
508.250 17.182
508.440 17.288
508.630 17.385
508.820 17.493
509.010 17.587
509.200 17.660
509.390 17.791
509.580 17.938
509.770 18.089
509.960 18.197
510.150 18.277
510.340 18.384
510.530 18.491
510.720 18.607
510.910 18.749
511.100 18.896
511.291 19.004
511.481 19.076
511.671 19.177
511.861 19.355
512.051 19.623
512.241 19.790
512.431 19.924
512.621 20.003
512.811 20.092
513.001 20.174
513.191 20.255
513.381 20.397
513.571 20.542
513.761 20.657
513.951 20.722
514.141 20.680
514.331 20.755
514.521 20.773
514.711 20.844
514.902 20.963
515.092 21.125
515.282 21.286
515.472 21.368
515.662 21.431
515.852 21.510
516.042 21.581
516.232 21.700
516.422 21.826
516.612 22.008
516.802 22.161
516.992 22.254
517.182 22.309
517.372 22.376
517.562 22.514
517.752 22.670
517.942 22.782
518.132 22.925
518.322 23.007
518.513 23.100
518.703 23.163
518.893 23.261
519.083 23.421
519.273 23.569
519.463 23.662
519.653 23.791
519.843 23.908
520.033 23.999
520.223 24.081
520.413 24.190
520.603 24.275
520.793 24.371
520.983 24.456
521.173 24.502
521.363 24.550
521.553 24.655
521.743 24.695
521.933 24.766
522.123 24.915
522.314 25.050
522.504 25.137
522.694 25.222
522.884 25.339
523.074 25.459
523.264 25.598
523.454 25.747
523.644 25.887
523.834 26.057
524.024 26.197
524.214 26.248
524.404 26.274
524.594 26.394
524.784 26.538
524.974 26.635
525.164 26.717
525.354 26.772
525.544 26.834
525.734 26.891
525.925 26.938
526.115 27.011
526.305 27.177
526.495 27.345
526.685 27.417
526.875 27.457
527.065 27.554
527.255 27.637
527.445 27.718
527.635 27.791
527.825 27.894
528.015 27.999
528.205 28.056
528.395 28.064
528.585 28.118
528.775 28.194
528.965 28.276
529.155 28.349
529.345 28.468
529.535 28.565
529.726 28.674
529.916 28.737
530.106 28.810
530.296 28.906
530.486 29.003
530.676 29.071
530.866 29.205
531.056 29.339
531.246 29.425
531.436 29.472
531.626 29.546
531.816 29.584
532.006 29.651
532.196 29.718
532.386 29.760
532.576 29.834
532.766 29.912
532.956 29.947
533.146 30.025
533.337 30.112
533.527 30.197
533.717 30.260
533.907 30.360
534.097 30.462
534.287 30.553
534.477 30.672
534.667 30.767
534.857 30.869
535.047 30.961
535.237 30.978
535.427 31.014
535.617 31.092
535.807 31.200
535.997 31.282
536.187 31.343
536.377 31.419
536.567 31.441
536.757 31.487
536.948 31.531
537.138 31.546
537.328 31.646
537.518 31.771
537.708 31.837
537.898 31.836
538.088 31.881
538.278 31.957
538.468 31.988
538.658 32.049
538.848 32.113
539.038 32.168
539.228 32.274
539.418 32.325
539.608 32.346
539.798 32.401
539.988 32.480
540.178 32.525
540.368 32.592
540.558 32.645
540.749 32.712
540.939 32.782
541.129 32.821
541.319 32.869
541.509 33.118
541.699 33.576
541.889 33.622
542.079 33.703
542.269 33.801
542.459 33.871
542.649 33.937
542.839 34.007
543.029 34.054
543.219 34.178
543.409 34.264
543.599 34.124
543.789 33.811
543.979 33.882
544.169 33.953
544.360 34.016
544.550 34.070
544.740 34.113
544.930 34.172
545.120 34.241
545.310 34.249
545.500 34.323
545.690 34.400
545.880 34.419
546.070 34.449
546.267 34.481
546.463 34.509
546.660 34.522
546.857 34.582
547.054 34.624
547.251 34.663
547.447 34.712
547.644 34.720
547.841 34.764
548.038 34.834
548.234 34.937
548.431 35.038
548.628 35.140
548.825 35.236
549.021 35.316
549.218 35.389
549.415 35.427
549.612 35.461
549.808 35.550
550.005 35.631
550.202 35.670
550.399 35.683
550.595 35.746
550.792 35.797
550.989 35.828
551.186 35.900
551.382 35.973
551.579 36.036
551.776 36.131
551.973 36.202
552.169 36.266
552.366 36.338
552.563 36.437
552.760 36.495
552.956 36.555
553.153 36.643
553.350 36.714
553.547 36.768
553.743 36.853
553.940 36.894
554.137 36.910
554.334 36.933
554.530 36.998
554.727 37.025
554.924 37.053
555.121 37.080
555.317 37.066
555.514 37.112
555.711 37.191
555.908 37.265
556.104 37.331
556.301 37.397
556.498 37.453
556.695 37.498
556.891 37.568
557.088 37.627
557.285 37.704
557.482 37.835
557.678 37.887
557.875 37.951
558.072 38.025
558.269 38.122
558.465 38.193
558.662 38.249
558.859 38.281
559.056 38.332
559.252 38.397
559.449 38.453
559.646 38.502
559.843 38.551
560.039 38.538
560.236 38.546
560.433 38.550
560.630 38.571
560.826 38.649
561.023 38.754
561.220 38.838
561.417 38.907
561.613 38.963
561.810 38.970
562.007 38.988
562.204 39.039
562.400 39.134
562.597 39.243
562.794 39.343
562.991 39.389
563.187 39.433
563.384 39.481
563.581 39.547
563.778 39.610
563.974 39.689
564.171 39.766
564.368 39.855
564.565 39.877
564.761 39.910
564.958 39.967
565.155 40.033
565.352 40.089
565.548 40.175
565.745 40.249
565.942 40.277
566.139 40.341
566.335 40.424
566.532 40.513
566.729 40.599
566.926 40.665
567.122 40.724
567.319 40.779
567.516 40.834
567.713 40.849
567.909 40.888
568.106 40.967
568.303 41.022
568.500 41.108
568.696 41.165
568.893 41.196
569.090 41.266
569.287 41.361
569.483 41.441
569.680 41.522
569.877 41.586
570.074 41.622
570.270 41.661
570.467 41.746
570.664 41.821
570.861 41.878
571.057 41.941
571.254 41.970
571.451 41.962
571.648 41.996
571.844 42.070
572.041 42.172
572.238 42.272
572.435 42.357
572.631 42.442
572.828 42.516
573.025 42.547
573.222 42.629
573.418 42.720
573.615 42.803
573.812 42.907
574.009 42.957
574.205 42.993
574.402 43.028
574.599 43.090
574.796 43.093
574.992 43.078
575.189 43.169
575.386 43.229
575.583 43.293
575.779 43.364
575.976 43.363
576.173 43.426
576.370 43.474
576.567 43.499
576.763 43.540
576.960 43.651
577.158 43.732
577.356 43.774
577.554 43.820
577.752 43.826
577.950 43.832
578.148 43.898
578.346 43.952
578.544 44.022
578.742 44.069
578.940 44.130
579.138 44.141
579.336 44.155
579.534 44.208
579.732 44.252
579.930 44.343
580.128 44.490
580.326 44.597
580.524 44.630
580.722 44.672
580.920 44.758
581.118 44.783
581.316 44.850
581.514 44.946
581.712 45.003
581.909 45.072
582.107 45.140
582.305 45.170
582.503 45.183
582.701 45.238
582.899 45.273
583.097 45.300
583.295 45.370
583.493 45.447
583.691 45.491
583.889 45.561
584.087 45.624
584.285 45.672
584.483 45.712
584.681 45.758
584.879 45.793
585.077 45.827
585.275 45.889
585.473 45.961
585.671 45.977
585.869 46.020
586.067 46.028
586.265 46.021
586.463 45.995
586.661 45.951
586.859 45.955
587.057 45.995
587.255 46.048
587.453 46.098
587.651 46.139
587.849 46.195
588.047 46.239
588.245 46.274
588.443 46.330
588.641 46.408
588.839 46.508
589.037 46.565
589.235 46.619
589.433 46.670
589.631 46.702
589.829 46.723
590.027 46.709
590.225 46.685
590.423 46.696
590.621 46.726
590.819 46.751
591.017 46.803
591.215 46.828
591.413 46.812
591.611 46.796
591.809 46.808
592.006 46.813
592.204 46.857
592.402 46.914
592.600 46.938
592.798 46.941
592.996 46.960
593.194 46.981
593.392 47.042
593.590 47.090
593.788 47.160
593.986 47.232
594.184 47.294
594.382 47.342
594.580 47.411
594.778 47.496
594.976 47.551
595.174 47.534
595.372 47.495
595.570 47.475
595.768 47.472
595.966 47.459
596.164 47.446
596.362 47.490
596.560 47.509
596.758 47.528
596.956 47.535
597.154 47.583
597.352 47.642
597.550 47.702
597.748 47.787
597.946 47.870
598.144 47.940
598.342 47.967
598.540 47.952
598.738 47.991
598.936 47.986
599.134 48.008
599.332 48.012
599.530 48.065
599.728 48.121
599.926 48.085
600.124 48.071
600.322 48.110
600.520 48.149
600.718 48.133
600.916 48.075
601.114 48.132
601.312 48.189
601.510 48.153
601.708 48.121
601.905 48.119
602.103 48.178
602.301 48.253
602.499 48.265
602.697 48.273
602.895 48.359
603.093 48.465
603.291 48.438
603.489 48.397
603.687 48.443
603.885 48.487
604.083 48.512
604.281 48.519
604.479 48.494
604.677 48.507
604.875 48.530
605.073 48.524
605.271 48.488
605.469 48.525
605.667 48.542
605.865 48.545
606.063 48.598
606.261 48.676
606.459 48.702
606.657 48.721
606.855 48.734
607.053 48.758
607.251 48.776
607.449 48.797
607.647 48.784
607.845 48.816
608.043 48.862
608.241 48.846
608.439 48.806
608.637 48.826
608.835 48.861
609.033 48.879
609.231 48.877
609.429 48.874
609.627 48.898
609.825 48.947
610.023 48.992
610.221 48.998
610.419 49.036
610.617 49.024
610.815 49.005
611.013 49.005
611.211 49.020
611.409 49.039
611.607 49.053
611.804 49.087
612.002 49.121
612.200 49.150
612.398 49.194
612.596 49.174
612.794 49.158
612.992 49.168
613.190 49.203
613.388 49.217
613.586 49.255
613.784 49.349
613.982 49.397
614.180 49.397
614.378 49.402
614.576 49.412
614.774 49.424
614.972 49.487
615.170 49.522
615.368 49.530
615.566 49.519
615.764 49.484
615.962 49.410
616.160 49.386
616.358 49.395
616.556 49.416
616.754 49.420
616.952 49.436
617.150 49.438
617.348 49.437
617.546 49.423
617.744 49.456
617.942 49.496
618.140 49.546
618.338 49.573
618.536 49.564
618.734 49.531
618.932 49.563
619.130 49.589
619.328 49.641
619.526 49.655
619.724 49.666
619.922 49.704
620.120 49.712
620.318 49.711
620.516 49.689
620.714 49.685
620.912 49.708
621.110 49.703
621.308 49.712
621.506 49.686
621.704 49.727
621.901 49.794
622.099 49.752
622.297 49.768
622.495 49.808
622.693 49.848
622.891 49.900
623.089 49.926
623.287 49.963
623.485 49.999
623.683 50.022
623.881 50.006
624.079 49.955
624.277 49.983
624.475 49.996
624.673 49.997
624.871 50.039
625.069 50.082
625.267 50.097
625.465 50.070
625.663 50.083
625.861 50.084
626.059 50.121
626.257 50.166
626.455 50.200
626.653 50.223
626.851 50.200
627.049 50.170
627.247 50.166
627.445 50.172
627.643 50.228
627.841 50.277
628.039 50.348
628.237 50.351
628.435 50.370
628.633 50.362
628.831 50.357
629.029 50.384
629.227 50.379
629.425 50.395
629.623 50.420
629.821 50.430
630.019 50.386
630.217 50.329
630.415 50.323
630.613 50.295
630.811 50.289
631.009 50.292
631.207 50.291
631.405 50.276
631.603 50.247
631.801 50.257
631.998 50.293
632.196 50.341
632.394 50.408
632.592 50.441
632.790 50.486
632.988 50.520
633.186 50.555
633.384 50.565
633.582 50.613
633.780 50.663
633.978 50.651
634.176 50.593
634.374 50.555
634.572 50.490
634.770 50.466
634.968 50.488
635.166 50.538
635.364 50.528
635.562 50.533
635.760 50.555
635.958 50.542
636.156 50.552
636.354 50.551
636.552 50.528
636.750 50.534
636.948 50.573
637.146 50.599
637.344 50.633
637.542 50.640
637.740 50.627
637.938 50.584
638.136 50.774
638.334 51.144
638.532 51.156
638.730 51.168
638.928 51.164
639.126 51.149
639.324 51.120
639.522 51.113
639.720 51.138
639.918 51.156
640.116 51.176
640.314 50.988
640.512 50.635
640.710 50.686
640.908 50.752
641.106 50.829
641.304 50.873
641.502 50.863
641.699 50.815
641.897 50.800
642.095 50.878
642.293 50.948
642.491 50.977
642.689 50.998
642.887 50.996
643.085 50.983
643.283 50.980
643.481 50.966
643.679 51.011
643.877 51.043
644.075 51.054
644.273 51.027
644.471 50.991
644.669 50.975
644.867 50.940
645.065 50.933
645.263 50.950
645.461 50.984
645.659 51.014
645.857 51.017
646.055 50.996
646.253 50.985
646.451 50.988
646.649 50.983
646.847 50.979
647.045 51.022
647.243 51.051
647.441 51.098
647.639 51.099
647.837 51.084
648.035 51.060
648.233 51.078
648.431 51.116
648.629 51.141
648.827 51.184
649.025 51.255
649.223 51.206
649.421 51.142
649.619 51.097
649.817 51.071
650.015 51.102
650.213 51.117
650.411 51.122
650.609 51.100
650.807 51.073
651.005 51.073
651.203 51.063
651.401 51.097
651.599 51.129
651.796 51.166
651.994 51.164
652.192 51.155
652.390 51.137
652.588 51.117
652.786 51.132
652.984 51.150
653.182 51.151
653.380 51.127
653.578 51.104
653.776 51.084
653.974 51.073
654.172 51.104
654.370 51.111
654.568 51.124
654.766 51.120
654.964 51.106
655.162 51.113
655.360 51.112
655.558 51.100
655.756 51.141
655.954 51.199
656.152 51.187
656.350 51.164
656.548 51.145
656.746 51.151
656.944 51.157
657.142 51.148
657.340 51.143
657.538 51.164
657.736 51.193
657.934 51.224
658.132 51.261
658.330 51.290
658.528 51.286
658.726 51.338
658.924 51.357
659.122 51.359
659.320 51.375
659.518 51.337
659.716 51.298
659.914 51.300
660.112 51.302
660.310 51.275
660.508 51.275
660.706 51.309
660.904 51.312
661.102 51.302
661.300 51.366
661.498 51.431
661.696 51.501
661.893 51.548
662.091 51.512
662.289 51.484
662.487 51.461
662.685 51.415
662.883 51.371
663.081 51.342
663.279 51.336
663.477 51.321
663.675 51.293
663.873 51.320
664.071 51.315
664.269 51.337
664.467 51.308
664.665 51.336
664.863 51.394
665.061 51.387
665.259 51.353
665.457 51.355
665.655 51.334
665.853 51.301
666.051 51.210
666.249 51.156
666.447 51.157
666.645 51.205
666.843 51.206
667.041 51.176
667.239 51.198
667.437 51.282
667.635 51.349
667.833 51.390
668.031 51.403
668.229 51.456
668.427 51.542
668.625 51.601
668.823 51.581
669.021 51.565
669.219 51.547
669.417 51.535
669.615 51.457
669.813 51.354
670.011 51.259
670.209 51.265
670.407 51.282
670.605 51.216
670.803 51.156
671.001 51.191
671.199 51.220
671.397 51.229
671.595 51.289
671.792 51.351
671.990 51.345
672.188 51.376
672.386 51.399
672.584 51.384
672.782 51.405
672.980 51.437
673.178 51.431
673.376 51.378
673.574 51.367
673.772 51.322
673.970 51.279
674.168 51.332
674.366 51.345
674.564 51.345
674.762 51.358
674.960 51.360
675.158 51.334
675.356 51.326
675.554 51.363
675.752 51.317
675.950 51.268
676.148 51.295
676.346 51.278
676.544 51.283
676.742 51.269
676.940 51.269
677.138 51.310
677.336 51.350
677.534 51.364
677.732 51.401
677.930 51.498
678.128 51.530
678.326 51.506
678.524 51.541
678.722 51.550
678.920 51.534
679.118 51.526
679.316 51.522
679.514 51.510
679.712 51.482
679.910 51.425
680.108 51.392
680.306 51.393
680.504 51.417
680.702 51.417
680.900 51.415
681.098 51.440
681.296 51.429
681.494 51.408
681.691 51.370
681.889 51.378
682.087 51.399
682.285 51.412
682.483 51.422
682.681 51.448
682.879 51.455
683.077 51.447
683.275 51.417
683.473 51.408
683.671 51.415
683.869 51.431
684.067 51.403
684.265 51.379
684.463 51.402
684.661 51.440
684.859 51.362
685.057 51.310
685.255 51.342
685.453 51.376
685.651 51.410
685.849 51.445
686.047 51.469
686.245 51.510
686.443 51.538
686.641 51.521
686.839 51.498
687.037 51.510
687.235 51.558
687.433 51.553
687.631 51.522
687.829 51.504
688.027 51.439
688.225 51.408
688.423 51.354
688.621 51.325
688.819 51.321
689.017 51.336
689.215 51.361
689.413 51.320
689.611 51.288
689.809 51.268
690.007 51.259
690.205 51.276
690.403 51.325
690.601 51.332
690.799 51.342
690.997 51.337
691.195 51.346
691.393 51.360
691.591 51.426
691.788 51.465
691.986 51.523
692.184 51.520
692.382 51.505
692.580 51.468
692.778 51.515
692.976 51.574
693.174 51.555
693.372 51.544
693.570 51.517
693.768 51.508
693.966 51.520
694.164 51.532
694.362 51.538
694.560 51.587
694.758 51.627
694.956 51.619
695.154 51.625
695.352 51.680
695.550 51.664
695.748 51.679
695.946 51.665
696.144 51.657
696.342 51.614
696.540 51.621
696.744 51.570
696.948 51.534
697.152 51.531
697.357 51.504
697.561 51.528
697.765 51.535
697.969 51.590
698.173 51.593
698.377 51.577
698.581 51.639
698.786 51.657
698.990 51.671
699.194 51.667
699.398 51.683
699.602 51.627
699.806 51.521
700.010 51.477
700.215 51.376
700.419 51.353
700.623 51.371
700.827 51.364
701.031 51.364
701.235 51.384
701.440 51.429
701.644 51.433
701.848 51.497
702.052 51.523
702.256 51.547
702.460 51.599
702.664 51.601
702.869 51.566
703.073 51.575
703.277 51.627
703.481 51.626
703.685 51.658
703.889 51.680
704.093 51.650
704.298 51.674
704.502 51.673
704.706 51.632
704.910 51.626
705.114 51.644
705.318 51.643
705.522 51.576
705.727 51.567
705.931 51.523
706.135 51.466
706.339 51.457
706.543 51.514
706.747 51.576
706.951 51.577
707.156 51.541
707.360 51.525
707.564 51.502
707.768 51.451
707.972 51.451
708.176 51.490
708.380 51.523
708.585 51.516
708.789 51.460
708.993 51.402
709.197 51.440
709.401 51.533
709.605 51.585
709.810 51.591
710.014 51.681
710.218 51.705
710.422 51.648
710.626 51.664
710.830 51.711
711.034 51.681
711.239 51.658
711.443 51.670
711.647 51.682
711.851 51.643
712.055 51.594
712.259 51.568
712.463 51.522
712.668 51.500
712.872 51.482
713.076 51.480
713.280 51.575
713.484 51.636
713.688 51.658
713.892 51.637
714.097 51.657
714.301 51.739
714.505 51.705
714.709 51.707
714.913 51.767
715.117 51.783
715.321 51.730
715.526 51.666
715.730 51.661
715.934 51.643
716.138 51.631
716.342 51.659
716.546 51.605
716.750 51.667
716.955 51.660
717.159 51.625
717.363 51.634
717.567 51.696
717.771 51.729
717.975 51.723
718.180 51.720
718.384 51.630
718.588 51.550
718.792 51.561
718.996 51.554
719.200 51.614
719.404 51.632
719.609 51.624
719.813 51.618
720.017 51.613
720.221 51.664
720.425 51.678
720.629 51.763
720.833 51.798
721.038 51.757
721.242 51.712
721.446 51.676
721.650 51.683
721.854 51.690
722.058 51.760
722.262 51.762
722.467 51.697
722.671 51.696
722.875 51.699
723.079 51.725
723.283 51.792
723.487 51.860
723.691 51.931
723.896 51.929
724.100 51.881
724.304 51.755
724.508 51.706
724.712 51.737
724.916 51.756
725.120 51.802
725.325 51.803
725.529 51.748
725.733 51.714
725.937 51.715
726.141 51.727
726.345 51.785
726.550 51.841
726.754 51.856
726.958 51.878
727.162 51.821
727.366 51.731
727.570 51.721
727.774 51.822
727.979 51.848
728.183 51.767
728.387 51.746
728.591 51.727
728.795 51.734
728.999 51.728
729.203 51.714
729.408 51.762
729.612 51.864
729.816 51.881
730.020 51.794
730.224 51.785
730.428 51.818
730.632 51.804
730.837 51.806
731.041 51.810
731.245 51.837
731.449 51.794
731.653 51.794
731.857 51.763
732.061 51.830
732.266 51.906
732.470 51.925
732.674 51.978
732.878 52.060
733.082 52.094
733.286 52.137
733.490 52.172
733.695 52.229
733.899 52.251
734.103 52.287
734.307 52.286
734.511 52.238
734.715 52.195
734.920 52.208
735.124 52.161
735.328 52.100
735.532 52.022
735.736 52.039
735.940 52.024
736.144 51.978
736.349 51.927
736.553 51.882
736.757 51.924
736.961 51.944
737.165 51.952
737.369 52.015
737.573 52.058
737.778 52.097
737.982 52.022
738.186 52.003
738.390 52.063
738.594 52.068
738.798 52.039
739.002 51.967
739.207 51.944
739.411 51.880
739.615 51.810
739.819 51.845
740.023 51.870
740.227 51.897
740.431 51.924
740.636 51.871
740.840 51.895
741.044 51.927
741.248 51.947
741.452 51.953
741.656 51.918
741.860 51.885
742.065 51.840
742.269 51.852
742.473 51.939
742.677 51.999
742.881 52.055
743.085 52.074
743.290 52.091
743.494 52.192
743.698 52.272
743.902 52.323
744.106 52.397
744.310 52.366
744.514 52.312
744.719 52.236
744.923 52.199
745.127 52.245
745.331 52.281
745.535 52.273
745.739 52.178
745.943 52.116
746.148 52.123
746.352 52.125
746.556 52.223
746.760 52.223
746.964 52.228
747.168 52.245
747.372 52.210
747.577 52.104
747.781 52.065
747.985 52.088
748.189 52.061
748.393 52.022
748.597 52.068
748.801 52.117
749.006 52.158
749.210 52.146
749.414 52.081
749.618 52.020
749.822 52.116
750.026 52.164
750.230 52.192
750.435 52.262
750.639 52.373
750.843 52.297
751.047 52.213
751.251 52.149
751.455 52.098
751.660 52.062
751.864 52.101
752.068 52.077
752.272 52.079
752.476 52.069
752.680 52.106
752.884 52.039
753.089 52.044
753.293 52.064
753.497 52.138
753.701 52.273
753.905 52.407
754.109 52.381
754.313 52.359
754.518 52.364
754.722 52.377
754.926 52.407
755.130 52.412
755.334 52.390
755.538 52.322
755.742 52.278
755.947 52.250
756.151 52.242
756.355 52.338
756.559 52.367
756.763 52.335
756.967 52.303
757.171 52.235
757.376 52.194
757.580 52.248
757.784 52.245
757.988 52.228
758.192 52.219
758.396 52.227
758.600 52.158
758.805 52.110
759.009 52.134
759.213 52.224
759.417 52.247
759.621 52.162
759.825 52.070
760.030 52.127
760.234 52.187
760.438 52.169
760.642 52.113
760.846 52.102
761.050 52.104
761.254 52.092
761.459 52.071
761.663 51.968
761.867 52.097
762.071 52.147
762.275 52.096
762.479 52.091
762.683 52.103
762.888 52.148
763.092 52.170
763.296 52.191
763.500 52.233
763.709 52.207
763.918 52.277
764.126 52.291
764.335 52.344
764.544 52.438
764.753 52.545
764.962 52.566
765.171 52.538
765.379 52.578
765.588 52.655
765.797 52.633
766.006 52.563
766.215 52.541
766.424 52.542
766.632 52.565
766.841 52.556
767.050 52.494
767.259 52.529
767.468 52.566
767.677 52.525
767.885 52.442
768.094 52.412
768.303 52.479
768.512 52.509
768.721 52.435
768.929 52.443
769.138 52.435
769.347 52.342
769.556 52.242
769.765 52.177
769.974 52.186
770.182 52.227
770.391 52.220
770.600 52.159
770.809 52.108
771.018 52.145
771.227 52.039
771.435 51.972
771.644 52.046
771.853 52.079
772.062 52.116
772.271 52.059
772.480 51.950
772.688 51.981
772.897 52.097
773.106 52.247
773.315 52.267
773.524 52.395
773.732 52.555
773.941 52.642
774.150 52.626
774.359 52.547
774.568 52.596
774.777 52.639
774.985 52.590
775.194 52.515
775.403 52.421
775.612 52.436
775.821 52.341
776.030 52.191
776.238 52.107
776.447 52.143
776.656 52.257
776.865 52.329
777.074 52.451
777.283 52.590
777.491 52.671
777.700 52.744
777.909 52.751
778.118 52.810
778.327 52.857
778.535 52.899
778.744 52.916
778.953 52.899
779.162 52.788
779.371 52.726
779.580 52.692
779.788 52.686
779.997 52.684
780.206 52.740
780.415 52.726
780.624 52.670
780.833 52.587
781.041 52.700
781.250 52.747
781.459 52.853
781.668 52.850
781.877 52.733
782.086 52.674
782.294 52.705
782.503 52.692
782.712 52.664
782.921 52.689
783.130 52.762
783.338 52.749
783.547 52.744
783.756 52.767
783.965 52.848
784.174 52.975
784.383 52.961
784.591 52.897
784.800 52.916
785.009 52.961
785.218 52.966
785.427 52.937
785.636 52.854
785.844 52.760
786.053 52.672
786.262 52.681
786.471 52.687
786.680 52.733
786.889 52.728
787.097 52.730
787.306 52.748
787.515 52.848
787.724 52.848
787.933 52.847
788.141 52.887
788.350 53.059
788.559 53.124
788.768 53.166
788.977 53.192
789.186 53.102
789.394 52.988
789.603 52.942
789.812 52.867
790.021 52.862
790.230 52.909
790.439 53.017
790.647 52.901
790.856 52.711
791.065 52.610
791.274 52.597
791.483 52.739
791.692 52.866
791.900 52.804
792.109 52.732
792.318 52.714
792.527 52.761
792.736 52.735
792.944 52.737
793.153 52.834
793.362 52.855
793.571 52.853
793.780 52.847
793.989 52.906
794.197 53.128
794.406 53.337
794.615 53.385
794.824 53.429
795.033 53.461
795.242 53.533
795.450 53.606
795.659 53.740
795.868 53.706
796.077 53.673
796.286 53.600
796.495 53.480
796.703 53.475
796.912 53.583
797.121 53.556
797.330 53.508
797.539 53.421
797.747 53.331
797.956 53.239
798.165 53.380
798.374 53.370
798.583 53.337
798.792 53.426
799.000 53.389
799.209 53.398
799.418 53.472
799.627 53.599
799.836 53.711
800.045 53.896
800.253 53.968
800.462 53.881
800.671 53.898
800.880 53.889
801.089 53.838
801.298 53.857
801.506 53.776
801.715 53.746
801.924 53.699
802.133 53.681
802.342 53.598
802.550 53.618
802.759 53.810
802.968 53.916
803.177 54.051
803.386 54.215
803.595 54.196
803.803 54.250
804.012 54.171
804.221 54.125
804.430 54.079
804.639 54.075
804.848 54.113
805.056 54.004
805.265 54.030
805.474 54.059
805.683 54.003
805.892 54.064
806.101 54.178
806.309 54.192
806.518 54.175
806.727 54.263
806.936 54.289
807.145 54.293
807.353 54.260
807.562 54.171
807.771 54.247
807.980 54.343
808.189 54.327
808.398 54.170
808.606 54.146
808.815 54.195
809.024 54.050
809.233 53.952
809.442 53.973
809.651 54.043
809.859 54.128
810.068 54.091
810.277 53.912
810.486 53.932
810.695 54.049
810.904 54.057
811.112 54.060
811.321 54.127
811.530 54.269
811.740 54.277
811.949 54.353
812.159 54.400
812.368 54.287
812.578 54.265
812.787 54.421
812.997 54.761
813.206 54.941
813.416 55.081
813.625 55.193
813.835 55.124
814.044 55.145
814.254 55.251
814.463 55.263
814.673 55.355
814.882 55.618
815.092 55.650
815.301 55.303
815.511 55.248
815.720 55.190
815.930 55.229
816.139 55.304
816.349 55.198
816.558 54.974
816.768 54.923
816.977 54.906
817.187 54.704
817.396 54.427
817.606 54.477
817.815 54.589
818.025 54.605
818.234 54.484
818.444 54.457
818.653 54.498
818.863 54.641
819.072 54.739
819.282 54.834
819.491 54.993
819.701 55.179
819.910 55.210
820.120 55.179
820.329 55.305
820.539 55.346
820.748 55.314
820.958 55.459
821.167 55.586
821.377 55.640
821.586 55.547
821.796 55.357
822.005 55.422
822.215 55.489
822.424 55.455
822.634 55.297
822.843 55.429
823.053 55.592
823.262 55.747
823.472 55.728
823.681 55.594
823.891 55.640
824.100 55.936
824.310 55.989
824.519 55.905
824.729 55.849
824.938 55.855
825.148 55.811
825.357 55.810
825.567 55.714
825.776 55.738
825.986 55.823
826.195 55.842
826.405 55.715
826.614 55.616
826.824 55.708
827.033 55.846
827.243 55.956
827.452 56.018
827.662 55.955
827.871 55.812
828.081 55.693
828.290 55.721
828.500 55.653
828.709 55.721
828.919 55.763
829.128 55.709
829.338 55.613
829.547 55.689
829.757 55.694
829.966 55.661
830.176 55.645
830.385 55.753
830.595 55.906
830.804 56.075
831.014 56.082
831.223 56.201
831.433 56.275
831.642 56.321
831.852 56.249
832.061 56.199
832.271 56.238
832.480 56.454
832.690 56.316
832.899 56.181
833.109 56.332
833.318 56.344
833.528 56.178
833.737 56.016
833.947 56.146
834.156 56.228
834.366 56.331
834.575 56.303
834.785 56.152
834.994 56.302
835.204 56.217
835.413 56.019
835.623 55.964
835.832 56.052
836.042 56.194
836.251 56.229
836.461 56.118
836.670 56.091
836.880 56.162
837.089 56.219
837.299 56.154
837.508 56.318
837.718 56.453
837.927 56.582
838.137 56.630
838.346 56.599
838.556 56.562
838.765 56.680
838.975 56.743
839.184 56.765
839.394 56.686
839.603 56.676
839.813 56.673
840.022 56.527
840.232 56.403
840.441 56.351
840.651 56.482
840.860 56.446
841.070 56.442
841.279 56.488
841.489 56.489
841.698 56.492
841.908 56.401
842.117 56.228
842.327 56.183
842.536 56.360
842.746 56.512
842.955 56.499
843.165 56.616
843.374 56.643
843.584 56.616
843.793 56.659
844.003 56.857
844.212 57.064
844.422 57.256
844.631 57.314
844.841 57.259
845.050 57.181
845.260 57.164
845.469 57.036
845.679 56.927
845.888 56.920
846.098 57.058
846.307 56.955
846.517 56.843
846.726 56.825
846.936 57.172
847.145 57.227
847.355 57.201
847.564 57.138
847.774 57.597
847.983 58.530
848.193 58.538
848.402 58.429
848.612 58.369
848.821 58.480
849.031 58.639
849.240 58.363
849.450 58.343
849.659 58.324
849.869 58.427
850.078 58.157
850.288 57.514
850.497 57.570
850.707 57.539
850.916 57.597
851.126 57.567
851.335 57.389
851.545 57.472
851.754 57.622
851.964 57.795
852.173 57.682
852.383 57.480
852.592 57.329
852.802 57.397
853.011 57.469
853.221 57.407
853.430 57.295
853.640 57.352
853.849 57.456
854.059 57.281
854.268 57.220
854.478 57.373
854.687 57.484
854.897 57.467
855.106 57.492
855.316 57.489
855.525 57.519
855.735 57.592
855.944 57.519
856.154 57.531
856.363 57.664
856.573 57.672
856.782 57.364
856.992 57.124
857.201 57.127
857.411 57.053
857.620 57.090
857.830 57.223
858.039 57.249
858.249 57.351
858.458 57.230
858.668 57.138
858.877 57.116
859.087 57.554
859.296 57.736
859.506 57.592
859.715 57.422
859.925 57.296
860.134 57.239
860.344 57.158
860.553 57.192
860.763 57.336
860.972 57.365
861.182 57.336
861.391 57.221
861.601 57.146
861.810 57.302
862.020 57.455
862.229 57.425
862.439 57.488
862.648 57.779
862.858 57.731
863.067 57.509
863.277 57.462
863.486 57.611
863.696 57.525
863.905 57.480
864.115 57.463
864.324 57.482
864.534 57.645
864.743 57.770
864.953 57.876
865.162 57.850
865.372 57.920
865.581 57.971
865.791 58.066
866.000 58.144
866.210 58.434
866.419 58.593
866.629 58.481
866.838 58.328
867.048 58.177
867.257 58.135
867.467 58.446
867.676 58.709
867.886 58.741
868.095 58.542
868.305 58.532
868.514 58.405
868.724 58.200
868.933 58.303
869.143 58.306
869.352 58.234
869.562 58.213
869.771 58.197
869.981 57.892
870.190 57.776
870.400 57.860
870.609 57.890
870.819 57.958
871.028 58.208
871.238 58.397
871.447 58.477
871.657 58.377
871.866 57.934
872.076 57.894
872.285 58.178
872.495 58.315
872.704 58.127
872.914 58.169
873.123 58.377
873.333 58.279
873.542 57.978
873.752 58.103
873.961 58.417
874.171 58.561
874.380 58.201
874.590 58.139
874.799 58.544
875.009 58.903
875.218 59.130
875.428 58.725
875.637 58.680
875.847 59.143
876.056 59.128
876.266 58.914
876.475 59.095
876.685 59.357
876.894 59.377
877.104 59.011
877.313 58.774
877.523 58.567
877.732 58.728
877.942 58.828
878.151 58.630
878.361 58.508
878.570 58.621
878.780 58.593
878.989 58.625
879.199 58.707
879.408 58.682
879.618 58.462
879.827 58.338
880.037 58.514
880.246 58.625
880.456 58.710
880.665 58.884
880.875 58.888
881.084 59.139
881.294 59.053
881.503 58.575
881.713 58.553
881.922 58.845
882.132 58.804
882.341 58.617
882.551 58.487
882.760 58.343
882.970 58.257
883.179 58.565
883.389 58.639
883.598 58.585
883.808 58.799
884.017 58.860
884.227 58.635
884.436 58.627
884.646 58.648
884.855 58.566
885.065 58.538
885.274 58.729
885.484 58.851
885.693 58.781
885.903 58.657
886.112 58.709
886.322 58.714
886.531 59.005
886.741 59.262
886.950 59.599
887.160 59.804
887.369 59.705
887.579 59.577
887.788 59.008
887.998 58.783
888.207 59.150
888.417 59.234
888.626 59.176
888.836 58.874
889.045 58.653
889.255 58.466
889.464 58.769
889.674 59.073
889.883 58.904
890.093 59.145
890.302 59.184
890.512 59.103
890.721 59.309
890.931 59.189
891.140 59.271
891.350 59.217
891.559 59.178
891.769 59.064
891.978 58.992
892.188 59.315
892.397 59.331
892.607 59.364
892.816 59.473
893.026 59.046
893.235 59.056
893.445 59.375
893.654 59.869
893.864 60.073
894.073 59.834
894.283 59.745
894.492 59.480
894.702 59.331
894.911 59.499
895.121 59.592
895.330 59.594
895.540 59.618
895.749 59.740
895.959 59.601
896.168 59.624
896.378 59.718
896.587 59.997
896.797 59.989
897.006 59.982
897.216 60.003
897.425 59.611
897.635 59.727
897.844 60.075
898.054 59.929
898.263 59.593
898.473 59.060
898.682 58.643
898.892 58.583
899.101 59.073
899.311 59.178
899.520 58.797
899.730 58.859
899.939 58.852
900.149 58.655
900.358 58.656
900.568 59.043
900.777 59.476
900.987 59.702
901.196 59.525
901.406 59.215
901.615 59.189
901.825 59.296
902.034 59.094
902.244 59.147
902.453 59.025
902.663 58.795
902.872 58.647
903.082 58.617
903.291 58.917
903.501 59.041
903.710 59.165
903.920 59.647
904.129 59.745
904.339 59.859
904.548 59.571
904.758 59.327
904.967 59.448
905.177 59.575
905.386 59.830
905.596 59.807
905.805 59.898
906.015 60.041
906.224 59.666
906.434 59.654
906.643 59.920
906.853 60.170
907.062 60.662
907.272 60.529
907.481 60.233
907.691 60.208
907.900 60.084
908.110 59.971
908.319 59.777
908.529 59.766
908.738 59.787
908.948 59.678
909.157 59.408
909.367 59.107
909.576 59.455
909.786 59.699
909.995 59.191
910.205 59.052
910.414 58.776
910.624 58.916
910.833 59.243
911.043 59.213
911.252 59.474
911.462 60.076
911.672 60.164
911.881 59.932
912.091 59.540
912.300 59.762
912.512 59.858
912.724 60.216
912.937 60.238
913.149 60.201
913.361 60.575
913.573 60.159
913.786 59.911
913.998 60.235
914.210 60.158
914.422 60.604
914.634 60.504
914.847 60.287
915.059 59.699
915.271 59.389
915.483 59.075
915.696 58.682
915.908 59.274
916.120 59.582
916.332 59.458
916.544 59.819
916.757 59.728
916.969 59.485
917.181 59.534
917.393 59.914
917.606 59.992
917.818 60.086
918.030 60.270
918.242 59.934
918.454 59.613
918.667 59.543
918.879 59.271
919.091 59.145
919.303 59.328
919.516 59.570
919.728 59.862
919.940 60.278
920.152 60.296
920.364 60.150
920.577 60.010
920.789 60.039
921.001 60.104
921.213 60.600
921.426 61.083
921.638 61.477
921.850 61.274
922.062 60.837
922.274 60.478
922.487 60.711
922.699 60.825
922.911 60.947
923.123 61.088
923.336 61.014
923.548 60.680
923.760 60.515
923.972 60.308
924.184 60.249
924.397 60.271
924.609 60.308
924.821 60.496
925.033 60.583
925.246 60.588
925.458 60.446
925.670 60.545
925.882 60.713
926.094 60.514
926.307 60.429
926.519 60.570
926.731 60.992
926.943 61.195
927.156 60.634
927.368 60.386
927.580 60.456
927.792 60.703
928.004 60.874
928.217 60.634
928.429 60.797
928.641 61.232
928.853 61.444
929.066 61.392
929.278 61.458
929.490 61.709
929.702 62.024
929.914 62.172
930.127 62.389
930.339 62.322
930.551 62.395
930.763 62.182
930.976 61.816
931.188 61.871
931.400 61.579
931.612 61.183
931.824 61.526
932.037 61.711
932.249 61.746
932.461 61.483
932.673 61.509
932.886 61.512
933.098 61.957
933.310 62.648
933.522 62.603
933.734 63.178
933.947 63.597
934.159 63.127
934.371 62.600
934.583 62.172
934.796 61.957
935.008 62.099
935.220 62.531
935.432 61.870
935.644 61.136
935.857 61.155
936.069 60.491
936.281 60.116
936.493 59.714
936.706 60.386
936.918 61.298
937.130 61.213
937.342 60.672
937.554 60.438
937.767 61.717
937.979 62.447
938.191 62.272
938.403 62.326
938.616 61.968
938.828 62.874
939.040 63.182
939.252 62.897
939.464 63.132
939.677 63.652
939.889 63.447
940.101 62.775
940.313 62.853
940.526 63.315
940.738 63.570
940.950 64.002
941.162 63.399
941.374 62.714
941.587 63.152
941.799 63.356
942.011 63.379
942.223 63.602
942.436 63.208
942.648 62.342
942.860 62.094
943.072 61.525
943.284 61.623
943.497 61.530
943.709 61.854
943.921 61.297
944.133 61.835
944.346 62.158
944.558 62.275
944.770 63.024
944.982 63.768
945.194 63.991
945.407 65.128
945.619 65.021
945.831 65.590
946.043 65.515
946.256 65.887
946.468 65.326
946.680 64.665
946.892 64.870
947.104 64.651
947.317 64.251
947.529 63.838
947.741 64.134
947.953 64.651
948.166 63.644
948.378 63.751
948.590 64.579
948.802 64.892
949.014 65.576
949.227 65.016
949.439 64.296
949.651 64.490
949.863 65.546
950.076 64.963
950.288 64.821
950.500 65.869
950.712 65.520
950.924 64.268
951.137 65.362
951.349 66.565
951.561 66.853
951.773 69.512
951.986 72.765
952.198 71.396
952.410 70.305
952.622 69.238
952.834 69.099
953.047 70.253
953.259 69.888
953.471 67.715
953.683 65.732
953.896 66.923
954.108 66.103
954.320 62.390
954.532 62.338
954.744 63.797
954.957 65.277
955.169 65.143
955.381 64.872
955.593 64.725
955.806 64.384
956.018 64.833
956.230 64.147
956.442 62.640
956.654 63.118
956.867 63.417
957.079 62.951
957.291 62.791
957.503 63.718
957.716 62.645
957.928 62.951
958.140 63.876
958.352 64.331
958.564 64.179
958.777 64.036
958.989 63.585
959.201 64.760
959.413 65.743
959.626 65.286
959.838 64.142
960.050 64.257
960.262 64.730
960.474 65.631
960.687 66.511
960.899 66.856
961.111 67.243
961.323 67.677
961.536 66.488
961.748 65.841
961.960 66.187
962.172 65.884
962.384 65.080
962.597 65.195
962.809 66.416
963.021 65.983
963.233 64.907
963.446 64.129
963.658 63.455
963.870 64.355
964.082 65.054
964.294 65.235
964.507 65.147
964.719 65.813
964.931 65.979
965.143 64.324
965.356 63.991
965.568 64.827
965.780 65.988
966.000 66.091
966.221 65.363
966.441 65.072
966.662 65.605
966.882 66.878
967.103 66.933
967.323 65.895
967.543 66.358
967.764 66.296
967.984 65.606
968.205 65.182
968.425 65.978
968.645 65.971
968.866 64.819
969.086 64.161
969.307 63.721
969.527 64.535
969.748 65.289
969.968 64.750
970.188 63.644
970.409 62.688
970.629 62.502
970.850 63.468
971.070 63.594
971.290 64.298
971.511 63.752
971.731 63.841
971.952 64.064
972.172 63.362
972.393 63.181
972.613 64.077
972.833 65.660
973.054 66.805
973.274 66.218
973.495 66.417
973.715 66.947
973.936 68.093
974.156 67.768
974.376 67.348
974.597 67.896
974.817 67.245
975.038 66.739
975.258 66.365
975.478 65.963
975.699 65.178
975.919 65.016
976.140 65.751
976.360 65.770
976.581 65.862
976.801 65.546
977.021 65.312
977.242 64.912
977.462 65.118
977.683 67.047
977.903 67.432
978.123 68.915
978.344 69.020
978.564 67.874
978.785 67.600
979.005 68.290
979.226 68.737
979.446 69.562
979.666 70.676
979.887 70.655
980.107 69.931
980.328 71.263
980.548 70.999
980.769 71.076
980.989 69.247
981.209 69.098
981.430 70.046
981.650 70.013
981.871 69.548
982.091 68.784
982.311 69.376
982.532 67.678
982.752 64.916
982.973 64.597
983.193 65.475
983.414 67.392
983.634 67.816
983.854 66.497
984.075 67.147
984.295 68.011
984.516 68.049
984.736 66.723
984.956 66.299
985.177 66.701
985.397 65.254
985.618 64.589
985.838 64.887
986.059 63.048
986.279 62.886
986.499 62.511
986.720 62.104
986.940 64.517
987.161 65.031
987.381 65.388
987.602 66.040
987.822 67.973
988.042 67.321
988.263 67.184
988.483 68.431
988.704 67.244
988.924 65.217
989.144 64.304
989.365 63.611
989.585 65.671
989.806 66.804
990.026 66.376
990.247 65.917
990.467 66.549
990.687 66.406
990.908 66.981
991.128 68.889
991.349 71.353
991.569 72.555
991.789 72.607
992.010 71.682
992.230 71.320
992.451 70.628
992.671 69.892
992.892 72.567
993.112 73.870
993.332 72.990
993.553 72.016
993.773 72.516
993.994 71.617
994.214 71.015
994.435 70.652
994.655 70.935
994.875 71.085
995.096 72.905
995.316 71.847
995.537 69.398
995.757 68.075
995.977 68.289
996.198 64.791
996.418 64.091
996.639 64.823
996.859 65.308
997.080 65.457
997.300 67.553
997.520 66.739
997.741 63.438
997.961 63.741
998.182 64.022
998.402 62.186
998.622 65.698
998.843 70.467
999.063 70.691
999.284 69.574
999.504 67.180
999.725 64.661
999.945 64.337
1000.165 67.558
1000.386 68.396
1000.606 69.687
1000.827 71.654
1001.047 70.367
1001.268 65.223
1001.488 64.226
1001.708 68.597
1001.929 72.577
1002.149 73.985
1002.370 70.463
1002.590 68.497
1002.810 71.205
1003.031 70.670
1003.251 69.471
1003.472 69.589
1003.692 70.978
1003.913 71.556
1004.133 66.491
1004.353 65.150
1004.574 65.805
1004.794 71.032
1005.015 74.608
1005.235 69.957
1005.455 68.287
1005.676 67.899
1005.896 67.035
1006.117 66.112
1006.337 65.283
1006.558 70.305
1006.778 70.083
1006.998 67.439
1007.219 63.891
1007.439 60.506
1007.660 62.940
1007.880 66.789
1008.101 69.255
1008.321 67.416
1008.541 67.298
1008.762 69.425
1008.982 68.385
1009.203 70.450
1009.423 71.834
1009.643 71.773
1009.864 73.982
1010.084 71.434
1010.305 70.531
1010.525 72.147
1010.746 72.641
1010.966 71.202
1011.186 70.489
1011.407 69.164
1011.627 66.666
1011.848 67.588
1012.068 69.216
1012.288 67.034
1012.509 69.636
1012.729 68.980
1012.950 64.986
