290.982 83.019
291.167 84.135
291.352 85.489
291.537 85.742
291.722 85.547
291.907 88.854
292.091 87.765
292.276 85.188
292.461 83.566
292.646 82.520
292.831 83.867
293.016 82.534
293.201 79.211
293.386 77.011
293.571 77.618
293.756 77.894
293.940 77.421
294.125 76.908
294.310 78.628
294.495 80.307
294.680 79.535
294.865 77.272
295.050 77.676
295.235 78.844
295.420 78.549
295.605 76.621
295.789 78.637
295.974 80.805
296.159 79.937
296.344 78.998
296.529 77.760
296.714 78.470
296.899 79.195
297.084 80.347
297.269 80.449
297.454 81.515
297.638 82.749
297.823 80.550
298.008 78.638
298.193 78.756
298.378 79.301
298.563 78.995
298.748 79.801
298.933 79.480
299.118 78.243
299.303 79.270
299.487 79.028
299.672 77.585
299.857 75.402
300.042 75.896
300.227 75.529
300.412 74.188
300.597 73.726
300.782 71.459
300.967 72.276
301.152 72.736
301.336 72.071
301.521 72.265
301.706 74.356
301.891 76.110
302.076 76.508
302.261 77.110
302.446 77.966
302.631 77.683
302.816 80.654
303.001 80.835
303.185 78.667
303.370 77.408
303.555 76.454
303.740 74.137
303.925 72.834
304.110 72.000
304.295 72.847
304.480 73.142
304.665 73.282
304.850 71.128
305.034 69.320
305.219 70.523
305.404 70.625
305.589 70.640
305.774 70.721
305.959 71.878
306.144 72.240
306.329 69.517
306.514 67.230
306.699 66.623
306.883 65.593
307.068 66.103
307.253 66.289
307.438 67.755
307.623 68.646
307.808 67.624
307.993 65.743
308.178 64.584
308.363 65.355
308.548 67.906
308.732 69.822
308.917 70.197
309.102 69.869
309.287 69.180
309.472 69.065
309.657 69.573
309.842 69.399
310.027 68.540
310.212 67.827
310.397 67.253
310.581 65.553
310.766 64.667
310.951 65.504
311.136 65.028
311.321 64.834
311.506 64.034
311.691 63.016
311.876 63.178
312.061 63.488
312.245 65.657
312.430 68.039
312.615 69.468
312.800 68.456
312.985 66.478
313.170 65.702
313.347 66.309
313.523 65.328
313.700 64.601
313.877 64.861
314.054 65.812
314.230 64.715
314.407 62.773
314.584 61.642
314.761 61.091
314.937 60.549
315.114 60.927
315.291 60.721
315.467 60.769
315.644 58.891
315.821 58.207
315.998 58.090
316.174 57.867
316.351 58.538
316.528 58.484
316.704 58.077
316.881 57.810
317.058 58.023
317.235 58.574
317.411 59.465
317.588 61.078
317.765 61.233
317.942 60.697
318.118 60.616
318.295 59.461
318.472 58.089
318.648 58.407
318.825 59.192
319.002 58.117
319.179 56.946
319.355 57.045
319.532 57.542
319.709 56.992
319.885 57.352
320.062 57.655
320.239 57.773
320.416 58.403
320.592 58.429
320.769 58.519
320.946 59.417
321.123 59.387
321.299 58.226
321.476 56.950
321.653 57.736
321.829 57.804
322.006 57.201
322.183 57.176
322.360 56.473
322.536 55.692
322.713 56.091
322.890 56.155
323.066 55.647
323.243 56.462
323.420 58.579
323.597 58.485
323.773 57.074
323.950 57.634
324.127 58.993
324.304 59.802
324.480 59.873
324.657 59.486
324.834 58.864
325.010 58.874
325.187 57.681
325.364 56.030
325.541 55.734
325.717 56.521
325.894 55.331
326.071 53.277
326.248 52.705
326.424 53.080
326.601 52.530
326.778 51.974
326.954 51.548
327.131 51.125
327.308 49.941
327.485 49.605
327.661 49.498
327.838 49.328
328.015 49.612
328.191 49.171
328.368 48.432
328.545 47.358
328.722 47.401
328.898 48.849
329.075 49.857
329.252 49.483
329.429 48.497
329.605 48.911
329.782 48.867
329.959 48.189
330.135 47.701
330.312 48.199
330.489 49.028
330.666 48.847
330.842 47.480
331.019 46.691
331.196 47.537
331.372 48.204
331.549 46.744
331.726 46.504
331.903 46.704
332.079 47.029
332.256 46.213
332.433 45.213
332.610 44.097
332.786 43.756
332.963 43.965
333.140 43.790
333.316 44.953
333.493 44.960
333.670 44.195
333.847 45.573
334.023 45.708
334.200 45.056
334.377 45.232
334.553 46.571
334.730 46.397
334.907 45.219
335.084 44.912
335.260 43.985
335.437 44.534
335.614 45.690
335.791 44.394
335.967 43.992
336.144 44.669
336.321 44.670
336.497 44.245
336.674 44.287
336.851 45.108
337.028 44.600
337.204 43.575
337.381 43.879
337.558 44.181
337.734 43.699
337.911 43.019
338.088 42.614
338.265 44.314
338.441 45.176
338.618 44.088
338.795 43.017
338.972 43.519
339.148 44.475
339.325 43.960
339.502 42.172
339.678 42.089
339.855 42.939
340.032 42.813
340.209 40.961
340.385 39.772
340.562 39.929
340.739 40.123
340.916 39.395
341.092 39.090
341.269 39.064
341.446 39.046
341.622 38.416
341.799 37.758
341.976 38.176
342.153 38.843
342.329 38.936
342.506 39.230
342.683 38.803
342.859 38.317
343.036 37.927
343.213 37.612
343.390 37.858
343.566 38.470
343.743 38.142
343.920 37.014
344.097 35.784
344.273 35.643
344.450 35.564
344.627 35.854
344.803 36.729
344.980 36.443
345.157 35.726
345.334 35.216
345.510 34.882
345.687 34.659
345.864 35.394
346.040 36.142
346.217 36.262
346.394 35.948
346.571 35.263
346.747 33.632
346.924 33.308
347.101 34.340
347.278 34.834
347.454 35.348
347.631 35.098
347.808 34.116
347.984 33.775
348.161 33.848
348.338 34.209
348.515 34.255
348.691 34.585
348.868 34.372
349.045 32.991
349.221 32.356
349.398 31.356
349.575 31.673
349.752 32.379
349.928 31.806
350.105 30.758
350.282 29.702
350.459 30.080
350.635 30.429
350.812 30.050
350.989 30.913
351.165 31.971
351.342 32.180
351.519 31.750
351.696 31.264
351.872 31.324
352.049 31.490
352.226 32.379
352.402 32.408
352.579 32.408
352.756 32.974
352.933 32.376
353.109 30.860
353.286 29.953
353.463 29.749
353.640 29.472
353.816 28.681
353.993 28.374
354.170 27.831
354.346 27.588
354.523 27.835
354.700 27.451
354.877 27.228
355.053 27.154
355.230 27.438
355.407 27.650
355.584 28.052
355.760 28.734
355.937 29.119
356.114 29.514
356.290 29.393
356.467 29.019
356.644 28.678
356.821 28.270
356.997 28.902
357.174 29.425
357.351 29.493
357.527 29.464
357.704 29.356
357.881 29.678
358.058 29.933
358.234 29.932
358.411 29.610
358.588 29.424
358.765 29.377
358.941 29.028
359.118 28.606
359.295 28.121
359.471 27.290
359.648 27.204
359.825 26.825
360.002 25.952
360.178 25.766
360.355 25.737
360.532 25.611
360.708 25.634
360.885 25.480
361.062 24.771
361.239 24.554
361.415 24.923
361.592 24.656
361.769 24.345
361.946 24.860
362.122 24.991
362.299 24.462
362.476 24.544
362.652 24.668
362.829 25.035
363.006 25.354
363.183 25.851
363.359 25.846
363.536 25.236
363.713 24.961
363.889 24.475
364.066 23.824
364.243 23.760
364.420 23.552
364.596 23.181
364.773 22.546
364.950 22.859
365.127 22.795
365.303 22.611
365.480 23.280
365.661 23.325
365.841 23.239
366.022 23.338
366.202 23.409
366.383 23.385
366.563 23.379
366.744 23.295
366.924 22.911
367.105 22.668
367.286 22.147
367.466 21.364
367.647 21.351
367.827 21.137
368.008 21.113
368.188 21.087
368.369 20.919
368.549 20.982
368.730 20.596
368.911 20.364
369.091 20.300
369.272 20.287
369.452 20.408
369.633 19.984
369.813 19.989
369.994 20.300
370.174 20.078
370.355 19.774
370.535 19.434
370.716 19.862
370.897 19.941
371.077 19.505
371.258 19.956
371.438 20.654
371.619 20.903
371.799 20.543
371.980 19.741
372.160 19.684
372.341 19.883
372.522 19.963
372.702 19.843
372.883 19.719
373.063 19.673
373.244 19.459
373.424 19.029
373.605 18.848
373.785 18.719
373.966 18.709
374.147 18.787
374.327 18.965
374.508 19.003
374.688 18.743
374.869 18.733
375.049 19.166
375.230 19.545
375.410 19.394
375.591 19.108
375.772 19.235
375.952 19.595
376.133 19.599
376.313 19.424
376.494 18.972
376.674 18.867
376.855 18.845
377.035 18.222
377.216 17.879
377.397 17.939
377.577 18.008
377.758 17.856
377.938 17.570
378.119 17.300
378.299 17.112
378.480 17.319
378.660 17.629
378.841 17.771
379.021 17.650
379.202 17.043
379.383 16.582
379.563 16.278
379.744 16.058
379.924 15.857
380.105 15.949
380.285 15.871
380.466 15.528
380.646 14.984
380.827 14.489
381.008 14.593
381.188 14.778
381.369 14.963
381.549 14.850
381.730 14.784
381.910 14.932
382.091 14.721
382.271 14.746
382.452 15.013
382.633 15.163
382.813 15.372
382.994 15.518
383.174 15.280
383.355 14.895
383.535 15.018
383.716 15.287
383.896 15.001
384.077 14.948
384.258 14.900
384.438 14.707
384.619 14.595
384.799 14.303
384.980 14.074
385.160 13.992
385.341 13.900
385.521 13.714
385.702 13.348
385.882 13.478
386.063 13.537
386.244 13.435
386.424 13.366
386.605 13.053
386.785 12.943
386.966 12.809
387.146 12.701
387.327 12.742
387.507 12.746
387.688 12.901
387.869 12.822
388.049 12.936
388.230 13.022
388.410 13.003
388.591 13.056
388.771 13.032
388.952 12.870
389.132 12.696
389.313 12.683
389.494 12.645
389.674 12.473
389.855 12.269
390.035 12.016
390.216 11.691
390.396 11.652
390.577 11.677
390.757 11.490
390.938 11.505
391.119 11.624
391.299 11.594
391.480 11.603
391.660 11.590
391.841 11.682
392.021 11.673
392.202 11.738
392.382 11.717
392.563 11.711
392.743 11.762
392.924 11.640
393.105 11.489
393.285 11.397
393.466 11.314
393.646 11.336
393.827 11.218
394.007 10.846
394.188 10.863
394.368 10.835
394.549 10.673
394.730 10.563
394.910 10.642
395.091 10.706
395.271 10.925
395.452 11.090
395.632 10.768
395.813 10.544
395.993 10.688
396.174 10.592
396.355 10.457
396.535 10.620
396.716 10.930
396.896 11.108
397.077 11.082
397.257 10.721
397.438 10.291
397.618 10.267
397.799 10.357
397.980 10.460
398.160 10.475
398.341 10.461
398.521 10.361
398.702 10.111
398.882 9.770
399.063 9.717
399.243 9.828
399.424 9.964
399.605 10.230
399.785 10.196
399.966 9.922
400.146 9.823
400.327 9.871
400.507 9.987
400.688 9.907
400.868 9.889
401.049 9.849
401.229 9.598
401.410 9.561
401.591 9.603
401.771 9.811
401.952 9.984
402.132 9.939
402.313 9.855
402.493 9.748
402.674 9.880
402.854 10.016
403.035 10.148
403.216 10.089
403.396 10.141
403.577 10.011
403.757 9.591
403.938 9.283
404.118 9.091
404.299 8.882
404.479 8.638
404.660 8.449
404.841 8.302
405.023 8.162
405.204 8.187
405.385 8.161
405.566 8.191
405.748 8.244
405.929 8.401
406.110 8.830
406.292 9.122
406.473 9.351
406.654 9.489
406.835 9.487
407.017 9.347
407.198 9.385
407.379 9.286
407.560 9.054
407.742 8.948
407.923 8.787
408.104 8.302
408.286 8.015
408.467 7.825
408.648 7.874
408.829 8.195
409.011 8.293
409.192 8.151
409.373 8.095
409.555 8.225
409.736 8.439
409.917 8.670
410.098 8.891
410.280 8.964
410.461 8.989
410.642 8.722
410.823 8.130
411.005 7.996
411.186 8.216
411.367 8.331
411.549 8.331
411.730 8.245
411.911 8.065
412.092 8.008
412.274 8.077
412.455 8.050
412.636 8.110
412.818 8.350
412.999 8.386
413.180 8.279
413.361 8.183
413.543 8.123
413.724 8.141
413.905 8.159
414.087 8.145
414.268 8.031
414.449 7.992
414.630 7.935
414.812 7.944
414.993 8.013
415.174 7.914
415.355 7.841
415.537 7.769
415.718 7.744
415.899 7.719
416.081 7.555
416.262 7.402
416.443 7.334
416.624 7.293
416.806 7.187
416.987 7.064
417.168 7.010
417.350 6.992
417.531 7.025
417.712 7.046
417.893 7.088
418.075 7.239
418.256 7.200
418.437 7.065
418.618 6.957
418.800 6.934
418.981 7.008
419.162 7.074
419.344 7.156
419.525 7.191
419.706 7.125
419.887 7.002
420.069 6.942
420.250 7.113
420.431 7.266
420.613 7.419
420.794 7.439
420.975 7.268
421.156 7.246
421.338 7.170
421.519 7.009
421.700 6.924
421.882 6.918
422.063 6.848
422.244 6.765
422.425 6.713
422.607 6.551
422.788 6.476
422.969 6.531
423.150 6.630
423.332 6.836
423.513 6.957
423.694 6.875
423.876 6.874
424.057 6.928
424.238 6.925
424.419 7.098
424.601 7.498
424.782 7.586
424.963 7.631
425.145 7.495
425.326 7.248
425.507 7.142
425.688 7.327
425.870 7.315
426.051 7.218
426.232 7.221
426.413 7.099
426.595 6.723
426.776 6.548
426.957 6.552
427.139 6.705
427.320 6.710
427.501 6.651
427.682 6.416
427.864 6.398
428.045 6.400
428.226 6.313
428.408 6.247
428.589 6.252
428.770 6.274
428.951 6.108
429.133 5.904
429.314 5.900
429.495 5.944
429.677 6.020
429.858 6.008
430.039 5.986
430.220 6.023
430.402 6.021
430.583 6.051
430.764 6.057
430.945 6.121
431.127 6.092
431.308 6.067
431.489 6.122
431.671 6.138
431.852 6.084
432.033 6.080
432.214 6.076
432.396 6.052
432.577 5.949
432.758 5.916
432.940 5.962
433.121 6.004
433.302 5.948
433.483 5.951
433.665 6.060
433.846 6.179
434.027 6.216
434.208 6.225
434.390 6.242
434.571 6.300
434.752 6.332
434.934 6.317
435.115 6.354
435.296 6.382
435.477 6.341
435.659 6.283
435.840 6.280
436.030 6.340
436.220 6.277
436.410 6.229
436.600 6.200
436.790 6.240
436.980 6.303
437.170 6.260
437.360 6.257
437.550 6.228
437.741 6.205
437.931 6.152
438.121 6.128
438.311 6.189
438.501 6.204
438.691 6.260
438.881 6.225
439.071 6.105
439.261 6.059
439.451 5.992
439.641 5.939
439.831 5.827
440.021 5.738
440.211 5.635
440.401 5.620
440.591 5.652
440.781 5.671
440.971 5.662
441.161 5.631
441.351 5.638
441.542 5.703
441.732 5.749
441.922 5.791
442.112 5.847
442.302 5.936
442.492 5.904
442.682 5.798
442.872 5.636
443.062 5.550
443.252 5.553
443.442 5.575
443.632 5.523
443.822 5.466
444.012 5.395
444.202 5.361
444.392 5.296
444.582 5.244
444.772 5.229
444.962 5.249
445.153 5.292
445.343 5.287
445.533 5.202
445.723 5.161
445.913 5.127
446.103 5.155
446.293 5.161
446.483 5.163
446.673 5.199
446.863 5.249
447.053 5.285
447.243 5.334
447.433 5.356
447.623 5.414
447.813 5.465
448.003 5.538
448.193 5.555
448.383 5.536
448.573 5.509
448.764 5.369
448.954 5.297
449.144 5.250
449.334 5.189
449.524 5.169
449.714 5.150
449.904 5.150
450.094 5.123
450.284 5.077
450.474 5.034
450.664 5.013
450.854 5.084
451.044 5.118
451.234 5.120
451.424 5.020
451.614 4.981
451.804 5.004
451.994 4.940
452.184 4.897
452.375 4.961
452.565 5.002
452.755 5.028
452.945 5.088
453.135 5.126
453.325 5.161
453.515 5.280
453.705 5.337
453.895 5.340
454.085 5.415
454.275 5.523
454.465 5.540
454.655 5.492
454.845 5.475
455.035 5.518
455.225 5.454
455.415 5.415
455.605 5.433
455.795 5.483
455.985 5.434
456.176 5.346
456.366 5.277
456.556 5.244
456.746 5.292
456.936 5.302
457.126 5.274
457.316 5.316
457.506 5.335
457.696 5.273
457.886 5.155
458.076 5.132
458.266 5.141
458.456 5.114
458.646 5.074
458.836 5.049
459.026 5.078
459.216 5.057
459.406 5.016
459.596 5.007
459.787 5.003
459.977 5.059
460.167 5.140
460.357 5.150
460.547 5.139
460.737 5.159
460.927 5.199
461.117 5.122
461.307 5.135
461.497 5.195
461.687 5.202
461.877 5.244
462.067 5.292
462.257 5.333
462.447 5.358
462.637 5.336
462.827 5.318
463.017 5.328
463.207 5.444
463.397 5.441
463.588 5.433
463.778 5.508
463.968 5.509
464.158 5.465
464.348 5.413
464.538 5.453
464.728 5.482
464.918 5.491
465.108 5.473
465.298 5.389
465.488 5.335
465.678 5.311
465.868 5.285
466.058 5.282
466.248 5.223
466.438 5.200
466.628 5.220
466.818 5.239
467.008 5.270
467.199 5.298
467.389 5.286
467.579 5.312
467.769 5.354
467.959 5.295
468.149 5.220
468.339 5.272
468.529 5.328
468.719 5.360
468.909 5.342
469.099 5.296
469.289 5.274
469.479 5.323
469.669 5.311
469.859 5.267
470.049 5.280
470.239 5.319
470.429 5.302
470.619 5.214
470.810 5.112
471.000 5.143
471.190 5.243
471.380 5.234
471.570 5.214
471.760 5.247
471.950 5.291
472.140 5.343
472.330 5.428
472.520 5.451
472.710 5.484
472.900 5.519
473.090 5.507
473.280 5.415
473.470 5.388
473.660 5.376
473.850 5.364
474.040 5.373
474.230 5.350
474.421 5.296
474.611 5.277
474.801 5.293
474.991 5.344
475.181 5.368
475.371 5.399
475.561 5.424
475.751 5.378
475.941 5.331
476.131 5.292
476.321 5.301
476.511 5.295
476.701 5.293
476.891 5.235
477.081 5.124
477.271 4.999
477.461 4.951
477.651 4.927
477.841 4.955
478.031 5.006
478.222 5.012
478.412 5.005
478.602 5.009
478.792 5.039
478.982 5.097
479.172 5.103
479.362 5.172
479.552 5.219
479.742 5.180
479.932 5.184
480.122 5.190
480.312 5.190
480.502 5.213
480.692 5.225
480.882 5.170
481.072 5.131
481.262 5.170
481.452 5.176
481.642 5.158
481.833 5.246
482.023 5.284
482.213 5.288
482.403 5.328
482.593 5.329
482.783 5.368
482.973 5.455
483.163 5.507
483.353 5.473
483.543 5.509
483.733 5.545
483.923 5.512
484.113 5.530
484.303 5.508
484.493 5.434
484.683 5.451
484.873 5.450
485.063 5.407
485.253 5.371
485.443 5.418
485.634 5.376
485.824 5.353
486.014 5.392
486.204 5.378
486.394 5.410
486.584 5.456
486.774 5.410
486.964 5.377
487.154 5.383
487.344 5.413
487.534 5.413
487.724 5.428
487.914 5.442
488.104 5.428
488.294 5.438
488.484 5.432
488.674 5.434
488.864 5.447
489.054 5.448
489.245 5.436
489.435 5.446
489.625 5.494
489.815 5.568
490.005 5.670
490.195 5.698
490.385 5.684
490.575 5.702
490.765 5.739
490.955 5.780
491.145 5.781
491.335 5.806
491.525 5.784
491.715 5.740
491.905 5.695
492.095 5.629
492.285 5.590
492.475 5.597
492.665 5.595
492.856 5.610
493.046 5.591
493.236 5.601
493.426 5.644
493.616 5.650
493.806 5.665
493.996 5.660
494.186 5.645
494.376 5.697
494.566 5.695
494.756 5.682
494.946 5.667
495.136 5.677
495.326 5.708
495.516 5.715
495.706 5.751
495.896 5.769
496.086 5.797
496.276 5.805
496.467 5.753
496.657 5.772
496.847 5.784
497.037 5.767
497.227 5.791
497.417 5.790
497.607 5.768
497.797 5.787
497.987 5.788
498.177 5.744
498.367 5.786
498.557 5.844
498.747 5.862
498.937 5.905
499.127 5.932
499.317 5.892
499.507 5.849
499.697 5.831
499.887 5.853
500.077 5.883
500.268 5.912
500.458 5.867
500.648 5.822
500.838 5.798
501.028 5.790
501.218 5.795
501.408 5.807
501.598 5.835
501.788 5.865
501.978 5.874
502.168 5.830
502.358 5.836
502.548 5.875
502.738 5.909
502.928 5.936
503.118 5.914
503.308 5.929
503.498 5.971
503.688 5.990
503.879 5.988
504.069 5.975
504.259 6.026
504.449 6.026
504.639 6.007
504.829 6.010
505.019 6.009
505.209 6.013
505.399 5.976
505.589 5.933
505.779 5.913
505.969 5.887
506.159 5.870
506.349 5.863
506.539 5.870
506.729 5.871
506.919 5.880
507.109 5.882
507.299 5.876
507.490 5.879
507.680 5.875
507.870 5.883
508.060 5.878
508.250 5.853
508.440 5.831
508.630 5.822
508.820 5.820
509.010 5.812
509.200 5.802
509.390 5.829
509.580 5.841
509.770 5.874
509.960 5.881
510.150 5.885
510.340 5.917
510.530 5.958
510.720 6.004
510.910 6.032
511.100 6.073
511.291 6.083
511.481 6.077
511.671 6.094
511.861 6.169
512.051 6.316
512.241 6.370
512.431 6.394
512.621 6.393
512.811 6.396
513.001 6.386
513.191 6.362
513.381 6.380
513.571 6.398
513.761 6.409
513.951 6.347
514.141 6.211
514.331 6.214
514.521 6.179
514.711 6.181
514.902 6.221
515.092 6.253
515.282 6.272
515.472 6.268
515.662 6.259
515.852 6.266
516.042 6.243
516.232 6.259
516.422 6.267
516.612 6.298
516.802 6.295
516.992 6.236
517.182 6.203
517.372 6.191
517.562 6.218
517.752 6.253
517.942 6.269
518.132 6.330
518.322 6.370
518.513 6.367
518.703 6.386
518.893 6.441
519.083 6.520
519.273 6.593
519.463 6.607
519.653 6.614
519.843 6.633
520.033 6.647
520.223 6.645
520.413 6.638
520.603 6.669
520.793 6.692
520.983 6.686
521.173 6.662
521.363 6.640
521.553 6.680
521.743 6.692
521.933 6.690
522.123 6.721
522.314 6.775
522.504 6.787
522.694 6.768
522.884 6.762
523.074 6.754
523.264 6.768
523.454 6.778
523.644 6.802
523.834 6.844
524.024 6.888
524.214 6.884
524.404 6.833
524.594 6.843
524.784 6.898
524.974 6.901
525.164 6.889
525.354 6.876
525.544 6.894
525.734 6.885
525.925 6.875
526.115 6.858
526.305 6.915
526.495 6.999
526.685 7.023
526.875 7.021
527.065 7.040
527.255 7.057
527.445 7.084
527.635 7.088
527.825 7.128
528.015 7.172
528.205 7.189
528.395 7.139
528.585 7.116
528.775 7.123
528.965 7.139
529.155 7.162
529.345 7.224
529.535 7.251
529.726 7.285
529.916 7.282
530.106 7.294
530.296 7.344
530.486 7.401
530.676 7.427
530.866 7.462
531.056 7.496
531.246 7.520
531.436 7.519
531.626 7.559
531.816 7.562
532.006 7.569
532.196 7.563
532.386 7.533
532.576 7.507
532.766 7.511
532.956 7.514
533.146 7.522
533.337 7.514
533.527 7.516
533.717 7.505
533.907 7.536
534.097 7.566
534.287 7.590
534.477 7.597
534.667 7.633
534.857 7.670
535.047 7.701
535.237 7.729
535.427 7.772
535.617 7.803
535.807 7.840
535.997 7.849
536.187 7.849
536.377 7.851
536.567 7.902
536.757 7.928
536.948 7.939
537.138 7.927
537.328 7.929
537.518 7.942
537.708 7.949
537.898 7.951
538.088 7.953
538.278 7.967
538.468 7.992
538.658 8.001
538.848 8.009
539.038 8.004
539.228 8.031
539.418 8.061
539.608 8.108
539.798 8.144
539.988 8.158
540.178 8.178
540.368 8.217
540.558 8.247
540.749 8.253
540.939 8.258
541.129 8.300
541.319 8.338
541.509 8.557
541.699 8.972
541.889 9.003
542.079 9.052
542.269 9.101
542.459 9.131
542.649 9.151
542.839 9.201
543.029 9.254
543.219 9.294
543.409 9.294
543.599 9.081
543.789 8.702
543.979 8.714
544.169 8.742
544.360 8.767
544.550 8.803
544.740 8.808
544.930 8.808
545.120 8.813
545.310 8.797
545.500 8.829
545.690 8.873
545.880 8.893
546.070 8.925
546.267 8.929
546.463 8.931
546.660 8.920
546.857 8.947
547.054 8.985
547.251 8.997
547.447 9.012
547.644 9.013
547.841 9.031
548.038 9.037
548.234 9.051
548.431 9.072
548.628 9.102
548.825 9.134
549.021 9.158
549.218 9.154
549.415 9.154
549.612 9.176
549.808 9.238
550.005 9.278
550.202 9.286
550.399 9.314
550.595 9.346
550.792 9.367
550.989 9.378
551.186 9.395
551.382 9.475
551.579 9.555
551.776 9.621
551.973 9.628
552.169 9.664
552.366 9.717
552.563 9.732
552.760 9.763
552.956 9.828
553.153 9.882
553.350 9.957
553.547 9.988
553.743 10.019
553.940 10.015
554.137 10.042
554.334 10.031
554.530 10.050
554.727 10.080
554.924 10.095
555.121 10.077
555.317 10.072
555.514 10.073
555.711 10.094
555.908 10.112
556.104 10.147
556.301 10.180
556.498 10.242
556.695 10.266
556.891 10.272
557.088 10.280
557.285 10.307
557.482 10.369
557.678 10.384
557.875 10.381
558.072 10.423
558.269 10.473
558.465 10.516
558.662 10.514
558.859 10.502
559.056 10.523
559.252 10.549
559.449 10.596
559.646 10.639
559.843 10.667
560.039 10.664
560.236 10.626
560.433 10.593
560.630 10.576
560.826 10.611
561.023 10.678
561.220 10.749
561.417 10.792
561.613 10.812
561.810 10.786
562.007 10.804
562.204 10.834
562.400 10.893
562.597 10.933
562.794 10.965
562.991 11.009
563.187 11.033
563.384 11.020
563.581 11.039
563.778 11.060
563.974 11.076
564.171 11.087
564.368 11.114
564.565 11.104
564.761 11.118
564.958 11.159
565.155 11.172
565.352 11.166
565.548 11.192
565.745 11.217
565.942 11.228
566.139 11.256
566.335 11.305
566.532 11.347
566.729 11.412
566.926 11.467
567.122 11.474
567.319 11.472
567.516 11.516
567.713 11.559
567.909 11.598
568.106 11.638
568.303 11.677
568.500 11.681
568.696 11.705
568.893 11.718
569.090 11.718
569.287 11.735
569.483 11.785
569.680 11.826
569.877 11.828
570.074 11.827
570.270 11.827
570.467 11.839
570.664 11.880
570.861 11.891
571.057 11.907
571.254 11.911
571.451 11.935
571.648 11.946
571.844 11.966
572.041 12.015
572.238 12.045
572.435 12.071
572.631 12.120
572.828 12.158
573.025 12.155
573.222 12.163
573.418 12.220
573.615 12.222
573.812 12.236
574.009 12.251
574.205 12.248
574.402 12.259
574.599 12.284
574.796 12.285
574.992 12.307
575.189 12.381
575.386 12.404
575.583 12.421
575.779 12.470
575.976 12.491
576.173 12.529
576.370 12.599
576.567 12.654
576.763 12.702
576.960 12.744
577.158 12.735
577.356 12.744
577.554 12.773
577.752 12.774
577.950 12.819
578.148 12.868
578.346 12.857
578.544 12.858
578.742 12.879
578.940 12.889
579.138 12.926
579.336 12.998
579.534 13.043
579.732 13.087
579.930 13.154
580.128 13.186
580.326 13.215
580.524 13.263
580.722 13.280
580.920 13.267
581.118 13.315
581.316 13.356
581.514 13.341
581.712 13.346
581.909 13.399
582.107 13.468
582.305 13.505
582.503 13.532
582.701 13.557
582.899 13.592
583.097 13.645
583.295 13.674
583.493 13.705
583.691 13.785
583.889 13.840
584.087 13.883
584.285 13.908
584.483 13.958
584.681 14.030
584.879 14.081
585.077 14.098
585.275 14.151
585.473 14.217
585.671 14.285
585.869 14.342
586.067 14.398
586.265 14.443
586.463 14.452
586.661 14.460
586.859 14.484
587.057 14.529
587.255 14.639
587.453 14.720
587.651 14.762
587.849 14.785
588.047 14.837
588.245 14.891
588.443 14.964
588.641 15.045
588.839 15.125
589.037 15.165
589.235 15.237
589.433 15.292
589.631 15.355
589.829 15.386
590.027 15.407
590.225 15.414
590.423 15.462
590.621 15.489
590.819 15.533
591.017 15.597
591.215 15.663
591.413 15.717
591.611 15.770
591.809 15.792
592.006 15.854
592.204 15.937
592.402 16.027
592.600 16.092
592.798 16.139
592.996 16.151
593.194 16.169
593.392 16.231
593.590 16.278
593.788 16.313
593.986 16.398
594.184 16.471
594.382 16.536
594.580 16.614
594.778 16.647
594.976 16.681
595.174 16.740
595.372 16.791
595.570 16.813
595.768 16.839
595.966 16.847
596.164 16.833
596.362 16.848
596.560 16.873
596.758 16.867
596.956 16.883
597.154 16.912
597.352 16.942
597.550 17.001
597.748 17.104
597.946 17.169
598.144 17.258
598.342 17.340
598.540 17.388
598.738 17.409
598.936 17.442
599.134 17.466
599.332 17.509
599.530 17.570
599.728 17.576
599.926 17.546
600.124 17.579
600.322 17.622
600.520 17.673
600.718 17.696
600.916 17.733
601.114 17.778
601.312 17.850
601.510 17.860
601.708 17.883
601.905 17.959
602.103 18.012
602.301 18.062
602.499 18.054
602.697 18.047
602.895 18.068
603.093 18.117
603.291 18.141
603.489 18.138
603.687 18.158
603.885 18.186
604.083 18.167
604.281 18.139
604.479 18.097
604.677 18.129
604.875 18.148
605.073 18.160
605.271 18.161
605.469 18.178
605.667 18.201
605.865 18.245
606.063 18.298
606.261 18.386
606.459 18.413
606.657 18.444
606.855 18.434
607.053 18.412
607.251 18.408
607.449 18.395
607.647 18.382
607.845 18.370
608.043 18.352
608.241 18.314
608.439 18.245
608.637 18.251
608.835 18.246
609.033 18.230
609.231 18.218
609.429 18.217
609.627 18.219
609.825 18.235
610.023 18.260
610.221 18.271
610.419 18.262
610.617 18.243
610.815 18.219
611.013 18.205
611.211 18.241
611.409 18.275
611.607 18.278
611.804 18.255
612.002 18.258
612.200 18.271
612.398 18.285
612.596 18.274
612.794 18.260
612.992 18.285
613.190 18.308
613.388 18.282
613.586 18.304
613.784 18.338
613.982 18.374
614.180 18.387
614.378 18.404
614.576 18.385
614.774 18.390
614.972 18.394
615.170 18.409
615.368 18.444
615.566 18.446
615.764 18.403
615.962 18.359
616.160 18.355
616.358 18.333
616.556 18.290
616.754 18.304
616.952 18.315
617.150 18.333
617.348 18.308
617.546 18.274
617.744 18.316
617.942 18.368
618.140 18.421
618.338 18.456
618.536 18.500
618.734 18.527
618.932 18.540
619.130 18.537
619.328 18.574
619.526 18.609
619.724 18.622
619.922 18.644
620.120 18.676
620.318 18.722
620.516 18.746
620.714 18.766
620.912 18.832
621.110 18.880
621.308 18.946
621.506 18.996
621.704 19.057
621.901 19.168
622.099 19.197
622.297 19.219
622.495 19.236
622.693 19.277
622.891 19.294
623.089 19.303
623.287 19.350
623.485 19.382
623.683 19.411
623.881 19.437
624.079 19.441
624.277 19.506
624.475 19.560
624.673 19.625
624.871 19.695
625.069 19.762
625.267 19.821
625.465 19.893
625.663 19.980
625.861 20.043
626.059 20.106
626.257 20.172
626.455 20.218
626.653 20.279
626.851 20.287
627.049 20.310
627.247 20.363
627.445 20.447
627.643 20.488
627.841 20.532
628.039 20.594
628.237 20.640
628.435 20.690
628.633 20.744
628.831 20.783
629.029 20.863
629.227 20.902
629.425 20.971
629.623 21.038
629.821 21.127
630.019 21.184
630.217 21.239
630.415 21.337
630.613 21.421
630.811 21.449
631.009 21.498
631.207 21.559
631.405 21.639
631.603 21.712
631.801 21.795
631.998 21.874
632.196 21.957
632.394 22.044
632.592 22.120
632.790 22.198
632.988 22.328
633.186 22.424
633.384 22.516
633.582 22.603
633.780 22.682
633.978 22.715
634.176 22.775
634.374 22.865
634.572 22.916
634.770 22.954
634.968 23.033
635.166 23.138
635.364 23.213
635.562 23.262
635.760 23.333
635.958 23.382
636.156 23.473
636.354 23.568
636.552 23.642
636.750 23.745
636.948 23.871
637.146 23.972
637.344 24.054
637.542 24.126
637.740 24.211
637.938 24.300
638.136 24.568
638.334 24.996
638.532 25.049
638.730 25.107
638.928 25.169
639.126 25.211
639.324 25.268
639.522 25.345
639.720 25.473
639.918 25.569
640.116 25.645
640.314 25.548
640.512 25.265
640.710 25.365
640.908 25.504
641.106 25.662
641.304 25.782
641.502 25.853
641.699 25.898
641.897 25.931
642.095 26.034
642.293 26.120
642.491 26.189
642.689 26.289
642.887 26.384
643.085 26.459
643.283 26.499
643.481 26.559
643.679 26.641
643.877 26.751
644.075 26.879
644.273 26.976
644.471 27.066
644.669 27.168
644.867 27.231
645.065 27.234
645.263 27.231
645.461 27.276
645.659 27.355
645.857 27.413
646.055 27.469
646.253 27.502
646.451 27.520
646.649 27.538
646.847 27.581
647.045 27.661
647.243 27.793
647.441 27.939
647.639 28.040
647.837 28.112
648.035 28.180
648.233 28.198
648.431 28.274
648.629 28.350
648.827 28.459
649.025 28.537
649.223 28.556
649.421 28.557
649.619 28.574
649.817 28.597
650.015 28.650
650.213 28.668
650.411 28.716
650.609 28.724
650.807 28.756
651.005 28.804
651.203 28.852
651.401 28.945
651.599 28.981
651.796 28.998
651.994 29.019
652.192 29.010
652.390 29.053
652.588 29.069
652.786 29.102
652.984 29.110
653.182 29.110
653.380 29.126
653.578 29.091
653.776 29.131
653.974 29.196
654.172 29.197
654.370 29.143
654.568 29.106
654.766 29.117
654.964 29.142
655.162 29.161
655.360 29.147
655.558 29.117
655.756 29.155
655.954 29.159
656.152 29.144
656.350 29.175
656.548 29.230
656.746 29.262
656.944 29.254
657.142 29.215
657.340 29.206
657.538 29.269
657.736 29.299
657.934 29.267
658.132 29.270
658.330 29.226
658.528 29.186
658.726 29.211
658.924 29.222
659.122 29.284
659.320 29.353
659.518 29.345
659.716 29.262
659.914 29.229
660.112 29.235
660.310 29.214
660.508 29.217
660.706 29.237
660.904 29.214
661.102 29.155
661.300 29.081
661.498 29.017
661.696 29.030
661.893 29.079
662.091 29.060
662.289 29.032
662.487 29.016
662.685 28.979
662.883 28.919
663.081 28.900
663.279 28.917
663.477 28.887
663.675 28.854
663.873 28.849
664.071 28.808
664.269 28.808
664.467 28.763
664.665 28.715
664.863 28.686
665.061 28.702
665.259 28.670
665.457 28.664
665.655 28.657
665.853 28.600
666.051 28.535
666.249 28.515
666.447 28.491
666.645 28.497
666.843 28.463
667.041 28.434
667.239 28.413
667.437 28.414
667.635 28.395
667.833 28.384
668.031 28.400
668.229 28.418
668.427 28.431
668.625 28.436
668.823 28.391
669.021 28.419
669.219 28.443
669.417 28.399
669.615 28.355
669.813 28.343
670.011 28.326
670.209 28.303
670.407 28.254
670.605 28.177
670.803 28.125
671.001 28.168
671.199 28.148
671.397 28.108
671.595 28.154
671.792 28.192
671.990 28.121
672.188 28.076
672.386 28.069
672.584 28.092
672.782 28.113
672.980 28.120
673.178 28.108
673.376 28.092
673.574 28.103
673.772 28.055
673.970 28.041
674.168 28.091
674.366 28.162
674.564 28.208
674.762 28.194
674.960 28.200
675.158 28.217
675.356 28.206
675.554 28.217
675.752 28.219
675.950 28.250
676.148 28.278
676.346 28.320
676.544 28.294
676.742 28.264
676.940 28.289
677.138 28.325
677.336 28.354
677.534 28.386
677.732 28.443
677.930 28.518
678.128 28.566
678.326 28.565
678.524 28.552
678.722 28.608
678.920 28.687
679.118 28.741
679.316 28.780
679.514 28.837
679.712 28.879
679.910 28.917
680.108 28.922
680.306 28.897
680.504 28.928
680.702 28.977
680.900 29.026
681.098 29.062
681.296 29.107
681.494 29.165
681.691 29.216
681.889 29.268
682.087 29.270
682.285 29.319
682.483 29.433
682.681 29.548
682.879 29.659
683.077 29.747
683.275 29.792
683.473 29.822
683.671 29.868
683.869 29.918
684.067 29.987
684.265 30.109
684.463 30.226
684.661 30.266
684.859 30.264
685.057 30.289
685.255 30.332
685.453 30.443
685.651 30.537
685.849 30.595
686.047 30.651
686.245 30.728
686.443 30.769
686.641 30.822
686.839 30.922
687.037 30.989
687.235 31.039
687.433 31.112
687.631 31.174
687.829 31.247
688.027 31.306
688.225 31.389
688.423 31.452
688.621 31.497
688.819 31.523
689.017 31.567
689.215 31.642
689.413 31.705
689.611 31.755
689.809 31.800
690.007 31.907
690.205 32.018
690.403 32.102
690.601 32.159
690.799 32.273
690.997 32.382
691.195 32.481
691.393 32.557
691.591 32.655
691.788 32.760
691.986 32.865
692.184 32.878
692.382 32.926
692.580 32.968
692.778 33.006
692.976 33.052
693.174 33.092
693.372 33.171
693.570 33.296
693.768 33.429
693.966 33.488
694.164 33.517
694.362 33.597
694.560 33.654
694.758 33.729
694.956 33.838
695.154 33.903
695.352 33.981
695.550 34.015
695.748 33.999
695.946 33.984
696.144 34.056
696.342 34.161
696.540 34.239
696.744 34.277
696.948 34.347
697.152 34.373
697.357 34.435
697.561 34.519
697.765 34.560
697.969 34.684
698.173 34.788
698.377 34.811
698.581 34.860
698.786 34.921
698.990 35.009
699.194 35.034
699.398 35.077
699.602 35.090
699.806 35.074
700.010 35.138
700.215 35.156
700.419 35.176
700.623 35.225
700.827 35.228
701.031 35.239
701.235 35.295
701.440 35.356
701.644 35.408
701.848 35.498
702.052 35.564
702.256 35.627
702.460 35.671
702.664 35.721
702.869 35.775
703.073 35.860
703.277 35.948
703.481 35.989
703.685 36.064
703.889 36.111
704.093 36.139
704.298 36.203
704.502 36.228
704.706 36.241
704.910 36.257
705.114 36.258
705.318 36.262
705.522 36.258
705.727 36.296
705.931 36.266
706.135 36.253
706.339 36.265
706.543 36.327
706.747 36.423
706.951 36.491
707.156 36.510
707.360 36.591
707.564 36.653
707.768 36.663
707.972 36.674
708.176 36.758
708.380 36.871
708.585 36.960
708.789 36.930
708.993 36.826
709.197 36.834
709.401 36.849
709.605 36.847
709.810 36.858
710.014 36.897
710.218 36.860
710.422 36.818
710.626 36.824
710.830 36.780
711.034 36.754
711.239 36.820
711.443 36.863
711.647 36.880
711.851 36.808
712.055 36.727
712.259 36.732
712.463 36.761
712.668 36.792
712.872 36.774
713.076 36.786
713.280 36.913
713.484 36.945
713.688 36.920
713.892 36.912
714.097 36.978
714.301 37.117
714.505 37.117
714.709 37.095
714.913 37.066
715.117 37.060
715.321 37.049
715.526 36.926
715.730 36.907
715.934 36.899
716.138 36.911
716.342 36.912
716.546 36.772
716.750 36.726
716.955 36.741
717.159 36.717
717.363 36.653
717.567 36.604
717.771 36.619
717.975 36.553
718.180 36.521
718.384 36.485
718.588 36.429
718.792 36.503
718.996 36.573
719.200 36.554
719.404 36.554
719.609 36.609
719.813 36.612
720.017 36.606
720.221 36.643
720.425 36.640
720.629 36.638
720.833 36.662
721.038 36.575
721.242 36.455
721.446 36.403
721.650 36.335
721.854 36.252
722.058 36.233
722.262 36.168
722.467 36.100
722.671 36.028
722.875 35.966
723.079 35.910
723.283 35.905
723.487 35.936
723.691 35.964
723.896 35.951
724.100 35.890
724.304 35.870
724.508 35.852
724.712 35.793
724.916 35.839
725.120 35.894
725.325 35.937
725.529 35.919
725.733 35.859
725.937 35.834
726.141 35.863
726.345 35.900
726.550 35.846
726.754 35.793
726.958 35.782
727.162 35.672
727.366 35.599
727.570 35.530
727.774 35.479
727.979 35.431
728.183 35.338
728.387 35.273
728.591 35.224
728.795 35.237
728.999 35.259
729.203 35.267
729.408 35.289
729.612 35.320
729.816 35.274
730.020 35.214
730.224 35.220
730.428 35.265
730.632 35.216
730.837 35.208
731.041 35.155
731.245 35.100
731.449 35.052
731.653 35.049
731.857 34.945
732.061 34.884
732.266 34.872
732.470 34.804
732.674 34.720
732.878 34.707
733.082 34.688
733.286 34.679
733.490 34.644
733.695 34.587
733.899 34.486
734.103 34.475
734.307 34.458
734.511 34.424
734.715 34.412
734.920 34.429
735.124 34.387
735.328 34.340
735.532 34.300
735.736 34.315
735.940 34.328
736.144 34.330
736.349 34.315
736.553 34.323
736.757 34.340
736.961 34.347
737.165 34.297
737.369 34.254
737.573 34.200
737.778 34.170
737.982 34.064
738.186 33.971
738.390 33.908
738.594 33.784
738.798 33.721
739.002 33.630
739.207 33.515
739.411 33.456
739.615 33.419
739.819 33.395
740.023 33.317
740.227 33.273
740.431 33.271
740.636 33.236
740.840 33.243
741.044 33.199
741.248 33.177
741.452 33.156
741.656 33.107
741.860 33.011
742.065 32.898
742.269 32.890
742.473 32.952
742.677 32.951
742.881 32.956
743.085 32.944
743.290 32.854
743.494 32.792
743.698 32.785
743.902 32.747
744.106 32.792
744.310 32.796
744.514 32.750
744.719 32.664
744.923 32.638
745.127 32.666
745.331 32.734
745.535 32.777
745.739 32.723
745.943 32.634
746.148 32.577
746.352 32.546
746.556 32.575
746.760 32.543
746.964 32.487
747.168 32.454
747.372 32.408
747.577 32.259
747.781 32.197
747.985 32.214
748.189 32.214
748.393 32.211
748.597 32.221
748.801 32.169
749.006 32.125
749.210 32.091
749.414 32.038
749.618 31.918
749.822 31.885
750.026 31.876
750.230 31.856
750.435 31.859
750.639 31.901
750.843 31.843
751.047 31.803
751.251 31.751
751.455 31.711
751.660 31.608
751.864 31.594
752.068 31.594
752.272 31.574
752.476 31.541
752.680 31.486
752.884 31.382
753.089 31.325
753.293 31.309
753.497 31.400
753.701 31.426
753.905 31.508
754.109 31.484
754.313 31.442
754.518 31.406
754.722 31.390
754.926 31.462
755.130 31.465
755.334 31.472
755.538 31.441
755.742 31.355
755.947 31.348
756.151 31.309
756.355 31.413
756.559 31.443
756.763 31.391
756.967 31.341
757.171 31.243
757.376 31.183
757.580 31.104
757.784 31.053
757.988 30.978
758.192 30.944
758.396 30.942
758.600 30.818
758.805 30.738
759.009 30.792
759.213 30.908
759.417 30.985
759.621 30.982
759.825 30.965
760.030 31.064
760.234 31.200
760.438 31.179
760.642 31.162
760.846 31.163
761.050 31.140
761.254 31.119
761.459 31.054
761.663 30.974
761.867 30.988
762.071 31.013
762.275 30.903
762.479 30.809
762.683 30.845
762.888 30.839
763.092 30.735
763.296 30.716
763.500 30.683
763.709 30.657
763.918 30.668
764.126 30.701
764.335 30.773
764.544 30.823
764.753 30.883
764.962 30.860
765.171 30.797
765.379 30.891
765.588 30.964
765.797 30.979
766.006 30.944
766.215 30.921
766.424 30.896
766.632 30.884
766.841 30.867
767.050 30.725
767.259 30.703
767.468 30.805
767.677 30.777
767.885 30.669
768.094 30.640
768.303 30.659
768.512 30.657
768.721 30.621
768.929 30.554
769.138 30.565
769.347 30.616
769.556 30.599
769.765 30.502
769.974 30.539
770.182 30.595
770.391 30.587
770.600 30.578
770.809 30.549
771.018 30.498
771.227 30.454
771.435 30.447
771.644 30.488
771.853 30.442
772.062 30.418
772.271 30.341
772.480 30.309
772.688 30.371
772.897 30.407
773.106 30.467
773.315 30.473
773.524 30.531
773.732 30.530
773.941 30.488
774.150 30.506
774.359 30.514
774.568 30.539
774.777 30.569
774.985 30.550
775.194 30.547
775.403 30.483
775.612 30.550
775.821 30.498
776.030 30.469
776.238 30.498
776.447 30.518
776.656 30.576
776.865 30.609
777.074 30.650
777.283 30.713
777.491 30.742
777.700 30.787
777.909 30.744
778.118 30.846
778.327 30.872
778.535 30.838
778.744 30.869
778.953 30.858
779.162 30.788
779.371 30.719
779.580 30.600
779.788 30.582
779.997 30.583
780.206 30.654
780.415 30.578
780.624 30.536
780.833 30.562
781.041 30.577
781.250 30.635
781.459 30.731
781.668 30.795
781.877 30.800
782.086 30.723
782.294 30.726
782.503 30.784
782.712 30.813
782.921 30.901
783.130 31.018
783.338 31.076
783.547 31.092
783.756 31.125
783.965 31.189
784.174 31.276
784.383 31.336
784.591 31.295
784.800 31.197
785.009 31.189
785.218 31.087
785.427 30.961
785.636 30.851
785.844 30.685
786.053 30.556
786.262 30.492
786.471 30.464
786.680 30.450
786.889 30.475
787.097 30.491
787.306 30.558
787.515 30.717
787.724 30.781
787.933 30.800
788.141 30.890
788.350 31.041
788.559 31.073
788.768 31.079
788.977 31.112
789.186 31.108
789.394 31.024
789.603 30.907
789.812 30.806
790.021 30.725
790.230 30.720
790.439 30.798
790.647 30.748
790.856 30.605
791.065 30.558
791.274 30.540
791.483 30.578
791.692 30.701
791.900 30.732
792.109 30.725
792.318 30.802
792.527 30.867
792.736 30.819
792.944 30.775
793.153 30.894
793.362 30.954
793.571 30.926
793.780 30.890
793.989 30.836
794.197 30.881
794.406 30.909
794.615 30.879
794.824 30.860
795.033 30.892
795.242 30.978
795.450 31.002
795.659 30.985
795.868 30.949
796.077 30.928
796.286 30.952
796.495 30.978
796.703 31.072
796.912 31.190
797.121 31.236
797.330 31.218
797.539 31.120
797.747 31.062
797.956 31.129
798.165 31.312
798.374 31.424
798.583 31.427
798.792 31.411
799.000 31.367
799.209 31.371
799.418 31.455
799.627 31.480
799.836 31.524
800.045 31.712
800.253 31.610
800.462 31.411
800.671 31.295
800.880 31.310
801.089 31.402
801.298 31.385
801.506 31.215
801.715 31.121
801.924 31.120
802.133 31.122
802.342 31.037
802.550 31.198
802.759 31.448
802.968 31.575
803.177 31.592
803.386 31.595
803.595 31.513
803.803 31.580
804.012 31.558
804.221 31.584
804.430 31.613
804.639 31.601
804.848 31.529
805.056 31.467
805.265 31.492
805.474 31.574
805.683 31.568
805.892 31.742
806.101 31.910
806.309 31.920
806.518 31.914
806.727 31.951
806.936 32.012
807.145 32.082
807.353 32.026
807.562 31.960
807.771 32.100
807.980 32.321
808.189 32.311
808.398 32.175
808.606 32.250
808.815 32.308
809.024 32.275
809.233 32.244
809.442 32.320
809.651 32.406
809.859 32.478
810.068 32.375
810.277 32.181
810.486 32.214
810.695 32.354
810.904 32.450
811.112 32.566
811.321 32.673
811.530 32.718
811.740 32.637
811.949 32.657
812.159 32.623
812.368 32.553
812.578 32.529
812.787 32.644
812.997 32.903
813.206 32.910
813.416 32.904
813.625 32.945
813.835 32.889
814.044 32.942
814.254 33.053
814.463 33.173
814.673 33.271
814.882 33.414
815.092 33.389
815.301 33.157
815.511 33.118
815.720 33.061
815.930 33.112
816.139 33.249
816.349 33.216
816.558 33.125
816.768 33.097
816.977 33.085
817.187 33.008
817.396 32.843
817.606 32.874
817.815 33.019
818.025 32.942
818.234 32.780
818.444 32.704
818.653 32.765
818.863 32.755
819.072 32.856
819.282 32.987
819.491 33.020
819.701 33.120
819.910 33.170
820.120 33.223
820.329 33.499
820.539 33.644
820.748 33.712
820.958 33.806
821.167 33.942
821.377 33.953
821.586 33.859
821.796 33.767
822.005 33.791
822.215 33.819
822.424 33.646
822.634 33.461
822.843 33.539
823.053 33.569
823.262 33.611
823.472 33.703
823.681 33.729
823.891 33.798
824.100 34.102
824.310 34.274
824.519 34.129
824.729 34.170
824.938 34.239
825.148 34.169
825.357 34.173
825.567 34.206
825.776 34.213
825.986 34.184
826.195 34.102
826.405 33.995
826.614 33.958
826.824 34.140
827.033 34.300
827.243 34.418
827.452 34.527
827.662 34.656
827.871 34.632
828.081 34.610
828.290 34.823
828.500 34.952
828.709 35.050
828.919 35.095
829.128 35.107
829.338 35.060
829.547 35.133
829.757 35.180
829.966 35.110
830.176 35.004
830.385 35.055
830.595 35.018
830.804 35.048
831.014 35.055
831.223 35.163
831.433 35.166
831.642 35.201
831.852 35.071
832.061 34.943
832.271 34.971
832.480 35.197
832.690 35.093
832.899 34.987
833.109 35.192
833.318 35.255
833.528 35.188
833.737 35.205
833.947 35.284
834.156 35.473
834.366 35.719
834.575 35.687
834.785 35.598
834.994 35.752
835.204 35.785
835.413 35.587
835.623 35.537
835.832 35.609
836.042 35.755
836.251 36.029
836.461 35.956
836.670 35.802
836.880 35.937
837.089 36.183
837.299 36.210
837.508 36.383
837.718 36.617
837.927 36.876
838.137 36.931
838.346 36.828
838.556 36.582
838.765 36.747
838.975 37.006
839.184 37.089
839.394 36.888
839.603 36.761
839.813 36.655
840.022 36.589
840.232 36.442
840.441 36.398
840.651 36.667
840.860 36.803
841.070 36.771
841.279 36.799
841.489 36.937
841.698 37.043
841.908 37.034
842.117 36.949
842.327 36.828
842.536 36.913
842.746 37.032
842.955 36.941
843.165 37.009
843.374 37.098
843.584 37.130
843.793 37.124
844.003 37.357
844.212 37.708
844.422 37.827
844.631 37.834
844.841 37.776
845.050 37.752
845.260 37.834
845.469 37.806
845.679 37.693
845.888 37.686
846.098 37.812
846.307 37.772
846.517 37.670
846.726 37.806
846.936 38.288
847.145 38.501
847.355 38.498
847.564 38.426
847.774 39.034
847.983 40.205
848.193 40.312
848.402 40.241
848.612 40.110
848.821 40.060
849.031 40.043
849.240 39.806
849.450 39.647
849.659 39.631
849.869 39.610
850.078 38.901
850.288 37.886
850.497 37.767
850.707 37.659
850.916 37.674
851.126 37.683
851.335 37.742
851.545 37.853
851.754 38.104
851.964 38.309
852.173 38.375
852.383 38.527
852.592 38.667
852.802 38.857
853.011 38.972
853.221 38.997
853.430 39.043
853.640 39.141
853.849 39.271
854.059 39.148
854.268 39.117
854.478 39.287
854.687 39.337
854.897 39.226
855.106 39.244
855.316 39.229
855.525 39.299
855.735 39.355
855.944 39.317
856.154 39.382
856.363 39.592
856.573 39.714
856.782 39.582
856.992 39.499
857.201 39.677
857.411 39.758
857.620 39.955
857.830 40.102
858.039 40.147
858.249 40.153
858.458 39.900
858.668 39.746
858.877 39.706
859.087 39.922
859.296 40.135
859.506 40.083
859.715 39.961
859.925 39.847
860.134 39.848
860.344 39.967
860.553 40.124
860.763 40.286
860.972 40.271
861.182 40.284
861.391 40.223
861.601 39.925
861.810 39.872
862.020 40.021
862.229 40.118
862.439 40.097
862.648 40.110
862.858 40.081
863.067 39.923
863.277 39.955
863.486 40.112
863.696 40.220
863.905 40.379
864.115 40.511
864.324 40.535
864.534 40.569
864.743 40.579
864.953 40.644
865.162 40.755
865.372 40.898
865.581 40.884
865.791 40.928
866.000 40.907
866.210 41.215
866.419 41.420
866.629 41.358
866.838 41.345
867.048 41.486
867.257 41.691
867.467 41.889
867.676 42.073
867.886 42.262
868.095 42.167
868.305 42.141
868.514 42.060
868.724 41.726
868.933 41.776
869.143 41.856
869.352 41.894
869.562 41.889
869.771 41.909
869.981 41.936
870.190 41.922
870.400 41.999
870.609 42.281
870.819 42.453
871.028 42.899
871.238 43.155
871.447 43.242
871.657 43.389
871.866 43.246
872.076 43.309
872.285 43.246
872.495 43.140
872.704 43.036
872.914 42.924
873.123 42.998
873.333 42.945
873.542 42.799
873.752 42.891
873.961 42.941
874.171 42.947
874.380 42.631
874.590 42.762
874.799 43.221
875.009 43.731
875.218 43.989
875.428 43.530
875.637 43.398
875.847 43.879
876.056 43.940
876.266 43.676
876.475 43.759
876.685 44.153
876.894 44.434
877.104 44.370
877.313 44.046
877.523 44.046
877.732 44.547
877.942 44.682
878.151 44.349
878.361 44.314
878.570 44.437
878.780 44.535
878.989 44.656
879.199 44.825
879.408 44.823
879.618 44.800
879.827 44.766
880.037 45.005
880.246 45.389
880.456 45.607
880.665 45.536
880.875 45.639
881.084 45.902
881.294 45.698
881.503 45.018
881.713 44.982
881.922 45.280
882.132 45.064
882.341 44.759
882.551 44.593
882.760 44.593
882.970 44.658
883.179 44.839
883.389 44.650
883.598 44.660
883.808 45.222
884.017 45.451
884.227 45.295
884.436 45.450
884.646 45.525
884.855 45.246
885.065 44.936
885.274 45.132
885.484 45.391
885.693 45.698
885.903 45.640
886.112 45.500
886.322 45.598
886.531 45.940
886.741 46.146
886.950 46.262
887.160 46.572
887.369 46.755
887.579 46.758
887.788 46.628
887.998 46.613
888.207 46.816
888.417 46.929
888.626 46.798
888.836 46.251
889.045 45.885
889.255 45.903
889.464 46.194
889.674 46.390
889.883 46.278
890.093 46.205
890.302 46.016
890.512 46.066
890.721 46.324
890.931 46.307
891.140 46.655
891.350 46.885
891.559 46.923
891.769 46.788
891.978 46.673
892.188 46.941
892.397 46.908
892.607 46.937
892.816 47.001
893.026 46.496
893.235 46.296
893.445 46.464
893.654 46.685
893.864 46.769
894.073 46.759
894.283 46.788
894.492 46.522
894.702 46.582
894.911 46.716
895.121 46.638
895.330 46.920
895.540 47.263
895.749 47.584
895.959 47.738
896.168 47.906
896.378 47.834
896.587 48.159
896.797 48.400
897.006 48.349
897.216 48.478
897.425 48.463
897.635 48.288
897.844 48.408
898.054 48.178
898.263 47.979
898.473 47.605
898.682 47.394
898.892 47.335
899.101 47.453
899.311 47.466
899.520 47.281
899.730 47.482
899.939 47.840
900.149 47.718
900.358 47.623
900.568 47.852
900.777 48.459
900.987 48.648
901.196 48.339
901.406 48.199
901.615 48.278
901.825 48.430
902.034 48.375
902.244 48.338
902.453 48.439
902.663 48.601
902.872 48.491
903.082 48.217
903.291 48.408
903.501 48.720
903.710 48.802
903.920 49.129
904.129 49.141
904.339 49.175
904.548 48.979
904.758 48.868
904.967 48.918
905.177 49.140
905.386 49.334
905.596 49.499
905.805 49.774
906.015 49.997
906.224 49.944
906.434 49.913
906.643 49.796
906.853 49.782
907.062 49.902
907.272 49.717
907.481 49.695
907.691 50.073
907.900 50.084
908.110 49.849
908.319 49.709
908.529 49.509
908.738 49.545
908.948 49.654
909.157 49.808
909.367 49.905
909.576 50.429
909.786 50.360
909.995 49.732
910.205 49.413
910.414 48.975
910.624 48.962
910.833 49.340
911.043 49.487
911.252 49.715
911.462 50.074
911.672 50.087
911.881 49.776
912.091 49.644
912.300 49.922
912.512 50.094
912.724 50.716
912.937 51.058
913.149 51.300
913.361 51.716
913.573 51.620
913.786 51.337
913.998 51.361
914.210 51.200
914.422 51.490
914.634 51.467
914.847 51.646
915.059 51.404
915.271 51.414
915.483 51.220
915.696 51.127
915.908 51.678
916.120 52.104
916.332 52.329
916.544 52.821
916.757 53.053
916.969 53.111
917.181 53.168
917.393 53.431
917.606 53.184
917.818 52.740
918.030 52.466
918.242 52.248
918.454 51.996
918.667 51.987
918.879 51.822
919.091 51.488
919.303 51.165
919.516 50.851
919.728 50.806
919.940 51.130
920.152 51.583
920.364 51.660
920.577 51.418
920.789 51.359
921.001 51.428
921.213 51.927
921.426 52.452
921.638 52.843
921.850 52.576
922.062 52.300
922.274 52.298
922.487 52.405
922.699 52.419
922.911 52.712
923.123 53.223
923.336 53.630
923.548 53.167
923.760 52.709
923.972 52.769
924.184 53.129
924.397 53.129
924.609 53.128
924.821 53.465
925.033 53.780
925.246 53.764
925.458 53.565
925.670 53.192
925.882 53.465
926.094 53.703
926.307 53.579
926.519 53.767
926.731 54.302
926.943 54.436
927.156 54.104
927.368 54.026
927.580 54.147
927.792 54.452
928.004 54.828
928.217 54.682
928.429 54.997
928.641 55.447
928.853 55.803
929.066 55.810
929.278 55.962
929.490 56.126
929.702 56.052
929.914 55.769
930.127 55.593
930.339 55.546
930.551 55.814
930.763 55.571
930.976 55.420
931.188 55.400
931.400 55.219
931.612 54.928
931.824 55.091
932.037 55.300
932.249 56.008
932.461 56.358
932.673 56.237
932.886 56.075
933.098 56.009
933.310 56.270
933.522 56.445
933.734 57.020
933.947 57.555
934.159 57.212
934.371 57.121
934.583 56.457
934.796 55.765
935.008 55.574
935.220 56.039
935.432 55.900
935.644 55.150
935.857 55.000
936.069 54.532
936.281 54.094
936.493 53.801
936.706 54.531
936.918 55.779
937.130 56.190
937.342 56.427
937.554 56.477
937.767 57.453
937.979 57.997
938.191 57.721
938.403 58.021
938.616 57.989
938.828 58.738
939.040 58.699
939.252 58.386
939.464 58.181
939.677 58.223
939.889 57.816
940.101 57.413
940.313 58.246
940.526 58.725
940.738 58.901
940.950 59.158
941.162 58.744
941.374 58.675
941.587 59.240
941.799 59.635
942.011 59.350
942.223 59.432
942.436 59.541
942.648 58.716
942.860 58.819
943.072 58.086
943.284 57.924
943.497 58.352
943.709 57.808
943.921 56.429
944.133 56.989
944.346 57.894
944.558 58.185
944.770 58.384
944.982 59.170
945.194 59.218
945.407 59.661
945.619 59.523
945.831 59.539
946.043 60.238
946.256 61.453
946.468 61.546
946.680 61.133
946.892 61.167
947.104 60.909
947.317 60.152
947.529 59.767
947.741 60.411
947.953 61.113
948.166 60.324
948.378 60.144
948.590 60.568
948.802 60.008
949.014 60.262
949.227 59.938
949.439 59.582
949.651 60.168
949.863 61.388
950.076 61.486
950.288 61.901
950.500 63.009
950.712 62.265
950.924 61.300
951.137 62.113
951.349 62.916
951.561 63.360
951.773 65.833
951.986 68.633
952.198 67.023
952.410 65.631
952.622 64.276
952.834 63.691
953.047 64.703
953.259 64.034
953.471 62.377
953.683 61.246
953.896 62.237
954.108 61.363
954.320 57.712
954.532 57.734
954.744 58.980
954.957 60.095
955.169 60.355
955.381 60.235
955.593 60.021
955.806 59.859
956.018 59.679
956.230 58.896
956.442 57.593
956.654 58.315
956.867 58.410
957.079 58.681
957.291 59.395
957.503 60.504
957.716 60.505
957.928 61.453
958.140 62.167
958.352 62.864
958.564 62.705
958.777 62.189
958.989 61.398
959.201 62.911
959.413 63.691
959.626 62.230
959.838 60.395
960.050 59.513
960.262 59.011
960.474 59.763
960.687 60.958
960.899 61.419
961.111 61.791
961.323 62.510
961.536 61.343
961.748 60.668
961.960 61.505
962.172 61.465
962.384 60.899
962.597 61.605
962.809 63.167
963.021 61.922
963.233 60.521
963.446 60.222
963.658 59.616
963.870 60.695
964.082 61.163
964.294 61.316
964.507 61.275
964.719 61.644
964.931 61.615
965.143 59.963
965.356 59.906
965.568 61.097
965.780 62.596
966.000 63.279
966.221 62.210
966.441 61.770
966.662 62.527
966.882 64.170
967.103 64.869
967.323 64.202
967.543 64.723
967.764 65.420
967.984 65.137
968.205 63.692
968.425 63.503
968.645 63.543
968.866 62.450
969.086 61.503
969.307 61.041
969.527 61.607
969.748 62.001
969.968 60.931
970.188 59.673
970.409 58.821
970.629 59.270
970.850 61.142
971.070 62.108
971.290 63.244
971.511 62.412
971.731 62.420
971.952 62.889
972.172 62.061
972.393 62.477
972.613 63.471
972.833 64.738
973.054 65.503
973.274 63.319
973.495 62.199
973.715 62.425
973.936 64.128
974.156 63.920
974.376 63.706
974.597 64.830
974.817 64.580
975.038 64.041
975.258 63.265
975.478 63.106
975.699 64.308
975.919 64.749
976.140 64.916
976.360 64.450
976.581 64.352
976.801 64.292
977.021 64.266
977.242 63.286
977.462 63.334
977.683 65.771
977.903 65.664
978.123 66.034
978.344 66.303
978.564 65.193
978.785 64.151
979.005 65.161
979.226 65.352
979.446 65.317
979.666 65.936
979.887 65.229
980.107 63.079
980.328 63.111
980.548 62.638
980.769 61.941
980.989 60.133
981.209 60.106
981.430 60.304
981.650 60.326
981.871 60.434
982.091 60.088
982.311 60.858
982.532 59.928
982.752 59.534
982.973 59.705
983.193 60.419
983.414 62.331
983.634 63.558
983.854 62.118
984.075 62.374
984.295 63.376
984.516 64.121
984.736 64.656
984.956 66.432
985.177 66.914
985.397 65.882
985.618 66.485
985.838 67.615
986.059 67.192
986.279 67.858
986.499 66.943
986.720 66.491
986.940 68.360
987.161 67.430
987.381 65.287
987.602 65.203
987.822 66.804
988.042 65.989
988.263 64.975
988.483 64.360
988.704 63.627
988.924 63.372
989.144 63.355
989.365 62.741
989.585 65.054
989.806 65.869
990.026 64.145
990.247 62.579
990.467 62.044
990.687 62.007
990.908 62.683
991.128 64.259
991.349 65.267
991.569 64.767
991.789 64.538
992.010 63.821
992.230 64.046
992.451 63.823
992.671 64.016
992.892 67.205
993.112 69.512
993.332 69.165
993.553 67.585
993.773 67.858
993.994 67.052
994.214 65.987
994.435 65.291
994.655 66.663
994.875 68.453
995.096 71.586
995.316 71.722
995.537 68.416
995.757 66.135
995.977 66.681
996.198 63.465
996.418 62.059
996.639 62.975
996.859 63.094
997.080 62.645
997.300 64.793
997.520 61.772
997.741 56.594
997.961 57.485
998.182 58.615
998.402 56.105
998.622 59.677
998.843 65.680
999.063 66.191
999.284 65.801
999.504 64.471
999.725 61.932
999.945 62.975
1000.165 67.898
1000.386 69.107
1000.606 71.818
1000.827 74.489
1001.047 72.601
1001.268 67.410
1001.488 66.717
1001.708 69.971
1001.929 72.762
1002.149 73.717
1002.370 70.799
1002.590 69.230
1002.810 71.480
1003.031 68.838
1003.251 67.554
1003.472 69.348
1003.692 71.751
1003.913 72.996
1004.133 68.176
1004.353 67.017
1004.574 67.579
1004.794 71.290
1005.015 73.304
1005.235 69.106
1005.455 69.350
1005.676 71.212
1005.896 70.271
1006.117 68.684
1006.337 67.298
1006.558 71.913
1006.778 71.082
1006.998 67.377
1007.219 64.497
1007.439 60.557
1007.660 63.061
1007.880 66.525
1008.101 66.980
1008.321 64.087
1008.541 62.710
1008.762 64.899
1008.982 64.804
1009.203 65.475
1009.423 66.733
1009.643 66.414
1009.864 69.240
1010.084 65.350
1010.305 64.656
1010.525 67.701
1010.746 69.361
1010.966 67.077
1011.186 61.998
1011.407 58.547
1011.627 55.806
1011.848 55.410
1012.068 56.214
1012.288 53.384
1012.509 55.421
1012.729 51.376
1012.950 41.713
