290.982 88.197
291.167 89.306
291.352 89.855
291.537 89.573
291.722 89.566
291.907 93.928
292.091 94.755
292.276 92.550
292.461 91.269
292.646 89.037
292.831 88.865
293.016 86.250
293.201 83.079
293.386 82.004
293.571 83.275
293.756 83.639
293.940 82.853
294.125 80.098
294.310 80.482
294.495 82.581
294.680 83.012
294.865 81.910
295.050 82.860
295.235 84.163
295.420 83.821
295.605 82.417
295.789 83.635
295.974 84.762
296.159 84.131
296.344 83.453
296.529 81.704
296.714 81.829
296.899 82.993
297.084 84.487
297.269 84.248
297.454 84.408
297.638 84.577
297.823 82.954
298.008 81.896
298.193 82.369
298.378 82.943
298.563 82.787
298.748 83.691
298.933 83.219
299.118 81.651
299.303 82.047
299.487 81.681
299.672 80.394
299.857 78.311
300.042 79.589
300.227 80.280
300.412 79.377
300.597 79.247
300.782 77.452
300.967 77.802
301.152 77.957
301.336 78.198
301.521 78.648
301.706 80.051
301.891 81.903
302.076 81.853
302.261 81.514
302.446 82.832
302.631 82.945
302.816 85.469
303.001 85.040
303.185 83.575
303.370 81.699
303.555 80.311
303.740 79.408
303.925 78.275
304.110 76.562
304.295 77.187
304.480 77.238
304.665 76.189
304.850 74.318
305.034 73.256
305.219 74.229
305.404 75.365
305.589 76.365
305.774 76.356
305.959 77.194
306.144 78.134
306.329 76.281
306.514 73.497
306.699 73.234
306.883 72.312
307.068 72.485
307.253 72.731
307.438 73.394
307.623 73.765
307.808 71.828
307.993 69.933
308.178 68.509
308.363 68.936
308.548 71.797
308.732 73.571
308.917 74.055
309.102 74.038
309.287 73.295
309.472 73.239
309.657 73.658
309.842 73.828
310.027 72.946
310.212 72.355
310.397 71.661
310.581 69.935
310.766 68.646
310.951 67.659
311.136 66.735
311.321 66.668
311.506 65.324
311.691 63.766
311.876 63.607
312.061 63.639
312.245 65.858
312.430 67.930
312.615 68.723
312.800 68.533
312.985 67.979
313.170 67.739
313.347 68.316
313.523 68.036
313.700 67.760
313.877 68.115
314.054 69.548
314.230 68.694
314.407 66.589
314.584 65.131
314.761 64.574
314.937 64.852
315.114 66.010
315.291 65.737
315.467 65.552
315.644 64.348
315.821 64.158
315.998 63.707
316.174 62.544
316.351 62.891
316.528 63.185
316.704 62.569
316.881 61.569
317.058 60.973
317.235 61.364
317.411 61.957
317.588 63.166
317.765 63.219
317.942 63.678
318.118 65.268
318.295 65.028
318.472 64.045
318.648 64.410
318.825 65.316
319.002 64.237
319.179 62.597
319.355 62.365
319.532 62.521
319.709 61.916
319.885 61.405
320.062 60.331
320.239 59.868
320.416 60.763
320.592 60.967
320.769 60.605
320.946 61.002
321.123 61.807
321.299 61.953
321.476 61.381
321.653 62.015
321.829 61.749
322.006 61.182
322.183 61.349
322.360 60.547
322.536 60.550
322.713 61.092
322.890 61.079
323.066 59.883
323.243 59.434
323.420 61.264
323.597 61.313
323.773 60.232
323.950 60.457
324.127 61.176
324.304 61.375
324.480 60.010
324.657 59.570
324.834 59.758
325.010 60.294
325.187 59.953
325.364 58.271
325.541 57.434
325.717 57.863
325.894 56.828
326.071 54.933
326.248 54.528
326.424 55.454
326.601 55.072
326.778 54.322
326.954 53.938
327.131 53.312
327.308 52.000
327.485 52.041
327.661 51.980
327.838 52.149
328.015 53.027
328.191 52.837
328.368 52.153
328.545 51.056
328.722 50.913
328.898 52.287
329.075 52.960
329.252 52.637
329.429 51.934
329.605 52.212
329.782 52.510
329.959 52.360
330.135 52.201
330.312 52.213
330.489 52.631
330.666 52.630
330.842 50.896
331.019 50.061
331.196 50.550
331.372 51.036
331.549 49.907
331.726 49.257
331.903 49.222
332.079 49.641
332.256 49.039
332.433 47.981
332.610 47.113
332.786 47.552
332.963 48.017
333.140 47.817
333.316 48.698
333.493 49.064
333.670 48.683
333.847 49.375
334.023 48.821
334.200 48.126
334.377 48.404
334.553 48.848
334.730 48.194
334.907 47.318
335.084 47.551
335.260 46.886
335.437 47.044
335.614 47.671
335.791 46.439
335.967 46.009
336.144 46.655
336.321 46.818
336.497 46.851
336.674 46.941
336.851 46.939
337.028 46.208
337.204 45.291
337.381 45.528
337.558 45.886
337.734 45.502
337.911 45.159
338.088 45.175
338.265 46.498
338.441 47.076
338.618 45.721
338.795 45.301
338.972 46.114
339.148 46.921
339.325 46.173
339.502 44.407
339.678 44.147
339.855 44.531
340.032 44.224
340.209 42.943
340.385 42.149
340.562 42.531
340.739 42.345
340.916 41.529
341.092 41.303
341.269 41.561
341.446 41.708
341.622 41.603
341.799 41.736
341.976 41.979
342.153 42.327
342.329 42.413
342.506 42.791
342.683 42.936
342.859 42.638
343.036 42.162
343.213 41.754
343.390 41.584
343.566 41.464
343.743 40.772
343.920 39.925
344.097 38.705
344.273 38.051
344.450 37.721
344.627 38.069
344.803 38.822
344.980 38.593
345.157 38.035
345.334 37.979
345.510 37.896
345.687 37.600
345.864 37.998
346.040 38.611
346.217 38.819
346.394 38.532
346.571 37.760
346.747 36.222
346.924 35.961
347.101 36.919
347.278 37.578
347.454 38.370
347.631 38.124
347.808 37.125
347.984 37.191
348.161 37.645
348.338 37.949
348.515 37.734
348.691 37.856
348.868 37.617
349.045 36.213
349.221 35.122
349.398 33.894
349.575 34.169
349.752 35.003
349.928 34.622
350.105 33.864
350.282 33.146
350.459 33.610
350.635 33.974
350.812 33.414
350.989 34.086
351.165 35.198
351.342 35.350
351.519 34.772
351.696 34.314
351.872 34.055
352.049 33.743
352.226 34.269
352.402 33.965
352.579 33.615
352.756 34.041
352.933 33.691
353.109 32.127
353.286 31.264
353.463 31.445
353.640 31.416
353.816 30.897
353.993 30.644
354.170 30.248
354.346 30.291
354.523 30.525
354.700 30.268
354.877 30.021
355.053 30.161
355.230 30.631
355.407 30.836
355.584 31.139
355.760 31.709
355.937 31.989
356.114 32.093
356.290 31.660
356.467 31.326
356.644 31.109
356.821 30.883
356.997 31.385
357.174 31.494
357.351 31.364
357.527 31.031
357.704 30.572
357.881 30.797
358.058 31.288
358.234 31.456
358.411 31.313
358.588 31.073
358.765 31.064
358.941 30.837
359.118 30.614
359.295 30.295
359.471 29.542
359.648 29.317
359.825 29.073
360.002 28.285
360.178 28.092
360.355 27.954
360.532 28.159
360.708 28.127
360.885 27.940
361.062 27.373
361.239 26.912
361.415 27.206
361.592 27.108
361.769 26.819
361.946 27.161
362.122 27.470
362.299 27.007
362.476 26.779
362.652 26.684
362.829 26.948
363.006 27.141
363.183 27.603
363.359 27.773
363.536 27.582
363.713 27.396
363.889 27.180
364.066 26.517
364.243 26.577
364.420 26.627
364.596 26.511
364.773 25.904
364.950 26.151
365.127 26.118
365.303 25.775
365.480 26.359
365.661 26.615
365.841 26.355
366.022 26.299
366.202 26.255
366.383 25.819
366.563 25.636
366.744 25.641
366.924 25.373
367.105 25.197
367.286 24.685
367.466 23.608
367.647 23.327
367.827 23.268
368.008 23.449
368.188 23.417
368.369 23.389
368.549 23.356
368.730 22.811
368.911 22.537
369.091 22.424
369.272 22.529
369.452 22.900
369.633 22.712
369.813 22.491
369.994 22.641
370.174 22.602
370.355 22.258
370.535 22.042
370.716 22.487
370.897 22.461
371.077 22.170
371.258 22.620
371.438 23.250
371.619 23.350
371.799 23.059
371.980 22.258
372.160 22.032
372.341 22.286
372.522 22.350
372.702 22.468
372.883 22.559
373.063 22.560
373.244 22.372
373.424 21.718
373.605 21.476
373.785 21.518
373.966 21.581
374.147 21.643
374.327 21.787
374.508 21.835
374.688 21.401
374.869 21.361
375.049 21.699
375.230 22.000
375.410 21.909
375.591 21.695
375.772 21.833
375.952 22.181
376.133 22.227
376.313 22.096
376.494 21.715
376.674 21.734
376.855 21.795
377.035 21.223
377.216 20.897
377.397 21.155
377.577 21.447
377.758 21.146
377.938 20.774
378.119 20.565
378.299 20.389
378.480 20.487
378.660 20.406
378.841 20.186
379.021 19.947
379.202 19.332
379.383 18.750
379.563 18.268
379.744 18.048
379.924 17.834
380.105 17.813
380.285 17.621
380.466 17.258
380.646 16.922
380.827 16.593
381.008 16.689
381.188 17.031
381.369 17.404
381.549 17.234
381.730 17.172
381.910 17.318
382.091 17.134
382.271 17.218
382.452 17.389
382.633 17.566
382.813 17.965
382.994 18.204
383.174 17.795
383.355 17.333
383.535 17.516
383.716 17.748
383.896 17.498
384.077 17.407
384.258 17.462
384.438 17.558
384.619 17.539
384.799 17.089
384.980 16.779
385.160 16.793
385.341 16.565
385.521 16.267
385.702 15.976
385.882 16.223
386.063 16.351
386.244 16.179
386.424 16.036
386.605 15.882
386.785 15.937
386.966 15.904
387.146 15.666
387.327 15.728
387.507 15.880
387.688 15.966
387.869 15.735
388.049 15.837
388.230 15.884
388.410 15.717
388.591 15.581
388.771 15.521
388.952 15.429
389.132 15.392
389.313 15.360
389.494 15.186
389.674 15.124
389.855 14.972
390.035 14.826
390.216 14.789
390.396 14.983
390.577 15.038
390.757 14.805
390.938 14.669
391.119 14.741
391.299 14.776
391.480 14.834
391.660 14.816
391.841 14.925
392.021 14.748
392.202 14.509
392.382 14.216
392.563 14.099
392.743 14.131
392.924 14.170
393.105 14.175
393.285 14.113
393.466 14.022
393.646 13.910
393.827 13.796
394.007 13.493
394.188 13.540
394.368 13.623
394.549 13.515
394.730 13.330
394.910 13.246
395.091 13.226
395.271 13.514
395.452 13.722
395.632 13.524
395.813 13.408
395.993 13.624
396.174 13.493
396.355 13.260
396.535 13.401
396.716 13.740
396.896 13.933
397.077 13.835
397.257 13.397
397.438 13.041
397.618 13.025
397.799 13.071
397.980 13.144
398.160 13.259
398.341 13.287
398.521 13.170
398.702 12.955
398.882 12.596
399.063 12.491
399.243 12.655
399.424 12.715
399.605 12.847
399.785 12.699
399.966 12.466
400.146 12.377
400.327 12.429
400.507 12.553
400.688 12.377
400.868 12.376
401.049 12.417
401.229 12.130
401.410 12.030
401.591 12.105
401.771 12.373
401.952 12.483
402.132 12.355
402.313 12.246
402.493 12.195
402.674 12.462
402.854 12.622
403.035 12.786
403.216 12.691
403.396 12.739
403.577 12.692
403.757 12.363
403.938 12.193
404.118 12.129
404.299 11.976
404.479 11.700
404.660 11.432
404.841 11.298
405.023 11.101
405.204 11.079
405.385 11.003
405.566 10.909
405.748 10.856
405.929 10.860
406.110 11.177
406.292 11.443
406.473 11.667
406.654 11.787
406.835 11.670
407.017 11.538
407.198 11.624
407.379 11.534
407.560 11.391
407.742 11.361
407.923 11.289
408.104 10.868
408.286 10.578
408.467 10.382
408.648 10.503
408.829 10.897
409.011 11.033
409.192 10.970
409.373 10.935
409.555 11.013
409.736 11.162
409.917 11.275
410.098 11.450
410.280 11.538
410.461 11.572
410.642 11.333
410.823 10.853
411.005 10.727
411.186 10.925
411.367 11.083
411.549 11.031
411.730 10.937
411.911 10.859
412.092 10.826
412.274 10.916
412.455 10.926
412.636 10.931
412.818 11.076
412.999 11.085
413.180 10.949
413.361 10.875
413.543 10.903
413.724 10.955
413.905 10.953
414.087 10.947
414.268 10.793
414.449 10.703
414.630 10.648
414.812 10.620
414.993 10.681
415.174 10.569
415.355 10.518
415.537 10.451
415.718 10.430
415.899 10.382
416.081 10.240
416.262 10.199
416.443 10.206
416.624 10.202
416.806 10.125
416.987 9.990
417.168 9.937
417.350 9.857
417.531 9.832
417.712 9.791
417.893 9.833
418.075 9.992
418.256 9.862
418.437 9.685
418.618 9.533
418.800 9.483
418.981 9.580
419.162 9.678
419.344 9.743
419.525 9.781
419.706 9.724
419.887 9.571
420.069 9.418
420.250 9.556
420.431 9.648
420.613 9.750
420.794 9.772
420.975 9.640
421.156 9.579
421.338 9.532
421.519 9.468
421.700 9.428
421.882 9.431
422.063 9.380
422.244 9.317
422.425 9.296
422.607 9.212
422.788 9.169
422.969 9.188
423.150 9.319
423.332 9.523
423.513 9.551
423.694 9.396
423.876 9.352
424.057 9.358
424.238 9.364
424.419 9.568
424.601 9.945
424.782 10.047
424.963 10.071
425.145 9.893
425.326 9.628
425.507 9.538
425.688 9.728
425.870 9.770
426.051 9.754
426.232 9.736
426.413 9.564
426.595 9.181
426.776 9.027
426.957 9.056
427.139 9.237
427.320 9.227
427.501 9.125
427.682 8.930
427.864 8.900
428.045 8.920
428.226 8.909
428.408 8.884
428.589 8.887
428.770 8.901
428.951 8.773
429.133 8.619
429.314 8.633
429.495 8.664
429.677 8.743
429.858 8.777
430.039 8.718
430.220 8.671
430.402 8.652
430.583 8.725
430.764 8.705
430.945 8.712
431.127 8.616
431.308 8.593
431.489 8.666
431.671 8.689
431.852 8.665
432.033 8.679
432.214 8.675
432.396 8.646
432.577 8.512
432.758 8.468
432.940 8.491
433.121 8.497
433.302 8.456
433.483 8.510
433.665 8.593
433.846 8.671
434.027 8.680
434.208 8.648
434.390 8.651
434.571 8.738
434.752 8.811
434.934 8.810
435.115 8.895
435.296 8.963
435.477 8.914
435.659 8.875
435.840 8.896
436.030 8.963
436.220 8.938
436.410 8.938
436.600 8.950
436.790 8.959
436.980 8.974
437.170 8.931
437.360 8.893
437.550 8.852
437.741 8.822
437.931 8.705
438.121 8.668
438.311 8.702
438.501 8.698
438.691 8.713
438.881 8.682
439.071 8.617
439.261 8.577
439.451 8.544
439.641 8.506
439.831 8.391
440.021 8.361
440.211 8.313
440.401 8.368
440.591 8.392
440.781 8.384
440.971 8.394
441.161 8.349
441.351 8.279
441.542 8.267
441.732 8.315
441.922 8.389
442.112 8.448
442.302 8.532
442.492 8.504
442.682 8.431
442.872 8.312
443.062 8.231
443.252 8.285
443.442 8.383
443.632 8.404
443.822 8.360
444.012 8.236
444.202 8.159
444.392 8.081
444.582 8.038
444.772 8.025
444.962 8.068
445.153 8.111
445.343 8.061
445.533 7.994
445.723 7.960
445.913 7.939
446.103 8.023
446.293 8.085
446.483 8.105
446.673 8.134
446.863 8.161
447.053 8.165
447.243 8.196
447.433 8.219
447.623 8.260
447.813 8.291
448.003 8.362
448.193 8.380
448.383 8.339
448.573 8.299
448.764 8.162
448.954 8.135
449.144 8.130
449.334 8.081
449.524 8.079
449.714 8.069
449.904 8.055
450.094 8.027
450.284 8.021
450.474 8.010
450.664 7.981
450.854 8.067
451.044 8.081
451.234 8.038
451.424 7.948
451.614 7.914
451.804 7.951
451.994 7.933
452.184 7.882
452.375 7.920
452.565 7.966
452.755 8.018
452.945 8.051
453.135 8.087
453.325 8.157
453.515 8.305
453.705 8.373
453.895 8.361
454.085 8.405
454.275 8.505
454.465 8.484
454.655 8.425
454.845 8.435
455.035 8.512
455.225 8.457
455.415 8.364
455.605 8.358
455.795 8.398
455.985 8.341
456.176 8.244
456.366 8.170
456.556 8.166
456.746 8.179
456.936 8.168
457.126 8.157
457.316 8.207
457.506 8.275
457.696 8.227
457.886 8.110
458.076 8.092
458.266 8.163
458.456 8.176
458.646 8.164
458.836 8.198
459.026 8.222
459.216 8.212
459.406 8.189
459.596 8.174
459.787 8.167
459.977 8.222
460.167 8.312
460.357 8.283
460.547 8.300
460.737 8.336
460.927 8.372
461.117 8.308
461.307 8.313
461.497 8.410
461.687 8.449
461.877 8.522
462.067 8.592
462.257 8.641
462.447 8.686
462.637 8.666
462.827 8.649
463.017 8.673
463.207 8.823
463.397 8.814
463.588 8.761
463.778 8.826
463.968 8.813
464.158 8.770
464.348 8.741
464.538 8.800
464.728 8.834
464.918 8.884
465.108 8.938
465.298 8.907
465.488 8.939
465.678 9.012
465.868 9.062
466.058 9.139
466.248 9.189
466.438 9.245
466.628 9.318
466.818 9.393
467.008 9.447
467.199 9.475
467.389 9.475
467.579 9.486
467.769 9.521
467.959 9.506
468.149 9.452
468.339 9.538
468.529 9.652
468.719 9.738
468.909 9.760
469.099 9.748
469.289 9.779
469.479 9.875
469.669 9.925
469.859 9.946
470.049 10.024
470.239 10.149
470.429 10.233
470.619 10.201
470.810 10.152
471.000 10.252
471.190 10.403
471.380 10.442
471.570 10.506
471.760 10.657
471.950 10.780
472.140 10.833
472.330 10.955
472.520 10.990
472.710 11.047
472.900 11.140
473.090 11.181
473.280 11.194
473.470 11.270
473.660 11.354
473.850 11.409
474.040 11.454
474.230 11.522
474.421 11.565
474.611 11.630
474.801 11.710
474.991 11.836
475.181 11.941
475.371 12.011
475.561 12.090
475.751 12.086
475.941 12.109
476.131 12.211
476.321 12.349
476.511 12.423
476.701 12.517
476.891 12.594
477.081 12.620
477.271 12.669
477.461 12.773
477.651 12.877
477.841 13.046
478.031 13.202
478.222 13.295
478.412 13.362
478.602 13.464
478.792 13.598
478.982 13.790
479.172 13.925
479.362 14.047
479.552 14.172
479.742 14.254
479.932 14.369
480.122 14.471
480.312 14.583
480.502 14.762
480.692 14.924
480.882 15.012
481.072 15.093
481.262 15.273
481.452 15.463
481.642 15.634
481.833 15.850
482.023 16.015
482.213 16.196
482.403 16.363
482.593 16.462
482.783 16.632
482.973 16.852
483.163 17.031
483.353 17.134
483.543 17.301
483.733 17.467
483.923 17.605
484.113 17.791
484.303 17.922
484.493 18.089
484.683 18.345
484.873 18.553
485.063 18.671
485.253 18.823
485.443 19.035
485.634 19.170
485.824 19.352
486.014 19.575
486.204 19.773
486.394 20.033
486.584 20.261
486.774 20.369
486.964 20.481
487.154 20.661
487.344 20.842
487.534 20.983
487.724 21.197
487.914 21.393
488.104 21.563
488.294 21.733
488.484 21.856
488.674 21.995
488.864 22.201
489.054 22.398
489.245 22.570
489.435 22.806
489.625 23.105
489.815 23.350
490.005 23.628
490.195 23.835
490.385 24.041
490.575 24.312
490.765 24.592
490.955 24.855
491.145 25.107
491.335 25.400
491.525 25.620
491.715 25.788
491.905 25.968
492.095 26.093
492.285 26.256
492.475 26.456
492.665 26.629
492.856 26.825
493.046 26.987
493.236 27.147
493.426 27.397
493.616 27.625
493.806 27.845
493.996 28.043
494.186 28.264
494.376 28.567
494.566 28.765
494.756 28.978
494.946 29.200
495.136 29.436
495.326 29.700
495.516 29.929
495.706 30.171
495.896 30.400
496.086 30.662
496.276 30.909
496.467 31.167
496.657 31.514
496.847 31.741
497.037 31.979
497.227 32.256
497.417 32.490
497.607 32.685
497.797 32.885
497.987 33.122
498.177 33.346
498.367 33.616
498.557 33.796
498.747 33.945
498.937 34.257
499.127 34.530
499.317 34.757
499.507 35.012
499.697 35.241
499.887 35.521
500.077 35.786
500.268 36.065
500.458 36.285
500.648 36.512
500.838 36.751
501.028 36.980
501.218 37.210
501.408 37.411
501.598 37.614
501.788 37.829
501.978 38.033
502.168 38.206
502.358 38.422
502.548 38.666
502.738 38.934
502.928 39.231
503.118 39.466
503.308 39.697
503.498 39.971
503.688 40.220
503.879 40.455
504.069 40.713
504.259 41.000
504.449 41.254
504.639 41.514
504.829 41.774
505.019 41.974
505.209 42.161
505.399 42.366
505.589 42.578
505.779 42.785
505.969 43.026
506.159 43.256
506.349 43.525
506.539 43.709
506.729 43.866
506.919 44.055
507.109 44.283
507.299 44.505
507.490 44.736
507.680 44.910
507.870 45.154
508.060 45.360
508.250 45.563
508.440 45.753
508.630 45.946
508.820 46.166
509.010 46.349
509.200 46.493
509.390 46.718
509.580 46.909
509.770 47.168
509.960 47.385
510.150 47.610
510.340 47.802
510.530 47.950
510.720 48.186
510.910 48.455
511.100 48.730
511.291 48.993
511.481 49.166
511.671 49.328
511.861 49.616
512.051 49.984
512.241 50.152
512.431 50.281
512.621 50.468
512.811 50.633
513.001 50.774
513.191 50.876
513.381 51.023
513.571 51.202
513.761 51.398
513.951 51.490
514.141 51.473
514.331 51.651
514.521 51.848
514.711 52.010
514.902 52.171
515.092 52.310
515.282 52.491
515.472 52.639
515.662 52.772
515.852 52.905
516.042 53.016
516.232 53.147
516.422 53.287
516.612 53.472
516.802 53.658
516.992 53.801
517.182 53.968
517.372 54.125
517.562 54.373
517.752 54.592
517.942 54.758
518.132 54.904
518.322 55.085
518.513 55.283
518.703 55.455
518.893 55.598
519.083 55.802
519.273 56.000
519.463 56.132
519.653 56.194
519.843 56.300
520.033 56.465
520.223 56.645
520.413 56.786
520.603 56.914
520.793 57.072
520.983 57.210
521.173 57.330
521.363 57.424
521.553 57.600
521.743 57.718
521.933 57.835
522.123 57.983
522.314 58.093
522.504 58.164
522.694 58.228
522.884 58.298
523.074 58.438
523.264 58.581
523.454 58.699
523.644 58.798
523.834 58.967
524.024 59.078
524.214 59.138
524.404 59.218
524.594 59.343
524.784 59.493
524.974 59.607
525.164 59.670
525.354 59.714
525.544 59.781
525.734 59.838
525.925 59.871
526.115 59.944
526.305 60.125
526.495 60.293
526.685 60.402
526.875 60.498
527.065 60.568
527.255 60.679
527.445 60.785
527.635 60.871
527.825 61.025
528.015 61.185
528.205 61.337
528.395 61.362
528.585 61.402
528.775 61.496
528.965 61.595
529.155 61.712
529.345 61.821
529.535 61.927
529.726 62.047
529.916 62.088
530.106 62.124
530.296 62.196
530.486 62.290
530.676 62.385
530.866 62.528
531.056 62.632
531.246 62.712
531.436 62.782
531.626 62.897
531.816 62.982
532.006 63.072
532.196 63.166
532.386 63.198
532.576 63.235
532.766 63.320
532.956 63.356
533.146 63.392
533.337 63.463
533.527 63.543
533.717 63.560
533.907 63.643
534.097 63.781
534.287 63.847
534.477 63.954
534.667 64.024
534.857 64.080
535.047 64.153
535.237 64.216
535.427 64.257
535.617 64.338
535.807 64.449
535.997 64.498
536.187 64.537
536.377 64.691
536.567 64.773
536.757 64.851
536.948 64.895
537.138 64.918
537.328 65.014
537.518 65.141
537.708 65.169
537.898 65.210
538.088 65.279
538.278 65.322
538.468 65.314
538.658 65.353
538.848 65.454
539.038 65.547
539.228 65.633
539.418 65.688
539.608 65.715
539.798 65.773
539.988 65.802
540.178 65.820
540.368 65.832
540.558 65.863
540.749 65.920
540.939 65.945
541.129 65.961
541.319 65.994
541.509 66.102
541.699 66.408
541.889 66.406
542.079 66.439
542.269 66.481
542.459 66.605
542.649 66.660
542.839 66.706
543.029 66.778
543.219 66.903
543.409 66.972
543.599 66.944
543.789 66.788
543.979 66.927
544.169 67.038
544.360 67.127
544.550 67.138
544.740 67.215
544.930 67.333
545.120 67.400
545.310 67.397
545.500 67.448
545.690 67.543
545.880 67.565
546.070 67.582
546.267 67.615
546.463 67.666
546.660 67.698
546.857 67.722
547.054 67.710
547.251 67.727
547.447 67.761
547.644 67.778
547.841 67.781
548.038 67.799
548.234 67.843
548.431 67.884
548.628 67.950
548.825 68.018
549.021 68.044
549.218 68.064
549.415 68.059
549.612 68.100
549.808 68.180
550.005 68.261
550.202 68.353
550.399 68.420
550.595 68.452
550.792 68.459
550.989 68.452
551.186 68.503
551.382 68.604
551.579 68.723
551.776 68.787
551.973 68.820
552.169 68.837
552.366 68.819
552.563 68.842
552.760 68.869
552.956 68.909
553.153 68.987
553.350 69.076
553.547 69.122
553.743 69.139
553.940 69.129
554.137 69.136
554.334 69.134
554.530 69.176
554.727 69.218
554.924 69.242
555.121 69.239
555.317 69.199
555.514 69.145
555.711 69.105
555.908 69.101
556.104 69.169
556.301 69.228
556.498 69.272
556.695 69.315
556.891 69.355
557.088 69.410
557.285 69.469
557.482 69.578
557.678 69.648
557.875 69.690
558.072 69.766
558.269 69.804
558.465 69.806
558.662 69.820
558.859 69.810
559.056 69.784
559.252 69.818
559.449 69.871
559.646 69.903
559.843 69.923
560.039 69.934
560.236 69.878
560.433 69.822
560.630 69.816
560.826 69.843
561.023 69.888
561.220 69.941
561.417 69.933
561.613 69.894
561.810 69.850
562.007 69.877
562.204 69.875
562.400 69.943
562.597 70.021
562.794 70.078
562.991 70.138
563.187 70.139
563.384 70.096
563.581 70.139
563.778 70.171
563.974 70.210
564.171 70.213
564.368 70.246
564.565 70.250
564.761 70.275
564.958 70.299
565.155 70.280
565.352 70.293
565.548 70.351
565.745 70.380
565.942 70.444
566.139 70.448
566.335 70.486
566.532 70.564
566.729 70.633
566.926 70.634
567.122 70.639
567.319 70.618
567.516 70.619
567.713 70.655
567.909 70.638
568.106 70.616
568.303 70.639
568.500 70.590
568.696 70.516
568.893 70.481
569.090 70.532
569.287 70.588
569.483 70.687
569.680 70.737
569.877 70.728
570.074 70.764
570.270 70.791
570.467 70.849
570.664 70.935
570.861 70.985
571.057 70.970
571.254 70.945
571.451 70.899
571.648 70.932
571.844 70.996
572.041 71.051
572.238 71.075
572.435 71.050
572.631 71.028
572.828 71.055
573.025 71.079
573.222 71.150
573.418 71.204
573.615 71.237
573.812 71.212
574.009 71.165
574.205 71.124
574.402 71.110
574.599 71.160
574.796 71.231
574.992 71.267
575.189 71.336
575.386 71.315
575.583 71.298
575.779 71.328
575.976 71.324
576.173 71.352
576.370 71.397
576.567 71.386
576.763 71.421
576.960 71.428
577.158 71.375
577.356 71.321
577.554 71.336
577.752 71.357
577.950 71.403
578.148 71.396
578.346 71.401
578.544 71.444
578.742 71.510
578.940 71.483
579.138 71.434
579.336 71.488
579.534 71.479
579.732 71.458
579.930 71.491
580.128 71.472
580.326 71.477
580.524 71.477
580.722 71.448
580.920 71.415
581.118 71.407
581.316 71.422
581.514 71.356
581.712 71.404
581.909 71.453
582.107 71.444
582.305 71.476
582.503 71.489
582.701 71.467
582.899 71.463
583.097 71.499
583.295 71.576
583.493 71.662
583.691 71.718
583.889 71.740
584.087 71.706
584.285 71.671
584.483 71.662
584.681 71.727
584.879 71.762
585.077 71.763
585.275 71.738
585.473 71.737
585.671 71.747
585.869 71.753
586.067 71.720
586.265 71.752
586.463 71.790
586.661 71.772
586.859 71.726
587.057 71.790
587.255 71.868
587.453 71.879
587.651 71.870
587.849 71.798
588.047 71.798
588.245 71.817
588.443 71.850
588.641 71.864
588.839 71.890
589.037 71.910
589.235 71.873
589.433 71.851
589.631 71.871
589.829 71.870
590.027 71.901
590.225 71.907
590.423 71.907
590.621 71.888
590.819 71.869
591.017 71.868
591.215 71.880
591.413 71.906
591.611 71.893
591.809 71.885
592.006 71.870
592.204 71.889
592.402 71.943
592.600 72.016
592.798 72.071
592.996 72.068
593.194 72.059
593.392 72.041
593.590 72.003
593.788 72.017
593.986 72.056
594.184 72.062
594.382 72.007
594.580 71.959
594.778 71.881
594.976 71.815
595.174 71.826
595.372 71.838
595.570 71.825
595.768 71.806
595.966 71.792
596.164 71.774
596.362 71.784
596.560 71.817
596.758 71.828
596.956 71.899
597.154 71.949
597.352 71.917
597.550 71.864
597.748 71.893
597.946 71.915
598.144 71.916
598.342 71.899
598.540 71.905
598.738 71.906
598.936 71.928
599.134 71.861
599.332 71.845
599.530 71.895
599.728 71.934
599.926 71.911
600.124 71.899
600.322 71.921
600.520 71.964
600.718 71.928
600.916 71.898
601.114 71.887
601.312 71.943
601.510 71.906
601.708 71.862
601.905 71.851
602.103 71.865
602.301 71.924
602.499 71.875
602.697 71.848
602.895 71.845
603.093 71.843
603.291 71.834
603.489 71.826
603.687 71.857
603.885 71.896
604.083 71.951
604.281 71.969
604.479 71.932
604.677 71.971
604.875 71.971
605.073 71.974
605.271 72.024
605.469 72.052
605.667 72.036
605.865 72.003
606.063 71.951
606.261 71.908
606.459 71.866
606.657 71.843
606.855 71.808
607.053 71.796
607.251 71.819
607.449 71.768
607.647 71.723
607.845 71.746
608.043 71.772
608.241 71.770
608.439 71.717
608.637 71.701
608.835 71.714
609.033 71.746
609.231 71.763
609.429 71.748
609.627 71.709
609.825 71.663
610.023 71.600
610.221 71.624
610.419 71.672
610.617 71.715
610.815 71.751
611.013 71.752
611.211 71.712
611.409 71.700
611.607 71.735
611.804 71.760
612.002 71.780
612.200 71.785
612.398 71.724
612.596 71.675
612.794 71.598
612.992 71.557
613.190 71.557
613.388 71.525
613.586 71.529
613.784 71.495
613.982 71.540
614.180 71.536
614.378 71.499
614.576 71.498
614.774 71.457
614.972 71.499
615.170 71.530
615.368 71.539
615.566 71.560
615.764 71.545
615.962 71.540
616.160 71.503
616.358 71.500
616.556 71.560
616.754 71.595
616.952 71.668
617.150 71.681
617.348 71.667
617.546 71.628
617.744 71.611
617.942 71.585
618.140 71.557
618.338 71.553
618.536 71.506
618.734 71.417
618.932 71.394
619.130 71.434
619.328 71.467
619.526 71.482
619.724 71.500
619.922 71.571
620.120 71.594
620.318 71.604
620.516 71.612
620.714 71.632
620.912 71.691
621.110 71.685
621.308 71.592
621.506 71.528
621.704 71.485
621.901 71.510
622.099 71.458
622.297 71.422
622.495 71.433
622.693 71.408
622.891 71.397
623.089 71.398
623.287 71.384
623.485 71.378
623.683 71.386
623.881 71.364
624.079 71.355
624.277 71.366
624.475 71.384
624.673 71.381
624.871 71.408
625.069 71.452
625.267 71.436
625.465 71.456
625.663 71.474
625.861 71.495
626.059 71.550
626.257 71.545
626.455 71.519
626.653 71.498
626.851 71.477
627.049 71.448
627.247 71.409
627.445 71.397
627.643 71.354
627.841 71.374
628.039 71.389
628.237 71.394
628.435 71.361
628.633 71.360
628.831 71.384
629.029 71.416
629.227 71.429
629.425 71.434
629.623 71.434
629.821 71.423
630.019 71.344
630.217 71.261
630.415 71.154
630.613 71.143
630.811 71.198
631.009 71.162
631.207 71.066
631.405 71.019
631.603 71.079
631.801 71.138
631.998 71.210
632.196 71.287
632.394 71.384
632.592 71.479
632.790 71.515
632.988 71.486
633.186 71.517
633.384 71.606
633.582 71.635
633.780 71.590
633.978 71.508
634.176 71.486
634.374 71.517
634.572 71.424
634.770 71.359
634.968 71.340
635.166 71.365
635.364 71.345
635.562 71.316
635.760 71.315
635.958 71.292
636.156 71.323
636.354 71.329
636.552 71.300
636.750 71.337
636.948 71.396
637.146 71.446
637.344 71.399
637.542 71.329
637.740 71.219
637.938 71.182
638.136 71.305
638.334 71.546
638.532 71.476
638.730 71.409
638.928 71.329
639.126 71.264
639.324 71.183
639.522 71.201
639.720 71.264
639.918 71.330
640.116 71.345
640.314 71.210
640.512 70.912
640.710 70.948
640.908 71.002
641.106 71.088
641.304 71.122
641.502 71.128
641.699 71.090
641.897 71.067
642.095 71.128
642.293 71.192
642.491 71.207
642.689 71.241
642.887 71.251
643.085 71.285
643.283 71.278
643.481 71.263
643.679 71.255
643.877 71.257
644.075 71.256
644.273 71.217
644.471 71.186
644.669 71.163
644.867 71.194
645.065 71.182
645.263 71.111
645.461 71.084
645.659 71.083
645.857 71.077
646.055 71.087
646.253 71.128
646.451 71.133
646.649 71.094
646.847 71.091
647.045 71.068
647.243 71.067
647.441 71.108
647.639 71.155
647.837 71.149
648.035 71.123
648.233 71.094
648.431 71.113
648.629 71.112
648.827 71.105
649.025 71.147
649.223 71.122
649.421 71.105
649.619 71.078
649.817 71.054
650.015 71.096
650.213 71.109
650.411 71.131
650.609 71.043
650.807 70.979
651.005 71.003
651.203 70.978
651.401 70.995
651.599 70.997
651.796 71.025
651.994 71.022
652.192 70.993
652.390 71.038
652.588 70.988
652.786 70.946
652.984 70.966
653.182 70.937
653.380 70.942
653.578 70.944
653.776 70.936
653.974 70.888
654.172 70.842
654.370 70.836
654.568 70.821
654.766 70.863
654.964 70.922
655.162 70.953
655.360 70.966
655.558 70.949
655.756 70.967
655.954 70.990
656.152 71.033
656.350 71.079
656.548 71.083
656.746 71.046
656.944 71.001
657.142 70.998
657.340 71.005
657.538 70.988
657.736 70.955
657.934 70.892
658.132 70.851
658.330 70.769
658.528 70.702
658.726 70.705
658.924 70.734
659.122 70.783
659.320 70.788
659.518 70.737
659.716 70.741
659.914 70.816
660.112 70.877
660.310 70.875
660.508 70.887
660.706 70.925
660.904 70.920
661.102 70.939
661.300 70.937
661.498 70.917
661.696 70.932
661.893 70.901
662.091 70.846
662.289 70.796
662.487 70.791
662.685 70.786
662.883 70.787
663.081 70.809
663.279 70.787
663.477 70.768
663.675 70.740
663.873 70.738
664.071 70.771
664.269 70.726
664.467 70.742
664.665 70.775
664.863 70.814
665.061 70.789
665.259 70.693
665.457 70.665
665.655 70.654
665.853 70.685
666.051 70.680
666.249 70.698
666.447 70.755
666.645 70.740
666.843 70.705
667.041 70.675
667.239 70.672
667.437 70.739
667.635 70.736
667.833 70.683
668.031 70.644
668.229 70.652
668.427 70.654
668.625 70.641
668.823 70.611
669.021 70.621
669.219 70.636
669.417 70.635
669.615 70.575
669.813 70.529
670.011 70.566
670.209 70.596
670.407 70.589
670.605 70.465
670.803 70.350
671.001 70.328
671.199 70.311
671.397 70.250
671.595 70.270
671.792 70.334
671.990 70.346
672.188 70.327
672.386 70.325
672.584 70.284
672.782 70.335
672.980 70.400
673.178 70.453
673.376 70.465
673.574 70.493
673.772 70.430
673.970 70.376
674.168 70.367
674.366 70.337
674.564 70.324
674.762 70.342
674.960 70.361
675.158 70.369
675.356 70.317
675.554 70.256
675.752 70.177
675.950 70.198
676.148 70.217
676.346 70.281
676.544 70.302
676.742 70.252
676.940 70.260
677.138 70.269
677.336 70.272
677.534 70.278
677.732 70.316
677.930 70.411
678.128 70.447
678.326 70.453
678.524 70.423
678.722 70.442
678.920 70.484
679.118 70.511
679.316 70.490
679.514 70.459
679.712 70.442
679.910 70.376
680.108 70.286
680.306 70.204
680.504 70.163
680.702 70.083
680.900 70.041
681.098 70.043
681.296 69.980
681.494 69.961
681.691 70.007
681.889 70.045
682.087 70.048
682.285 70.054
682.483 70.045
682.681 70.076
682.879 70.183
683.077 70.214
683.275 70.213
683.473 70.261
683.671 70.283
683.869 70.266
684.067 70.278
684.265 70.361
684.463 70.441
684.661 70.471
684.859 70.429
685.057 70.356
685.255 70.305
685.453 70.290
685.651 70.279
685.849 70.260
686.047 70.271
686.245 70.222
686.443 70.159
686.641 70.133
686.839 70.128
687.037 70.037
687.235 69.973
687.433 69.958
687.631 69.939
687.829 69.878
688.027 69.827
688.225 69.809
688.423 69.788
688.621 69.770
688.819 69.731
689.017 69.732
689.215 69.850
689.413 69.898
689.611 69.917
689.809 69.919
690.007 69.952
690.205 69.970
690.403 69.952
690.601 69.978
690.799 70.013
690.997 70.099
691.195 70.108
691.393 70.041
691.591 70.021
691.788 69.986
691.986 70.001
692.184 70.033
692.382 70.047
692.580 70.014
692.778 69.982
692.976 69.982
693.174 69.922
693.372 69.955
693.570 69.987
693.768 70.007
693.966 69.989
694.164 69.922
694.362 69.891
694.560 69.919
694.758 69.929
694.956 69.919
695.154 69.917
695.352 69.931
695.550 69.897
695.748 69.874
695.946 69.813
696.144 69.809
696.342 69.837
696.540 69.830
696.744 69.784
696.948 69.768
697.152 69.777
697.357 69.746
697.561 69.687
697.765 69.648
697.969 69.672
698.173 69.726
698.377 69.782
698.581 69.874
698.786 69.931
698.990 69.918
699.194 69.916
699.398 69.937
699.602 69.946
699.806 69.986
700.010 70.021
700.215 69.987
700.419 69.943
700.623 69.881
700.827 69.739
701.031 69.656
701.235 69.679
701.440 69.678
701.644 69.638
701.848 69.659
702.052 69.630
702.256 69.594
702.460 69.598
702.664 69.641
702.869 69.679
703.073 69.736
703.277 69.769
703.481 69.781
703.685 69.820
703.889 69.792
704.093 69.751
704.298 69.738
704.502 69.732
704.706 69.733
704.910 69.707
705.114 69.669
705.318 69.666
705.522 69.636
705.727 69.631
705.931 69.579
706.135 69.567
706.339 69.563
706.543 69.623
706.747 69.648
706.951 69.677
707.156 69.720
707.360 69.806
707.564 69.813
707.768 69.764
707.972 69.763
708.176 69.811
708.380 69.852
708.585 69.845
708.789 69.792
708.993 69.775
709.197 69.769
709.401 69.714
709.605 69.678
709.810 69.653
710.014 69.670
710.218 69.608
710.422 69.528
710.626 69.517
710.830 69.490
711.034 69.463
711.239 69.508
711.443 69.478
711.647 69.456
711.851 69.389
712.055 69.343
712.259 69.312
712.463 69.313
712.668 69.313
712.872 69.318
713.076 69.398
713.280 69.485
713.484 69.443
713.688 69.445
713.892 69.483
714.097 69.519
714.301 69.586
714.505 69.622
714.709 69.648
714.913 69.694
715.117 69.685
715.321 69.619
715.526 69.571
715.730 69.557
715.934 69.535
716.138 69.493
716.342 69.488
716.546 69.434
716.750 69.388
716.955 69.327
717.159 69.240
717.363 69.216
717.567 69.201
717.771 69.164
717.975 69.161
718.180 69.175
718.384 69.148
718.588 69.147
718.792 69.194
718.996 69.273
719.200 69.310
719.404 69.402
719.609 69.498
719.813 69.538
720.017 69.556
720.221 69.583
720.425 69.620
720.629 69.643
720.833 69.590
721.038 69.515
721.242 69.462
721.446 69.428
721.650 69.359
721.854 69.288
722.058 69.277
722.262 69.198
722.467 69.094
722.671 69.014
722.875 69.030
723.079 69.080
723.283 69.100
723.487 69.097
723.691 69.180
723.896 69.204
724.100 69.189
724.304 69.187
724.508 69.238
724.712 69.271
724.916 69.278
725.120 69.309
725.325 69.319
725.529 69.272
725.733 69.260
725.937 69.224
726.141 69.243
726.345 69.239
726.550 69.152
726.754 69.104
726.958 69.099
727.162 69.038
727.366 68.931
727.570 68.847
727.774 68.920
727.979 68.877
728.183 68.788
728.387 68.768
728.591 68.765
728.795 68.836
728.999 68.927
729.203 68.993
729.408 69.072
729.612 69.202
729.816 69.262
730.020 69.194
730.224 69.208
730.428 69.203
730.632 69.100
730.837 69.095
731.041 69.062
731.245 68.989
731.449 68.951
731.653 68.969
731.857 68.944
732.061 68.970
732.266 68.990
732.470 69.000
732.674 69.041
732.878 69.126
733.082 69.098
733.286 69.123
733.490 69.131
733.695 69.091
733.899 69.052
734.103 69.047
734.307 68.995
734.511 68.939
734.715 68.943
734.920 69.004
735.124 69.040
735.328 69.052
735.532 69.000
735.736 69.042
735.940 69.092
736.144 69.052
736.349 69.033
736.553 69.065
736.757 69.154
736.961 69.187
737.165 69.148
737.369 69.079
737.573 69.005
737.778 68.987
737.982 68.927
738.186 68.886
738.390 68.903
738.594 68.845
738.798 68.801
739.002 68.763
739.207 68.760
739.411 68.803
739.615 68.840
739.819 68.942
740.023 68.975
740.227 69.015
740.431 69.083
740.636 69.054
740.840 69.083
741.044 69.133
741.248 69.133
741.452 69.080
741.656 69.033
741.860 69.013
742.065 68.992
742.269 69.041
742.473 69.076
742.677 69.028
742.881 69.022
743.085 68.970
743.290 68.953
743.494 68.993
743.698 69.054
743.902 69.041
744.106 69.044
744.310 68.954
744.514 68.896
744.719 68.816
744.923 68.772
745.127 68.880
745.331 69.016
745.535 68.972
745.739 68.872
745.943 68.780
746.148 68.736
746.352 68.720
746.556 68.812
746.760 68.758
746.964 68.726
747.168 68.758
747.372 68.682
747.577 68.564
747.781 68.590
747.985 68.655
748.189 68.611
748.393 68.609
748.597 68.687
748.801 68.756
749.006 68.800
749.210 68.749
749.414 68.685
749.618 68.612
749.822 68.582
750.026 68.601
750.230 68.624
750.435 68.627
750.639 68.701
750.843 68.628
751.047 68.462
751.251 68.384
751.455 68.444
751.660 68.433
751.864 68.454
752.068 68.448
752.272 68.392
752.476 68.335
752.680 68.434
752.884 68.382
753.089 68.370
753.293 68.417
753.497 68.518
753.701 68.486
753.905 68.497
754.109 68.535
754.313 68.511
754.518 68.447
754.722 68.438
754.926 68.431
755.130 68.460
755.334 68.460
755.538 68.460
755.742 68.461
755.947 68.576
756.151 68.642
756.355 68.729
756.559 68.758
756.763 68.775
756.967 68.778
757.171 68.752
757.376 68.671
757.580 68.688
757.784 68.689
757.988 68.593
758.192 68.502
758.396 68.481
758.600 68.343
758.805 68.277
759.009 68.290
759.213 68.377
759.417 68.447
759.621 68.416
759.825 68.330
760.030 68.383
760.234 68.501
760.438 68.486
760.642 68.473
760.846 68.538
761.050 68.584
761.254 68.591
761.459 68.498
761.663 68.373
761.867 68.400
762.071 68.427
762.275 68.397
762.479 68.336
762.683 68.340
762.888 68.305
763.092 68.169
763.296 68.122
763.500 68.140
763.709 68.108
763.918 68.132
764.126 68.127
764.335 68.141
764.544 68.176
764.753 68.320
764.962 68.311
765.171 68.206
765.379 68.304
765.588 68.393
765.797 68.377
766.006 68.390
766.215 68.390
766.424 68.399
766.632 68.402
766.841 68.284
767.050 68.076
767.259 68.125
767.468 68.309
767.677 68.337
767.885 68.307
768.094 68.340
768.303 68.384
768.512 68.362
768.721 68.318
768.929 68.303
769.138 68.354
769.347 68.318
769.556 68.216
769.765 68.134
769.974 68.159
770.182 68.122
770.391 67.983
770.600 67.915
770.809 67.891
771.018 67.906
771.227 67.850
771.435 67.789
771.644 67.891
771.853 67.917
772.062 67.830
772.271 67.709
772.480 67.698
772.688 67.769
772.897 67.767
773.106 67.805
773.315 67.762
773.524 67.827
773.732 67.906
773.941 67.873
774.150 67.853
774.359 67.900
774.568 67.926
774.777 67.943
774.985 67.944
775.194 67.920
775.403 67.938
775.612 68.022
775.821 67.994
776.030 67.956
776.238 67.914
776.447 67.882
776.656 67.910
776.865 67.888
777.074 67.906
777.283 68.008
777.491 68.110
777.700 68.066
777.909 68.017
778.118 68.047
778.327 68.037
778.535 68.006
778.744 68.048
778.953 68.056
779.162 67.992
779.371 67.922
779.580 67.788
779.788 67.756
779.997 67.823
780.206 67.864
780.415 67.751
780.624 67.735
780.833 67.827
781.041 67.887
781.250 67.837
781.459 67.926
781.668 68.029
781.877 68.007
782.086 67.942
782.294 67.861
782.503 67.807
782.712 67.843
782.921 67.856
783.130 67.852
783.338 67.815
783.547 67.758
783.756 67.715
783.965 67.730
784.174 67.799
784.383 67.770
784.591 67.674
784.800 67.710
785.009 67.714
785.218 67.639
785.427 67.609
785.636 67.539
785.844 67.508
786.053 67.457
786.262 67.441
786.471 67.512
786.680 67.617
786.889 67.747
787.097 67.725
787.306 67.742
787.515 67.787
787.724 67.747
787.933 67.740
788.141 67.782
788.350 67.847
788.559 67.710
788.768 67.547
788.977 67.479
789.186 67.442
789.394 67.329
789.603 67.178
789.812 67.141
790.021 67.122
790.230 67.091
790.439 67.125
790.647 67.121
790.856 67.091
791.065 67.077
791.274 66.992
791.483 66.991
791.692 67.161
791.900 67.323
792.109 67.380
792.318 67.478
792.527 67.585
792.736 67.585
792.944 67.610
793.153 67.643
793.362 67.654
793.571 67.721
793.780 67.712
793.989 67.636
794.197 67.647
794.406 67.564
794.615 67.419
794.824 67.365
795.033 67.380
795.242 67.386
795.450 67.403
795.659 67.343
795.868 67.319
796.077 67.338
796.286 67.274
796.495 67.159
796.703 67.239
796.912 67.364
797.121 67.357
797.330 67.341
797.539 67.271
797.747 67.262
797.956 67.331
798.165 67.354
798.374 67.323
798.583 67.257
798.792 67.211
799.000 67.154
799.209 67.088
799.418 67.128
799.627 67.153
799.836 67.095
800.045 67.149
800.253 67.089
800.462 67.051
800.671 67.038
800.880 67.123
801.089 67.253
801.298 67.312
801.506 67.337
801.715 67.366
801.924 67.311
802.133 67.316
802.342 67.259
802.550 67.335
802.759 67.444
802.968 67.452
803.177 67.433
803.386 67.477
803.595 67.428
803.803 67.338
804.012 67.141
804.221 67.093
804.430 67.176
804.639 67.204
804.848 67.191
805.056 67.103
805.265 67.080
805.474 67.125
805.683 67.001
805.892 66.925
806.101 67.005
806.309 67.045
806.518 67.040
806.727 67.038
806.936 67.112
807.145 67.128
807.353 66.959
807.562 66.767
807.771 66.853
807.980 67.036
808.189 67.018
808.398 66.925
808.606 66.931
808.815 66.913
809.024 66.806
809.233 66.662
809.442 66.668
809.651 66.779
809.859 66.941
810.068 66.927
810.277 66.778
810.486 66.854
810.695 66.922
810.904 67.005
811.112 67.068
811.321 67.008
811.530 67.035
811.740 66.955
811.949 66.951
812.159 66.921
812.368 66.833
812.578 66.917
812.787 67.051
812.997 67.274
813.206 67.218
813.416 67.088
813.625 67.062
813.835 66.904
814.044 66.894
814.254 67.038
814.463 67.132
814.673 67.130
814.882 67.072
815.092 66.904
815.301 66.596
815.511 66.546
815.720 66.680
815.930 66.937
816.139 67.197
816.349 67.296
816.558 67.185
816.768 67.125
816.977 67.042
817.187 66.929
817.396 66.878
817.606 66.897
817.815 67.062
818.025 66.954
818.234 66.726
818.444 66.622
818.653 66.531
818.863 66.466
819.072 66.537
819.282 66.702
819.491 66.791
819.701 66.778
819.910 66.788
820.120 66.642
820.329 66.781
820.539 66.951
820.748 66.963
820.958 67.075
821.167 67.182
821.377 67.109
821.586 66.975
821.796 66.897
822.005 67.100
822.215 67.196
822.424 67.200
822.634 67.010
822.843 66.967
823.053 66.994
823.262 66.968
823.472 66.972
823.681 66.949
823.891 66.990
824.100 67.128
824.310 67.149
824.519 66.984
824.729 66.871
824.938 66.918
825.148 66.884
825.357 66.916
825.567 66.802
825.776 66.731
825.986 66.747
826.195 66.678
826.405 66.569
826.614 66.460
826.824 66.589
827.033 66.758
827.243 66.852
827.452 66.907
827.662 66.817
827.871 66.727
828.081 66.721
828.290 66.835
828.500 66.798
828.709 66.791
828.919 66.692
829.128 66.609
829.338 66.554
829.547 66.573
829.757 66.612
829.966 66.580
830.176 66.558
830.385 66.590
830.595 66.614
830.804 66.632
831.014 66.560
831.223 66.662
831.433 66.730
831.642 66.774
831.852 66.655
832.061 66.314
832.271 66.271
832.480 66.607
832.690 66.558
832.899 66.309
833.109 66.519
833.318 66.647
833.528 66.606
833.737 66.523
833.947 66.487
834.156 66.576
834.366 66.931
834.575 67.031
834.785 66.795
834.994 66.647
835.204 66.561
835.413 66.388
835.623 66.325
835.832 66.207
836.042 66.232
836.251 66.375
836.461 66.202
836.670 66.039
836.880 65.988
837.089 66.037
837.299 66.171
837.508 66.406
837.718 66.582
837.927 66.702
838.137 66.745
838.346 66.570
838.556 66.425
838.765 66.654
838.975 66.735
839.184 66.765
839.394 66.693
839.603 66.562
839.813 66.491
840.022 66.322
840.232 66.223
840.441 66.265
840.651 66.595
840.860 66.672
841.070 66.715
841.279 66.928
841.489 67.027
841.698 67.058
841.908 67.115
842.117 66.984
842.327 66.797
842.536 66.885
842.746 66.981
842.955 66.817
843.165 66.746
843.374 66.592
843.584 66.384
843.793 66.369
844.003 66.611
844.212 66.820
844.422 66.874
844.631 66.942
844.841 66.839
845.050 66.823
845.260 66.876
845.469 66.936
845.679 66.801
845.888 66.791
846.098 66.742
846.307 66.502
846.517 66.255
846.726 66.224
846.936 66.551
847.145 66.650
847.355 66.542
847.564 66.420
847.774 66.744
847.983 67.618
848.193 67.566
848.402 67.518
848.612 67.531
848.821 67.653
849.031 67.720
849.240 67.459
849.450 67.275
849.659 67.351
849.869 67.407
850.078 66.981
850.288 66.428
850.497 66.435
850.707 66.404
850.916 66.381
851.126 66.384
851.335 66.521
851.545 66.521
851.754 66.645
851.964 66.650
852.173 66.539
852.383 66.468
852.592 66.339
852.802 66.401
853.011 66.304
853.221 66.223
853.430 66.089
853.640 65.940
853.849 66.090
854.059 66.129
854.268 66.081
854.478 66.327
854.687 66.347
854.897 66.344
855.106 66.441
855.316 66.615
855.525 66.700
855.735 66.725
855.944 66.732
856.154 66.921
856.363 67.073
856.573 67.165
856.782 66.981
856.992 66.849
857.201 66.767
857.411 66.543
857.620 66.462
857.830 66.480
858.039 66.481
858.249 66.351
858.458 65.970
858.668 65.826
858.877 65.830
859.087 66.063
859.296 66.339
859.506 66.427
859.715 66.487
859.925 66.473
860.134 66.513
860.344 66.688
860.553 66.900
860.763 66.996
860.972 66.817
861.182 66.607
861.391 66.470
861.601 66.232
861.810 66.203
862.020 66.295
862.229 66.344
862.439 66.254
862.648 66.331
862.858 66.258
863.067 66.081
863.277 66.161
863.486 66.354
863.696 66.211
863.905 66.192
864.115 66.204
864.324 66.213
864.534 66.140
864.743 66.181
864.953 66.089
865.162 66.116
865.372 66.075
865.581 65.864
865.791 65.943
866.000 66.053
866.210 66.228
866.419 66.194
866.629 65.887
866.838 65.794
867.048 65.749
867.257 65.744
867.467 65.947
867.676 66.311
867.886 66.518
868.095 66.315
868.305 66.168
868.514 66.052
868.724 65.889
868.933 66.099
869.143 66.076
869.352 66.032
869.562 66.194
869.771 66.114
869.981 66.018
870.190 66.049
870.400 66.190
870.609 66.367
870.819 66.401
871.028 66.642
871.238 66.766
871.447 66.966
871.657 67.137
871.866 66.687
872.076 66.669
872.285 66.563
872.495 66.556
872.704 66.408
872.914 66.380
873.123 66.598
873.333 66.617
873.542 66.520
873.752 66.537
873.961 66.626
874.171 66.810
874.380 66.492
874.590 66.540
874.799 66.826
875.009 67.253
875.218 67.621
875.428 67.235
875.637 66.994
875.847 67.242
876.056 67.306
876.266 66.991
876.475 66.836
876.685 67.138
876.894 67.288
877.104 66.925
877.313 66.465
877.523 66.206
877.732 66.387
877.942 66.439
878.151 66.196
878.361 66.001
878.570 66.110
878.780 66.249
878.989 66.207
879.199 66.186
879.408 66.243
879.618 66.084
879.827 66.019
880.037 66.333
880.246 66.691
880.456 66.573
880.665 66.581
880.875 66.707
881.084 67.002
881.294 66.946
881.503 66.548
881.713 66.333
881.922 66.536
882.132 66.534
882.341 66.306
882.551 66.129
882.760 66.293
882.970 66.224
883.179 66.226
883.389 66.175
883.598 66.151
883.808 66.404
884.017 66.792
884.227 66.658
884.436 66.479
884.646 66.495
884.855 66.336
885.065 66.230
885.274 66.353
885.484 66.596
885.693 66.788
885.903 66.776
886.112 66.926
886.322 66.864
886.531 67.055
886.741 67.302
886.950 67.307
887.160 67.502
887.369 67.416
887.579 67.571
887.788 67.308
887.998 67.088
888.207 67.306
888.417 67.283
888.626 67.189
888.836 66.962
889.045 66.685
889.255 66.544
889.464 66.731
889.674 66.994
889.883 66.564
890.093 66.490
890.302 66.334
890.512 66.354
890.721 66.691
890.931 66.747
891.140 66.855
891.350 66.933
891.559 67.068
891.769 66.974
891.978 66.747
892.188 67.142
892.397 67.237
892.607 67.219
892.816 67.199
893.026 66.446
893.235 66.079
893.445 66.261
893.654 66.640
893.864 66.789
894.073 66.540
894.283 66.616
894.492 66.401
894.702 66.258
894.911 66.323
895.121 66.102
895.330 66.280
895.540 66.656
895.749 66.833
895.959 66.548
896.168 66.597
896.378 66.890
896.587 67.227
896.797 67.223
897.006 67.252
897.216 67.425
897.425 67.377
897.635 67.389
897.844 67.512
898.054 67.231
898.263 67.223
898.473 66.893
898.682 66.518
898.892 66.394
899.101 66.628
899.311 66.644
899.520 66.338
899.730 66.467
899.939 66.682
900.149 66.556
900.358 66.560
900.568 66.743
900.777 67.016
900.987 67.138
901.196 66.818
901.406 66.607
901.615 66.539
901.825 66.687
902.034 66.457
902.244 66.409
902.453 66.434
902.663 66.485
902.872 66.316
903.082 66.214
903.291 66.288
903.501 66.424
903.710 66.520
903.920 66.932
904.129 66.901
904.339 67.181
904.548 67.092
904.758 66.900
904.967 66.879
905.177 66.951
905.386 67.188
905.596 67.255
905.805 67.364
906.015 67.615
906.224 67.350
906.434 67.353
906.643 67.414
906.853 67.244
907.062 67.410
907.272 67.289
907.481 67.079
907.691 67.130
907.900 67.240
908.110 67.324
908.319 67.152
908.529 66.915
908.738 66.658
908.948 66.318
909.157 66.243
909.367 65.985
909.576 66.416
909.786 66.713
909.995 66.422
910.205 66.155
910.414 65.902
910.624 65.957
910.833 66.196
911.043 66.347
911.252 66.665
911.462 67.254
911.672 67.379
911.881 66.946
912.091 66.590
912.300 66.741
912.512 66.724
912.724 66.686
912.937 66.673
913.149 66.920
913.361 67.302
913.573 67.048
913.786 66.669
913.998 66.686
914.210 66.559
914.422 66.859
914.634 66.733
914.847 66.817
915.059 66.712
915.271 66.691
915.483 66.356
915.696 66.167
915.908 66.751
916.120 67.012
916.332 67.061
916.544 67.383
916.757 67.737
916.969 67.807
917.181 67.900
917.393 68.125
917.606 68.048
917.818 68.108
918.030 68.062
918.242 67.952
918.454 67.621
918.667 67.614
918.879 67.757
919.091 67.620
919.303 67.346
919.516 67.118
919.728 67.247
919.940 67.599
920.152 67.671
920.364 67.391
920.577 66.758
920.789 66.327
921.001 66.206
921.213 66.680
921.426 67.009
921.638 67.401
921.850 67.328
922.062 67.006
922.274 66.648
922.487 66.755
922.699 67.104
922.911 67.586
923.123 68.244
923.336 68.638
923.548 68.094
923.760 67.647
923.972 67.519
924.184 67.622
924.397 67.765
924.609 67.961
924.821 68.084
925.033 67.811
925.246 67.600
925.458 67.754
925.670 67.795
925.882 67.512
926.094 66.874
926.307 66.386
926.519 66.398
926.731 66.402
926.943 66.440
927.156 66.311
927.368 66.464
927.580 66.430
927.792 66.214
928.004 66.179
928.217 66.596
928.429 67.487
928.641 68.349
928.853 68.743
929.066 69.055
929.278 69.098
929.490 68.733
929.702 68.788
929.914 68.924
930.127 68.932
930.339 68.828
930.551 68.562
930.763 68.018
930.976 67.541
931.188 67.429
931.400 66.844
931.612 66.440
931.824 66.938
932.037 67.143
932.249 67.653
932.461 68.044
932.673 67.915
932.886 68.025
933.098 68.826
933.310 69.898
933.522 70.282
933.734 70.977
933.947 71.227
934.159 70.866
934.371 70.505
934.583 69.485
934.796 68.709
935.008 68.460
935.220 68.527
935.432 67.237
935.644 65.565
935.857 65.033
936.069 64.457
936.281 64.031
936.493 63.333
936.706 63.980
936.918 65.572
937.130 66.123
937.342 66.481
937.554 66.446
937.767 67.296
937.979 67.915
938.191 67.905
938.403 68.187
938.616 68.328
938.828 69.461
939.040 69.819
939.252 69.259
939.464 68.860
939.677 68.609
939.889 68.350
940.101 68.045
940.313 68.528
940.526 68.644
940.738 68.451
940.950 68.696
941.162 67.958
941.374 67.316
941.587 67.637
941.799 67.925
942.011 68.536
942.223 69.108
942.436 68.990
942.648 68.333
942.860 68.261
943.072 67.794
943.284 67.912
943.497 68.541
943.709 69.062
943.921 68.637
944.133 69.408
944.346 69.645
944.558 69.497
944.770 70.132
944.982 71.004
945.194 71.696
945.407 72.664
945.619 72.439
945.831 72.600
946.043 72.515
946.256 72.862
946.468 72.539
946.680 71.932
946.892 71.832
947.104 72.025
947.317 72.015
947.529 71.250
947.741 71.822
947.953 72.582
948.166 71.830
948.378 71.972
948.590 72.476
948.802 71.892
949.014 72.316
949.227 72.038
949.439 71.444
949.651 71.690
949.863 72.813
950.076 71.985
950.288 71.640
950.500 72.220
950.712 71.320
950.924 70.243
951.137 71.329
951.349 72.389
951.561 72.894
951.773 75.155
951.986 77.559
952.198 76.021
952.410 75.196
952.622 74.322
952.834 74.358
953.047 75.645
953.259 75.186
953.471 73.433
953.683 71.544
953.896 72.425
954.108 71.768
954.320 67.930
954.532 67.523
954.744 68.746
954.957 70.107
955.169 70.460
955.381 70.129
955.593 70.202
955.806 70.385
956.018 71.075
956.230 70.749
956.442 69.480
956.654 70.596
956.867 71.182
957.079 70.380
957.291 70.079
957.503 70.405
957.716 69.924
957.928 70.608
958.140 71.397
958.352 71.689
958.564 70.911
958.777 69.720
958.989 68.545
959.201 69.828
959.413 71.303
959.626 71.003
959.838 69.898
960.050 69.477
960.262 69.242
960.474 69.722
960.687 70.903
960.899 71.824
961.111 73.076
961.323 74.224
961.536 73.870
961.748 73.803
961.960 74.418
962.172 74.353
962.384 73.778
962.597 73.783
962.809 74.708
963.021 73.347
963.233 71.539
963.446 70.547
963.658 69.834
963.870 70.193
964.082 70.127
964.294 70.108
964.507 69.924
964.719 70.068
964.931 70.299
965.143 68.982
965.356 69.456
965.568 71.015
965.780 72.531
966.000 72.538
966.221 71.099
966.441 70.673
966.662 71.488
966.882 73.258
967.103 73.582
967.323 72.085
967.543 72.350
967.764 72.011
967.984 70.718
968.205 69.432
968.425 69.991
968.645 70.318
968.866 69.376
969.086 68.308
969.307 67.262
969.527 67.563
969.748 68.580
969.968 68.276
970.188 67.519
970.409 67.547
970.629 68.350
970.850 69.960
971.070 70.196
971.290 70.905
971.511 70.163
971.731 70.583
971.952 71.395
972.172 70.990
972.393 71.213
972.613 72.913
972.833 74.690
973.054 75.644
973.274 73.878
973.495 73.626
973.715 74.288
973.936 75.940
974.156 75.802
974.376 75.511
974.597 76.474
974.817 76.063
975.038 75.171
975.258 73.981
975.478 73.466
975.699 73.637
975.919 73.652
976.140 73.587
976.360 73.220
976.581 73.768
976.801 73.745
977.021 73.320
977.242 72.237
977.462 71.436
977.683 73.125
977.903 72.860
978.123 73.643
978.344 74.294
978.564 73.361
978.785 72.344
979.005 71.887
979.226 72.180
979.446 72.521
979.666 73.764
979.887 73.700
980.107 73.145
980.328 75.447
980.548 75.464
980.769 74.353
980.989 72.569
981.209 72.684
981.430 73.469
981.650 72.717
981.871 72.678
982.091 72.284
982.311 73.584
982.532 71.950
982.752 69.032
982.973 68.222
983.193 69.795
983.414 73.055
983.634 73.702
983.854 72.358
984.075 73.124
984.295 74.013
984.516 74.957
984.736 74.876
984.956 75.835
985.177 76.322
985.397 75.141
985.618 73.860
985.838 72.775
986.059 71.897
986.279 71.566
986.499 70.683
986.720 70.574
986.940 71.796
987.161 70.667
987.381 69.590
987.602 70.486
987.822 73.112
988.042 73.254
988.263 72.699
988.483 72.594
988.704 71.932
988.924 71.511
989.144 70.842
989.365 70.321
989.585 72.660
989.806 73.264
990.026 71.420
990.247 69.677
990.467 69.760
990.687 70.939
990.908 72.673
991.128 74.817
991.349 76.042
991.569 76.094
991.789 75.850
992.010 75.146
992.230 75.171
992.451 74.748
992.671 73.922
992.892 76.583
993.112 78.418
993.332 77.116
993.553 75.767
993.773 76.857
993.994 76.761
994.214 75.733
994.435 74.590
994.655 75.563
994.875 76.653
995.096 79.961
995.316 80.094
995.537 76.142
995.757 73.958
995.977 74.402
996.198 71.333
996.418 69.776
996.639 70.360
996.859 70.577
997.080 70.515
997.300 72.932
997.520 71.290
997.741 66.091
997.961 65.842
998.182 67.189
998.402 66.222
998.622 70.158
998.843 75.086
999.063 74.175
999.284 73.167
999.504 71.415
999.725 68.866
999.945 69.016
1000.165 74.479
1000.386 76.607
1000.606 77.798
1000.827 78.769
1001.047 75.722
1001.268 71.164
1001.488 72.603
1001.708 77.563
1001.929 80.554
1002.149 81.340
1002.370 78.845
1002.590 77.386
1002.810 80.592
1003.031 79.509
1003.251 76.722
1003.472 77.232
1003.692 78.919
1003.913 79.055
1004.133 74.040
1004.353 73.457
1004.574 74.776
1004.794 79.231
1005.015 82.114
1005.235 77.918
1005.455 77.696
1005.676 80.333
1005.896 81.160
1006.117 80.010
1006.337 78.972
1006.558 84.646
1006.778 84.392
1006.998 80.392
1007.219 75.834
1007.439 68.737
1007.660 69.548
1007.880 72.944
1008.101 71.787
1008.321 67.646
1008.541 67.375
1008.762 69.736
1008.982 67.555
1009.203 67.617
1009.423 69.004
1009.643 69.552
1009.864 73.337
1010.084 72.908
1010.305 72.943
1010.525 79.182
1010.746 82.213
1010.966 79.350
1011.186 74.896
1011.407 71.130
1011.627 69.353
1011.848 71.469
1012.068 72.917
1012.288 72.147
1012.509 72.459
1012.729 68.859
1012.950 59.420
