290.982 83.335
291.167 83.815
291.352 84.843
291.537 85.720
291.722 86.204
291.907 90.383
292.091 90.078
292.276 87.151
292.461 85.936
292.646 85.778
292.831 87.588
293.016 85.346
293.201 82.441
293.386 80.883
293.571 80.487
293.756 79.793
293.940 78.989
294.125 76.922
294.310 78.682
294.495 79.780
294.680 78.096
294.865 75.472
295.050 76.532
295.235 78.015
295.420 78.082
295.605 77.198
295.789 78.590
295.974 79.724
296.159 79.684
296.344 78.992
296.529 77.996
296.714 79.323
296.899 80.425
297.084 81.603
297.269 81.224
297.454 81.386
297.638 81.044
297.823 79.838
298.008 78.814
298.193 78.828
298.378 79.172
298.563 79.516
298.748 79.945
298.933 80.062
299.118 79.022
299.303 80.110
299.487 80.201
299.672 80.185
299.857 79.231
300.042 80.429
300.227 80.334
300.412 79.160
300.597 78.268
300.782 75.989
300.967 76.098
301.152 76.069
301.336 75.608
301.521 75.815
301.706 77.493
301.891 78.144
302.076 77.934
302.261 78.737
302.446 80.161
302.631 80.333
302.816 83.142
303.001 82.753
303.185 81.012
303.370 79.631
303.555 78.077
303.740 76.061
303.925 74.505
304.110 73.175
304.295 73.137
304.480 72.304
304.665 71.339
304.850 69.040
305.034 67.785
305.219 68.864
305.404 69.934
305.589 71.351
305.774 71.864
305.959 73.084
306.144 73.398
306.329 70.951
306.514 69.647
306.699 70.262
306.883 70.367
307.068 70.830
307.253 70.518
307.438 71.079
307.623 70.844
307.808 68.817
307.993 66.804
308.178 65.766
308.363 67.092
308.548 69.979
308.732 72.148
308.917 72.296
309.102 71.895
309.287 71.840
309.472 71.598
309.657 71.848
309.842 71.665
310.027 71.324
310.212 71.508
310.397 71.251
310.581 69.135
310.766 67.281
310.951 67.173
311.136 67.020
311.321 67.347
311.506 66.829
311.691 65.452
311.876 65.431
312.061 65.230
312.245 66.587
312.430 68.214
312.615 68.812
312.800 67.965
312.985 66.620
313.170 66.457
313.347 66.139
313.523 64.403
313.700 63.976
313.877 64.383
314.054 65.935
314.230 65.088
314.407 62.878
314.584 62.047
314.761 62.150
314.937 61.471
315.114 61.817
315.291 62.335
315.467 63.290
315.644 62.040
315.821 61.374
315.998 60.509
316.174 59.639
316.351 60.137
316.528 60.072
316.704 59.533
316.881 59.617
317.058 59.362
317.235 59.965
317.411 60.874
317.588 62.749
317.765 63.373
317.942 63.613
318.118 64.273
318.295 63.225
318.472 61.955
318.648 62.037
318.825 62.300
319.002 61.144
319.179 59.597
319.355 59.366
319.532 59.554
319.709 59.013
319.885 59.010
320.062 58.817
320.239 58.937
320.416 60.272
320.592 60.764
320.769 61.299
320.946 61.842
321.123 62.005
321.299 61.425
321.476 60.109
321.653 60.623
321.829 60.348
322.006 59.663
322.183 59.950
322.360 58.760
322.536 57.933
322.713 58.293
322.890 58.316
323.066 57.524
323.243 57.260
323.420 59.398
323.597 59.803
323.773 58.653
323.950 58.718
324.127 59.694
324.304 60.265
324.480 59.237
324.657 58.186
324.834 57.817
325.010 57.985
325.187 57.433
325.364 55.124
325.541 53.642
325.717 54.066
325.894 53.468
326.071 51.673
326.248 51.603
326.424 52.966
326.601 53.134
326.778 52.872
326.954 52.141
327.131 51.475
327.308 51.423
327.485 52.426
327.661 52.781
327.838 52.944
328.015 53.569
328.191 52.894
328.368 51.251
328.545 49.238
328.722 48.713
328.898 50.201
329.075 50.971
329.252 50.400
329.429 49.324
329.605 49.405
329.782 49.318
329.959 48.572
330.135 47.958
330.312 48.620
330.489 50.011
330.666 50.177
330.842 48.924
331.019 48.838
331.196 49.474
331.372 49.767
331.549 48.761
331.726 48.410
331.903 48.649
332.079 49.115
332.256 48.345
332.433 47.054
332.610 46.629
332.786 47.116
332.963 46.879
333.140 45.968
333.316 47.044
333.493 47.255
333.670 46.577
333.847 47.621
334.023 47.200
334.200 46.494
334.377 46.184
334.553 46.463
334.730 45.878
334.907 45.076
335.084 45.295
335.260 44.260
335.437 44.003
335.614 44.778
335.791 43.529
335.967 43.474
336.144 44.269
336.321 44.729
336.497 44.376
336.674 44.147
336.851 44.475
337.028 44.008
337.204 43.621
337.381 44.363
337.558 45.137
337.734 44.958
337.911 44.197
338.088 44.064
338.265 45.751
338.441 46.282
338.618 44.975
338.795 44.553
338.972 45.075
339.148 45.159
339.325 44.463
339.502 42.848
339.678 42.736
339.855 43.368
340.032 42.885
340.209 41.297
340.385 40.727
340.562 41.222
340.739 41.009
340.916 40.318
341.092 40.503
341.269 40.798
341.446 40.749
341.622 40.234
341.799 40.135
341.976 40.569
342.153 40.855
342.329 40.781
342.506 40.934
342.683 40.600
342.859 40.315
343.036 39.897
343.213 39.211
343.390 38.735
343.566 38.819
343.743 38.397
343.920 37.540
344.097 36.581
344.273 36.311
344.450 36.143
344.627 36.451
344.803 37.060
344.980 36.797
345.157 36.203
345.334 35.838
345.510 35.404
345.687 34.902
345.864 35.435
346.040 36.134
346.217 36.162
346.394 35.979
346.571 35.364
346.747 33.782
346.924 33.442
347.101 34.572
347.278 35.388
347.454 36.230
347.631 36.254
347.808 35.422
347.984 35.282
348.161 35.620
348.338 35.824
348.515 35.819
348.691 36.302
348.868 36.025
349.045 34.612
349.221 34.043
349.398 33.126
349.575 33.292
349.752 33.801
349.928 33.321
350.105 32.577
350.282 31.660
350.459 31.882
350.635 32.255
350.812 32.087
350.989 32.692
351.165 33.569
351.342 33.773
351.519 33.281
351.696 33.151
351.872 33.250
352.049 33.146
352.226 33.875
352.402 33.912
352.579 33.781
352.756 34.155
352.933 33.814
353.109 32.398
353.286 31.487
353.463 31.447
353.640 31.107
353.816 30.245
353.993 29.931
354.170 29.558
354.346 29.522
354.523 29.557
354.700 29.301
354.877 29.419
355.053 29.692
355.230 30.231
355.407 30.598
355.584 30.832
355.760 31.490
355.937 31.792
356.114 31.966
356.290 31.744
356.467 31.551
356.644 31.201
356.821 30.700
356.997 30.936
357.174 30.872
357.351 30.483
357.527 30.357
357.704 30.097
357.881 30.320
358.058 30.706
358.234 30.692
358.411 30.511
358.588 30.245
358.765 30.025
358.941 29.751
359.118 29.666
359.295 29.877
359.471 29.434
359.648 29.304
359.825 28.867
360.002 27.995
360.178 27.973
360.355 28.095
360.532 28.136
360.708 28.127
360.885 27.921
361.062 27.198
361.239 26.473
361.415 26.209
361.592 25.900
361.769 25.757
361.946 26.022
362.122 25.918
362.299 25.041
362.476 25.078
362.652 25.187
362.829 25.507
363.006 25.824
363.183 26.590
363.359 27.074
363.536 26.794
363.713 26.558
363.889 26.355
364.066 25.674
364.243 25.549
364.420 25.182
364.596 24.797
364.773 24.234
364.950 24.390
365.127 23.924
365.303 23.561
365.480 24.215
365.661 24.373
365.841 24.314
366.022 24.487
366.202 24.967
366.383 25.099
366.563 25.166
366.744 25.163
366.924 24.858
367.105 24.697
367.286 24.179
367.466 23.234
367.647 23.136
367.827 22.907
368.008 22.949
368.188 22.692
368.369 22.484
368.549 22.597
368.730 22.068
368.911 21.815
369.091 21.750
369.272 21.915
369.452 22.238
369.633 21.809
369.813 21.612
369.994 21.957
370.174 21.975
370.355 21.644
370.535 21.366
370.716 21.877
370.897 21.851
371.077 21.539
371.258 21.869
371.438 22.417
371.619 22.775
371.799 22.664
371.980 21.888
372.160 21.718
372.341 22.149
372.522 22.193
372.702 22.115
372.883 22.187
373.063 22.186
373.244 22.025
373.424 21.658
373.605 21.507
373.785 21.470
373.966 21.523
374.147 21.561
374.327 21.615
374.508 21.824
374.688 21.590
374.869 21.490
375.049 21.834
375.230 22.328
375.410 22.285
375.591 22.000
375.772 21.999
375.952 22.319
376.133 22.469
376.313 22.219
376.494 21.523
376.674 21.444
376.855 21.673
377.035 21.243
377.216 20.668
377.397 20.592
377.577 20.590
377.758 20.493
377.938 20.314
378.119 20.081
378.299 19.948
378.480 20.102
378.660 20.254
378.841 20.141
379.021 19.782
379.202 19.265
379.383 18.853
379.563 18.663
379.744 18.552
379.924 18.283
380.105 18.273
380.285 18.117
380.466 17.872
380.646 17.336
380.827 16.929
381.008 17.128
381.188 17.365
381.369 17.603
381.549 17.250
381.730 16.955
381.910 17.001
382.091 16.754
382.271 16.787
382.452 16.854
382.633 16.938
382.813 17.209
382.994 17.334
383.174 17.013
383.355 16.632
383.535 16.950
383.716 17.215
383.896 17.022
384.077 17.002
384.258 16.995
384.438 17.072
384.619 17.054
384.799 16.746
384.980 16.591
385.160 16.579
385.341 16.319
385.521 16.005
385.702 15.703
385.882 15.729
386.063 15.786
386.244 15.785
386.424 15.748
386.605 15.588
386.785 15.392
386.966 15.257
387.146 15.156
387.327 15.192
387.507 15.248
387.688 15.280
387.869 15.111
388.049 15.159
388.230 14.969
388.410 14.819
388.591 14.788
388.771 14.796
388.952 14.739
389.132 14.650
389.313 14.644
389.494 14.642
389.674 14.733
389.855 14.623
390.035 14.402
390.216 14.380
390.396 14.476
390.577 14.554
390.757 14.419
390.938 14.421
391.119 14.506
391.299 14.504
391.480 14.458
391.660 14.416
391.841 14.562
392.021 14.433
392.202 14.319
392.382 14.112
392.563 14.078
392.743 14.182
392.924 14.062
393.105 13.970
393.285 13.909
393.466 13.852
393.646 13.751
393.827 13.601
394.007 13.349
394.188 13.325
394.368 13.298
394.549 13.159
394.730 13.065
394.910 13.101
395.091 13.096
395.271 13.259
395.452 13.474
395.632 13.310
395.813 13.154
395.993 13.307
396.174 13.314
396.355 13.234
396.535 13.280
396.716 13.537
396.896 13.748
397.077 13.726
397.257 13.425
397.438 12.961
397.618 12.873
397.799 12.958
397.980 12.994
398.160 12.961
398.341 12.969
398.521 12.916
398.702 12.601
398.882 12.163
399.063 12.044
399.243 12.155
399.424 12.291
399.605 12.486
399.785 12.445
399.966 12.315
400.146 12.246
400.327 12.286
400.507 12.381
400.688 12.260
400.868 12.250
401.049 12.225
401.229 12.040
401.410 12.034
401.591 12.093
401.771 12.264
401.952 12.327
402.132 12.192
402.313 12.045
402.493 11.952
402.674 12.154
402.854 12.282
403.035 12.438
403.216 12.306
403.396 12.259
403.577 12.168
403.757 11.865
403.938 11.661
404.118 11.548
404.299 11.387
404.479 11.198
404.660 11.032
404.841 10.974
405.023 10.818
405.204 10.823
405.385 10.864
405.566 10.807
405.748 10.752
405.929 10.792
406.110 11.140
406.292 11.389
406.473 11.617
406.654 11.761
406.835 11.644
407.017 11.446
407.198 11.524
407.379 11.341
407.560 11.085
407.742 11.005
407.923 10.913
408.104 10.561
408.286 10.390
408.467 10.275
408.648 10.338
408.829 10.678
409.011 10.819
409.192 10.739
409.373 10.707
409.555 10.714
409.736 10.761
409.917 10.928
410.098 11.161
410.280 11.237
410.461 11.205
410.642 10.934
410.823 10.433
411.005 10.390
411.186 10.621
411.367 10.812
411.549 10.942
411.730 11.012
411.911 10.877
412.092 10.737
412.274 10.724
412.455 10.642
412.636 10.650
412.818 10.827
412.999 10.797
413.180 10.654
413.361 10.568
413.543 10.582
413.724 10.582
413.905 10.568
414.087 10.561
414.268 10.398
414.449 10.317
414.630 10.267
414.812 10.338
414.993 10.445
415.174 10.313
415.355 10.213
415.537 10.100
415.718 10.076
415.899 10.065
416.081 9.965
416.262 9.936
416.443 10.014
416.624 10.041
416.806 9.909
416.987 9.755
417.168 9.712
417.350 9.614
417.531 9.597
417.712 9.566
417.893 9.573
418.075 9.698
418.256 9.637
418.437 9.415
418.618 9.299
418.800 9.256
418.981 9.316
419.162 9.387
419.344 9.552
419.525 9.662
419.706 9.637
419.887 9.567
420.069 9.478
420.250 9.589
420.431 9.706
420.613 9.771
420.794 9.756
420.975 9.661
421.156 9.653
421.338 9.547
421.519 9.378
421.700 9.303
421.882 9.296
422.063 9.239
422.244 9.207
422.425 9.269
422.607 9.231
422.788 9.263
422.969 9.338
423.150 9.501
423.332 9.786
423.513 9.903
423.694 9.858
423.876 9.855
424.057 9.880
424.238 9.874
424.419 10.002
424.601 10.359
424.782 10.412
424.963 10.434
425.145 10.244
425.326 9.995
425.507 9.928
425.688 10.059
425.870 10.012
426.051 9.953
426.232 9.945
426.413 9.806
426.595 9.408
426.776 9.213
426.957 9.198
427.139 9.330
427.320 9.308
427.501 9.259
427.682 9.066
427.864 9.072
428.045 9.098
428.226 9.084
428.408 9.061
428.589 9.100
428.770 9.194
428.951 9.085
429.133 8.938
429.314 8.924
429.495 8.931
429.677 9.025
429.858 9.090
430.039 9.068
430.220 9.050
430.402 9.026
430.583 9.077
430.764 9.038
430.945 9.068
431.127 9.022
431.308 8.989
431.489 9.013
431.671 9.007
431.852 8.948
432.033 8.992
432.214 9.031
432.396 9.004
432.577 8.904
432.758 8.907
432.940 8.967
433.121 9.001
433.302 8.905
433.483 8.929
433.665 9.068
433.846 9.151
434.027 9.146
434.208 9.097
434.390 9.125
434.571 9.200
434.752 9.252
434.934 9.233
435.115 9.287
435.296 9.431
435.477 9.430
435.659 9.391
435.840 9.438
436.030 9.531
436.220 9.579
436.410 9.586
436.600 9.582
436.790 9.615
436.980 9.675
437.170 9.643
437.360 9.657
437.550 9.706
437.741 9.698
437.931 9.639
438.121 9.635
438.311 9.617
438.501 9.646
438.691 9.736
438.881 9.692
439.071 9.636
439.261 9.620
439.451 9.558
439.641 9.502
439.831 9.433
440.021 9.402
440.211 9.365
440.401 9.431
440.591 9.488
440.781 9.488
440.971 9.525
441.161 9.541
441.351 9.532
441.542 9.575
441.732 9.629
441.922 9.675
442.112 9.744
442.302 9.790
442.492 9.780
442.682 9.709
442.872 9.610
443.062 9.591
443.252 9.589
443.442 9.733
443.632 9.809
443.822 9.829
444.012 9.794
444.202 9.792
444.392 9.822
444.582 9.813
444.772 9.794
444.962 9.858
445.153 9.903
445.343 9.874
445.533 9.771
445.723 9.692
445.913 9.633
446.103 9.680
446.293 9.728
446.483 9.738
446.673 9.811
446.863 9.926
447.053 9.961
447.243 10.014
447.433 10.124
447.623 10.192
447.813 10.227
448.003 10.363
448.193 10.424
448.383 10.419
448.573 10.402
448.764 10.332
448.954 10.351
449.144 10.365
449.334 10.333
449.524 10.306
449.714 10.352
449.904 10.447
450.094 10.460
450.284 10.455
450.474 10.478
450.664 10.520
450.854 10.600
451.044 10.603
451.234 10.631
451.424 10.621
451.614 10.669
451.804 10.748
451.994 10.736
452.184 10.735
452.375 10.816
452.565 10.901
452.755 10.960
452.945 11.061
453.135 11.161
453.325 11.253
453.515 11.446
453.705 11.523
453.895 11.557
454.085 11.672
454.275 11.821
454.465 11.880
454.655 11.815
454.845 11.836
455.035 11.955
455.225 11.943
455.415 11.899
455.605 11.867
455.795 11.907
455.985 11.877
456.176 11.803
456.366 11.744
456.556 11.779
456.746 11.878
456.936 11.920
457.126 11.888
457.316 11.913
457.506 11.984
457.696 12.010
457.886 11.966
458.076 11.991
458.266 12.084
458.456 12.122
458.646 12.110
458.836 12.163
459.026 12.226
459.216 12.224
459.406 12.277
459.596 12.308
459.787 12.329
459.977 12.431
460.167 12.539
460.357 12.551
460.547 12.551
460.737 12.606
460.927 12.648
461.117 12.641
461.307 12.727
461.497 12.841
461.687 12.893
461.877 12.967
462.067 13.081
462.257 13.192
462.447 13.262
462.637 13.305
462.827 13.323
463.017 13.436
463.207 13.652
463.397 13.703
463.588 13.720
463.778 13.851
463.968 13.912
464.158 13.885
464.348 13.868
464.538 13.975
464.728 14.056
464.918 14.142
465.108 14.189
465.298 14.157
465.488 14.198
465.678 14.278
465.868 14.360
466.058 14.452
466.248 14.507
466.438 14.592
466.628 14.724
466.818 14.840
467.008 14.964
467.199 15.063
467.389 15.118
467.579 15.202
467.769 15.319
467.959 15.341
468.149 15.327
468.339 15.467
468.529 15.613
468.719 15.722
468.909 15.772
469.099 15.795
469.289 15.843
469.479 15.976
469.669 16.064
469.859 16.105
470.049 16.175
470.239 16.333
470.429 16.448
470.619 16.464
470.810 16.426
471.000 16.559
471.190 16.759
471.380 16.852
471.570 16.912
471.760 17.043
471.950 17.180
472.140 17.335
472.330 17.493
472.520 17.589
472.710 17.691
472.900 17.880
473.090 17.981
473.280 18.035
473.470 18.184
473.660 18.332
473.850 18.437
474.040 18.559
474.230 18.664
474.421 18.764
474.611 18.905
474.801 19.060
474.991 19.193
475.181 19.347
475.371 19.539
475.561 19.649
475.751 19.710
475.941 19.817
476.131 19.931
476.321 20.122
476.511 20.269
476.701 20.396
476.891 20.505
477.081 20.590
477.271 20.668
477.461 20.734
477.651 20.860
477.841 21.053
478.031 21.220
478.222 21.363
478.412 21.462
478.602 21.573
478.792 21.737
478.982 21.917
479.172 22.043
479.362 22.196
479.552 22.381
479.742 22.530
479.932 22.689
480.122 22.880
480.312 23.067
480.502 23.278
480.692 23.538
480.882 23.729
481.072 23.926
481.262 24.206
481.452 24.493
481.642 24.762
481.833 25.065
482.023 25.282
482.213 25.494
482.403 25.736
482.593 25.915
482.783 26.084
482.973 26.302
483.163 26.501
483.353 26.598
483.543 26.781
483.733 26.979
483.923 27.139
484.113 27.425
484.303 27.654
484.493 27.798
484.683 28.075
484.873 28.360
485.063 28.577
485.253 28.823
485.443 29.136
485.634 29.316
485.824 29.493
486.014 29.778
486.204 30.005
486.394 30.213
486.584 30.460
486.774 30.663
486.964 30.850
487.154 31.076
487.344 31.315
487.534 31.550
487.724 31.848
487.914 32.122
488.104 32.343
488.294 32.582
488.484 32.872
488.674 33.157
488.864 33.363
489.054 33.655
489.245 33.943
489.435 34.253
489.625 34.572
489.815 34.875
490.005 35.220
490.195 35.508
490.385 35.794
490.575 36.089
490.765 36.452
490.955 36.819
491.145 37.073
491.335 37.370
491.525 37.626
491.715 37.889
491.905 38.175
492.095 38.417
492.285 38.608
492.475 38.871
492.665 39.182
492.856 39.439
493.046 39.695
493.236 39.955
493.426 40.226
493.616 40.511
493.806 40.786
493.996 41.059
494.186 41.344
494.376 41.720
494.566 41.962
494.756 42.157
494.946 42.408
495.136 42.735
495.326 43.086
495.516 43.406
495.706 43.707
495.896 43.999
496.086 44.287
496.276 44.522
496.467 44.723
496.657 45.026
496.847 45.312
497.037 45.574
497.227 45.830
497.417 46.124
497.607 46.401
497.797 46.723
497.987 47.041
498.177 47.289
498.367 47.620
498.557 47.965
498.747 48.258
498.937 48.629
499.127 48.972
499.317 49.259
499.507 49.505
499.697 49.787
499.887 50.118
500.077 50.406
500.268 50.710
500.458 50.942
500.648 51.165
500.838 51.375
501.028 51.575
501.218 51.845
501.408 52.147
501.598 52.432
501.788 52.677
501.978 52.905
502.168 53.185
502.358 53.439
502.548 53.770
502.738 54.112
502.928 54.466
503.118 54.733
503.308 55.007
503.498 55.272
503.688 55.542
503.879 55.827
504.069 56.070
504.259 56.304
504.449 56.562
504.639 56.861
504.829 57.191
505.019 57.410
505.209 57.706
505.399 57.903
505.589 58.133
505.779 58.356
505.969 58.548
506.159 58.787
506.349 59.013
506.539 59.270
506.729 59.436
506.919 59.546
507.109 59.790
507.299 59.967
507.490 60.206
507.680 60.413
507.870 60.645
508.060 60.842
508.250 61.013
508.440 61.266
508.630 61.457
508.820 61.658
509.010 61.921
509.200 62.184
509.390 62.468
509.580 62.639
509.770 62.838
509.960 63.052
510.150 63.316
510.340 63.603
510.530 63.804
510.720 64.014
510.910 64.232
511.100 64.453
511.291 64.637
511.481 64.802
511.671 65.030
511.861 65.258
512.051 65.470
512.241 65.595
512.431 65.728
512.621 65.871
512.811 66.091
513.001 66.323
513.191 66.435
513.381 66.561
513.571 66.717
513.761 66.851
513.951 66.940
514.141 67.006
514.331 67.176
514.521 67.284
514.711 67.389
514.902 67.491
515.092 67.530
515.282 67.651
515.472 67.788
515.662 67.859
515.852 67.992
516.042 68.139
516.232 68.317
516.422 68.477
516.612 68.631
516.802 68.776
516.992 68.848
517.182 68.949
517.372 69.030
517.562 69.110
517.752 69.226
517.942 69.289
518.132 69.384
518.322 69.445
518.513 69.505
518.703 69.557
518.893 69.606
519.083 69.743
519.273 69.885
519.463 69.949
519.653 70.031
519.843 70.150
520.033 70.258
520.223 70.346
520.413 70.453
520.603 70.533
520.793 70.657
520.983 70.755
521.173 70.818
521.363 70.920
521.553 71.093
521.743 71.165
521.933 71.255
522.123 71.377
522.314 71.493
522.504 71.544
522.694 71.545
522.884 71.577
523.074 71.681
523.264 71.712
523.454 71.691
523.644 71.728
523.834 71.833
524.024 71.882
524.214 71.886
524.404 71.859
524.594 71.885
524.784 71.997
524.974 72.031
525.164 71.958
525.354 72.002
525.544 72.031
525.734 72.013
525.925 71.994
526.115 72.027
526.305 72.077
526.495 72.133
526.685 72.181
526.875 72.180
527.065 72.164
527.255 72.223
527.445 72.263
527.635 72.386
527.825 72.518
528.015 72.606
528.205 72.635
528.395 72.626
528.585 72.606
528.775 72.565
528.965 72.570
529.155 72.640
529.345 72.736
529.535 72.758
529.726 72.690
529.916 72.654
530.106 72.657
530.296 72.644
530.486 72.699
530.676 72.747
530.866 72.797
531.056 72.865
531.246 72.904
531.436 72.910
531.626 72.957
531.816 72.962
532.006 72.950
532.196 72.971
532.386 72.948
532.576 72.901
532.766 72.938
532.956 72.966
533.146 72.974
533.337 72.967
533.527 72.920
533.717 72.855
533.907 72.915
534.097 72.971
534.287 72.945
534.477 72.974
534.667 73.004
534.857 73.034
535.047 73.106
535.237 73.139
535.427 73.151
535.617 73.174
535.807 73.200
535.997 73.143
536.187 73.129
536.377 73.144
536.567 73.145
536.757 73.174
536.948 73.150
537.138 73.115
537.328 73.100
537.518 73.106
537.708 73.115
537.898 73.114
538.088 73.144
538.278 73.086
538.468 73.018
538.658 72.989
538.848 72.992
539.038 72.972
539.228 72.999
539.418 73.050
539.608 73.093
539.798 73.155
539.988 73.185
540.178 73.227
540.368 73.293
540.558 73.421
540.749 73.496
540.939 73.470
541.129 73.440
541.319 73.405
541.509 73.496
541.699 73.792
541.889 73.684
542.079 73.592
542.269 73.529
542.459 73.556
542.649 73.543
542.839 73.557
543.029 73.572
543.219 73.622
543.409 73.599
543.599 73.416
543.789 73.068
543.979 73.125
544.169 73.206
544.360 73.219
544.550 73.189
544.740 73.097
544.930 72.995
545.120 72.983
545.310 72.965
545.500 72.970
545.690 72.955
545.880 72.923
546.070 72.950
546.267 72.978
546.463 73.002
546.660 72.961
546.857 73.012
547.054 73.119
547.251 73.177
547.447 73.212
547.644 73.185
547.841 73.188
548.038 73.180
548.234 73.135
548.431 73.145
548.628 73.154
548.825 73.213
549.021 73.185
549.218 73.084
549.415 72.977
549.612 72.892
549.808 72.916
550.005 72.956
550.202 72.962
550.399 73.005
550.595 73.010
550.792 73.013
550.989 72.989
551.186 73.013
551.382 73.058
551.579 73.098
551.776 73.146
551.973 73.115
552.169 73.171
552.366 73.215
552.563 73.199
552.760 73.205
552.956 73.221
553.153 73.180
553.350 73.151
553.547 73.155
553.743 73.180
553.940 73.201
554.137 73.252
554.334 73.149
554.530 73.136
554.727 73.158
554.924 73.092
555.121 73.021
555.317 73.010
555.514 73.016
555.711 72.967
555.908 72.917
556.104 72.891
556.301 72.870
556.498 72.874
556.695 72.816
556.891 72.753
557.088 72.757
557.285 72.748
557.482 72.748
557.678 72.716
557.875 72.714
558.072 72.719
558.269 72.723
558.465 72.711
558.662 72.733
558.859 72.759
559.056 72.729
559.252 72.723
559.449 72.751
559.646 72.758
559.843 72.756
560.039 72.734
560.236 72.711
560.433 72.686
560.630 72.657
560.826 72.632
561.023 72.639
561.220 72.675
561.417 72.637
561.613 72.646
561.810 72.656
562.007 72.658
562.204 72.665
562.400 72.704
562.597 72.704
562.794 72.724
562.991 72.709
563.187 72.659
563.384 72.600
563.581 72.645
563.778 72.629
563.974 72.610
564.171 72.630
564.368 72.626
564.565 72.582
564.761 72.564
564.958 72.606
565.155 72.656
565.352 72.680
565.548 72.701
565.745 72.663
565.942 72.603
566.139 72.577
566.335 72.564
566.532 72.557
566.729 72.516
566.926 72.534
567.122 72.462
567.319 72.403
567.516 72.336
567.713 72.333
567.909 72.385
568.106 72.410
568.303 72.391
568.500 72.356
568.696 72.359
568.893 72.375
569.090 72.319
569.287 72.309
569.483 72.307
569.680 72.318
569.877 72.291
570.074 72.223
570.270 72.164
570.467 72.160
570.664 72.155
570.861 72.166
571.057 72.184
571.254 72.209
571.451 72.181
571.648 72.139
571.844 72.136
572.041 72.181
572.238 72.185
572.435 72.231
572.631 72.260
572.828 72.240
573.025 72.179
573.222 72.192
573.418 72.209
573.615 72.172
573.812 72.167
574.009 72.170
574.205 72.129
574.402 72.104
574.599 72.080
574.796 72.058
574.992 72.071
575.189 72.111
575.386 72.078
575.583 72.044
575.779 72.114
575.976 72.145
576.173 72.191
576.370 72.220
576.567 72.217
576.763 72.185
576.960 72.127
577.158 72.108
577.356 72.147
577.554 72.166
577.752 72.166
577.950 72.116
578.148 72.056
578.346 71.944
578.544 71.916
578.742 71.948
578.940 71.973
579.138 71.979
579.336 71.956
579.534 71.844
579.732 71.779
579.930 71.717
580.128 71.718
580.326 71.782
580.524 71.822
580.722 71.797
580.920 71.767
581.118 71.804
581.316 71.834
581.514 71.813
581.712 71.841
581.909 71.849
582.107 71.874
582.305 71.905
582.503 71.899
582.701 71.882
582.899 71.886
583.097 71.895
583.295 71.853
583.493 71.857
583.691 71.905
583.889 71.936
584.087 71.978
584.285 71.973
584.483 71.929
584.681 71.892
584.879 71.884
585.077 71.833
585.275 71.782
585.473 71.768
585.671 71.758
585.869 71.780
586.067 71.755
586.265 71.714
586.463 71.709
586.661 71.735
586.859 71.751
587.057 71.793
587.255 71.823
587.453 71.814
587.651 71.782
587.849 71.770
588.047 71.776
588.245 71.783
588.443 71.779
588.641 71.768
588.839 71.792
589.037 71.796
589.235 71.743
589.433 71.727
589.631 71.730
589.829 71.744
590.027 71.734
590.225 71.663
590.423 71.650
590.621 71.643
590.819 71.659
591.017 71.590
591.215 71.562
591.413 71.596
591.611 71.598
591.809 71.634
592.006 71.627
592.204 71.568
592.402 71.548
592.600 71.516
592.798 71.496
592.996 71.441
593.194 71.425
593.392 71.402
593.590 71.387
593.788 71.355
593.986 71.299
594.184 71.248
594.382 71.261
594.580 71.291
594.778 71.256
594.976 71.277
595.174 71.317
595.372 71.306
595.570 71.272
595.768 71.175
595.966 71.156
596.164 71.164
596.362 71.219
596.560 71.277
596.758 71.225
596.956 71.274
597.154 71.307
597.352 71.285
597.550 71.289
597.748 71.353
597.946 71.410
598.144 71.448
598.342 71.443
598.540 71.408
598.738 71.372
598.936 71.358
599.134 71.313
599.332 71.236
599.530 71.236
599.728 71.244
599.926 71.189
600.124 71.163
600.322 71.157
600.520 71.172
600.718 71.142
600.916 71.091
601.114 71.123
601.312 71.132
601.510 71.078
601.708 71.011
601.905 70.993
602.103 71.013
602.301 71.050
602.499 70.998
602.697 70.969
602.895 71.017
603.093 71.067
603.291 71.060
603.489 71.030
603.687 71.025
603.885 71.025
604.083 71.013
604.281 70.959
604.479 70.942
604.677 70.982
604.875 70.981
605.073 70.968
605.271 70.872
605.469 70.757
605.667 70.723
605.865 70.724
606.063 70.771
606.261 70.831
606.459 70.837
606.657 70.828
606.855 70.783
607.053 70.706
607.251 70.640
607.449 70.680
607.647 70.764
607.845 70.800
608.043 70.834
608.241 70.766
608.439 70.640
608.637 70.619
608.835 70.618
609.033 70.600
609.231 70.661
609.429 70.714
609.627 70.705
609.825 70.738
610.023 70.752
610.221 70.727
610.419 70.748
610.617 70.772
610.815 70.772
611.013 70.759
611.211 70.743
611.409 70.692
611.607 70.669
611.804 70.636
612.002 70.597
612.200 70.599
612.398 70.620
612.596 70.567
612.794 70.556
612.992 70.558
613.190 70.541
613.388 70.569
613.586 70.606
613.784 70.573
613.982 70.584
614.180 70.596
614.378 70.566
614.576 70.547
614.774 70.608
614.972 70.586
615.170 70.575
615.368 70.603
615.566 70.604
615.764 70.566
615.962 70.567
616.160 70.580
616.358 70.556
616.556 70.539
616.754 70.512
616.952 70.467
617.150 70.459
617.348 70.453
617.546 70.356
617.744 70.315
617.942 70.343
618.140 70.348
618.338 70.307
618.536 70.278
618.734 70.283
618.932 70.311
619.130 70.333
619.328 70.351
619.526 70.375
619.724 70.417
619.922 70.443
620.120 70.427
620.318 70.418
620.516 70.445
620.714 70.458
620.912 70.460
621.110 70.439
621.308 70.427
621.506 70.429
621.704 70.424
621.901 70.474
622.099 70.448
622.297 70.430
622.495 70.435
622.693 70.452
622.891 70.395
623.089 70.353
623.287 70.330
623.485 70.287
623.683 70.280
623.881 70.266
624.079 70.203
624.277 70.214
624.475 70.200
624.673 70.161
624.871 70.108
625.069 70.149
625.267 70.181
625.465 70.209
625.663 70.239
625.861 70.238
626.059 70.194
626.257 70.197
626.455 70.229
626.653 70.261
626.851 70.270
627.049 70.279
627.247 70.266
627.445 70.212
627.643 70.184
627.841 70.198
628.039 70.170
628.237 70.167
628.435 70.155
628.633 70.118
628.831 70.046
629.029 70.065
629.227 70.080
629.425 70.104
629.623 70.124
629.821 70.112
630.019 70.033
630.217 70.003
630.415 70.002
630.613 70.031
630.811 70.019
631.009 70.021
631.207 70.013
631.405 70.003
631.603 70.010
631.801 70.042
631.998 70.084
632.196 70.154
632.394 70.205
632.592 70.195
632.790 70.158
632.988 70.186
633.186 70.264
633.384 70.248
633.582 70.233
633.780 70.227
633.978 70.197
634.176 70.184
634.374 70.204
634.572 70.186
634.770 70.192
634.968 70.221
635.166 70.215
635.364 70.144
635.562 70.122
635.760 70.089
635.958 70.057
636.156 70.062
636.354 70.004
636.552 69.921
636.750 69.908
636.948 69.924
637.146 69.928
637.344 69.914
637.542 69.932
637.740 69.890
637.938 69.840
638.136 70.011
638.334 70.385
638.532 70.357
638.730 70.339
638.928 70.285
639.126 70.295
639.324 70.274
639.522 70.266
639.720 70.309
639.918 70.357
640.116 70.405
640.314 70.218
640.512 69.793
640.710 69.828
640.908 69.904
641.106 70.002
641.304 69.975
641.502 69.990
641.699 69.963
641.897 69.933
642.095 69.968
642.293 69.958
642.491 69.945
642.689 69.990
642.887 70.000
643.085 69.974
643.283 69.947
643.481 69.945
643.679 69.916
643.877 69.974
644.075 70.004
644.273 69.949
644.471 69.951
644.669 69.947
644.867 69.918
645.065 69.909
645.263 69.926
645.461 69.904
645.659 69.933
645.857 69.987
646.055 69.963
646.253 69.917
646.451 69.983
646.649 70.050
646.847 70.064
647.045 70.076
647.243 70.107
647.441 70.115
647.639 70.212
647.837 70.244
648.035 70.169
648.233 70.201
648.431 70.219
648.629 70.201
648.827 70.188
649.025 70.226
649.223 70.201
649.421 70.152
649.619 70.153
649.817 70.091
650.015 70.077
650.213 70.114
650.411 70.059
650.609 70.065
650.807 70.045
651.005 70.050
651.203 70.042
651.401 70.112
651.599 70.212
651.796 70.235
651.994 70.277
652.192 70.263
652.390 70.277
652.588 70.291
652.786 70.276
652.984 70.320
653.182 70.343
653.380 70.288
653.578 70.257
653.776 70.221
653.974 70.237
654.172 70.194
654.370 70.186
654.568 70.169
654.766 70.147
654.964 70.122
655.162 70.072
655.360 70.028
655.558 70.064
655.756 70.115
655.954 70.123
656.152 70.084
656.350 70.073
656.548 70.059
656.746 70.042
656.944 70.057
657.142 70.095
657.340 70.145
657.538 70.167
657.736 70.176
657.934 70.138
658.132 70.109
658.330 70.062
658.528 70.034
658.726 70.083
658.924 70.122
659.122 70.144
659.320 70.148
659.518 70.105
659.716 70.090
659.914 70.099
660.112 70.094
660.310 70.103
660.508 70.168
660.706 70.174
660.904 70.098
661.102 70.100
661.300 70.090
661.498 70.040
661.696 70.005
661.893 70.016
662.091 69.977
662.289 69.935
662.487 69.976
662.685 69.967
662.883 69.993
663.081 70.047
663.279 70.088
663.477 70.082
663.675 70.119
663.873 70.185
664.071 70.179
664.269 70.186
664.467 70.192
664.665 70.162
664.863 70.148
665.061 70.108
665.259 70.076
665.457 70.034
665.655 70.043
665.853 70.025
666.051 70.014
666.249 70.032
666.447 70.066
666.645 70.144
666.843 70.145
667.041 70.123
667.239 70.127
667.437 70.183
667.635 70.195
667.833 70.170
668.031 70.173
668.229 70.153
668.427 70.167
668.625 70.176
668.823 70.101
669.021 70.086
669.219 70.139
669.417 70.176
669.615 70.077
669.813 70.016
670.011 70.010
670.209 69.981
670.407 69.989
670.605 69.896
670.803 69.859
671.001 69.877
671.199 69.878
671.397 69.803
671.595 69.826
671.792 69.901
671.990 69.855
672.188 69.827
672.386 69.873
672.584 69.840
672.782 69.866
672.980 69.894
673.178 69.912
673.376 69.883
673.574 69.877
673.772 69.749
673.970 69.715
674.168 69.795
674.366 69.839
674.564 69.819
674.762 69.820
674.960 69.867
675.158 69.855
675.356 69.788
675.554 69.798
675.752 69.813
675.950 69.852
676.148 69.818
676.346 69.804
676.544 69.755
676.742 69.715
676.940 69.748
677.138 69.727
677.336 69.716
677.534 69.747
677.732 69.734
677.930 69.756
678.128 69.787
678.326 69.820
678.524 69.808
678.722 69.879
678.920 69.970
679.118 69.999
679.316 69.997
679.514 69.991
679.712 69.936
679.910 69.896
680.108 69.887
680.306 69.863
680.504 69.853
680.702 69.866
680.900 69.836
681.098 69.748
681.296 69.653
681.494 69.632
681.691 69.689
681.889 69.790
682.087 69.786
682.285 69.701
682.483 69.695
682.681 69.745
682.879 69.722
683.077 69.694
683.275 69.653
683.473 69.637
683.671 69.630
683.869 69.544
684.067 69.490
684.265 69.511
684.463 69.609
684.661 69.624
684.859 69.514
685.057 69.474
685.255 69.463
685.453 69.528
685.651 69.599
685.849 69.645
686.047 69.689
686.245 69.691
686.443 69.725
686.641 69.705
686.839 69.716
687.037 69.753
687.235 69.774
687.433 69.776
687.631 69.724
687.829 69.674
688.027 69.626
688.225 69.641
688.423 69.629
688.621 69.588
688.819 69.563
689.017 69.549
689.215 69.550
689.413 69.547
689.611 69.619
689.809 69.688
690.007 69.717
690.205 69.713
690.403 69.654
690.601 69.633
690.799 69.647
690.997 69.651
691.195 69.644
691.393 69.622
691.591 69.632
691.788 69.587
691.986 69.604
692.184 69.624
692.382 69.658
692.580 69.673
692.778 69.661
692.976 69.635
693.174 69.634
693.372 69.669
693.570 69.686
693.768 69.701
693.966 69.691
694.164 69.654
694.362 69.604
694.560 69.579
694.758 69.564
694.956 69.599
695.154 69.630
695.352 69.668
695.550 69.659
695.748 69.615
695.946 69.585
696.144 69.577
696.342 69.594
696.540 69.583
696.744 69.528
696.948 69.538
697.152 69.552
697.357 69.565
697.561 69.510
697.765 69.512
697.969 69.617
698.173 69.632
698.377 69.590
698.581 69.587
698.786 69.678
698.990 69.749
699.194 69.734
699.398 69.709
699.602 69.624
699.806 69.609
700.010 69.565
700.215 69.488
700.419 69.450
700.623 69.448
700.827 69.396
701.031 69.310
701.235 69.291
701.440 69.285
701.644 69.259
701.848 69.335
702.052 69.361
702.256 69.406
702.460 69.428
702.664 69.431
702.869 69.431
703.073 69.475
703.277 69.552
703.481 69.544
703.685 69.596
703.889 69.634
704.093 69.614
704.298 69.615
704.502 69.614
704.706 69.593
704.910 69.617
705.114 69.610
705.318 69.552
705.522 69.464
705.727 69.475
705.931 69.423
706.135 69.409
706.339 69.372
706.543 69.353
706.747 69.337
706.951 69.363
707.156 69.381
707.360 69.454
707.564 69.533
707.768 69.546
707.972 69.520
708.176 69.523
708.380 69.571
708.585 69.624
708.789 69.631
708.993 69.609
709.197 69.606
709.401 69.582
709.605 69.505
709.810 69.491
710.014 69.549
710.218 69.573
710.422 69.538
710.626 69.524
710.830 69.538
711.034 69.502
711.239 69.491
711.443 69.467
711.647 69.455
711.851 69.472
712.055 69.452
712.259 69.478
712.463 69.485
712.668 69.560
712.872 69.528
713.076 69.519
713.280 69.624
713.484 69.651
713.688 69.635
713.892 69.645
714.097 69.642
714.301 69.668
714.505 69.557
714.709 69.559
714.913 69.596
715.117 69.649
715.321 69.624
715.526 69.525
715.730 69.495
715.934 69.484
716.138 69.498
716.342 69.534
716.546 69.520
716.750 69.550
716.955 69.490
717.159 69.447
717.363 69.435
717.567 69.453
717.771 69.460
717.975 69.466
718.180 69.535
718.384 69.531
718.588 69.527
718.792 69.556
718.996 69.619
719.200 69.634
719.404 69.598
719.609 69.561
719.813 69.522
720.017 69.540
720.221 69.542
720.425 69.527
720.629 69.479
720.833 69.372
721.038 69.237
721.242 69.143
721.446 69.160
721.650 69.140
721.854 69.103
722.058 69.185
722.262 69.215
722.467 69.201
722.671 69.154
722.875 69.199
723.079 69.300
723.283 69.397
723.487 69.455
723.691 69.506
723.896 69.530
724.100 69.577
724.304 69.497
724.508 69.424
724.712 69.391
724.916 69.419
725.120 69.422
725.325 69.431
725.529 69.436
725.733 69.449
725.937 69.426
726.141 69.439
726.345 69.349
726.550 69.295
726.754 69.342
726.958 69.386
727.162 69.353
727.366 69.297
727.570 69.230
727.774 69.210
727.979 69.181
728.183 69.078
728.387 69.016
728.591 69.082
728.795 69.168
728.999 69.178
729.203 69.167
729.408 69.169
729.612 69.285
729.816 69.321
730.020 69.305
730.224 69.310
730.428 69.370
730.632 69.355
730.837 69.338
731.041 69.333
731.245 69.303
731.449 69.290
731.653 69.298
731.857 69.167
732.061 69.173
732.266 69.208
732.470 69.155
732.674 69.136
732.878 69.206
733.082 69.258
733.286 69.214
733.490 69.188
733.695 69.203
733.899 69.168
734.103 69.254
734.307 69.280
734.511 69.167
734.715 69.146
734.920 69.131
735.124 69.063
735.328 69.000
735.532 69.030
735.736 69.073
735.940 69.064
736.144 69.092
736.349 69.091
736.553 69.066
736.757 69.139
736.961 69.191
737.165 69.241
737.369 69.293
737.573 69.309
737.778 69.270
737.982 69.199
738.186 69.153
738.390 69.179
738.594 69.103
738.798 69.023
739.002 69.016
739.207 69.012
739.411 68.992
739.615 68.929
739.819 68.907
740.023 68.917
740.227 68.915
740.431 68.975
740.636 68.934
740.840 68.990
741.044 69.083
741.248 69.072
741.452 69.053
741.656 69.024
741.860 69.005
742.065 68.962
742.269 68.939
742.473 68.991
742.677 68.962
742.881 68.973
743.085 68.958
743.290 68.959
743.494 68.959
743.698 68.942
743.902 68.899
744.106 68.969
744.310 68.973
744.514 68.960
744.719 68.903
744.923 68.903
745.127 68.982
745.331 68.984
745.535 68.909
745.739 68.797
745.943 68.707
746.148 68.700
746.352 68.646
746.556 68.722
746.760 68.730
746.964 68.805
747.168 68.865
747.372 68.873
747.577 68.808
747.781 68.799
747.985 68.950
748.189 69.018
748.393 69.053
748.597 69.146
748.801 69.172
749.006 69.233
749.210 69.224
749.414 69.146
749.618 69.038
749.822 69.042
750.026 68.993
750.230 68.910
750.435 68.908
750.639 68.936
750.843 68.860
751.047 68.737
751.251 68.579
751.455 68.447
751.660 68.425
751.864 68.440
752.068 68.520
752.272 68.574
752.476 68.563
752.680 68.590
752.884 68.517
753.089 68.408
753.293 68.409
753.497 68.535
753.701 68.612
753.905 68.644
754.109 68.628
754.313 68.511
754.518 68.514
754.722 68.542
754.926 68.634
755.130 68.699
755.334 68.847
755.538 68.838
755.742 68.745
755.947 68.758
756.151 68.731
756.355 68.767
756.559 68.873
756.763 68.847
756.967 68.797
757.171 68.659
757.376 68.613
757.580 68.557
757.784 68.592
757.988 68.603
758.192 68.597
758.396 68.624
758.600 68.546
758.805 68.433
759.009 68.526
759.213 68.661
759.417 68.752
759.621 68.811
759.825 68.830
760.030 68.850
760.234 68.925
760.438 68.886
760.642 68.851
760.846 68.898
761.050 68.901
761.254 68.812
761.459 68.769
761.663 68.707
761.867 68.568
762.071 68.471
762.275 68.457
762.479 68.461
762.683 68.594
762.888 68.648
763.092 68.606
763.296 68.700
763.500 68.748
763.709 68.677
763.918 68.696
764.126 68.740
764.335 68.830
764.544 68.845
764.753 68.860
764.962 68.758
765.171 68.738
765.379 68.828
765.588 68.812
765.797 68.794
766.006 68.765
766.215 68.677
766.424 68.714
766.632 68.700
766.841 68.676
767.050 68.577
767.259 68.541
767.468 68.537
767.677 68.397
767.885 68.300
768.094 68.297
768.303 68.376
768.512 68.412
768.721 68.380
768.929 68.395
769.138 68.464
769.347 68.480
769.556 68.503
769.765 68.469
769.974 68.488
770.182 68.486
770.391 68.361
770.600 68.294
770.809 68.252
771.018 68.206
771.227 68.083
771.435 68.013
771.644 68.010
771.853 67.955
772.062 67.880
772.271 67.819
772.480 67.859
772.688 68.000
772.897 68.046
773.106 68.197
773.315 68.268
773.524 68.348
773.732 68.312
773.941 68.327
774.150 68.396
774.359 68.497
774.568 68.581
774.777 68.552
774.985 68.534
775.194 68.560
775.403 68.465
775.612 68.466
775.821 68.445
776.030 68.441
776.238 68.426
776.447 68.406
776.656 68.460
776.865 68.506
777.074 68.497
777.283 68.527
777.491 68.475
777.700 68.443
777.909 68.349
778.118 68.295
778.327 68.289
778.535 68.333
778.744 68.369
778.953 68.273
779.162 68.099
779.371 68.005
779.580 67.925
779.788 67.861
779.997 67.855
780.206 67.929
780.415 67.913
780.624 67.884
780.833 67.836
781.041 67.771
781.250 67.758
781.459 67.879
781.668 68.047
781.877 68.024
782.086 68.058
782.294 68.130
782.503 68.217
782.712 68.310
782.921 68.293
783.130 68.281
783.338 68.293
783.547 68.253
783.756 68.234
783.965 68.191
784.174 68.206
784.383 68.202
784.591 68.094
784.800 67.998
785.009 67.990
785.218 68.029
785.427 67.999
785.636 67.940
785.844 67.889
786.053 67.746
786.262 67.692
786.471 67.677
786.680 67.618
786.889 67.567
787.097 67.435
787.306 67.350
787.515 67.337
787.724 67.364
787.933 67.393
788.141 67.404
788.350 67.509
788.559 67.519
788.768 67.523
788.977 67.530
789.186 67.507
789.394 67.525
789.603 67.503
789.812 67.433
790.021 67.364
790.230 67.325
790.439 67.458
790.647 67.486
790.856 67.371
791.065 67.298
791.274 67.330
791.483 67.457
791.692 67.526
791.900 67.498
792.109 67.523
792.318 67.574
792.527 67.622
792.736 67.555
792.944 67.511
793.153 67.582
793.362 67.679
793.571 67.682
793.780 67.658
793.989 67.646
794.197 67.692
794.406 67.629
794.615 67.549
794.824 67.544
795.033 67.543
795.242 67.565
795.450 67.473
795.659 67.404
795.868 67.335
796.077 67.304
796.286 67.386
796.495 67.438
796.703 67.555
796.912 67.669
797.121 67.643
797.330 67.636
797.539 67.590
797.747 67.620
797.956 67.660
798.165 67.746
798.374 67.773
798.583 67.653
798.792 67.634
799.000 67.661
799.209 67.643
799.418 67.618
799.627 67.598
799.836 67.653
800.045 67.796
800.253 67.661
800.462 67.477
800.671 67.414
800.880 67.471
801.089 67.493
801.298 67.520
801.506 67.447
801.715 67.432
801.924 67.424
802.133 67.380
802.342 67.321
802.550 67.462
802.759 67.739
802.968 67.786
803.177 67.707
803.386 67.761
803.595 67.628
803.803 67.576
804.012 67.473
804.221 67.412
804.430 67.388
804.639 67.337
804.848 67.265
805.056 67.189
805.265 67.123
805.474 67.118
805.683 67.032
805.892 67.108
806.101 67.258
806.309 67.398
806.518 67.422
806.727 67.364
806.936 67.458
807.145 67.571
807.353 67.469
807.562 67.440
807.771 67.575
807.980 67.668
808.189 67.545
808.398 67.370
808.606 67.306
808.815 67.408
809.024 67.469
809.233 67.346
809.442 67.298
809.651 67.248
809.859 67.256
810.068 67.220
810.277 67.042
810.486 67.079
810.695 67.228
810.904 67.305
811.112 67.362
811.321 67.358
811.530 67.399
811.740 67.306
811.949 67.380
812.159 67.276
812.368 67.095
812.578 67.102
812.787 67.233
812.997 67.448
813.206 67.480
813.416 67.333
813.625 67.315
813.835 67.162
814.044 67.200
814.254 67.338
814.463 67.482
814.673 67.527
814.882 67.628
815.092 67.601
815.301 67.279
815.511 67.206
815.720 67.252
815.930 67.295
816.139 67.432
816.349 67.330
816.558 67.208
816.768 67.299
816.977 67.267
817.187 67.085
817.396 66.804
817.606 66.753
817.815 66.832
818.025 66.771
818.234 66.655
818.444 66.665
818.653 66.774
818.863 66.629
819.072 66.482
819.282 66.671
819.491 66.837
819.701 67.004
819.910 67.153
820.120 67.124
820.329 67.143
820.539 67.033
820.748 66.894
820.958 66.885
821.167 67.024
821.377 66.993
821.586 66.712
821.796 66.483
822.005 66.561
822.215 66.515
822.424 66.388
822.634 66.313
822.843 66.590
823.053 66.726
823.262 66.769
823.472 66.784
823.681 66.854
823.891 67.068
824.100 67.427
824.310 67.415
824.519 67.173
824.729 67.089
824.938 67.077
825.148 66.923
825.357 66.952
825.567 66.969
825.776 66.906
825.986 66.746
826.195 66.665
826.405 66.473
826.614 66.467
826.824 66.714
827.033 66.763
827.243 66.744
827.452 66.734
827.662 66.670
827.871 66.584
828.081 66.609
828.290 66.794
828.500 66.778
828.709 66.843
828.919 66.791
829.128 66.640
829.338 66.700
829.547 66.803
829.757 66.742
829.966 66.636
830.176 66.570
830.385 66.502
830.595 66.468
830.804 66.413
831.014 66.242
831.223 66.335
831.433 66.568
831.642 66.543
831.852 66.439
832.061 66.434
832.271 66.455
832.480 66.582
832.690 66.478
832.899 66.481
833.109 66.742
833.318 66.799
833.528 66.637
833.737 66.429
833.947 66.492
834.156 66.637
834.366 66.880
834.575 66.750
834.785 66.540
834.994 66.748
835.204 66.694
835.413 66.521
835.623 66.526
835.832 66.432
836.042 66.558
836.251 66.673
836.461 66.529
836.670 66.363
836.880 66.542
837.089 66.774
837.299 66.845
837.508 67.035
837.718 67.203
837.927 67.254
838.137 67.398
838.346 67.279
838.556 67.155
838.765 67.267
838.975 67.419
839.184 67.537
839.394 67.429
839.603 67.196
839.813 66.976
840.022 66.820
840.232 66.790
840.441 66.854
840.651 67.057
840.860 67.093
841.070 67.059
841.279 66.933
841.489 66.762
841.698 66.711
841.908 66.686
842.117 66.687
842.327 66.533
842.536 66.536
842.746 66.480
842.955 66.402
843.165 66.425
843.374 66.476
843.584 66.504
843.793 66.629
844.003 66.780
844.212 67.045
844.422 67.101
844.631 67.178
844.841 67.297
845.050 67.471
845.260 67.436
845.469 67.399
845.679 67.275
845.888 67.300
846.098 67.401
846.307 67.255
846.517 66.973
846.726 66.893
846.936 67.171
847.145 67.126
847.355 66.906
847.564 66.707
847.774 67.203
847.983 68.184
848.193 68.153
848.402 67.896
848.612 67.778
848.821 67.870
849.031 68.013
849.240 67.785
849.450 67.773
849.659 67.766
849.869 67.810
850.078 67.244
850.288 66.519
850.497 66.529
850.707 66.464
850.916 66.473
851.126 66.523
851.335 66.544
851.545 66.696
851.754 66.784
851.964 66.753
852.173 66.683
852.383 66.739
852.592 66.657
852.802 66.822
853.011 67.081
853.221 67.196
853.430 67.117
853.640 67.098
853.849 67.106
854.059 66.841
854.268 66.840
854.478 67.045
854.687 66.854
854.897 66.789
855.106 66.809
855.316 66.752
855.525 66.746
855.735 66.756
855.944 66.678
856.154 66.710
856.363 66.938
856.573 67.080
856.782 66.955
856.992 67.028
857.201 67.118
857.411 67.049
857.620 66.945
857.830 66.901
858.039 66.885
858.249 66.853
858.458 66.763
858.668 66.856
858.877 66.764
859.087 66.890
859.296 67.065
859.506 66.831
859.715 66.660
859.925 66.702
860.134 66.837
860.344 66.924
860.553 66.933
860.763 66.894
860.972 66.672
861.182 66.756
861.391 66.818
861.601 66.682
861.810 66.853
862.020 66.868
862.229 66.792
862.439 66.873
862.648 67.066
862.858 67.131
863.067 66.980
863.277 67.053
863.486 67.234
863.696 67.227
863.905 67.243
864.115 67.298
864.324 67.394
864.534 67.547
864.743 67.488
864.953 67.341
865.162 67.306
865.372 67.358
865.581 67.246
865.791 67.261
866.000 67.311
866.210 67.576
866.419 67.617
866.629 67.473
866.838 67.369
867.048 67.353
867.257 67.464
867.467 67.655
867.676 67.911
867.886 68.065
868.095 67.763
868.305 67.582
868.514 67.343
868.724 67.147
868.933 67.347
869.143 67.216
869.352 67.061
869.562 67.149
869.771 67.116
869.981 66.934
870.190 66.786
870.400 66.742
870.609 66.964
870.819 67.160
871.028 67.418
871.238 67.497
871.447 67.706
871.657 67.736
871.866 67.318
872.076 67.436
872.285 67.498
872.495 67.412
872.704 67.382
872.914 67.295
873.123 67.237
873.333 67.126
873.542 67.121
873.752 67.109
873.961 67.158
874.171 67.160
874.380 66.731
874.590 66.637
874.799 67.032
875.009 67.323
875.218 67.501
875.428 67.012
875.637 66.732
875.847 66.885
876.056 66.983
876.266 66.999
876.475 67.080
876.685 67.194
876.894 67.318
877.104 67.048
877.313 66.816
877.523 66.759
877.732 67.172
877.942 67.374
878.151 67.021
878.361 66.906
878.570 66.934
878.780 67.017
878.989 67.295
879.199 67.589
879.408 67.663
879.618 67.556
879.827 67.460
880.037 67.661
880.246 67.903
880.456 68.078
880.665 68.140
880.875 68.185
881.084 68.625
881.294 68.651
881.503 68.097
881.713 68.013
881.922 68.180
882.132 67.802
882.341 67.334
882.551 67.186
882.760 67.239
882.970 67.071
883.179 67.195
883.389 66.897
883.598 66.512
883.808 66.678
884.017 66.843
884.227 66.831
884.436 67.047
884.646 67.233
884.855 67.160
885.065 67.028
885.274 67.275
885.484 67.547
885.693 67.775
885.903 67.775
886.112 67.762
886.322 67.776
886.531 67.751
886.741 67.770
886.950 67.880
887.160 68.013
887.369 67.804
887.579 67.534
887.788 66.926
887.998 66.761
888.207 67.107
888.417 67.210
888.626 67.075
888.836 66.992
889.045 66.909
889.255 66.928
889.464 67.258
889.674 67.537
889.883 67.521
890.093 67.593
890.302 67.301
890.512 67.178
890.721 67.432
890.931 67.293
891.140 67.404
891.350 67.465
891.559 67.291
891.769 66.965
891.978 67.054
892.188 67.349
892.397 67.377
892.607 67.505
892.816 67.480
893.026 66.937
893.235 66.869
893.445 67.064
893.654 67.466
893.864 67.821
894.073 67.743
894.283 67.510
894.492 67.168
894.702 67.088
894.911 67.093
895.121 67.134
895.330 67.190
895.540 67.533
895.749 67.697
895.959 67.526
896.168 67.394
896.378 67.313
896.587 67.611
896.797 68.042
897.006 68.248
897.216 68.366
897.425 68.141
897.635 68.188
897.844 68.258
898.054 68.083
898.263 67.809
898.473 67.519
898.682 67.335
898.892 67.248
899.101 67.325
899.311 67.123
899.520 66.819
899.730 66.940
899.939 67.070
900.149 66.839
900.358 66.612
900.568 66.802
900.777 67.208
900.987 67.435
901.196 67.078
901.406 66.466
901.615 66.420
901.825 66.496
902.034 66.315
902.244 66.440
902.453 66.579
902.663 66.618
902.872 66.450
903.082 66.279
903.291 66.161
903.501 66.178
903.710 66.400
903.920 66.858
904.129 66.913
904.339 67.305
904.548 67.118
904.758 66.835
904.967 66.905
905.177 67.034
905.386 67.323
905.596 67.633
905.805 68.029
906.015 68.447
906.224 68.313
906.434 68.290
906.643 67.956
906.853 67.772
907.062 67.935
907.272 67.790
907.481 67.890
907.691 68.087
907.900 67.832
908.110 67.647
908.319 67.394
908.529 67.079
908.738 67.029
908.948 67.345
909.157 67.540
909.367 67.483
909.576 67.997
909.786 68.277
909.995 67.980
910.205 68.023
910.414 67.856
910.624 68.025
910.833 68.278
911.043 68.121
911.252 67.903
911.462 68.157
911.672 68.226
911.881 67.776
912.091 66.970
912.300 66.662
912.512 66.514
912.724 66.633
912.937 66.496
913.149 66.786
913.361 67.358
913.573 67.412
913.786 67.430
913.998 67.765
914.210 67.773
914.422 68.382
914.634 68.672
914.847 68.910
915.059 68.874
915.271 69.034
915.483 68.928
915.696 68.733
915.908 68.808
916.120 68.585
916.332 68.215
916.544 68.518
916.757 68.567
916.969 68.260
917.181 68.383
917.393 68.627
917.606 68.640
917.818 68.587
918.030 68.459
918.242 68.652
918.454 68.740
918.667 68.919
918.879 68.924
919.091 68.848
919.303 68.819
919.516 68.487
919.728 68.495
919.940 68.758
920.152 68.695
920.364 68.720
920.577 68.532
920.789 68.160
921.001 67.925
921.213 68.099
921.426 68.592
921.638 69.092
921.850 68.932
922.062 68.551
922.274 68.249
922.487 68.453
922.699 68.692
922.911 68.911
923.123 69.390
923.336 69.525
923.548 69.160
923.760 68.947
923.972 68.866
924.184 68.895
924.397 68.697
924.609 68.640
924.821 68.977
925.033 69.049
925.246 68.871
925.458 68.718
925.670 68.885
925.882 69.139
926.094 68.821
926.307 68.497
926.519 68.812
926.731 69.345
926.943 69.658
927.156 69.065
927.368 68.641
927.580 68.654
927.792 68.938
928.004 69.244
928.217 69.041
928.429 69.273
928.641 69.618
928.853 69.631
929.066 69.675
929.278 69.718
929.490 69.931
929.702 70.318
929.914 70.295
930.127 70.179
930.339 70.150
930.551 70.705
930.763 70.630
930.976 70.288
931.188 70.386
931.400 70.141
931.612 69.693
931.824 69.729
932.037 69.809
932.249 70.297
932.461 70.396
932.673 69.949
932.886 69.307
933.098 69.608
933.310 70.683
933.522 71.044
933.734 71.631
933.947 71.848
934.159 71.641
934.371 71.482
934.583 70.935
934.796 70.836
935.008 71.058
935.220 71.691
935.432 71.267
935.644 70.348
935.857 70.482
936.069 70.228
936.281 69.982
936.493 69.550
936.706 70.029
936.918 70.689
937.130 70.705
937.342 70.589
937.554 70.122
937.767 70.183
937.979 69.801
938.191 69.122
938.403 69.017
938.616 68.990
938.828 69.718
939.040 69.929
939.252 69.892
939.464 69.747
939.677 69.996
939.889 70.072
940.101 70.130
940.313 71.283
940.526 71.706
940.738 71.317
940.950 71.293
941.162 70.647
941.374 69.918
941.587 70.192
941.799 70.655
942.011 70.892
942.223 71.208
942.436 71.589
942.648 71.073
942.860 70.873
943.072 70.627
943.284 70.980
943.497 71.575
943.709 71.823
943.921 71.475
944.133 71.703
944.346 71.885
944.558 71.906
944.770 71.771
944.982 72.065
945.194 72.154
945.407 72.539
945.619 72.134
945.831 72.273
946.043 72.748
946.256 73.187
946.468 73.179
946.680 72.900
946.892 72.980
947.104 72.758
947.317 72.347
947.529 72.356
947.741 73.750
947.953 74.767
948.166 73.811
948.378 73.516
948.590 74.261
948.802 73.849
949.014 73.747
949.227 73.419
949.439 73.488
949.651 74.028
949.863 74.839
950.076 74.108
950.288 73.832
950.500 74.844
950.712 74.006
950.924 72.499
951.137 73.345
951.349 74.197
951.561 73.870
951.773 75.710
951.986 78.352
952.198 76.714
952.410 75.100
952.622 73.583
952.834 73.045
953.047 74.330
953.259 74.190
953.471 72.870
953.683 71.675
953.896 73.521
954.108 73.292
954.320 69.288
954.532 68.957
954.744 70.683
954.957 72.301
955.169 72.638
955.381 72.610
955.593 72.346
955.806 71.774
956.018 71.902
956.230 71.114
956.442 69.743
956.654 70.935
956.867 71.627
957.079 71.012
957.291 70.913
957.503 71.746
957.716 71.097
957.928 71.137
958.140 71.839
958.352 72.720
958.564 72.600
958.777 71.897
958.989 71.048
959.201 72.542
959.413 73.967
959.626 73.432
959.838 71.718
960.050 70.585
960.262 70.721
960.474 71.796
960.687 72.658
960.899 72.700
961.111 72.695
961.323 73.130
961.536 71.776
961.748 71.069
961.960 71.798
962.172 71.733
962.384 71.851
962.597 72.703
962.809 73.327
963.021 71.461
963.233 69.942
963.446 70.065
963.658 69.947
963.870 70.804
964.082 71.473
964.294 71.415
964.507 71.124
964.719 71.629
964.931 71.856
965.143 70.980
965.356 71.637
965.568 72.762
965.780 73.404
966.000 73.242
966.221 72.308
966.441 71.989
966.662 73.021
966.882 75.141
967.103 75.541
967.323 74.165
967.543 74.253
967.764 74.063
967.984 73.556
968.205 73.222
968.425 74.081
968.645 74.147
968.866 73.117
969.086 72.408
969.307 72.161
969.527 72.686
969.748 73.294
969.968 73.235
970.188 72.792
970.409 72.253
970.629 72.109
970.850 72.746
971.070 72.569
971.290 72.980
971.511 72.055
971.731 72.066
971.952 72.946
972.172 72.358
972.393 71.606
972.613 72.188
972.833 73.725
973.054 75.335
973.274 75.056
973.495 75.304
973.715 75.894
973.936 77.316
974.156 76.808
974.376 76.116
974.597 76.960
974.817 77.126
975.038 76.745
975.258 75.692
975.478 74.800
975.699 74.338
975.919 74.618
976.140 74.586
976.360 74.087
976.581 73.997
976.801 73.370
977.021 72.980
977.242 71.961
977.462 72.288
977.683 74.758
977.903 74.751
978.123 75.350
978.344 75.943
978.564 75.299
978.785 74.274
979.005 74.998
979.226 76.109
979.446 77.353
979.666 78.211
979.887 77.973
980.107 76.780
980.328 76.945
980.548 76.348
980.769 75.508
980.989 74.203
981.209 74.854
981.430 75.660
981.650 74.926
981.871 74.167
982.091 74.141
982.311 75.025
982.532 73.706
982.752 73.046
982.973 73.313
983.193 74.142
983.414 76.105
983.634 76.766
983.854 75.236
984.075 75.325
984.295 75.970
984.516 76.566
984.736 76.665
984.956 77.204
985.177 77.209
985.397 76.290
985.618 76.630
985.838 77.661
986.059 77.389
986.279 77.211
986.499 77.314
986.720 77.331
986.940 79.002
987.161 78.556
987.381 78.143
987.602 78.905
987.822 80.805
988.042 79.286
988.263 76.984
988.483 76.648
988.704 76.197
988.924 74.552
989.144 73.722
989.365 73.188
989.585 75.367
989.806 76.165
990.026 75.184
990.247 74.140
990.467 74.572
990.687 75.064
990.908 75.674
991.128 77.345
991.349 79.258
991.569 79.583
991.789 79.272
992.010 77.743
992.230 76.722
992.451 75.415
992.671 74.790
992.892 77.502
993.112 79.882
993.332 79.701
993.553 78.944
993.773 79.363
993.994 79.079
994.214 77.957
994.435 77.314
994.655 78.990
994.875 80.454
995.096 81.822
995.316 81.044
995.537 78.219
995.757 75.694
995.977 75.838
996.198 74.053
996.418 72.889
996.639 73.004
996.859 72.637
997.080 71.844
997.300 73.583
997.520 72.937
997.741 69.627
997.961 69.584
998.182 70.355
998.402 68.952
998.622 72.902
998.843 78.109
999.063 78.630
999.284 78.844
999.504 76.450
999.725 74.124
999.945 75.207
1000.165 79.795
1000.386 81.126
1000.606 82.792
1000.827 84.284
1001.047 80.310
1001.268 74.388
1001.488 73.647
1001.708 76.211
1001.929 79.526
1002.149 80.981
1002.370 77.600
1002.590 75.204
1002.810 78.779
1003.031 77.491
1003.251 75.225
1003.472 76.812
1003.692 80.251
1003.913 80.704
1004.133 75.338
1004.353 73.687
1004.574 73.731
1004.794 77.520
1005.015 81.483
1005.235 76.643
1005.455 75.339
1005.676 76.226
1005.896 75.605
1006.117 72.394
1006.337 71.460
1006.558 78.914
1006.778 81.072
1006.998 78.468
1007.219 74.900
1007.439 69.203
1007.660 70.171
1007.880 75.207
1008.101 78.122
1008.321 76.675
1008.541 77.834
1008.762 81.361
1008.982 79.396
1009.203 79.955
1009.423 82.692
1009.643 83.153
1009.864 83.733
1010.084 81.591
1010.305 79.408
1010.525 78.547
1010.746 78.900
1010.966 77.320
1011.186 74.420
1011.407 73.581
1011.627 71.300
1011.848 68.394
1012.068 69.172
1012.288 69.561
1012.509 71.565
1012.729 70.008
1012.950 67.564
