290.982 86.439
291.167 87.658
291.352 88.351
291.537 88.492
291.722 88.487
291.907 91.932
292.091 91.715
292.276 89.598
292.461 88.546
292.646 87.956
292.831 89.437
293.016 86.657
293.201 83.455
293.386 82.880
293.571 84.866
293.756 86.308
293.940 85.619
294.125 84.035
294.310 85.184
294.495 86.334
294.680 85.183
294.865 83.206
295.050 84.574
295.235 85.907
295.420 84.308
295.605 80.660
295.789 79.940
295.974 81.050
296.159 79.883
296.344 79.000
296.529 78.138
296.714 78.625
296.899 78.965
297.084 80.078
297.269 79.795
297.454 80.787
297.638 82.768
297.823 82.601
298.008 82.616
298.193 83.348
298.378 83.575
298.563 83.430
298.748 85.559
298.933 86.325
299.118 84.967
299.303 85.412
299.487 85.035
299.672 83.417
299.857 81.252
300.042 82.286
300.227 83.129
300.412 82.493
300.597 81.856
300.782 78.716
300.967 78.651
301.152 78.928
301.336 78.844
301.521 79.545
301.706 80.718
301.891 82.033
302.076 81.644
302.261 81.300
302.446 82.668
302.631 83.200
302.816 86.279
303.001 85.998
303.185 84.086
303.370 82.780
303.555 81.891
303.740 81.167
303.925 80.684
304.110 79.686
304.295 79.613
304.480 78.308
304.665 77.002
304.850 74.558
305.034 73.954
305.219 75.097
305.404 75.628
305.589 76.220
305.774 76.258
305.959 76.257
306.144 75.909
306.329 74.327
306.514 73.147
306.699 73.488
306.883 73.342
307.068 73.024
307.253 73.125
307.438 74.681
307.623 75.322
307.808 73.921
307.993 71.944
308.178 70.749
308.363 71.060
308.548 73.649
308.732 75.053
308.917 75.038
309.102 74.483
309.287 73.243
309.472 72.734
309.657 72.919
309.842 72.595
310.027 72.379
310.212 72.492
310.397 72.242
310.581 69.756
310.766 68.700
310.951 68.835
311.136 68.534
311.321 69.132
311.506 68.012
311.691 66.398
311.876 65.962
312.061 65.888
312.245 67.690
312.430 69.607
312.615 71.246
312.800 70.543
312.985 68.931
313.170 68.789
313.347 69.310
313.523 68.361
313.700 67.595
313.877 68.289
314.054 69.442
314.230 68.128
314.407 66.116
314.584 64.830
314.761 64.639
314.937 64.887
315.114 65.545
315.291 65.154
315.467 65.607
315.644 64.466
315.821 63.722
315.998 63.258
316.174 63.424
316.351 64.452
316.528 64.585
316.704 63.525
316.881 62.838
317.058 62.687
317.235 62.804
317.411 63.346
317.588 64.710
317.765 64.441
317.942 63.865
318.118 64.103
318.295 63.000
318.472 61.315
318.648 62.068
318.825 62.584
319.002 61.385
319.179 60.558
319.355 60.610
319.532 60.675
319.709 60.465
319.885 60.920
320.062 60.324
320.239 59.897
320.416 60.994
320.592 60.800
320.769 61.005
320.946 61.280
321.123 61.446
321.299 60.647
321.476 59.608
321.653 60.094
321.829 59.828
322.006 59.360
322.183 59.768
322.360 59.353
322.536 58.810
322.713 59.033
322.890 59.182
323.066 58.408
323.243 58.693
323.420 60.924
323.597 61.126
323.773 59.695
323.950 59.865
324.127 60.236
324.304 59.814
324.480 59.570
324.657 59.265
324.834 59.052
325.010 59.498
325.187 58.772
325.364 57.233
325.541 57.145
325.717 58.240
325.894 57.530
326.071 56.209
326.248 56.233
326.424 56.787
326.601 56.304
326.778 55.816
326.954 55.130
327.131 54.674
327.308 53.802
327.485 53.411
327.661 53.369
327.838 53.577
328.015 54.155
328.191 53.755
328.368 52.976
328.545 51.689
328.722 51.239
328.898 52.448
329.075 53.246
329.252 52.874
329.429 52.002
329.605 52.249
329.782 52.127
329.959 51.497
330.135 51.573
330.312 52.049
330.489 53.019
330.666 53.329
330.842 52.118
331.019 51.504
331.196 51.714
331.372 52.237
331.549 50.868
331.726 50.386
331.903 50.827
332.079 51.112
332.256 50.217
332.433 48.950
332.610 47.806
332.786 47.719
332.963 47.740
333.140 47.451
333.316 48.129
333.493 48.330
333.670 47.846
333.847 48.808
334.023 48.535
334.200 47.596
334.377 47.608
334.553 48.124
334.730 47.898
334.907 47.156
335.084 47.434
335.260 46.937
335.437 47.417
335.614 48.298
335.791 46.833
335.967 46.378
336.144 47.596
336.321 47.925
336.497 47.575
336.674 47.361
336.851 47.573
337.028 46.765
337.204 45.984
337.381 46.441
337.558 46.749
337.734 46.393
337.911 45.866
338.088 45.468
338.265 47.059
338.441 48.375
338.618 47.383
338.795 46.852
338.972 47.741
339.148 48.238
339.325 47.452
339.502 46.002
339.678 45.904
339.855 46.255
340.032 45.875
340.209 44.655
340.385 43.744
340.562 43.825
340.739 43.746
340.916 42.613
341.092 42.251
341.269 42.167
341.446 41.957
341.622 41.332
341.799 41.173
341.976 41.543
342.153 41.212
342.329 40.894
342.506 41.490
342.683 41.243
342.859 40.740
343.036 40.416
343.213 40.265
343.390 40.318
343.566 40.731
343.743 40.227
343.920 39.516
344.097 38.944
344.273 38.386
344.450 37.587
344.627 37.533
344.803 38.426
344.980 38.386
345.157 37.753
345.334 37.737
345.510 37.795
345.687 38.002
345.864 38.565
346.040 39.069
346.217 39.719
346.394 39.972
346.571 39.675
346.747 38.246
346.924 38.005
347.101 38.925
347.278 39.173
347.454 39.504
347.631 39.206
347.808 37.963
347.984 37.607
348.161 37.539
348.338 37.675
348.515 37.881
348.691 38.392
348.868 38.107
349.045 36.928
349.221 36.354
349.398 35.448
349.575 35.596
349.752 36.619
349.928 36.199
350.105 35.443
350.282 34.826
350.459 34.967
350.635 35.123
350.812 34.962
350.989 35.602
351.165 36.526
351.342 36.445
351.519 35.582
351.696 34.850
351.872 35.079
352.049 35.070
352.226 35.341
352.402 35.280
352.579 35.334
352.756 35.691
352.933 35.088
353.109 33.643
353.286 33.081
353.463 33.433
353.640 33.562
353.816 32.766
353.993 32.501
354.170 32.539
354.346 32.609
354.523 32.537
354.700 32.145
354.877 32.111
355.053 32.026
355.230 32.368
355.407 32.708
355.584 33.035
355.760 33.570
355.937 33.651
356.114 33.569
356.290 32.945
356.467 32.639
356.644 32.327
356.821 32.072
356.997 32.779
357.174 32.869
357.351 32.442
357.527 31.829
357.704 31.365
357.881 31.858
358.058 32.426
358.234 32.726
358.411 32.829
358.588 32.823
358.765 32.652
358.941 32.031
359.118 31.618
359.295 31.334
359.471 30.821
359.648 31.018
359.825 30.795
360.002 29.929
360.178 29.923
360.355 29.744
360.532 29.716
360.708 29.685
360.885 29.649
361.062 29.381
361.239 29.491
361.415 30.073
361.592 29.589
361.769 29.010
361.946 29.380
362.122 29.237
362.299 28.413
362.476 28.225
362.652 28.249
362.829 28.425
363.006 28.399
363.183 28.516
363.359 28.233
363.536 27.897
363.713 27.774
363.889 27.393
364.066 26.753
364.243 26.609
364.420 26.337
364.596 26.071
364.773 25.342
364.950 25.366
365.127 25.195
365.303 25.114
365.480 25.776
365.661 25.927
365.841 25.710
366.022 25.792
366.202 26.108
366.383 25.933
366.563 25.731
366.744 25.896
366.924 25.853
367.105 25.731
367.286 25.258
367.466 24.598
367.647 24.806
367.827 24.764
368.008 24.767
368.188 24.692
368.369 24.856
368.549 25.057
368.730 24.525
368.911 24.205
369.091 24.226
369.272 24.358
369.452 24.510
369.633 23.811
369.813 23.508
369.994 23.649
370.174 23.292
370.355 22.735
370.535 22.423
370.716 23.070
370.897 23.246
371.077 22.796
371.258 22.953
371.438 23.360
371.619 23.570
371.799 23.430
371.980 22.832
372.160 22.897
372.341 23.374
372.522 23.393
372.702 23.040
372.883 22.867
373.063 22.943
373.244 22.853
373.424 22.569
373.605 22.540
373.785 22.495
373.966 22.467
374.147 22.494
374.327 22.646
374.508 23.017
374.688 22.916
374.869 22.841
375.049 22.883
375.230 23.144
375.410 22.900
375.591 22.326
375.772 22.320
375.952 22.667
376.133 22.515
376.313 22.023
376.494 21.303
376.674 21.306
376.855 21.534
377.035 21.265
377.216 20.863
377.397 21.043
377.577 21.423
377.758 21.243
377.938 20.947
378.119 20.998
378.299 21.027
378.480 21.110
378.660 21.014
378.841 20.821
379.021 20.408
379.202 19.867
379.383 19.377
379.563 19.045
379.744 18.966
379.924 18.785
380.105 18.808
380.285 18.550
380.466 18.031
380.646 17.504
380.827 17.107
381.008 17.348
381.188 17.805
381.369 18.195
381.549 18.017
381.730 17.783
381.910 17.682
382.091 17.319
382.271 17.315
382.452 17.494
382.633 17.548
382.813 17.814
382.994 17.973
383.174 17.553
383.355 17.031
383.535 17.158
383.716 17.375
383.896 17.179
384.077 17.143
384.258 17.208
384.438 17.386
384.619 17.457
384.799 17.107
384.980 16.782
385.160 16.484
385.341 16.075
385.521 15.719
385.702 15.399
385.882 15.551
386.063 15.548
386.244 15.391
386.424 15.308
386.605 15.254
386.785 15.233
386.966 15.159
387.146 15.228
387.327 15.333
387.507 15.346
387.688 15.409
387.869 15.361
388.049 15.544
388.230 15.556
388.410 15.450
388.591 15.321
388.771 15.245
388.952 15.213
389.132 15.068
389.313 15.062
389.494 15.013
389.674 14.928
389.855 14.663
390.035 14.472
390.216 14.391
390.396 14.463
390.577 14.481
390.757 14.230
390.938 14.080
391.119 14.150
391.299 14.149
391.480 14.219
391.660 14.234
391.841 14.362
392.021 14.216
392.202 14.061
392.382 13.832
392.563 13.822
392.743 13.962
392.924 13.954
393.105 13.913
393.285 13.908
393.466 13.843
393.646 13.871
393.827 13.756
394.007 13.444
394.188 13.517
394.368 13.550
394.549 13.377
394.730 13.213
394.910 13.231
395.091 13.204
395.271 13.440
395.452 13.601
395.632 13.281
395.813 13.113
395.993 13.301
396.174 13.256
396.355 13.145
396.535 13.218
396.716 13.523
396.896 13.705
397.077 13.754
397.257 13.374
397.438 12.963
397.618 12.957
397.799 12.994
397.980 13.083
398.160 13.084
398.341 13.124
398.521 13.011
398.702 12.608
398.882 12.189
399.063 12.028
399.243 12.127
399.424 12.249
399.605 12.393
399.785 12.338
399.966 12.123
400.146 12.011
400.327 11.963
400.507 12.061
400.688 11.997
400.868 12.009
401.049 11.991
401.229 11.708
401.410 11.624
401.591 11.693
401.771 11.923
401.952 12.004
402.132 11.800
402.313 11.609
402.493 11.509
402.674 11.726
402.854 11.830
403.035 11.905
403.216 11.803
403.396 11.770
403.577 11.620
403.757 11.253
403.938 10.985
404.118 10.877
404.299 10.771
404.479 10.671
404.660 10.495
404.841 10.424
405.023 10.359
405.204 10.365
405.385 10.362
405.566 10.385
405.748 10.387
405.929 10.482
406.110 10.870
406.292 11.149
406.473 11.331
406.654 11.380
406.835 11.189
407.017 10.941
407.198 10.985
407.379 10.854
407.560 10.651
407.742 10.561
407.923 10.470
408.104 10.094
408.286 9.849
408.467 9.576
408.648 9.691
408.829 10.111
409.011 10.301
409.192 10.270
409.373 10.280
409.555 10.413
409.736 10.582
409.917 10.731
410.098 10.895
410.280 10.938
410.461 11.026
410.642 10.789
410.823 10.308
411.005 10.237
411.186 10.511
411.367 10.661
411.549 10.624
411.730 10.525
411.911 10.337
412.092 10.189
412.274 10.191
412.455 10.093
412.636 10.080
412.818 10.198
412.999 10.130
413.180 9.865
413.361 9.778
413.543 9.743
413.724 9.744
413.905 9.774
414.087 9.825
414.268 9.761
414.449 9.759
414.630 9.800
414.812 9.899
414.993 9.969
415.174 9.843
415.355 9.668
415.537 9.573
415.718 9.618
415.899 9.665
416.081 9.582
416.262 9.465
416.443 9.420
416.624 9.328
416.806 9.150
416.987 9.016
417.168 9.014
417.350 9.001
417.531 8.984
417.712 8.897
417.893 8.831
418.075 8.928
418.256 8.924
418.437 8.792
418.618 8.719
418.800 8.695
418.981 8.727
419.162 8.762
419.344 8.881
419.525 8.988
419.706 8.914
419.887 8.793
420.069 8.697
420.250 8.741
420.431 8.806
420.613 8.875
420.794 8.851
420.975 8.792
421.156 8.800
421.338 8.708
421.519 8.612
421.700 8.657
421.882 8.730
422.063 8.645
422.244 8.553
422.425 8.542
422.607 8.420
422.788 8.410
422.969 8.467
423.150 8.625
423.332 8.836
423.513 8.851
423.694 8.703
423.876 8.662
424.057 8.735
424.238 8.756
424.419 8.922
424.601 9.307
424.782 9.406
424.963 9.386
425.145 9.172
425.326 8.952
425.507 8.872
425.688 8.988
425.870 8.943
426.051 8.826
426.232 8.794
426.413 8.662
426.595 8.269
426.776 8.037
426.957 8.006
427.139 8.156
427.320 8.096
427.501 7.975
427.682 7.763
427.864 7.799
428.045 7.865
428.226 7.873
428.408 7.826
428.589 7.807
428.770 7.851
428.951 7.705
429.133 7.492
429.314 7.484
429.495 7.560
429.677 7.656
429.858 7.620
430.039 7.495
430.220 7.427
430.402 7.389
430.583 7.474
430.764 7.497
430.945 7.559
431.127 7.489
431.308 7.458
431.489 7.474
431.671 7.491
431.852 7.450
432.033 7.477
432.214 7.514
432.396 7.499
432.577 7.355
432.758 7.315
432.940 7.352
433.121 7.381
433.302 7.305
433.483 7.299
433.665 7.372
433.846 7.489
434.027 7.549
434.208 7.527
434.390 7.540
434.571 7.619
434.752 7.653
434.934 7.619
435.115 7.672
435.296 7.751
435.477 7.716
435.659 7.652
435.840 7.590
436.030 7.584
436.220 7.508
436.410 7.427
436.600 7.405
436.790 7.403
436.980 7.435
437.170 7.407
437.360 7.380
437.550 7.383
437.741 7.373
437.931 7.336
438.121 7.374
438.311 7.428
438.501 7.445
438.691 7.486
438.881 7.458
439.071 7.367
439.261 7.283
439.451 7.195
439.641 7.102
439.831 6.993
440.021 6.974
440.211 6.895
440.401 6.932
440.591 7.000
440.781 6.998
440.971 7.004
441.161 6.994
441.351 6.993
441.542 7.044
441.732 7.121
441.922 7.151
442.112 7.161
442.302 7.197
442.492 7.134
442.682 6.993
442.872 6.810
443.062 6.705
443.252 6.685
443.442 6.742
443.632 6.707
443.822 6.615
444.012 6.514
444.202 6.435
444.392 6.395
444.582 6.350
444.772 6.338
444.962 6.390
445.153 6.429
445.343 6.398
445.533 6.312
445.723 6.307
445.913 6.306
446.103 6.390
446.293 6.402
446.483 6.336
446.673 6.370
446.863 6.413
447.053 6.420
447.243 6.462
447.433 6.518
447.623 6.593
447.813 6.609
448.003 6.680
448.193 6.689
448.383 6.687
448.573 6.661
448.764 6.545
448.954 6.515
449.144 6.503
449.334 6.427
449.524 6.369
449.714 6.312
449.904 6.279
450.094 6.280
450.284 6.284
450.474 6.273
450.664 6.311
450.854 6.397
451.044 6.388
451.234 6.400
451.424 6.357
451.614 6.347
451.804 6.395
451.994 6.381
452.184 6.328
452.375 6.331
452.565 6.326
452.755 6.287
452.945 6.261
453.135 6.310
453.325 6.348
453.515 6.442
453.705 6.496
453.895 6.457
454.085 6.480
454.275 6.579
454.465 6.605
454.655 6.580
454.845 6.584
455.035 6.684
455.225 6.649
455.415 6.554
455.605 6.546
455.795 6.593
455.985 6.578
456.176 6.528
456.366 6.417
456.556 6.339
456.746 6.360
456.936 6.368
457.126 6.298
457.316 6.267
457.506 6.313
457.696 6.253
457.886 6.133
458.076 6.086
458.266 6.101
458.456 6.091
458.646 6.080
458.836 6.086
459.026 6.136
459.216 6.156
459.406 6.153
459.596 6.106
459.787 6.090
459.977 6.116
460.167 6.169
460.357 6.113
460.547 6.097
460.737 6.119
460.927 6.110
461.117 5.994
461.307 5.968
461.497 6.014
461.687 6.027
461.877 6.063
462.067 6.097
462.257 6.119
462.447 6.137
462.637 6.108
462.827 6.068
463.017 6.089
463.207 6.225
463.397 6.215
463.588 6.185
463.778 6.250
463.968 6.218
464.158 6.163
464.348 6.117
464.538 6.169
464.728 6.157
464.918 6.163
465.108 6.188
465.298 6.122
465.488 6.101
465.678 6.096
465.868 6.075
466.058 6.102
466.248 6.081
466.438 6.072
466.628 6.105
466.818 6.176
467.008 6.197
467.199 6.156
467.389 6.119
467.579 6.132
467.769 6.172
467.959 6.132
468.149 6.050
468.339 6.054
468.529 6.110
468.719 6.160
468.909 6.103
469.099 6.031
469.289 5.991
469.479 5.994
469.669 5.940
469.859 5.879
470.049 5.870
470.239 5.907
470.429 5.966
470.619 5.898
470.810 5.783
471.000 5.825
471.190 5.940
471.380 6.000
471.570 6.059
471.760 6.145
471.950 6.201
472.140 6.245
472.330 6.295
472.520 6.251
472.710 6.228
472.900 6.215
473.090 6.187
473.280 6.104
473.470 6.063
473.660 6.040
473.850 6.008
474.040 5.991
474.230 5.968
474.421 5.930
474.611 5.911
474.801 5.938
474.991 6.019
475.181 6.076
475.371 6.112
475.561 6.125
475.751 6.042
475.941 5.976
476.131 5.938
476.321 5.938
476.511 5.929
476.701 5.961
476.891 5.932
477.081 5.834
477.271 5.718
477.461 5.669
477.651 5.647
477.841 5.671
478.031 5.693
478.222 5.681
478.412 5.685
478.602 5.696
478.792 5.722
478.982 5.794
479.172 5.798
479.362 5.844
479.552 5.891
479.742 5.872
479.932 5.906
480.122 5.947
480.312 5.996
480.502 6.028
480.692 6.038
480.882 5.959
481.072 5.904
481.262 5.947
481.452 5.954
481.642 5.940
481.833 6.002
482.023 5.999
482.213 5.982
482.403 5.994
482.593 5.972
482.783 5.978
482.973 6.074
483.163 6.119
483.353 6.087
483.543 6.102
483.733 6.102
483.923 6.065
484.113 6.098
484.303 6.101
484.493 6.050
484.683 6.091
484.873 6.115
485.063 6.067
485.253 6.034
485.443 6.065
485.634 6.047
485.824 6.035
486.014 6.039
486.204 6.015
486.394 6.050
486.584 6.096
486.774 6.051
486.964 6.034
487.154 6.019
487.344 6.008
487.534 5.990
487.724 5.987
487.914 5.986
488.104 5.975
488.294 5.992
488.484 5.990
488.674 5.968
488.864 5.965
489.054 5.949
489.245 5.937
489.435 5.970
489.625 6.023
489.815 6.074
490.005 6.145
490.195 6.166
490.385 6.179
490.575 6.188
490.765 6.234
490.955 6.293
491.145 6.306
491.335 6.323
491.525 6.296
491.715 6.256
491.905 6.240
492.095 6.216
492.285 6.197
492.475 6.175
492.665 6.156
492.856 6.135
493.046 6.079
493.236 6.075
493.426 6.137
493.616 6.131
493.806 6.122
493.996 6.119
494.186 6.105
494.376 6.158
494.566 6.144
494.756 6.135
494.946 6.141
495.136 6.180
495.326 6.202
495.516 6.214
495.706 6.268
495.896 6.272
496.086 6.288
496.276 6.303
496.467 6.276
496.657 6.310
496.847 6.315
497.037 6.299
497.227 6.287
497.417 6.279
497.607 6.204
497.797 6.195
497.987 6.239
498.177 6.202
498.367 6.222
498.557 6.242
498.747 6.254
498.937 6.293
499.127 6.293
499.317 6.266
499.507 6.248
499.697 6.277
499.887 6.318
500.077 6.329
500.268 6.362
500.458 6.323
500.648 6.287
500.838 6.253
501.028 6.234
501.218 6.257
501.408 6.278
501.598 6.306
501.788 6.305
501.978 6.291
502.168 6.261
502.358 6.281
502.548 6.340
502.738 6.379
502.928 6.416
503.118 6.419
503.308 6.459
503.498 6.496
503.688 6.490
503.879 6.485
504.069 6.458
504.259 6.498
504.449 6.486
504.639 6.450
504.829 6.457
505.019 6.446
505.209 6.442
505.399 6.398
505.589 6.365
505.779 6.368
505.969 6.376
506.159 6.396
506.349 6.381
506.539 6.372
506.729 6.363
506.919 6.377
507.109 6.405
507.299 6.422
507.490 6.443
507.680 6.454
507.870 6.458
508.060 6.457
508.250 6.469
508.440 6.507
508.630 6.527
508.820 6.552
509.010 6.517
509.200 6.490
509.390 6.489
509.580 6.480
509.770 6.508
509.960 6.532
510.150 6.557
510.340 6.571
510.530 6.577
510.720 6.639
510.910 6.696
511.100 6.772
511.291 6.793
511.481 6.821
511.671 6.877
511.861 6.979
512.051 7.160
512.241 7.214
512.431 7.237
512.621 7.258
512.811 7.238
513.001 7.207
513.191 7.184
513.381 7.211
513.571 7.216
513.761 7.213
513.951 7.165
514.141 7.031
514.331 7.065
514.521 7.083
514.711 7.103
514.902 7.162
515.092 7.225
515.282 7.318
515.472 7.365
515.662 7.411
515.852 7.456
516.042 7.454
516.232 7.465
516.422 7.467
516.612 7.515
516.802 7.552
516.992 7.558
517.182 7.585
517.372 7.588
517.562 7.658
517.752 7.730
517.942 7.772
518.132 7.839
518.322 7.906
518.513 7.946
518.703 7.989
518.893 8.049
519.083 8.164
519.273 8.276
519.463 8.319
519.653 8.345
519.843 8.373
520.033 8.410
520.223 8.467
520.413 8.512
520.603 8.567
520.793 8.605
520.983 8.616
521.173 8.586
521.363 8.562
521.553 8.628
521.743 8.656
521.933 8.692
522.123 8.754
522.314 8.826
522.504 8.876
522.694 8.905
522.884 8.955
523.074 9.017
523.264 9.090
523.454 9.154
523.644 9.207
523.834 9.296
524.024 9.386
524.214 9.427
524.404 9.438
524.594 9.519
524.784 9.647
524.974 9.729
525.164 9.794
525.354 9.837
525.544 9.890
525.734 9.934
525.925 9.971
526.115 10.028
526.305 10.155
526.495 10.286
526.685 10.353
526.875 10.399
527.065 10.469
527.255 10.545
527.445 10.651
527.635 10.739
527.825 10.843
528.015 10.967
528.205 11.045
528.395 11.069
528.585 11.136
528.775 11.229
528.965 11.327
529.155 11.397
529.345 11.511
529.535 11.604
529.726 11.681
529.916 11.763
530.106 11.875
530.296 11.984
530.486 12.104
530.676 12.192
530.866 12.296
531.056 12.416
531.246 12.557
531.436 12.652
531.626 12.761
531.816 12.901
532.006 13.035
532.196 13.095
532.386 13.185
532.576 13.277
532.766 13.389
532.956 13.463
533.146 13.524
533.337 13.622
533.527 13.745
533.717 13.857
533.907 14.012
534.097 14.143
534.287 14.267
534.477 14.374
534.667 14.526
534.857 14.702
535.047 14.881
535.237 15.045
535.427 15.202
535.617 15.352
535.807 15.502
535.997 15.615
536.187 15.714
536.377 15.908
536.567 16.126
536.757 16.289
536.948 16.403
537.138 16.533
537.328 16.730
537.518 16.908
537.708 17.072
537.898 17.244
538.088 17.417
538.278 17.620
538.468 17.779
538.658 17.885
538.848 18.032
539.038 18.203
539.228 18.395
539.418 18.549
539.608 18.705
539.798 18.877
539.988 19.026
540.178 19.149
540.368 19.336
540.558 19.528
540.749 19.757
540.939 19.974
541.129 20.175
541.319 20.396
541.509 20.746
541.699 21.235
541.889 21.423
542.079 21.647
542.269 21.909
542.459 22.120
542.649 22.261
542.839 22.448
543.029 22.658
543.219 22.879
543.409 23.057
543.599 23.063
543.789 23.002
543.979 23.230
544.169 23.480
544.360 23.705
544.550 23.922
544.740 24.172
544.930 24.415
545.120 24.648
545.310 24.863
545.500 25.095
545.690 25.345
545.880 25.552
546.070 25.786
546.267 25.995
546.463 26.193
546.660 26.412
546.857 26.659
547.054 26.901
547.251 27.109
547.447 27.307
547.644 27.517
547.841 27.786
548.038 28.030
548.234 28.280
548.431 28.544
548.628 28.815
548.825 29.079
549.021 29.337
549.218 29.597
549.415 29.834
549.612 30.086
549.808 30.382
550.005 30.663
550.202 30.949
550.399 31.227
550.595 31.492
550.792 31.764
550.989 32.006
551.186 32.264
551.382 32.538
551.579 32.843
551.776 33.155
551.973 33.429
552.169 33.684
552.366 33.920
552.563 34.148
552.760 34.397
552.956 34.662
553.153 34.958
553.350 35.252
553.547 35.519
553.743 35.784
553.940 36.064
554.137 36.353
554.334 36.586
554.530 36.864
554.727 37.179
554.924 37.471
555.121 37.762
555.317 37.970
555.514 38.246
555.711 38.535
555.908 38.827
556.104 39.085
556.301 39.338
556.498 39.628
556.695 39.903
556.891 40.143
557.088 40.387
557.285 40.643
557.482 40.978
557.678 41.246
557.875 41.493
558.072 41.783
558.269 42.078
558.465 42.322
558.662 42.582
558.859 42.820
559.056 43.069
559.252 43.321
559.449 43.586
559.646 43.894
559.843 44.156
560.039 44.441
560.236 44.685
560.433 44.906
560.630 45.187
560.826 45.494
561.023 45.799
561.220 46.092
561.417 46.394
561.613 46.683
561.810 46.922
562.007 47.184
562.204 47.421
562.400 47.706
562.597 48.021
562.794 48.308
562.991 48.564
563.187 48.820
563.384 49.098
563.581 49.422
563.778 49.687
563.974 49.914
564.171 50.162
564.368 50.417
564.565 50.633
564.761 50.885
564.958 51.193
565.155 51.465
565.352 51.698
565.548 51.936
565.745 52.132
565.942 52.345
566.139 52.592
566.335 52.870
566.532 53.156
566.729 53.413
566.926 53.657
567.122 53.839
567.319 54.067
567.516 54.324
567.713 54.587
567.909 54.846
568.106 55.095
568.303 55.346
568.500 55.595
568.696 55.815
568.893 56.063
569.090 56.321
569.287 56.564
569.483 56.816
569.680 57.077
569.877 57.289
570.074 57.501
570.270 57.741
570.467 57.979
570.664 58.178
570.861 58.453
571.057 58.695
571.254 58.875
571.451 59.096
571.648 59.306
571.844 59.520
572.041 59.778
572.238 59.973
572.435 60.132
572.631 60.331
572.828 60.555
573.025 60.663
573.222 60.842
573.418 61.070
573.615 61.256
573.812 61.410
574.009 61.607
574.205 61.792
574.402 62.012
574.599 62.297
574.796 62.522
574.992 62.755
575.189 63.007
575.386 63.159
575.583 63.324
575.779 63.494
575.976 63.695
576.173 63.894
576.370 64.059
576.567 64.237
576.763 64.410
576.960 64.589
577.158 64.739
577.356 64.918
577.554 65.136
577.752 65.289
577.950 65.447
578.148 65.606
578.346 65.753
578.544 65.960
578.742 66.125
578.940 66.271
579.138 66.428
579.336 66.558
579.534 66.697
579.732 66.840
579.930 67.039
580.128 67.241
580.326 67.446
580.524 67.602
580.722 67.750
580.920 67.924
581.118 68.114
581.316 68.290
581.514 68.417
581.712 68.563
581.909 68.795
582.107 68.947
582.305 69.089
582.503 69.233
582.701 69.343
582.899 69.431
583.097 69.560
583.295 69.674
583.493 69.809
583.691 69.983
583.889 70.131
584.087 70.233
584.285 70.371
584.483 70.531
584.681 70.681
584.879 70.883
585.077 71.049
585.275 71.205
585.473 71.369
585.671 71.540
585.869 71.752
586.067 71.887
586.265 71.982
586.463 72.125
586.661 72.258
586.859 72.383
587.057 72.512
587.255 72.674
587.453 72.793
587.651 72.886
587.849 72.961
588.047 73.007
588.245 73.137
588.443 73.293
588.641 73.404
588.839 73.507
589.037 73.606
589.235 73.734
589.433 73.842
589.631 73.957
589.829 74.058
590.027 74.122
590.225 74.233
590.423 74.365
590.621 74.460
590.819 74.637
591.017 74.791
591.215 74.865
591.413 74.894
591.611 74.996
591.809 75.115
592.006 75.262
592.204 75.429
592.402 75.600
592.600 75.735
592.798 75.876
592.996 75.913
593.194 76.002
593.392 76.146
593.590 76.295
593.788 76.397
593.986 76.512
594.184 76.635
594.382 76.767
594.580 76.874
594.778 76.909
594.976 76.975
595.174 77.079
595.372 77.149
595.570 77.229
595.768 77.320
595.966 77.416
596.164 77.503
596.362 77.562
596.560 77.673
596.758 77.716
596.956 77.814
597.154 77.922
597.352 78.007
597.550 78.102
597.748 78.231
597.946 78.406
598.144 78.557
598.342 78.678
598.540 78.781
598.738 78.848
598.936 78.976
599.134 79.086
599.332 79.164
599.530 79.282
599.728 79.377
599.926 79.421
600.124 79.441
600.322 79.473
600.520 79.520
600.718 79.542
600.916 79.539
601.114 79.595
601.312 79.699
601.510 79.756
601.708 79.809
601.905 79.909
602.103 79.998
602.301 79.996
602.499 79.990
602.697 80.049
602.895 80.154
603.093 80.313
603.291 80.381
603.489 80.450
603.687 80.534
603.885 80.617
604.083 80.732
604.281 80.822
604.479 80.984
604.677 81.176
604.875 81.269
605.073 81.285
605.271 81.296
605.469 81.382
605.667 81.419
605.865 81.479
606.063 81.533
606.261 81.569
606.459 81.644
606.657 81.679
606.855 81.680
607.053 81.728
607.251 81.832
607.449 81.933
607.647 81.966
607.845 82.029
608.043 82.063
608.241 82.093
608.439 82.101
608.637 82.193
608.835 82.319
609.033 82.399
609.231 82.475
609.429 82.583
609.627 82.637
609.825 82.677
610.023 82.733
610.221 82.833
610.419 82.944
610.617 83.051
610.815 83.064
611.013 83.086
611.211 83.118
611.409 83.146
611.607 83.208
611.804 83.275
612.002 83.394
612.200 83.542
612.398 83.627
612.596 83.647
612.794 83.666
612.992 83.744
613.190 83.763
613.388 83.799
613.586 83.881
613.784 83.909
613.982 83.957
614.180 84.016
614.378 84.038
614.576 84.093
614.774 84.180
614.972 84.257
615.170 84.343
615.368 84.434
615.566 84.555
615.764 84.615
615.962 84.635
616.160 84.651
616.358 84.664
616.556 84.664
616.754 84.686
616.952 84.711
617.150 84.785
617.348 84.821
617.546 84.891
617.744 84.930
617.942 84.977
618.140 85.057
618.338 85.165
618.536 85.210
618.734 85.257
618.932 85.313
619.130 85.340
619.328 85.337
619.526 85.331
619.724 85.324
619.922 85.333
620.120 85.323
620.318 85.369
620.516 85.395
620.714 85.470
620.912 85.575
621.110 85.654
621.308 85.743
621.506 85.785
621.704 85.832
621.901 85.913
622.099 85.961
622.297 86.061
622.495 86.122
622.693 86.172
622.891 86.165
623.089 86.141
623.287 86.167
623.485 86.214
623.683 86.301
623.881 86.352
624.079 86.326
624.277 86.370
624.475 86.388
624.673 86.387
624.871 86.421
625.069 86.509
625.267 86.548
625.465 86.568
625.663 86.597
625.861 86.604
626.059 86.639
626.257 86.745
626.455 86.807
626.653 86.854
626.851 86.913
627.049 86.951
627.247 86.974
627.445 87.064
627.643 87.156
627.841 87.203
628.039 87.231
628.237 87.247
628.435 87.228
628.633 87.235
628.831 87.232
629.029 87.229
629.227 87.175
629.425 87.155
629.623 87.147
629.821 87.133
630.019 87.137
630.217 87.178
630.415 87.244
630.613 87.310
630.811 87.373
631.009 87.453
631.207 87.531
631.405 87.591
631.603 87.672
631.801 87.739
631.998 87.764
632.196 87.805
632.394 87.854
632.592 87.863
632.790 87.885
632.988 87.902
633.186 87.923
633.384 87.954
633.582 88.045
633.780 88.052
633.978 87.998
634.176 88.022
634.374 88.022
634.572 87.984
634.770 88.001
634.968 87.999
635.166 88.021
635.364 88.032
635.562 87.991
635.760 87.981
635.958 88.049
636.156 88.133
636.354 88.144
636.552 88.172
636.750 88.225
636.948 88.226
637.146 88.275
637.344 88.295
637.542 88.270
637.740 88.261
637.938 88.238
638.136 88.385
638.334 88.729
638.532 88.658
638.730 88.644
638.928 88.656
639.126 88.684
639.324 88.684
639.522 88.735
639.720 88.825
639.918 88.935
640.116 88.986
640.314 88.815
640.512 88.447
640.710 88.580
640.908 88.672
641.106 88.715
641.304 88.773
641.502 88.785
641.699 88.753
641.897 88.768
642.095 88.732
642.293 88.753
642.491 88.809
642.689 88.896
642.887 88.894
643.085 88.895
643.283 88.912
643.481 88.914
643.679 88.962
643.877 88.984
644.075 88.966
644.273 89.031
644.471 89.084
644.669 89.081
644.867 89.095
645.065 89.098
645.263 89.052
645.461 89.032
645.659 89.069
645.857 89.108
646.055 89.177
646.253 89.276
646.451 89.338
646.649 89.348
646.847 89.348
647.045 89.322
647.243 89.396
647.441 89.520
647.639 89.594
647.837 89.653
648.035 89.680
648.233 89.663
648.431 89.609
648.629 89.566
648.827 89.553
649.025 89.618
649.223 89.653
649.421 89.575
649.619 89.554
649.817 89.619
650.015 89.650
650.213 89.630
650.411 89.600
650.609 89.560
650.807 89.552
651.005 89.616
651.203 89.600
651.401 89.631
651.599 89.698
651.796 89.702
651.994 89.625
652.192 89.573
652.390 89.569
652.588 89.627
652.786 89.734
652.984 89.758
653.182 89.750
653.380 89.811
653.578 89.789
653.776 89.764
653.974 89.763
654.172 89.809
654.370 89.822
654.568 89.829
654.766 89.827
654.964 89.845
655.162 89.853
655.360 89.842
655.558 89.820
655.756 89.896
655.954 90.005
656.152 90.017
656.350 90.004
656.548 89.984
656.746 89.995
656.944 90.015
657.142 90.010
657.340 90.048
657.538 90.068
657.736 90.052
657.934 89.988
658.132 89.914
658.330 89.918
658.528 89.929
658.726 89.931
658.924 89.934
659.122 89.938
659.320 89.927
659.518 89.913
659.716 89.894
659.914 89.941
660.112 89.994
660.310 89.988
660.508 89.987
660.706 90.040
660.904 90.096
661.102 90.112
661.300 90.125
661.498 90.142
661.696 90.172
661.893 90.195
662.091 90.214
662.289 90.229
662.487 90.251
662.685 90.283
662.883 90.263
663.081 90.242
663.279 90.290
663.477 90.350
663.675 90.331
663.873 90.319
664.071 90.328
664.269 90.293
664.467 90.230
664.665 90.237
664.863 90.235
665.061 90.179
665.259 90.202
665.457 90.205
665.655 90.166
665.853 90.112
666.051 90.048
666.249 90.065
666.447 90.082
666.645 90.154
666.843 90.142
667.041 90.107
667.239 90.096
667.437 90.082
667.635 90.047
667.833 89.980
668.031 90.011
668.229 90.091
668.427 90.137
668.625 90.162
668.823 90.134
669.021 90.149
669.219 90.146
669.417 90.178
669.615 90.150
669.813 90.149
670.011 90.189
670.209 90.183
670.407 90.208
670.605 90.134
670.803 90.116
671.001 90.153
671.199 90.130
671.397 90.121
671.595 90.158
671.792 90.227
671.990 90.223
672.188 90.198
672.386 90.224
672.584 90.204
672.782 90.276
672.980 90.282
673.178 90.257
673.376 90.310
673.574 90.365
673.772 90.363
673.970 90.326
674.168 90.364
674.366 90.439
674.564 90.478
674.762 90.485
674.960 90.431
675.158 90.403
675.356 90.399
675.554 90.420
675.752 90.363
675.950 90.340
676.148 90.372
676.346 90.366
676.544 90.318
676.742 90.277
676.940 90.278
677.138 90.277
677.336 90.284
677.534 90.242
677.732 90.222
677.930 90.291
678.128 90.308
678.326 90.323
678.524 90.355
678.722 90.358
678.920 90.425
679.118 90.387
679.316 90.409
679.514 90.493
679.712 90.521
679.910 90.479
680.108 90.484
680.306 90.528
680.504 90.528
680.702 90.467
680.900 90.417
681.098 90.329
681.296 90.357
681.494 90.366
681.691 90.310
681.889 90.321
682.087 90.322
682.285 90.353
682.483 90.330
682.681 90.350
682.879 90.415
683.077 90.521
683.275 90.592
683.473 90.623
683.671 90.636
683.869 90.664
684.067 90.685
684.265 90.732
684.463 90.724
684.661 90.682
684.859 90.601
685.057 90.546
685.255 90.456
685.453 90.499
685.651 90.604
685.849 90.625
686.047 90.610
686.245 90.626
686.443 90.625
686.641 90.638
686.839 90.676
687.037 90.680
687.235 90.724
687.433 90.798
687.631 90.720
687.829 90.626
688.027 90.565
688.225 90.553
688.423 90.549
688.621 90.544
688.819 90.532
689.017 90.570
689.215 90.655
689.413 90.658
689.611 90.654
689.809 90.660
690.007 90.662
690.205 90.669
690.403 90.694
690.601 90.684
690.799 90.686
690.997 90.683
691.195 90.642
691.393 90.574
691.591 90.570
691.788 90.580
691.986 90.605
692.184 90.620
692.382 90.677
692.580 90.670
692.778 90.702
692.976 90.758
693.174 90.742
693.372 90.753
693.570 90.811
693.768 90.883
693.966 90.946
694.164 90.939
694.362 90.885
694.560 90.831
694.758 90.823
694.956 90.848
695.154 90.858
695.352 90.910
695.550 90.912
695.748 90.859
695.946 90.803
696.144 90.766
696.342 90.800
696.540 90.809
696.744 90.787
696.948 90.780
697.152 90.729
697.357 90.695
697.561 90.652
697.765 90.689
697.969 90.756
698.173 90.767
698.377 90.799
698.581 90.870
698.786 90.969
698.990 91.051
699.194 91.044
699.398 91.013
699.602 90.923
699.806 90.919
700.010 90.864
700.215 90.818
700.419 90.783
700.623 90.738
700.827 90.626
701.031 90.559
701.235 90.522
701.440 90.517
701.644 90.583
701.848 90.746
702.052 90.773
702.256 90.800
702.460 90.802
702.664 90.832
702.869 90.816
703.073 90.871
703.277 90.886
703.481 90.884
703.685 90.958
703.889 90.946
704.093 90.913
704.298 90.874
704.502 90.859
704.706 90.822
704.910 90.823
705.114 90.814
705.318 90.814
705.522 90.805
705.727 90.849
705.931 90.854
706.135 90.867
706.339 90.807
706.543 90.830
706.747 90.848
706.951 90.916
707.156 90.900
707.360 90.988
707.564 90.956
707.768 90.900
707.972 90.900
708.176 90.853
708.380 90.843
708.585 90.850
708.789 90.852
708.993 90.860
709.197 90.859
709.401 90.835
709.605 90.793
709.810 90.804
710.014 90.895
710.218 90.889
710.422 90.901
710.626 90.939
710.830 91.007
711.034 91.031
711.239 90.998
711.443 90.951
711.647 90.937
711.851 90.862
712.055 90.818
712.259 90.782
712.463 90.826
712.668 90.832
712.872 90.789
713.076 90.714
713.280 90.764
713.484 90.783
713.688 90.783
713.892 90.798
714.097 90.799
714.301 90.868
714.505 90.911
714.709 90.863
714.913 90.863
715.117 90.860
715.321 90.829
715.526 90.720
715.730 90.704
715.934 90.693
716.138 90.727
716.342 90.781
716.546 90.730
716.750 90.726
716.955 90.748
717.159 90.732
717.363 90.658
717.567 90.670
717.771 90.737
717.975 90.776
718.180 90.771
718.384 90.727
718.588 90.718
718.792 90.724
718.996 90.671
719.200 90.570
719.404 90.492
719.609 90.605
719.813 90.624
720.017 90.571
720.221 90.552
720.425 90.622
720.629 90.719
720.833 90.730
721.038 90.721
721.242 90.695
721.446 90.734
721.650 90.824
721.854 90.765
722.058 90.799
722.262 90.862
722.467 90.823
722.671 90.751
722.875 90.681
723.079 90.744
723.283 90.760
723.487 90.768
723.691 90.798
723.896 90.740
724.100 90.735
724.304 90.706
724.508 90.682
724.712 90.722
724.916 90.790
725.120 90.911
725.325 90.953
725.529 90.972
725.733 91.055
725.937 91.094
726.141 91.159
726.345 91.148
726.550 91.111
726.754 91.134
726.958 91.205
727.162 91.160
727.366 90.998
727.570 90.827
727.774 90.802
727.979 90.718
728.183 90.665
728.387 90.617
728.591 90.676
728.795 90.672
728.999 90.601
729.203 90.529
729.408 90.557
729.612 90.702
729.816 90.742
730.020 90.729
730.224 90.749
730.428 90.723
730.632 90.688
730.837 90.692
731.041 90.798
731.245 90.834
731.449 90.823
731.653 90.817
731.857 90.660
732.061 90.712
732.266 90.729
732.470 90.673
732.674 90.711
732.878 90.760
733.082 90.694
733.286 90.631
733.490 90.646
733.695 90.603
733.899 90.567
734.103 90.674
734.307 90.642
734.511 90.591
734.715 90.635
734.920 90.647
735.124 90.644
735.328 90.627
735.532 90.623
735.736 90.581
735.940 90.633
736.144 90.618
736.349 90.548
736.553 90.543
736.757 90.573
736.961 90.505
737.165 90.476
737.369 90.508
737.573 90.543
737.778 90.460
737.982 90.435
738.186 90.443
738.390 90.525
738.594 90.470
738.798 90.451
739.002 90.461
739.207 90.621
739.411 90.676
739.615 90.626
739.819 90.663
740.023 90.726
740.227 90.763
740.431 90.818
740.636 90.799
740.840 90.847
741.044 90.854
741.248 90.882
741.452 90.771
741.656 90.685
741.860 90.656
742.065 90.592
742.269 90.591
742.473 90.607
742.677 90.498
742.881 90.487
743.085 90.523
743.290 90.554
743.494 90.560
743.698 90.613
743.902 90.682
744.106 90.811
744.310 90.837
744.514 90.797
744.719 90.724
744.923 90.733
745.127 90.780
745.331 90.905
745.535 90.902
745.739 90.847
745.943 90.776
746.148 90.750
746.352 90.712
746.556 90.822
746.760 90.821
746.964 90.845
747.168 90.865
747.372 90.875
747.577 90.719
747.781 90.657
747.985 90.687
748.189 90.645
748.393 90.597
748.597 90.622
748.801 90.588
749.006 90.620
749.210 90.584
749.414 90.489
749.618 90.326
749.822 90.334
750.026 90.344
750.230 90.356
750.435 90.453
750.639 90.499
750.843 90.325
751.047 90.179
751.251 90.153
751.455 90.168
751.660 90.200
751.864 90.181
752.068 90.143
752.272 90.152
752.476 90.148
752.680 90.136
752.884 90.067
753.089 90.136
753.293 90.182
753.497 90.188
753.701 90.229
753.905 90.313
754.109 90.329
754.313 90.335
754.518 90.344
754.722 90.312
754.926 90.384
755.130 90.403
755.334 90.340
755.538 90.279
755.742 90.188
755.947 90.112
756.151 90.086
756.355 90.264
756.559 90.332
756.763 90.306
756.967 90.307
757.171 90.193
757.376 90.151
757.580 90.203
757.784 90.233
757.988 90.311
758.192 90.347
758.396 90.385
758.600 90.331
758.805 90.205
759.009 90.159
759.213 90.229
759.417 90.336
759.621 90.333
759.825 90.261
760.030 90.415
760.234 90.555
760.438 90.518
760.642 90.408
760.846 90.319
761.050 90.365
761.254 90.395
761.459 90.332
761.663 90.214
761.867 90.205
762.071 90.183
762.275 90.009
762.479 89.859
762.683 89.868
762.888 89.904
763.092 89.859
763.296 89.833
763.500 89.898
763.709 89.853
763.918 89.863
764.126 89.873
764.335 89.942
764.544 90.057
764.753 90.159
764.962 90.154
765.171 90.137
765.379 90.196
765.588 90.261
765.797 90.163
766.006 90.134
766.215 90.113
766.424 90.092
766.632 90.104
766.841 90.004
767.050 89.897
767.259 89.922
767.468 90.060
767.677 90.052
767.885 90.016
768.094 90.004
768.303 90.086
768.512 90.131
768.721 90.196
768.929 90.186
769.138 90.232
769.347 90.208
769.556 90.271
769.765 90.236
769.974 90.217
770.182 90.159
770.391 90.163
770.600 90.081
770.809 89.982
771.018 89.924
771.227 89.813
771.435 89.754
771.644 89.758
771.853 89.692
772.062 89.568
772.271 89.456
772.480 89.415
772.688 89.473
772.897 89.529
773.106 89.623
773.315 89.620
773.524 89.738
773.732 89.850
773.941 89.974
774.150 90.070
774.359 90.141
774.568 90.320
774.777 90.327
774.985 90.310
775.194 90.379
775.403 90.382
775.612 90.343
775.821 90.278
776.030 90.093
776.238 89.941
776.447 89.818
776.656 89.767
776.865 89.659
777.074 89.679
777.283 89.638
777.491 89.476
777.700 89.435
777.909 89.502
778.118 89.582
778.327 89.622
778.535 89.623
778.744 89.586
778.953 89.548
779.162 89.486
779.371 89.506
779.580 89.561
779.788 89.611
779.997 89.583
780.206 89.565
780.415 89.466
780.624 89.495
780.833 89.542
781.041 89.635
781.250 89.678
781.459 89.767
781.668 89.778
781.877 89.641
782.086 89.568
782.294 89.582
782.503 89.626
782.712 89.690
782.921 89.683
783.130 89.652
783.338 89.646
783.547 89.628
783.756 89.645
783.965 89.632
784.174 89.693
784.383 89.702
784.591 89.642
784.800 89.581
785.009 89.561
785.218 89.517
785.427 89.458
785.636 89.321
785.844 89.202
786.053 89.113
786.262 89.188
786.471 89.245
786.680 89.214
786.889 89.261
787.097 89.263
787.306 89.206
787.515 89.248
787.724 89.290
787.933 89.326
788.141 89.439
788.350 89.465
788.559 89.347
788.768 89.336
788.977 89.421
789.186 89.319
789.394 89.169
789.603 89.081
789.812 89.054
790.021 89.085
790.230 89.116
790.439 89.140
790.647 89.162
790.856 89.075
791.065 88.961
791.274 88.914
791.483 89.081
791.692 89.239
791.900 89.330
792.109 89.298
792.318 89.197
792.527 89.191
792.736 89.178
792.944 89.175
793.153 89.272
793.362 89.306
793.571 89.232
793.780 89.179
793.989 89.173
794.197 89.139
794.406 89.131
794.615 89.099
794.824 89.011
795.033 88.981
795.242 88.957
795.450 88.853
795.659 88.862
795.868 88.792
796.077 88.695
796.286 88.646
796.495 88.674
796.703 88.653
796.912 88.687
797.121 88.725
797.330 88.788
797.539 88.783
797.747 88.740
797.956 88.762
798.165 88.968
798.374 88.985
798.583 88.915
798.792 88.880
799.000 88.933
799.209 89.030
799.418 89.057
799.627 88.964
799.836 88.904
800.045 89.093
800.253 89.033
800.462 88.935
800.671 88.952
800.880 89.091
801.089 89.230
801.298 89.330
801.506 89.269
801.715 89.296
801.924 89.294
802.133 89.273
802.342 89.158
802.550 89.089
802.759 89.064
802.968 89.039
803.177 88.947
803.386 88.879
803.595 88.675
803.803 88.610
804.012 88.534
804.221 88.530
804.430 88.612
804.639 88.631
804.848 88.693
805.056 88.703
805.265 88.724
805.474 88.756
805.683 88.687
805.892 88.740
806.101 88.851
806.309 88.774
806.518 88.618
806.727 88.599
806.936 88.816
807.145 88.957
807.353 88.805
807.562 88.601
807.771 88.664
807.980 88.854
808.189 88.793
808.398 88.582
808.606 88.548
808.815 88.673
809.024 88.612
809.233 88.371
809.442 88.322
809.651 88.541
809.859 88.768
810.068 88.765
810.277 88.605
810.486 88.665
810.695 88.778
810.904 88.839
811.112 88.823
811.321 88.791
811.530 88.916
811.740 88.780
811.949 88.634
812.159 88.481
812.368 88.332
812.578 88.246
812.787 88.341
812.997 88.637
813.206 88.678
813.416 88.587
813.625 88.603
813.835 88.456
814.044 88.553
814.254 88.775
814.463 88.937
814.673 89.021
814.882 89.097
815.092 88.987
815.301 88.738
815.511 88.736
815.720 88.761
815.930 88.761
816.139 88.771
816.349 88.576
816.558 88.395
816.768 88.355
816.977 88.304
817.187 88.204
817.396 88.066
817.606 87.978
817.815 88.114
818.025 88.074
818.234 87.987
818.444 88.021
818.653 88.212
818.863 88.175
819.072 88.142
819.282 88.250
819.491 88.227
819.701 88.232
819.910 88.319
820.120 88.156
820.329 88.270
820.539 88.314
820.748 88.286
820.958 88.281
821.167 88.266
821.377 88.120
821.586 88.013
821.796 88.064
822.005 88.253
822.215 88.295
822.424 88.312
822.634 88.253
822.843 88.287
823.053 88.306
823.262 88.319
823.472 88.295
823.681 88.239
823.891 88.151
824.100 88.317
824.310 88.377
824.519 88.172
824.729 88.166
824.938 88.188
825.148 88.103
825.357 88.173
825.567 88.169
825.776 88.333
825.986 88.557
826.195 88.625
826.405 88.407
826.614 88.286
826.824 88.439
827.033 88.434
827.243 88.364
827.452 88.425
827.662 88.293
827.871 88.111
828.081 88.047
828.290 88.033
828.500 87.878
828.709 87.912
828.919 87.812
829.128 87.700
829.338 87.673
829.547 87.724
829.757 87.786
829.966 87.673
830.176 87.660
830.385 87.702
830.595 87.621
830.804 87.604
831.014 87.487
831.223 87.571
831.433 87.603
831.642 87.512
831.852 87.377
832.061 87.211
832.271 87.381
832.480 87.604
832.690 87.482
832.899 87.544
833.109 87.954
833.318 88.170
833.528 88.054
833.737 87.874
833.947 88.016
834.156 88.112
834.366 88.242
834.575 88.174
834.785 87.971
834.994 87.973
835.204 87.873
835.413 87.519
835.623 87.328
835.832 87.335
836.042 87.509
836.251 87.533
836.461 87.422
836.670 87.292
836.880 87.092
837.089 87.051
837.299 86.996
837.508 87.030
837.718 87.046
837.927 87.100
838.137 87.037
838.346 86.855
838.556 86.643
838.765 86.813
838.975 87.036
839.184 87.268
839.394 87.365
839.603 87.357
839.813 87.364
840.022 87.315
840.232 87.213
840.441 87.367
840.651 87.603
840.860 87.630
841.070 87.549
841.279 87.415
841.489 87.459
841.698 87.511
841.908 87.505
842.117 87.281
842.327 87.113
842.536 87.171
842.746 87.075
842.955 86.923
843.165 86.940
843.374 87.020
843.584 87.016
843.793 86.931
844.003 86.897
844.212 86.972
844.422 87.079
844.631 87.238
844.841 87.342
845.050 87.500
845.260 87.719
845.469 87.794
845.679 87.630
845.888 87.602
846.098 87.724
846.307 87.702
846.517 87.609
846.726 87.505
846.936 87.701
847.145 87.709
847.355 87.504
847.564 87.193
847.774 87.535
847.983 88.466
848.193 88.523
848.402 88.280
848.612 87.917
848.821 87.671
849.031 87.727
849.240 87.641
849.450 87.536
849.659 87.482
849.869 87.479
850.078 87.052
850.288 86.401
850.497 86.477
850.707 86.444
850.916 86.633
851.126 86.973
851.335 87.086
851.545 86.951
851.754 86.977
851.964 87.159
852.173 87.251
852.383 87.201
852.592 87.064
852.802 87.042
853.011 87.163
853.221 87.168
853.430 87.072
853.640 87.184
853.849 87.559
854.059 87.555
854.268 87.475
854.478 87.613
854.687 87.586
854.897 87.514
855.106 87.507
855.316 87.473
855.525 87.335
855.735 87.148
855.944 86.932
856.154 86.864
856.363 87.061
856.573 87.049
856.782 86.799
856.992 86.841
857.201 86.825
857.411 86.764
857.620 86.837
857.830 87.160
858.039 87.418
858.249 87.511
858.458 87.275
858.668 87.103
858.877 87.146
859.087 87.417
859.296 87.588
859.506 87.593
859.715 87.379
859.925 87.308
860.134 87.340
860.344 87.268
860.553 87.263
860.763 87.223
860.972 87.088
861.182 87.121
861.391 87.074
861.601 86.830
861.810 86.855
862.020 86.935
862.229 86.658
862.439 86.441
862.648 86.605
862.858 86.478
863.067 86.358
863.277 86.516
863.486 86.528
863.696 86.300
863.905 86.193
864.115 86.245
864.324 86.496
864.534 86.959
864.743 87.084
864.953 87.077
865.162 86.999
865.372 86.936
865.581 86.688
865.791 86.746
866.000 86.969
866.210 87.225
866.419 87.130
866.629 86.859
866.838 86.506
867.048 86.223
867.257 86.152
867.467 86.472
867.676 86.860
867.886 86.939
868.095 86.794
868.305 86.680
868.514 86.681
868.724 86.641
868.933 86.733
869.143 86.681
869.352 86.784
869.562 86.794
869.771 86.716
869.981 86.453
870.190 86.548
870.400 86.450
870.609 86.461
870.819 86.456
871.028 86.586
871.238 86.664
871.447 86.663
871.657 86.636
871.866 86.214
872.076 86.241
872.285 86.241
872.495 86.189
872.704 86.138
872.914 86.189
873.123 86.219
873.333 86.093
873.542 85.933
873.752 85.984
873.961 86.107
874.171 86.199
874.380 85.879
874.590 85.886
874.799 86.076
875.009 86.350
875.218 86.626
875.428 86.075
875.637 85.836
875.847 86.239
876.056 86.579
876.266 86.415
876.475 86.613
876.685 87.052
876.894 87.286
877.104 87.143
877.313 87.121
877.523 86.997
877.732 87.572
877.942 87.879
878.151 87.672
878.361 87.420
878.570 87.668
878.780 87.917
878.989 88.036
879.199 88.112
879.408 88.078
879.618 87.695
879.827 87.320
880.037 87.440
880.246 87.777
880.456 87.694
880.665 87.691
880.875 87.743
881.084 87.914
881.294 87.733
881.503 87.349
881.713 87.446
881.922 87.912
882.132 87.998
882.341 87.609
882.551 87.266
882.760 87.308
882.970 87.163
883.179 87.004
883.389 86.509
883.598 86.238
883.808 86.434
884.017 86.436
884.227 86.085
884.436 86.057
884.646 86.160
884.855 86.023
885.065 85.827
885.274 85.981
885.484 86.353
885.693 86.545
885.903 86.223
886.112 86.144
886.322 86.254
886.531 86.625
886.741 86.910
886.950 87.003
887.160 87.177
887.369 87.077
887.579 86.987
887.788 86.541
887.998 86.564
888.207 87.040
888.417 87.162
888.626 86.976
888.836 86.411
889.045 86.067
889.255 86.046
889.464 86.414
889.674 86.760
889.883 86.767
890.093 86.895
890.302 86.710
890.512 86.658
890.721 86.876
890.931 86.892
891.140 87.168
891.350 87.203
891.559 87.186
891.769 86.722
891.978 86.475
892.188 86.699
892.397 86.614
892.607 86.699
892.816 86.799
893.026 86.301
893.235 86.135
893.445 86.343
893.654 86.602
893.864 86.835
894.073 86.934
894.283 87.078
894.492 86.900
894.702 86.879
894.911 86.862
895.121 86.655
895.330 86.464
895.540 86.560
895.749 86.709
895.959 86.867
896.168 86.770
896.378 86.812
896.587 87.145
896.797 87.178
897.006 87.125
897.216 87.272
897.425 87.305
897.635 87.502
897.844 87.531
898.054 87.428
898.263 87.041
898.473 86.756
898.682 86.543
898.892 86.308
899.101 86.384
899.311 86.338
899.520 86.002
899.730 86.096
899.939 86.394
900.149 86.400
900.358 86.419
900.568 86.885
900.777 87.426
900.987 87.708
901.196 87.633
901.406 87.694
901.615 87.924
901.825 88.167
902.034 87.902
902.244 87.818
902.453 88.064
902.663 87.922
902.872 87.452
903.082 87.166
903.291 86.879
903.501 86.588
903.710 86.299
903.920 86.331
904.129 86.239
904.339 86.364
904.548 86.052
904.758 85.704
904.967 85.848
905.177 86.141
905.386 86.252
905.596 86.497
905.805 86.853
906.015 87.245
906.224 87.344
906.434 87.401
906.643 87.582
906.853 87.618
907.062 87.727
907.272 87.267
907.481 87.043
907.691 87.237
907.900 87.195
908.110 87.091
908.319 86.789
908.529 86.370
908.738 86.234
908.948 86.270
909.157 86.315
909.367 86.318
909.576 86.789
909.786 86.820
909.995 86.237
910.205 85.980
910.414 85.696
910.624 85.861
910.833 86.141
911.043 86.076
911.252 85.945
911.462 86.241
911.672 86.063
911.881 85.760
912.091 85.347
912.300 85.525
912.512 85.561
912.724 85.663
912.937 85.556
913.149 85.730
913.361 86.220
913.573 86.074
913.786 85.784
913.998 85.950
914.210 85.814
914.422 86.271
914.634 86.336
914.847 86.520
915.059 86.742
915.271 87.041
915.483 86.908
915.696 86.483
915.908 86.790
916.120 86.915
916.332 86.925
916.544 87.227
916.757 87.279
916.969 86.938
917.181 86.834
917.393 86.633
917.606 86.286
917.818 86.252
918.030 86.470
918.242 86.391
918.454 86.191
918.667 86.355
918.879 86.585
919.091 86.448
919.303 86.342
919.516 86.048
919.728 86.176
919.940 86.645
920.152 86.752
920.364 86.461
920.577 86.162
920.789 86.067
921.001 85.880
921.213 85.960
921.426 86.350
921.638 86.895
921.850 86.812
922.062 86.644
922.274 86.307
922.487 86.388
922.699 86.693
922.911 87.103
923.123 87.466
923.336 87.282
923.548 86.745
923.760 86.511
923.972 86.546
924.184 86.867
924.397 86.678
924.609 86.601
924.821 86.753
925.033 86.704
925.246 86.346
925.458 86.336
925.670 86.699
925.882 86.913
926.094 86.718
926.307 86.215
926.519 86.025
926.731 86.440
926.943 86.554
927.156 85.970
927.368 85.694
927.580 85.673
927.792 85.456
928.004 85.411
928.217 85.109
928.429 85.234
928.641 85.808
928.853 86.191
929.066 86.411
929.278 86.711
929.490 86.983
929.702 87.191
929.914 87.598
930.127 87.864
930.339 87.837
930.551 88.124
930.763 88.201
930.976 87.863
931.188 87.683
931.400 87.196
931.612 86.641
931.824 86.670
932.037 86.908
932.249 86.928
932.461 86.933
932.673 86.800
932.886 86.803
933.098 87.024
933.310 87.825
933.522 88.031
933.734 88.571
933.947 88.616
934.159 88.497
934.371 88.387
934.583 87.759
934.796 87.213
935.008 87.243
935.220 87.502
935.432 86.545
935.644 85.300
935.857 85.092
936.069 84.365
936.281 84.159
936.493 83.738
936.706 84.408
936.918 85.772
937.130 86.210
937.342 85.841
937.554 85.464
937.767 86.537
937.979 86.711
938.191 85.995
938.403 86.073
938.616 85.792
938.828 85.987
939.040 85.733
939.252 84.751
939.464 84.297
939.677 84.396
939.889 84.006
940.101 83.390
940.313 84.307
940.526 84.779
940.738 84.165
940.950 84.625
941.162 84.309
941.374 83.503
941.587 84.408
941.799 85.321
942.011 85.564
942.223 85.719
942.436 85.476
942.648 84.574
942.860 84.834
943.072 84.735
943.284 84.559
943.497 84.642
943.709 84.583
943.921 83.336
944.133 83.084
944.346 83.370
944.558 83.306
944.770 83.411
944.982 83.495
945.194 83.345
945.407 83.824
945.619 83.445
945.831 83.989
946.043 84.640
946.256 85.056
946.468 84.415
946.680 83.547
946.892 83.776
947.104 84.078
947.317 84.270
947.529 84.057
947.741 85.177
947.953 86.035
948.166 84.639
948.378 84.035
948.590 84.715
948.802 84.687
949.014 85.098
949.227 85.223
949.439 85.058
949.651 85.290
949.863 86.390
950.076 85.720
950.288 85.319
950.500 86.688
950.712 86.145
950.924 84.968
951.137 86.404
951.349 87.987
951.561 87.948
951.773 88.605
951.986 89.213
952.198 87.799
952.410 86.511
952.622 85.914
952.834 86.046
953.047 87.643
953.259 87.327
953.471 85.424
953.683 83.804
953.896 84.687
954.108 85.218
954.320 84.023
954.532 83.658
954.744 84.767
954.957 85.759
955.169 85.153
955.381 84.876
955.593 85.089
955.806 85.011
956.018 85.138
956.230 85.055
956.442 83.727
956.654 83.531
956.867 84.090
957.079 84.367
957.291 84.482
957.503 85.360
957.716 85.026
957.928 85.662
958.140 85.850
958.352 86.232
958.564 85.830
958.777 85.460
958.989 85.356
959.201 86.319
959.413 87.235
959.626 87.022
959.838 85.464
960.050 84.574
960.262 84.356
960.474 85.618
960.687 86.707
960.899 86.809
961.111 87.058
961.323 87.488
961.536 86.859
961.748 86.182
961.960 86.380
962.172 86.745
962.384 86.597
962.597 86.993
962.809 87.332
963.021 85.501
963.233 84.057
963.446 83.576
963.658 83.209
963.870 83.702
964.082 84.503
964.294 84.773
964.507 84.693
964.719 85.059
964.931 85.047
965.143 84.071
965.356 84.547
965.568 85.591
965.780 86.431
966.000 86.401
966.221 85.249
966.441 84.393
966.662 84.781
966.882 85.929
967.103 86.136
967.323 84.565
967.543 84.107
967.764 83.693
967.984 83.210
968.205 82.937
968.425 83.783
968.645 83.985
968.866 82.983
969.086 82.117
969.307 81.638
969.527 82.512
969.748 83.805
969.968 84.966
970.188 85.551
970.409 85.061
970.629 85.241
970.850 86.762
971.070 87.198
971.290 87.886
971.511 87.727
971.731 88.487
971.952 88.622
972.172 87.880
972.393 87.136
972.613 87.262
972.833 88.181
973.054 88.847
973.274 87.123
973.495 86.703
973.715 87.613
973.936 88.880
974.156 87.879
974.376 86.653
974.597 87.288
974.817 87.151
975.038 86.644
975.258 86.067
975.478 85.861
975.699 85.733
975.919 86.199
976.140 86.210
976.360 85.281
976.581 85.348
976.801 85.759
977.021 85.896
977.242 85.150
977.462 84.524
977.683 85.913
977.903 85.689
978.123 86.679
978.344 86.766
978.564 85.291
978.785 84.506
979.005 84.977
979.226 85.800
979.446 85.654
979.666 85.585
979.887 85.391
980.107 84.638
980.328 84.844
980.548 85.193
980.769 84.857
980.989 83.520
981.209 83.737
981.430 84.557
981.650 83.094
981.871 82.946
982.091 83.762
982.311 85.192
982.532 84.139
982.752 83.407
982.973 81.940
983.193 82.998
983.414 85.957
983.634 87.049
983.854 85.334
984.075 86.485
984.295 88.066
984.516 88.015
984.736 88.272
984.956 89.720
985.177 90.197
985.397 89.727
985.618 89.608
985.838 89.382
986.059 88.233
986.279 88.269
986.499 87.734
986.720 87.137
986.940 88.405
987.161 87.099
987.381 84.809
987.602 84.843
987.822 87.385
988.042 86.533
988.263 85.437
988.483 85.726
988.704 84.801
988.924 83.500
989.144 83.624
989.365 84.345
989.585 86.620
989.806 88.420
990.026 88.333
990.247 86.743
990.467 87.086
990.687 87.672
990.908 88.110
991.128 90.931
991.349 93.350
991.569 92.645
991.789 92.106
992.010 91.373
992.230 90.124
992.451 88.270
992.671 87.022
992.892 88.965
993.112 90.732
993.332 90.046
993.553 88.724
993.773 89.454
993.994 89.682
994.214 89.462
994.435 88.782
994.655 90.013
994.875 90.896
995.096 92.861
995.316 92.209
995.537 89.269
995.757 88.000
995.977 87.847
996.198 84.097
996.418 82.596
996.639 82.171
996.859 82.540
997.080 82.428
997.300 84.640
997.520 84.548
997.741 82.252
997.961 83.497
998.182 84.195
998.402 82.874
998.622 87.160
998.843 92.449
999.063 92.400
999.284 91.233
999.504 89.363
999.725 87.635
999.945 88.270
1000.165 91.681
1000.386 92.078
1000.606 93.308
1000.827 95.554
1001.047 92.938
1001.268 86.759
1001.488 87.246
1001.708 92.154
1001.929 95.482
1002.149 96.292
1002.370 91.737
1002.590 88.802
1002.810 90.258
1003.031 89.292
1003.251 87.281
1003.472 87.984
1003.692 91.159
1003.913 90.988
1004.133 85.670
1004.353 84.646
1004.574 85.240
1004.794 90.405
1005.015 94.778
1005.235 91.076
1005.455 90.163
1005.676 91.118
1005.896 90.617
1006.117 87.719
1006.337 87.474
1006.558 93.842
1006.778 94.821
1006.998 91.804
1007.219 88.062
1007.439 83.245
1007.660 85.371
1007.880 89.180
1008.101 89.182
1008.321 85.788
1008.541 85.931
1008.762 86.524
1008.982 82.400
1009.203 81.349
1009.423 81.987
1009.643 82.327
1009.864 84.798
1010.084 82.832
1010.305 80.887
1010.525 84.433
1010.746 85.926
1010.966 84.040
1011.186 81.426
1011.407 80.134
1011.627 79.813
1011.848 81.426
1012.068 82.364
1012.288 80.047
1012.509 81.191
1012.729 80.027
1012.950 73.217
