290.982 84.688
291.167 85.457
291.352 86.372
291.537 86.852
291.722 87.066
291.907 90.792
292.091 90.410
292.276 88.411
292.461 87.638
292.646 86.105
292.831 86.848
293.016 84.493
293.201 81.598
293.386 80.354
293.571 80.350
293.756 80.209
293.940 79.637
294.125 77.706
294.310 78.470
294.495 78.942
294.680 78.256
294.865 76.084
295.050 76.893
295.235 77.772
295.420 76.753
295.605 75.173
295.789 76.088
295.974 76.744
296.159 76.325
296.344 76.112
296.529 75.453
296.714 76.260
296.899 76.640
297.084 77.664
297.269 78.452
297.454 79.764
297.638 80.470
297.823 78.854
298.008 78.337
298.193 79.046
298.378 79.505
298.563 78.992
298.748 80.073
298.933 81.174
299.118 79.939
299.303 79.877
299.487 79.223
299.672 78.112
299.857 76.142
300.042 77.296
300.227 78.026
300.412 77.269
300.597 77.429
300.782 74.922
300.967 74.480
301.152 75.196
301.336 75.466
301.521 76.223
301.706 78.609
301.891 80.592
302.076 80.609
302.261 79.737
302.446 80.329
302.631 80.129
302.816 82.955
303.001 83.364
303.185 80.901
303.370 79.307
303.555 78.392
303.740 76.932
303.925 76.333
304.110 75.017
304.295 75.669
304.480 75.580
304.665 75.401
304.850 73.919
305.034 73.640
305.219 75.491
305.404 75.509
305.589 75.733
305.774 75.887
305.959 76.788
306.144 77.293
306.329 75.042
306.514 73.272
306.699 73.243
306.883 71.880
307.068 70.860
307.253 70.706
307.438 72.311
307.623 72.841
307.808 71.009
307.993 68.405
308.178 67.100
308.363 68.346
308.548 70.125
308.732 71.357
308.917 71.986
309.102 71.871
309.287 71.403
309.472 70.812
309.657 70.538
309.842 69.754
310.027 69.205
310.212 68.930
310.397 68.294
310.581 66.777
310.766 65.325
310.951 64.560
311.136 64.068
311.321 64.143
311.506 63.425
311.691 62.534
311.876 62.732
312.061 62.512
312.245 64.742
312.430 67.133
312.615 68.437
312.800 67.941
312.985 66.601
313.170 65.704
313.347 65.670
313.523 64.921
313.700 64.046
313.877 64.315
314.054 65.823
314.230 64.709
314.407 62.348
314.584 61.105
314.761 61.084
314.937 61.801
315.114 62.761
315.291 62.379
315.467 62.232
315.644 60.907
315.821 60.455
315.998 60.113
316.174 59.231
316.351 59.483
316.528 59.303
316.704 57.973
316.881 57.034
317.058 57.374
317.235 58.495
317.411 59.865
317.588 62.096
317.765 62.457
317.942 62.429
318.118 62.920
318.295 62.077
318.472 61.163
318.648 61.634
318.825 62.085
319.002 60.467
319.179 58.540
319.355 57.231
319.532 56.854
319.709 56.792
319.885 57.183
320.062 57.454
320.239 57.752
320.416 58.921
320.592 59.546
320.769 59.446
320.946 59.960
321.123 60.752
321.299 60.897
321.476 59.657
321.653 59.774
321.829 59.282
322.006 58.419
322.183 58.585
322.360 57.703
322.536 57.256
322.713 58.294
322.890 58.499
323.066 57.427
323.243 57.599
323.420 59.929
323.597 59.898
323.773 58.625
323.950 58.796
324.127 59.726
324.304 59.943
324.480 59.346
324.657 58.768
324.834 58.855
325.010 59.302
325.187 58.448
325.364 56.137
325.541 55.038
325.717 55.704
325.894 54.784
326.071 52.480
326.248 52.108
326.424 53.114
326.601 52.765
326.778 51.748
326.954 50.992
327.131 50.480
327.308 49.676
327.485 50.118
327.661 50.059
327.838 50.194
328.015 50.839
328.191 50.478
328.368 49.596
328.545 48.389
328.722 48.310
328.898 49.608
329.075 50.182
329.252 49.964
329.429 49.033
329.605 49.490
329.782 49.789
329.959 49.333
330.135 49.110
330.312 49.182
330.489 49.824
330.666 49.739
330.842 48.542
331.019 48.276
331.196 49.177
331.372 49.784
331.549 48.700
331.726 47.852
331.903 47.932
332.079 48.002
332.256 46.765
332.433 45.243
332.610 44.102
332.786 44.294
332.963 44.665
333.140 44.382
333.316 45.386
333.493 45.554
333.670 45.176
333.847 45.798
334.023 45.246
334.200 44.738
334.377 44.884
334.553 45.717
334.730 45.068
334.907 44.020
335.084 44.348
335.260 43.670
335.437 43.373
335.614 43.830
335.791 43.152
335.967 43.274
336.144 43.823
336.321 44.109
336.497 44.144
336.674 44.402
336.851 44.563
337.028 43.169
337.204 42.020
337.381 42.802
337.558 43.467
337.734 42.741
337.911 41.868
338.088 42.058
338.265 43.515
338.441 44.048
338.618 42.548
338.795 41.964
338.972 42.903
339.148 43.800
339.325 42.768
339.502 40.646
339.678 40.774
339.855 41.715
340.032 41.154
340.209 39.678
340.385 39.025
340.562 39.464
340.739 39.313
340.916 38.345
341.092 38.084
341.269 38.644
341.446 39.121
341.622 38.832
341.799 38.430
341.976 38.711
342.153 39.109
342.329 39.072
342.506 39.366
342.683 38.919
342.859 38.367
343.036 37.760
343.213 37.069
343.390 36.824
343.566 36.867
343.743 36.533
343.920 35.842
344.097 35.006
344.273 34.667
344.450 34.377
344.627 35.102
344.803 36.594
344.980 37.007
345.157 36.647
345.334 36.133
345.510 35.602
345.687 35.308
345.864 35.814
346.040 36.189
346.217 36.165
346.394 36.119
346.571 35.301
346.747 33.293
346.924 32.453
347.101 33.156
347.278 33.932
347.454 34.784
347.631 34.574
347.808 33.570
347.984 33.561
348.161 33.909
348.338 33.892
348.515 33.854
348.691 34.451
348.868 34.456
349.045 33.309
349.221 33.015
349.398 32.220
349.575 32.476
349.752 33.369
349.928 32.820
350.105 32.140
350.282 31.714
350.459 32.307
350.635 32.589
350.812 32.170
350.989 32.728
351.165 33.323
351.342 33.006
351.519 32.162
351.696 31.807
351.872 31.927
352.049 31.757
352.226 32.273
352.402 31.933
352.579 31.610
352.756 31.933
352.933 31.383
353.109 29.919
353.286 29.589
353.463 29.788
353.640 29.292
353.816 28.530
353.993 28.334
354.170 27.711
354.346 27.632
354.523 27.802
354.700 27.303
354.877 27.122
355.053 26.985
355.230 27.189
355.407 27.862
355.584 28.651
355.760 29.233
355.937 29.469
356.114 29.837
356.290 29.591
356.467 29.293
356.644 29.092
356.821 28.931
356.997 29.672
357.174 29.758
357.351 29.098
357.527 28.595
357.704 28.418
357.881 28.579
358.058 28.883
358.234 28.994
358.411 29.007
358.588 29.030
358.765 29.091
358.941 28.860
359.118 28.522
359.295 28.253
359.471 27.576
359.648 27.228
359.825 26.722
360.002 25.881
360.178 25.848
360.355 25.838
360.532 25.772
360.708 25.510
360.885 25.225
361.062 24.730
361.239 24.451
361.415 24.600
361.592 24.332
361.769 24.064
361.946 24.394
362.122 24.207
362.299 23.392
362.476 23.430
362.652 23.500
362.829 23.681
363.006 23.928
363.183 24.375
363.359 24.260
363.536 23.845
363.713 23.709
363.889 23.575
364.066 23.169
364.243 23.169
364.420 22.901
364.596 22.617
364.773 22.246
364.950 22.513
365.127 22.555
365.303 22.752
365.480 23.518
365.661 23.737
365.841 23.422
366.022 23.466
366.202 23.497
366.383 23.234
366.563 23.223
366.744 23.114
366.924 22.941
367.105 22.810
367.286 22.332
367.466 21.719
367.647 21.577
367.827 21.325
368.008 21.447
368.188 21.544
368.369 21.690
368.549 21.808
368.730 21.271
368.911 20.763
369.091 20.473
369.272 20.421
369.452 20.454
369.633 20.021
369.813 19.908
369.994 19.901
370.174 19.519
370.355 19.099
370.535 18.995
370.716 19.577
370.897 19.687
371.077 19.269
371.258 19.499
371.438 20.037
371.619 20.223
371.799 20.038
371.980 19.415
372.160 19.589
372.341 19.951
372.522 19.842
372.702 19.607
372.883 19.508
373.063 19.563
373.244 19.428
373.424 18.960
373.605 19.023
373.785 19.139
373.966 19.123
374.147 18.975
374.327 19.081
374.508 19.225
374.688 19.009
374.869 19.099
375.049 19.536
375.230 19.871
375.410 19.876
375.591 19.469
375.772 19.395
375.952 19.689
376.133 19.729
376.313 19.371
376.494 18.678
376.674 18.544
376.855 18.556
377.035 17.920
377.216 17.482
377.397 17.509
377.577 17.692
377.758 17.557
377.938 17.377
378.119 17.341
378.299 17.335
378.480 17.620
378.660 17.824
378.841 17.783
379.021 17.705
379.202 17.330
379.383 16.972
379.563 16.730
379.744 16.591
379.924 16.250
380.105 16.071
380.285 15.826
380.466 15.385
380.646 14.959
380.827 14.567
381.008 14.712
381.188 15.028
381.369 15.330
381.549 15.193
381.730 15.052
381.910 15.271
382.091 15.254
382.271 15.414
382.452 15.656
382.633 15.611
382.813 15.787
382.994 15.908
383.174 15.468
383.355 14.816
383.535 14.807
383.716 15.045
383.896 14.913
384.077 14.803
384.258 14.813
384.438 14.862
384.619 14.974
384.799 14.710
384.980 14.408
385.160 14.314
385.341 14.259
385.521 14.063
385.702 13.748
385.882 13.753
386.063 13.762
386.244 13.597
386.424 13.451
386.605 13.286
386.785 13.216
386.966 13.053
387.146 12.922
387.327 12.908
387.507 12.985
387.688 13.152
387.869 13.025
388.049 13.130
388.230 13.080
388.410 13.017
388.591 12.931
388.771 12.967
388.952 13.008
389.132 12.980
389.313 12.941
389.494 12.702
389.674 12.358
389.855 12.156
390.035 11.929
390.216 11.963
390.396 12.144
390.577 12.151
390.757 11.820
390.938 11.634
391.119 11.638
391.299 11.591
391.480 11.735
391.660 11.948
391.841 12.105
392.021 12.125
392.202 12.042
392.382 11.828
392.563 11.776
392.743 11.804
392.924 11.870
393.105 11.849
393.285 11.818
393.466 11.752
393.646 11.765
393.827 11.663
394.007 11.229
394.188 11.076
394.368 11.042
394.549 10.868
394.730 10.782
394.910 10.813
395.091 10.889
395.271 11.113
395.452 11.231
395.632 10.910
395.813 10.744
395.993 10.986
396.174 11.006
396.355 10.860
396.535 11.014
396.716 11.368
396.896 11.519
397.077 11.461
397.257 11.140
397.438 10.817
397.618 10.845
397.799 10.876
397.980 10.918
398.160 10.954
398.341 10.978
398.521 10.891
398.702 10.595
398.882 10.173
399.063 10.072
399.243 10.210
399.424 10.232
399.605 10.346
399.785 10.311
399.966 10.139
400.146 9.967
400.327 9.933
400.507 10.108
400.688 10.024
400.868 9.982
401.049 9.903
401.229 9.655
401.410 9.687
401.591 9.727
401.771 9.912
401.952 9.967
402.132 9.870
402.313 9.803
402.493 9.672
402.674 9.848
402.854 10.009
403.035 10.206
403.216 10.128
403.396 10.107
403.577 10.049
403.757 9.740
403.938 9.489
404.118 9.449
404.299 9.301
404.479 9.083
404.660 8.930
404.841 8.850
405.023 8.696
405.204 8.711
405.385 8.698
405.566 8.631
405.748 8.641
405.929 8.774
406.110 9.028
406.292 9.255
406.473 9.450
406.654 9.451
406.835 9.338
407.017 9.149
407.198 9.157
407.379 9.061
407.560 8.863
407.742 8.700
407.923 8.512
408.104 8.136
408.286 7.861
408.467 7.676
408.648 7.855
408.829 8.209
409.011 8.327
409.192 8.269
409.373 8.163
409.555 8.235
409.736 8.403
409.917 8.568
410.098 8.766
410.280 8.888
410.461 8.965
410.642 8.707
410.823 8.246
411.005 8.224
411.186 8.487
411.367 8.657
411.549 8.667
411.730 8.584
411.911 8.508
412.092 8.453
412.274 8.412
412.455 8.279
412.636 8.238
412.818 8.383
412.999 8.319
413.180 8.119
413.361 8.063
413.543 8.020
413.724 7.992
413.905 7.940
414.087 7.913
414.268 7.896
414.449 7.904
414.630 7.963
414.812 8.028
414.993 8.161
415.174 8.091
415.355 7.968
415.537 7.905
415.718 8.005
415.899 8.063
416.081 7.962
416.262 7.826
416.443 7.834
416.624 7.805
416.806 7.667
416.987 7.490
417.168 7.414
417.350 7.355
417.531 7.400
417.712 7.374
417.893 7.349
418.075 7.506
418.256 7.479
418.437 7.277
418.618 7.086
418.800 7.024
418.981 7.102
419.162 7.148
419.344 7.234
419.525 7.286
419.706 7.244
419.887 7.178
420.069 7.088
420.250 7.239
420.431 7.416
420.613 7.600
420.794 7.629
420.975 7.522
421.156 7.506
421.338 7.435
421.519 7.310
421.700 7.227
421.882 7.214
422.063 7.124
422.244 7.034
422.425 6.991
422.607 6.850
422.788 6.822
422.969 6.867
423.150 6.997
423.332 7.271
423.513 7.357
423.694 7.240
423.876 7.197
424.057 7.243
424.238 7.244
424.419 7.398
424.601 7.781
424.782 7.871
424.963 7.914
425.145 7.807
425.326 7.564
425.507 7.478
425.688 7.647
425.870 7.629
426.051 7.541
426.232 7.492
426.413 7.326
426.595 6.940
426.776 6.722
426.957 6.674
427.139 6.777
427.320 6.713
427.501 6.622
427.682 6.413
427.864 6.427
428.045 6.473
428.226 6.465
428.408 6.441
428.589 6.428
428.770 6.478
428.951 6.358
429.133 6.161
429.314 6.147
429.495 6.191
429.677 6.301
429.858 6.280
430.039 6.194
430.220 6.157
430.402 6.118
430.583 6.177
430.764 6.162
430.945 6.184
431.127 6.135
431.308 6.136
431.489 6.164
431.671 6.148
431.852 6.108
432.033 6.119
432.214 6.141
432.396 6.165
432.577 6.066
432.758 6.040
432.940 6.073
433.121 6.081
433.302 6.014
433.483 6.038
433.665 6.123
433.846 6.257
434.027 6.305
434.208 6.287
434.390 6.278
434.571 6.309
434.752 6.358
434.934 6.367
435.115 6.445
435.296 6.478
435.477 6.410
435.659 6.367
435.840 6.300
436.030 6.296
436.220 6.258
436.410 6.223
436.600 6.218
436.790 6.213
436.980 6.210
437.170 6.157
437.360 6.159
437.550 6.157
437.741 6.111
437.931 6.075
438.121 6.129
438.311 6.158
438.501 6.143
438.691 6.195
438.881 6.198
439.071 6.124
439.261 6.086
439.451 6.028
439.641 6.000
439.831 5.920
440.021 5.842
440.211 5.742
440.401 5.758
440.591 5.797
440.781 5.798
440.971 5.801
441.161 5.758
441.351 5.710
441.542 5.689
441.732 5.692
441.922 5.743
442.112 5.811
442.302 5.874
442.492 5.861
442.682 5.755
442.872 5.624
443.062 5.550
443.252 5.575
443.442 5.670
443.632 5.712
443.822 5.678
444.012 5.582
444.202 5.550
444.392 5.520
444.582 5.458
444.772 5.466
444.962 5.495
445.153 5.511
445.343 5.486
445.533 5.371
445.723 5.321
445.913 5.301
446.103 5.395
446.293 5.438
446.483 5.420
446.673 5.487
446.863 5.538
447.053 5.531
447.243 5.557
447.433 5.574
447.623 5.653
447.813 5.663
448.003 5.711
448.193 5.688
448.383 5.626
448.573 5.555
448.764 5.405
448.954 5.369
449.144 5.367
449.334 5.315
449.524 5.304
449.714 5.269
449.904 5.275
450.094 5.280
450.284 5.262
450.474 5.247
450.664 5.245
450.854 5.305
451.044 5.308
451.234 5.308
451.424 5.246
451.614 5.237
451.804 5.306
451.994 5.296
452.184 5.253
452.375 5.290
452.565 5.311
452.755 5.358
452.945 5.392
453.135 5.432
453.325 5.470
453.515 5.579
453.705 5.627
453.895 5.568
454.085 5.593
454.275 5.664
454.465 5.663
454.655 5.624
454.845 5.577
455.035 5.630
455.225 5.548
455.415 5.438
455.605 5.442
455.795 5.466
455.985 5.413
456.176 5.353
456.366 5.285
456.556 5.246
456.746 5.252
456.936 5.248
457.126 5.198
457.316 5.205
457.506 5.217
457.696 5.138
457.886 5.024
458.076 4.985
458.266 4.979
458.456 4.966
458.646 4.922
458.836 4.904
459.026 4.951
459.216 4.956
459.406 4.956
459.596 4.951
459.787 4.921
459.977 4.944
460.167 5.016
460.357 4.980
460.547 4.921
460.737 4.931
460.927 4.951
461.117 4.860
461.307 4.864
461.497 4.898
461.687 4.917
461.877 4.987
462.067 5.038
462.257 5.043
462.447 5.045
462.637 5.006
462.827 4.978
463.017 4.994
463.207 5.103
463.397 5.056
463.588 4.993
463.778 5.018
463.968 4.952
464.158 4.865
464.348 4.803
464.538 4.856
464.728 4.885
464.918 4.886
465.108 4.865
465.298 4.753
465.488 4.689
465.678 4.700
465.868 4.722
466.058 4.758
466.248 4.744
466.438 4.752
466.628 4.774
466.818 4.810
467.008 4.813
467.199 4.784
467.389 4.758
467.579 4.769
467.769 4.805
467.959 4.739
468.149 4.638
468.339 4.628
468.529 4.678
468.719 4.719
468.909 4.665
469.099 4.633
469.289 4.633
469.479 4.663
469.669 4.647
469.859 4.599
470.049 4.581
470.239 4.642
470.429 4.699
470.619 4.642
470.810 4.522
471.000 4.569
471.190 4.672
471.380 4.687
471.570 4.728
471.760 4.790
471.950 4.809
472.140 4.845
472.330 4.894
472.520 4.875
472.710 4.865
472.900 4.894
473.090 4.885
473.280 4.808
473.470 4.782
473.660 4.748
473.850 4.723
474.040 4.712
474.230 4.662
474.421 4.575
474.611 4.530
474.801 4.524
474.991 4.577
475.181 4.604
475.371 4.618
475.561 4.640
475.751 4.602
475.941 4.547
476.131 4.538
476.321 4.589
476.511 4.637
476.701 4.683
476.891 4.672
477.081 4.590
477.271 4.512
477.461 4.457
477.651 4.427
477.841 4.456
478.031 4.505
478.222 4.521
478.412 4.513
478.602 4.497
478.792 4.520
478.982 4.579
479.172 4.572
479.362 4.594
479.552 4.631
479.742 4.622
479.932 4.635
480.122 4.647
480.312 4.660
480.502 4.706
480.692 4.734
480.882 4.698
481.072 4.684
481.262 4.735
481.452 4.740
481.642 4.739
481.833 4.800
482.023 4.824
482.213 4.839
482.403 4.866
482.593 4.853
482.783 4.892
482.973 4.951
483.163 4.956
483.353 4.922
483.543 4.962
483.733 4.991
483.923 4.973
484.113 4.996
484.303 5.004
484.493 4.977
484.683 5.027
484.873 5.061
485.063 5.039
485.253 5.033
485.443 5.082
485.634 5.060
485.824 5.042
486.014 5.059
486.204 5.064
486.394 5.112
486.584 5.152
486.774 5.105
486.964 5.068
487.154 5.071
487.344 5.095
487.534 5.093
487.724 5.118
487.914 5.166
488.104 5.193
488.294 5.204
488.484 5.186
488.674 5.179
488.864 5.197
489.054 5.196
489.245 5.204
489.435 5.239
489.625 5.322
489.815 5.411
490.005 5.492
490.195 5.499
490.385 5.510
490.575 5.549
490.765 5.638
490.955 5.707
491.145 5.768
491.335 5.843
491.525 5.852
491.715 5.824
491.905 5.834
492.095 5.837
492.285 5.842
492.475 5.864
492.665 5.860
492.856 5.852
493.046 5.838
493.236 5.827
493.426 5.855
493.616 5.888
493.806 5.926
493.996 5.914
494.186 5.907
494.376 6.014
494.566 6.044
494.756 6.066
494.946 6.081
495.136 6.134
495.326 6.204
495.516 6.262
495.706 6.339
495.896 6.385
496.086 6.427
496.276 6.455
496.467 6.434
496.657 6.505
496.847 6.565
497.037 6.601
497.227 6.626
497.417 6.651
497.607 6.630
497.797 6.636
497.987 6.708
498.177 6.738
498.367 6.791
498.557 6.840
498.747 6.854
498.937 6.912
499.127 6.952
499.317 6.967
499.507 6.994
499.697 7.050
499.887 7.115
500.077 7.111
500.268 7.139
500.458 7.137
500.648 7.130
500.838 7.128
501.028 7.121
501.218 7.151
501.408 7.192
501.598 7.224
501.788 7.262
501.978 7.302
502.168 7.326
502.358 7.387
502.548 7.473
502.738 7.537
502.928 7.619
503.118 7.684
503.308 7.723
503.498 7.753
503.688 7.780
503.879 7.783
504.069 7.776
504.259 7.837
504.449 7.866
504.639 7.872
504.829 7.927
505.019 7.946
505.209 7.961
505.399 7.982
505.589 8.020
505.779 8.054
505.969 8.065
506.159 8.096
506.349 8.116
506.539 8.150
506.729 8.183
506.919 8.203
507.109 8.233
507.299 8.253
507.490 8.277
507.680 8.307
507.870 8.352
508.060 8.409
508.250 8.432
508.440 8.454
508.630 8.481
508.820 8.519
509.010 8.529
509.200 8.535
509.390 8.577
509.580 8.609
509.770 8.643
509.960 8.652
510.150 8.650
510.340 8.688
510.530 8.735
510.720 8.771
510.910 8.797
511.100 8.862
511.291 8.925
511.481 8.968
511.671 9.020
511.861 9.155
512.051 9.360
512.241 9.441
512.431 9.500
512.621 9.551
512.811 9.570
513.001 9.609
513.191 9.622
513.381 9.633
513.571 9.660
513.761 9.695
513.951 9.622
514.141 9.483
514.331 9.521
514.521 9.515
514.711 9.537
514.902 9.619
515.092 9.678
515.282 9.743
515.472 9.776
515.662 9.767
515.852 9.783
516.042 9.785
516.232 9.819
516.422 9.852
516.612 9.906
516.802 9.919
516.992 9.897
517.182 9.899
517.372 9.911
517.562 9.971
517.752 10.050
517.942 10.072
518.132 10.131
518.322 10.197
518.513 10.224
518.703 10.255
518.893 10.300
519.083 10.387
519.273 10.465
519.463 10.470
519.653 10.489
519.843 10.522
520.033 10.565
520.223 10.613
520.413 10.634
520.603 10.665
520.793 10.691
520.983 10.701
521.173 10.694
521.363 10.697
521.553 10.766
521.743 10.808
521.933 10.842
522.123 10.912
522.314 10.984
522.504 10.995
522.694 10.981
522.884 11.018
523.074 11.067
523.264 11.110
523.454 11.117
523.644 11.136
523.834 11.182
524.024 11.234
524.214 11.228
524.404 11.196
524.594 11.230
524.784 11.334
524.974 11.378
525.164 11.388
525.354 11.381
525.544 11.429
525.734 11.476
525.925 11.485
526.115 11.496
526.305 11.574
526.495 11.648
526.685 11.695
526.875 11.707
527.065 11.743
527.255 11.775
527.445 11.816
527.635 11.819
527.825 11.840
528.015 11.888
528.205 11.889
528.395 11.867
528.585 11.873
528.775 11.887
528.965 11.905
529.155 11.912
529.345 11.937
529.535 11.942
529.726 11.957
529.916 11.979
530.106 12.014
530.296 12.063
530.486 12.093
530.676 12.110
530.866 12.143
531.056 12.184
531.246 12.196
531.436 12.205
531.626 12.256
531.816 12.268
532.006 12.255
532.196 12.233
532.386 12.216
532.576 12.200
532.766 12.198
532.956 12.182
533.146 12.167
533.337 12.201
533.527 12.231
533.717 12.211
533.907 12.254
534.097 12.314
534.287 12.329
534.477 12.345
534.667 12.383
534.857 12.434
535.047 12.471
535.237 12.494
535.427 12.512
535.617 12.537
535.807 12.606
535.997 12.622
536.187 12.597
536.377 12.610
536.567 12.628
536.757 12.603
536.948 12.568
537.138 12.562
537.328 12.579
537.518 12.596
537.708 12.627
537.898 12.624
538.088 12.641
538.278 12.687
538.468 12.708
538.658 12.716
538.848 12.769
539.038 12.807
539.228 12.835
539.418 12.859
539.608 12.871
539.798 12.854
539.988 12.858
540.178 12.846
540.368 12.831
540.558 12.839
540.749 12.841
540.939 12.838
541.129 12.854
541.319 12.884
541.509 13.090
541.699 13.483
541.889 13.495
542.079 13.522
542.269 13.556
542.459 13.582
542.649 13.597
542.839 13.623
543.029 13.644
543.219 13.657
543.409 13.660
543.599 13.451
543.789 13.083
543.979 13.108
544.169 13.110
544.360 13.099
544.550 13.112
544.740 13.112
544.930 13.149
545.120 13.166
545.310 13.154
545.500 13.173
545.690 13.171
545.880 13.139
546.070 13.136
546.267 13.145
546.463 13.159
546.660 13.135
546.857 13.130
547.054 13.107
547.251 13.086
547.447 13.092
547.644 13.057
547.841 13.066
548.038 13.066
548.234 13.048
548.431 13.055
548.628 13.087
548.825 13.124
549.021 13.139
549.218 13.136
549.415 13.110
549.612 13.090
549.808 13.115
550.005 13.142
550.202 13.150
550.399 13.164
550.595 13.184
550.792 13.202
550.989 13.187
551.186 13.185
551.382 13.208
551.579 13.260
551.776 13.303
551.973 13.292
552.169 13.290
552.366 13.303
552.563 13.300
552.760 13.310
552.956 13.300
553.153 13.330
553.350 13.374
553.547 13.382
553.743 13.366
553.940 13.368
554.137 13.404
554.334 13.392
554.530 13.381
554.727 13.401
554.924 13.370
555.121 13.327
555.317 13.271
555.514 13.245
555.711 13.244
555.908 13.255
556.104 13.231
556.301 13.189
556.498 13.180
556.695 13.192
556.891 13.184
557.088 13.154
557.285 13.143
557.482 13.175
557.678 13.165
557.875 13.170
558.072 13.211
558.269 13.261
558.465 13.253
558.662 13.235
558.859 13.206
559.056 13.193
559.252 13.207
559.449 13.231
559.646 13.250
559.843 13.225
560.039 13.173
560.236 13.104
560.433 13.041
560.630 13.035
560.826 13.045
561.023 13.026
561.220 13.020
561.417 13.007
561.613 12.998
561.810 12.950
562.007 12.959
562.204 12.963
562.400 12.980
562.597 13.012
562.794 13.016
562.991 13.020
563.187 13.046
563.384 13.031
563.581 13.059
563.778 13.076
563.974 13.075
564.171 13.057
564.368 13.050
564.565 13.025
564.761 13.011
564.958 13.034
565.155 13.037
565.352 12.997
565.548 12.986
565.745 12.966
565.942 12.920
566.139 12.903
566.335 12.934
566.532 12.968
566.729 12.977
566.926 12.957
567.122 12.940
567.319 12.916
567.516 12.937
567.713 12.946
567.909 12.923
568.106 12.909
568.303 12.904
568.500 12.882
568.696 12.860
568.893 12.843
569.090 12.853
569.287 12.853
569.483 12.880
569.680 12.888
569.877 12.879
570.074 12.896
570.270 12.896
570.467 12.897
570.664 12.884
570.861 12.863
571.057 12.878
571.254 12.849
571.451 12.811
571.648 12.780
571.844 12.768
572.041 12.789
572.238 12.774
572.435 12.774
572.631 12.795
572.828 12.792
573.025 12.765
573.222 12.757
573.418 12.762
573.615 12.745
573.812 12.723
574.009 12.706
574.205 12.664
574.402 12.645
574.599 12.640
574.796 12.630
574.992 12.645
575.189 12.696
575.386 12.664
575.583 12.635
575.779 12.643
575.976 12.619
576.173 12.619
576.370 12.647
576.567 12.645
576.763 12.626
576.960 12.600
577.158 12.555
577.356 12.519
577.554 12.512
577.752 12.497
577.950 12.507
578.148 12.521
578.346 12.495
578.544 12.455
578.742 12.440
578.940 12.438
579.138 12.429
579.336 12.430
579.534 12.427
579.732 12.422
579.930 12.415
580.128 12.404
580.326 12.396
580.524 12.381
580.722 12.357
580.920 12.354
581.118 12.374
581.316 12.367
581.514 12.319
581.712 12.274
581.909 12.271
582.107 12.288
582.305 12.256
582.503 12.224
582.701 12.218
582.899 12.187
583.097 12.126
583.295 12.098
583.493 12.107
583.691 12.118
583.889 12.121
584.087 12.096
584.285 12.053
584.483 12.031
584.681 12.024
584.879 12.022
585.077 12.008
585.275 12.023
585.473 12.016
585.671 11.999
585.869 11.996
586.067 11.970
586.265 11.976
586.463 11.985
586.661 11.988
586.859 11.976
587.057 11.966
587.255 11.982
587.453 11.951
587.651 11.914
587.849 11.875
588.047 11.867
588.245 11.869
588.443 11.846
588.641 11.837
588.839 11.842
589.037 11.836
589.235 11.811
589.433 11.806
589.631 11.828
589.829 11.804
590.027 11.762
590.225 11.722
590.423 11.703
590.621 11.682
590.819 11.661
591.017 11.633
591.215 11.579
591.413 11.556
591.611 11.536
591.809 11.522
592.006 11.555
592.204 11.590
592.402 11.597
592.600 11.608
592.798 11.619
592.996 11.598
593.194 11.581
593.392 11.612
593.590 11.611
593.788 11.612
593.986 11.606
594.184 11.568
594.382 11.535
594.580 11.537
594.778 11.504
594.976 11.472
595.174 11.450
595.372 11.410
595.570 11.367
595.768 11.336
595.966 11.285
596.164 11.251
596.362 11.244
596.560 11.247
596.758 11.209
596.956 11.192
597.154 11.204
597.352 11.205
597.550 11.225
597.748 11.264
597.946 11.293
598.144 11.329
598.342 11.329
598.540 11.274
598.738 11.237
598.936 11.236
599.134 11.217
599.332 11.164
599.530 11.154
599.728 11.154
599.926 11.099
600.124 11.070
600.322 11.067
600.520 11.104
600.718 11.125
600.916 11.120
601.114 11.153
601.312 11.195
601.510 11.169
601.708 11.136
601.905 11.137
602.103 11.151
602.301 11.180
602.499 11.170
602.697 11.135
602.895 11.126
603.093 11.136
603.291 11.104
603.489 11.063
603.687 11.072
603.885 11.095
604.083 11.073
604.281 11.031
604.479 10.970
604.677 10.958
604.875 10.955
605.073 10.954
605.271 10.912
605.469 10.874
605.667 10.862
605.865 10.877
606.063 10.913
606.261 10.962
606.459 10.974
606.657 10.991
606.855 10.980
607.053 10.971
607.251 10.956
607.449 10.963
607.647 10.955
607.845 10.950
608.043 10.933
608.241 10.883
608.439 10.802
608.637 10.782
608.835 10.755
609.033 10.718
609.231 10.684
609.429 10.674
609.627 10.676
609.825 10.688
610.023 10.681
610.221 10.660
610.419 10.632
610.617 10.623
610.815 10.636
611.013 10.657
611.211 10.675
611.409 10.678
611.607 10.690
611.804 10.690
612.002 10.666
612.200 10.672
612.398 10.671
612.596 10.647
612.794 10.613
612.992 10.592
613.190 10.570
613.388 10.529
613.586 10.514
613.784 10.516
613.982 10.509
614.180 10.540
614.378 10.552
614.576 10.568
614.774 10.583
614.972 10.593
615.170 10.611
615.368 10.618
615.566 10.614
615.764 10.587
615.962 10.534
616.160 10.504
616.358 10.460
616.556 10.426
616.754 10.410
616.952 10.389
617.150 10.385
617.348 10.371
617.546 10.338
617.744 10.326
617.942 10.336
618.140 10.357
618.338 10.369
618.536 10.379
618.734 10.366
618.932 10.356
619.130 10.344
619.328 10.318
619.526 10.270
619.724 10.243
619.922 10.249
620.120 10.243
620.318 10.248
620.516 10.262
620.714 10.240
620.912 10.236
621.110 10.222
621.308 10.216
621.506 10.221
621.704 10.275
621.901 10.340
622.099 10.312
622.297 10.300
622.495 10.273
622.693 10.252
622.891 10.241
623.089 10.211
623.287 10.213
623.485 10.245
623.683 10.254
623.881 10.187
624.079 10.116
624.277 10.127
624.475 10.133
624.673 10.141
624.871 10.138
625.069 10.160
625.267 10.178
625.465 10.165
625.663 10.124
625.861 10.118
626.059 10.152
626.257 10.162
626.455 10.173
626.653 10.173
626.851 10.147
627.049 10.115
627.247 10.088
627.445 10.076
627.643 10.059
627.841 10.104
628.039 10.108
628.237 10.063
628.435 10.053
628.633 10.029
628.831 9.997
629.029 10.006
629.227 10.010
629.425 10.032
629.623 10.035
629.821 10.041
630.019 9.993
630.217 9.962
630.415 9.995
630.613 10.017
630.811 10.037
631.009 10.042
631.207 10.017
631.405 10.007
631.603 9.976
631.801 9.995
631.998 10.003
632.196 10.032
632.394 10.065
632.592 10.063
632.790 10.063
632.988 10.065
633.186 10.081
633.384 10.087
633.582 10.074
633.780 10.084
633.978 10.055
634.176 10.063
634.374 10.041
634.572 9.990
634.770 9.950
634.968 9.948
635.166 9.943
635.364 9.905
635.562 9.884
635.760 9.892
635.958 9.879
636.156 9.865
636.354 9.827
636.552 9.801
636.750 9.808
636.948 9.824
637.146 9.810
637.344 9.815
637.542 9.826
637.740 9.837
637.938 9.825
638.136 9.997
638.334 10.316
638.532 10.316
638.730 10.317
638.928 10.306
639.126 10.306
639.324 10.302
639.522 10.305
639.720 10.323
639.918 10.327
640.116 10.345
640.314 10.184
640.512 9.855
640.710 9.876
640.908 9.911
641.106 9.951
641.304 9.959
641.502 9.969
641.699 9.940
641.897 9.922
642.095 9.915
642.293 9.893
642.491 9.848
642.689 9.846
642.887 9.825
643.085 9.794
643.283 9.778
643.481 9.765
643.679 9.755
643.877 9.776
644.075 9.806
644.273 9.829
644.471 9.833
644.669 9.845
644.867 9.849
645.065 9.839
645.263 9.823
645.461 9.817
645.659 9.838
645.857 9.844
646.055 9.835
646.253 9.814
646.451 9.776
646.649 9.750
646.847 9.757
647.045 9.779
647.243 9.837
647.441 9.911
647.639 9.968
647.837 9.996
648.035 9.975
648.233 9.961
648.431 9.971
648.629 10.010
648.827 10.058
649.025 10.097
649.223 10.073
649.421 10.021
649.619 9.983
649.817 9.955
650.015 9.951
650.213 9.948
650.411 9.934
650.609 9.877
650.807 9.834
651.005 9.822
651.203 9.784
651.401 9.799
651.599 9.796
651.796 9.792
651.994 9.771
652.192 9.737
652.390 9.751
652.588 9.744
652.786 9.773
652.984 9.780
653.182 9.788
653.380 9.794
653.578 9.769
653.776 9.780
653.974 9.773
654.172 9.743
654.370 9.704
654.568 9.672
654.766 9.674
654.964 9.660
655.162 9.663
655.360 9.644
655.558 9.640
655.756 9.665
655.954 9.683
656.152 9.701
656.350 9.734
656.548 9.748
656.746 9.739
656.944 9.709
657.142 9.697
657.340 9.713
657.538 9.741
657.736 9.745
657.934 9.738
658.132 9.727
658.330 9.691
658.528 9.664
658.726 9.660
658.924 9.660
659.122 9.712
659.320 9.756
659.518 9.724
659.716 9.692
659.914 9.690
660.112 9.706
660.310 9.688
660.508 9.688
660.706 9.698
660.904 9.727
661.102 9.761
661.300 9.761
661.498 9.744
661.696 9.759
661.893 9.757
662.091 9.737
662.289 9.740
662.487 9.769
662.685 9.764
662.883 9.726
663.081 9.704
663.279 9.727
663.477 9.736
663.675 9.756
663.873 9.813
664.071 9.853
664.269 9.886
664.467 9.859
664.665 9.878
664.863 9.955
665.061 10.021
665.259 10.044
665.457 10.051
665.655 10.044
665.853 10.010
666.051 9.981
666.249 9.977
666.447 9.978
666.645 10.002
666.843 9.977
667.041 9.933
667.239 9.908
667.437 9.913
667.635 9.896
667.833 9.873
668.031 9.881
668.229 9.873
668.427 9.886
668.625 9.908
668.823 9.886
669.021 9.880
669.219 9.883
669.417 9.887
669.615 9.853
669.813 9.831
670.011 9.847
670.209 9.870
670.407 9.867
670.605 9.809
670.803 9.764
671.001 9.809
671.199 9.853
671.397 9.847
671.595 9.894
671.792 9.955
671.990 9.936
672.188 9.935
672.386 9.972
672.584 9.994
672.782 10.009
672.980 10.036
673.178 10.035
673.376 10.010
673.574 9.994
673.772 9.914
673.970 9.854
674.168 9.865
674.366 9.866
674.564 9.827
674.762 9.801
674.960 9.824
675.158 9.809
675.356 9.776
675.554 9.785
675.752 9.780
675.950 9.817
676.148 9.886
676.346 9.914
676.544 9.893
676.742 9.858
676.940 9.878
677.138 9.884
677.336 9.889
677.534 9.894
677.732 9.890
677.930 9.966
678.128 9.999
678.326 9.987
678.524 9.971
678.722 10.012
678.920 10.062
679.118 10.077
679.316 10.097
679.514 10.110
679.712 10.090
679.910 10.070
680.108 10.024
680.306 9.995
680.504 9.966
680.702 9.984
680.900 9.980
681.098 9.968
681.296 9.965
681.494 9.975
681.691 9.987
681.889 10.033
682.087 10.030
682.285 9.990
682.483 9.958
682.681 9.989
682.879 10.011
683.077 10.014
683.275 10.000
683.473 9.986
683.671 9.948
683.869 9.946
684.067 9.937
684.265 9.980
684.463 10.079
684.661 10.148
684.859 10.138
685.057 10.104
685.255 10.113
685.453 10.166
685.651 10.203
685.849 10.234
686.047 10.233
686.245 10.233
686.443 10.185
686.641 10.155
686.839 10.182
687.037 10.189
687.235 10.204
687.433 10.207
687.631 10.192
687.829 10.192
688.027 10.198
688.225 10.222
688.423 10.223
688.621 10.242
688.819 10.225
689.017 10.202
689.215 10.226
689.413 10.216
689.611 10.194
689.809 10.192
690.007 10.201
690.205 10.197
690.403 10.193
690.601 10.217
690.799 10.243
690.997 10.266
691.195 10.263
691.393 10.259
691.591 10.295
691.788 10.358
691.986 10.386
692.184 10.381
692.382 10.441
692.580 10.474
692.778 10.468
692.976 10.475
693.174 10.473
693.372 10.510
693.570 10.548
693.768 10.586
693.966 10.564
694.164 10.538
694.362 10.533
694.560 10.491
694.758 10.447
694.956 10.461
695.154 10.495
695.352 10.522
695.550 10.490
695.748 10.456
695.946 10.429
696.144 10.442
696.342 10.480
696.540 10.504
696.744 10.496
696.948 10.532
697.152 10.532
697.357 10.530
697.561 10.513
697.765 10.547
697.969 10.595
698.173 10.620
698.377 10.608
698.581 10.625
698.786 10.640
698.990 10.675
699.194 10.660
699.398 10.673
699.602 10.645
699.806 10.669
700.010 10.658
700.215 10.610
700.419 10.608
700.623 10.622
700.827 10.592
701.031 10.571
701.235 10.589
701.440 10.615
701.644 10.616
701.848 10.671
702.052 10.668
702.256 10.653
702.460 10.661
702.664 10.633
702.869 10.649
703.073 10.701
703.277 10.754
703.481 10.737
703.685 10.759
703.889 10.766
704.093 10.734
704.298 10.740
704.502 10.773
704.706 10.812
704.910 10.854
705.114 10.851
705.318 10.851
705.522 10.803
705.727 10.823
705.931 10.792
706.135 10.774
706.339 10.794
706.543 10.840
706.747 10.891
706.951 10.926
707.156 10.939
707.360 10.974
707.564 10.985
707.768 10.981
707.972 10.977
708.176 10.996
708.380 11.021
708.585 11.001
708.789 10.939
708.993 10.874
709.197 10.820
709.401 10.810
709.605 10.823
709.810 10.828
710.014 10.880
710.218 10.900
710.422 10.901
710.626 10.952
710.830 10.997
711.034 11.024
711.239 11.063
711.443 11.117
711.647 11.172
711.851 11.178
712.055 11.176
712.259 11.188
712.463 11.166
712.668 11.198
712.872 11.201
713.076 11.243
713.280 11.345
713.484 11.360
713.688 11.345
713.892 11.286
714.097 11.249
714.301 11.292
714.505 11.304
714.709 11.339
714.913 11.357
715.117 11.347
715.321 11.325
715.526 11.304
715.730 11.364
715.934 11.389
716.138 11.452
716.342 11.544
716.546 11.551
716.750 11.587
716.955 11.631
717.159 11.641
717.363 11.659
717.567 11.702
717.771 11.702
717.975 11.663
718.180 11.673
718.384 11.646
718.588 11.611
718.792 11.621
718.996 11.661
719.200 11.651
719.404 11.666
719.609 11.701
719.813 11.667
720.017 11.652
720.221 11.711
720.425 11.770
720.629 11.831
720.833 11.857
721.038 11.846
721.242 11.809
721.446 11.827
721.650 11.840
721.854 11.842
722.058 11.917
722.262 11.956
722.467 11.973
722.671 11.959
722.875 11.982
723.079 12.048
723.283 12.103
723.487 12.149
723.691 12.212
723.896 12.241
724.100 12.236
724.304 12.196
724.508 12.171
724.712 12.106
724.916 12.128
725.120 12.175
725.325 12.192
725.529 12.186
725.733 12.183
725.937 12.165
726.141 12.179
726.345 12.192
726.550 12.169
726.754 12.176
726.958 12.251
727.162 12.241
727.366 12.204
727.570 12.200
727.774 12.269
727.979 12.294
728.183 12.297
728.387 12.319
728.591 12.383
728.795 12.494
728.999 12.556
729.203 12.556
729.408 12.595
729.612 12.666
729.816 12.666
730.020 12.614
730.224 12.611
730.428 12.653
730.632 12.635
730.837 12.622
731.041 12.582
731.245 12.580
731.449 12.599
731.653 12.617
731.857 12.596
732.061 12.619
732.266 12.656
732.470 12.660
732.674 12.654
732.878 12.720
733.082 12.786
733.286 12.883
733.490 12.970
733.695 13.011
733.899 13.018
734.103 13.120
734.307 13.213
734.511 13.248
734.715 13.301
734.920 13.347
735.124 13.315
735.328 13.272
735.532 13.246
735.736 13.301
735.940 13.393
736.144 13.476
736.349 13.461
736.553 13.462
736.757 13.484
736.961 13.512
737.165 13.549
737.369 13.613
737.573 13.644
737.778 13.671
737.982 13.591
738.186 13.547
738.390 13.570
738.594 13.551
738.798 13.530
739.002 13.547
739.207 13.554
739.411 13.580
739.615 13.618
739.819 13.691
740.023 13.719
740.227 13.786
740.431 13.862
740.636 13.868
740.840 13.913
741.044 13.932
741.248 13.968
741.452 14.011
741.656 13.996
741.860 13.971
742.065 13.970
742.269 13.991
742.473 14.053
742.677 14.061
742.881 14.069
743.085 14.089
743.290 14.135
743.494 14.217
743.698 14.268
743.902 14.325
744.106 14.419
744.310 14.444
744.514 14.459
744.719 14.482
744.923 14.559
745.127 14.685
745.331 14.802
745.535 14.810
745.739 14.732
745.943 14.699
746.148 14.697
746.352 14.728
746.556 14.835
746.760 14.852
746.964 14.841
747.168 14.840
747.372 14.829
747.577 14.782
747.781 14.851
747.985 14.975
748.189 15.025
748.393 15.071
748.597 15.115
748.801 15.137
749.006 15.213
749.210 15.243
749.414 15.191
749.618 15.157
749.822 15.146
750.026 15.136
750.230 15.170
750.435 15.254
750.639 15.343
750.843 15.363
751.047 15.323
751.251 15.290
751.455 15.268
751.660 15.280
751.864 15.329
752.068 15.408
752.272 15.474
752.476 15.462
752.680 15.475
752.884 15.478
753.089 15.463
753.293 15.516
753.497 15.615
753.701 15.711
753.905 15.831
754.109 15.852
754.313 15.860
754.518 15.889
754.722 15.938
754.926 15.995
755.130 16.005
755.334 16.062
755.538 16.088
755.742 16.070
755.947 16.118
756.151 16.186
756.355 16.332
756.559 16.379
756.763 16.367
756.967 16.370
757.171 16.351
757.376 16.367
757.580 16.409
757.784 16.441
757.988 16.480
758.192 16.482
758.396 16.472
758.600 16.444
758.805 16.509
759.009 16.657
759.213 16.838
759.417 16.969
759.621 17.036
759.825 17.075
760.030 17.208
760.234 17.347
760.438 17.395
760.642 17.423
760.846 17.448
761.050 17.452
761.254 17.402
761.459 17.323
761.663 17.262
761.867 17.277
762.071 17.268
762.275 17.233
762.479 17.272
762.683 17.395
762.888 17.443
763.092 17.418
763.296 17.452
763.500 17.571
763.709 17.618
763.918 17.709
764.126 17.793
764.335 17.956
764.544 18.115
764.753 18.200
764.962 18.212
765.171 18.242
765.379 18.351
765.588 18.456
765.797 18.428
766.006 18.481
766.215 18.559
766.424 18.599
766.632 18.593
766.841 18.544
767.050 18.490
767.259 18.551
767.468 18.684
767.677 18.725
767.885 18.732
768.094 18.810
768.303 18.854
768.512 18.884
768.721 18.947
768.929 18.995
769.138 19.051
769.347 19.059
769.556 19.026
769.765 19.004
769.974 19.057
770.182 19.104
770.391 19.113
770.600 19.116
770.809 19.078
771.018 19.089
771.227 19.138
771.435 19.203
771.644 19.348
771.853 19.437
772.062 19.490
772.271 19.544
772.480 19.594
772.688 19.688
772.897 19.833
773.106 20.032
773.315 20.105
773.524 20.160
773.732 20.194
773.941 20.229
774.150 20.290
774.359 20.331
774.568 20.377
774.777 20.476
774.985 20.551
775.194 20.578
775.403 20.562
775.612 20.630
775.821 20.648
776.030 20.678
776.238 20.753
776.447 20.854
776.656 20.983
776.865 21.045
777.074 21.068
777.283 21.127
777.491 21.242
777.700 21.354
777.909 21.419
778.118 21.521
778.327 21.578
778.535 21.645
778.744 21.711
778.953 21.699
779.162 21.699
779.371 21.736
779.580 21.806
779.788 21.839
779.997 21.846
780.206 21.891
780.415 21.916
780.624 21.997
780.833 22.050
781.041 22.085
781.250 22.165
781.459 22.345
781.668 22.464
781.877 22.449
782.086 22.427
782.294 22.493
782.503 22.587
782.712 22.669
782.921 22.727
783.130 22.847
783.338 22.974
783.547 23.076
783.756 23.138
783.965 23.260
784.174 23.391
784.383 23.532
784.591 23.578
784.800 23.652
785.009 23.731
785.218 23.800
785.427 23.791
785.636 23.764
785.844 23.733
786.053 23.735
786.262 23.778
786.471 23.829
786.680 23.833
786.889 23.880
787.097 23.873
787.306 23.952
787.515 24.107
787.724 24.197
787.933 24.294
788.141 24.436
788.350 24.588
788.559 24.645
788.768 24.774
788.977 24.885
789.186 24.944
789.394 24.991
789.603 25.005
789.812 24.972
790.021 25.005
790.230 25.113
790.439 25.252
790.647 25.219
790.856 25.075
791.065 25.036
791.274 25.142
791.483 25.269
791.692 25.391
791.900 25.478
792.109 25.585
792.318 25.725
792.527 25.790
792.736 25.782
792.944 25.873
793.153 26.163
793.362 26.348
793.571 26.374
793.780 26.458
793.989 26.596
794.197 26.705
794.406 26.759
794.615 26.714
794.824 26.784
795.033 26.916
795.242 27.060
795.450 27.045
795.659 27.014
795.868 27.023
796.077 26.993
796.286 26.993
796.495 27.071
796.703 27.172
796.912 27.298
797.121 27.304
797.330 27.346
797.539 27.262
797.747 27.239
797.956 27.354
798.165 27.567
798.374 27.782
798.583 27.859
798.792 27.948
799.000 28.049
799.209 28.154
799.418 28.307
799.627 28.378
799.836 28.511
800.045 28.770
800.253 28.837
800.462 28.820
800.671 28.793
800.880 28.874
801.089 29.021
801.298 29.119
801.506 29.164
801.715 29.195
801.924 29.217
802.133 29.293
802.342 29.346
802.550 29.469
802.759 29.740
802.968 29.948
803.177 30.065
803.386 30.125
803.595 30.114
803.803 30.151
804.012 30.151
804.221 30.244
804.430 30.388
804.639 30.489
804.848 30.585
805.056 30.549
805.265 30.539
805.474 30.600
805.683 30.665
805.892 30.823
806.101 31.056
806.309 31.208
806.518 31.332
806.727 31.432
806.936 31.525
807.145 31.593
807.353 31.618
807.562 31.627
807.771 31.786
807.980 31.948
808.189 32.030
808.398 32.008
808.606 32.096
808.815 32.137
809.024 32.100
809.233 32.136
809.442 32.254
809.651 32.286
809.859 32.431
810.068 32.570
810.277 32.553
810.486 32.566
810.695 32.691
810.904 32.879
811.112 33.082
811.321 33.170
811.530 33.278
811.740 33.238
811.949 33.457
812.159 33.530
812.368 33.413
812.578 33.444
812.787 33.740
812.997 34.166
813.206 34.226
813.416 34.248
813.625 34.366
813.835 34.372
814.044 34.571
814.254 34.645
814.463 34.768
814.673 35.005
814.882 35.224
815.092 35.142
815.301 34.826
815.511 34.872
815.720 34.965
815.930 35.206
816.139 35.433
816.349 35.444
816.558 35.473
816.768 35.602
816.977 35.588
817.187 35.545
817.396 35.520
817.606 35.663
817.815 35.816
818.025 35.893
818.234 35.912
818.444 35.914
818.653 35.975
818.863 36.020
819.072 36.077
819.282 36.305
819.491 36.501
819.701 36.649
819.910 36.744
820.120 36.861
820.329 37.108
820.539 37.207
820.748 37.410
820.958 37.663
821.167 37.875
821.377 38.045
821.586 38.022
821.796 37.945
822.005 38.121
822.215 38.330
822.424 38.346
822.634 38.268
822.843 38.386
823.053 38.367
823.262 38.372
823.472 38.472
823.681 38.540
823.891 38.650
824.100 39.020
824.310 39.165
824.519 39.014
824.729 38.997
824.938 39.027
825.148 39.030
825.357 39.215
825.567 39.404
825.776 39.506
825.986 39.643
826.195 39.676
826.405 39.504
826.614 39.497
826.824 39.730
827.033 40.014
827.243 40.209
827.452 40.315
827.662 40.413
827.871 40.390
828.081 40.464
828.290 40.561
828.500 40.628
828.709 40.721
828.919 40.724
829.128 40.687
829.338 40.652
829.547 40.783
829.757 40.933
829.966 40.808
830.176 40.728
830.385 40.750
830.595 40.904
830.804 41.029
831.014 41.043
831.223 41.194
831.433 41.316
831.642 41.324
831.852 41.222
832.061 41.136
832.271 41.310
832.480 41.609
832.690 41.624
832.899 41.545
833.109 41.877
833.318 42.160
833.528 42.292
833.737 42.375
833.947 42.599
834.156 42.871
834.366 43.208
834.575 43.232
834.785 43.212
834.994 43.425
835.204 43.438
835.413 43.305
835.623 43.320
835.832 43.385
836.042 43.588
836.251 43.773
836.461 43.793
836.670 43.717
836.880 43.802
837.089 43.916
837.299 43.921
837.508 44.069
837.718 44.137
837.927 44.263
838.137 44.296
838.346 44.253
838.556 44.189
838.765 44.346
838.975 44.639
839.184 44.923
839.394 44.946
839.603 44.980
839.813 45.179
840.022 45.323
840.232 45.470
840.441 45.771
840.651 46.089
840.860 46.228
841.070 46.228
841.279 46.255
841.489 46.305
841.698 46.429
841.908 46.450
842.117 46.276
842.327 46.160
842.536 46.203
842.746 46.154
842.955 46.183
843.165 46.284
843.374 46.288
843.584 46.158
843.793 46.150
844.003 46.429
844.212 46.709
844.422 46.816
844.631 46.951
844.841 46.958
845.050 46.959
845.260 46.921
845.469 46.931
845.679 46.953
845.888 47.156
846.098 47.433
846.307 47.463
846.517 47.456
846.726 47.592
846.936 47.942
847.145 48.132
847.355 48.176
847.564 48.185
847.774 48.848
847.983 49.914
848.193 49.948
848.402 49.959
848.612 49.969
848.821 50.053
849.031 50.196
849.240 50.056
849.450 49.996
849.659 50.042
849.869 50.213
850.078 49.683
850.288 48.964
850.497 49.052
850.707 48.978
850.916 49.002
851.126 49.042
851.335 49.004
851.545 49.052
851.754 49.298
851.964 49.609
852.173 49.653
852.383 49.607
852.592 49.666
852.802 49.807
853.011 49.874
853.221 49.887
853.430 49.875
853.640 50.120
853.849 50.498
854.059 50.538
854.268 50.536
854.478 50.804
854.687 50.964
854.897 50.865
855.106 50.844
855.316 50.902
855.525 51.121
855.735 51.285
855.944 51.110
856.154 51.064
856.363 51.160
856.573 51.297
856.782 51.001
856.992 50.877
857.201 51.086
857.411 51.156
857.620 51.249
857.830 51.135
858.039 51.092
858.249 51.317
858.458 51.371
858.668 51.430
858.877 51.465
859.087 51.961
859.296 52.399
859.506 52.399
859.715 52.441
859.925 52.473
860.134 52.524
860.344 52.675
860.553 52.915
860.763 53.011
860.972 52.938
861.182 52.975
861.391 52.801
861.601 52.520
861.810 52.700
862.020 52.785
862.229 52.786
862.439 53.012
862.648 53.387
862.858 53.399
863.067 53.308
863.277 53.468
863.486 53.648
863.696 53.689
863.905 53.827
864.115 53.971
864.324 54.285
864.534 54.603
864.743 54.559
864.953 54.313
865.162 54.246
865.372 54.219
865.581 54.065
865.791 54.143
866.000 54.327
866.210 54.638
866.419 54.690
866.629 54.648
866.838 54.581
867.048 54.603
867.257 54.866
867.467 55.103
867.676 55.361
867.886 55.597
868.095 55.494
868.305 55.408
868.514 55.270
868.724 55.134
868.933 55.119
869.143 54.985
869.352 55.068
869.562 55.056
869.771 55.091
869.981 55.037
870.190 55.119
870.400 55.258
870.609 55.529
870.819 55.795
871.028 56.167
871.238 56.309
871.447 56.613
871.657 56.808
871.866 56.645
872.076 56.832
872.285 57.040
872.495 57.150
872.704 57.127
872.914 57.148
873.123 57.263
873.333 57.158
873.542 57.077
873.752 56.985
873.961 57.015
874.171 57.144
874.380 56.791
874.590 56.674
874.799 56.875
875.009 57.066
875.218 57.212
875.428 56.872
875.637 56.590
875.847 57.041
876.056 57.449
876.266 57.343
876.475 57.375
876.685 57.648
876.894 57.911
877.104 57.725
877.313 57.475
877.523 57.434
877.732 57.765
877.942 58.139
878.151 57.839
878.361 57.483
878.570 57.605
878.780 57.753
878.989 57.928
879.199 58.200
879.408 58.361
879.618 58.333
879.827 58.256
880.037 58.545
880.246 58.728
880.456 58.769
880.665 58.837
880.875 58.978
881.084 59.338
881.294 59.218
881.503 58.770
881.713 58.733
881.922 59.197
882.132 59.018
882.341 58.547
882.551 58.605
882.760 58.785
882.970 58.997
883.179 59.220
883.389 59.021
883.598 59.029
883.808 59.262
884.017 59.370
884.227 59.152
884.436 59.361
884.646 59.594
884.855 59.312
885.065 59.178
885.274 59.427
885.484 59.585
885.693 59.699
885.903 59.447
886.112 59.371
886.322 59.377
886.531 59.601
886.741 59.737
886.950 59.902
887.160 60.118
887.369 60.059
887.579 59.942
887.788 59.575
887.998 59.556
888.207 60.005
888.417 60.076
888.626 60.141
888.836 59.910
889.045 59.727
889.255 59.636
889.464 59.916
889.674 60.103
889.883 59.804
890.093 59.769
890.302 59.640
890.512 59.598
890.721 59.974
890.931 59.964
891.140 60.113
891.350 60.310
891.559 60.376
891.769 60.178
891.978 60.102
892.188 60.621
892.397 60.870
892.607 60.927
892.816 61.148
893.026 60.749
893.235 60.537
893.445 60.863
893.654 61.222
893.864 61.592
894.073 61.717
894.283 61.908
894.492 61.690
894.702 61.629
894.911 61.992
895.121 62.091
895.330 62.175
895.540 62.471
895.749 62.629
895.959 62.566
896.168 62.510
896.378 62.619
896.587 62.980
896.797 63.030
897.006 63.166
897.216 63.208
897.425 62.997
897.635 62.981
897.844 63.217
898.054 63.040
898.263 62.848
898.473 62.812
898.682 62.650
898.892 62.541
899.101 62.755
899.311 62.651
899.520 62.526
899.730 62.695
899.939 62.934
900.149 62.863
900.358 62.827
900.568 62.963
900.777 63.069
900.987 63.160
901.196 62.803
901.406 62.647
901.615 62.895
901.825 63.101
902.034 62.982
902.244 63.029
902.453 63.152
902.663 63.159
902.872 63.054
903.082 63.013
903.291 63.113
903.501 63.502
903.710 63.638
903.920 63.990
904.129 63.844
904.339 64.073
904.548 63.976
904.758 63.610
904.967 63.695
905.177 64.023
905.386 64.192
905.596 64.345
905.805 64.503
906.015 64.792
906.224 64.622
906.434 64.585
906.643 64.358
906.853 64.328
907.062 64.844
907.272 64.931
907.481 64.850
907.691 65.065
907.900 65.064
908.110 64.969
908.319 64.756
908.529 64.483
908.738 64.551
908.948 64.583
909.157 64.289
909.367 63.854
909.576 63.932
909.786 63.826
909.995 63.318
910.205 63.076
910.414 62.694
910.624 62.690
910.833 63.102
911.043 63.183
911.252 63.404
911.462 64.029
911.672 64.124
911.881 63.843
912.091 63.647
912.300 63.884
912.512 63.961
912.724 64.312
912.937 64.427
913.149 64.498
913.361 64.731
913.573 64.501
913.786 64.172
913.998 64.350
914.210 64.391
914.422 64.966
914.634 65.025
914.847 65.117
915.059 65.104
915.271 65.272
915.483 64.948
915.696 64.797
915.908 65.441
916.120 65.803
916.332 65.797
916.544 66.170
916.757 66.238
916.969 66.108
917.181 66.293
917.393 66.359
917.606 66.135
917.818 66.456
918.030 66.588
918.242 66.463
918.454 66.401
918.667 66.540
918.879 66.363
919.091 66.034
919.303 65.775
919.516 65.403
919.728 65.558
919.940 65.955
920.152 65.840
920.364 65.582
920.577 65.017
920.789 64.832
921.001 64.873
921.213 65.482
921.426 65.869
921.638 66.186
921.850 66.096
922.062 65.827
922.274 65.484
922.487 65.305
922.699 65.343
922.911 66.040
923.123 66.544
923.336 66.797
923.548 66.316
923.760 66.064
923.972 66.211
924.184 66.347
924.397 66.095
924.609 66.166
924.821 66.388
925.033 66.320
925.246 65.902
925.458 65.629
925.670 65.569
925.882 65.679
926.094 65.595
926.307 65.433
926.519 65.662
926.731 66.209
926.943 66.516
927.156 66.490
927.368 66.650
927.580 66.959
927.792 67.075
928.004 67.052
928.217 66.888
928.429 67.190
928.641 67.598
928.853 67.907
929.066 68.094
929.278 68.094
929.490 68.293
929.702 68.635
929.914 68.598
930.127 68.535
930.339 68.563
930.551 68.723
930.763 68.738
930.976 68.519
931.188 68.278
931.400 67.951
931.612 67.948
931.824 68.138
932.037 67.881
932.249 67.826
932.461 67.862
932.673 67.472
932.886 67.320
933.098 67.276
933.310 67.633
933.522 68.092
933.734 68.516
933.947 68.552
934.159 68.225
934.371 68.352
934.583 67.953
934.796 67.856
935.008 68.367
935.220 68.808
935.432 68.065
935.644 67.416
935.857 66.859
936.069 66.049
936.281 65.463
936.493 64.594
936.706 64.746
936.918 65.765
937.130 65.857
937.342 65.975
937.554 66.020
937.767 66.860
937.979 66.812
938.191 66.696
938.403 67.400
938.616 67.514
938.828 68.670
939.040 69.139
939.252 69.105
939.464 69.318
939.677 69.019
939.889 68.576
940.101 68.361
940.313 69.458
940.526 69.778
940.738 69.227
940.950 69.233
941.162 68.676
941.374 68.455
941.587 69.058
941.799 69.426
942.011 69.643
942.223 69.563
942.436 69.437
942.648 68.550
942.860 68.674
943.072 68.502
943.284 68.733
943.497 69.413
943.709 69.679
943.921 68.547
944.133 68.370
944.346 68.457
944.558 68.707
944.770 69.148
944.982 69.416
945.194 69.264
945.407 69.613
945.619 69.145
945.831 68.961
946.043 68.675
946.256 69.458
946.468 69.537
946.680 68.961
946.892 69.193
947.104 69.573
947.317 69.756
947.529 69.965
947.741 71.059
947.953 72.427
948.166 71.458
948.378 70.938
948.590 71.264
948.802 71.071
949.014 71.409
949.227 70.611
949.439 69.714
949.651 70.125
949.863 71.125
950.076 70.665
950.288 70.663
950.500 72.386
950.712 72.126
950.924 70.883
951.137 71.802
951.349 72.944
951.561 73.096
951.773 74.273
951.986 74.648
952.198 72.746
952.410 71.612
952.622 69.902
952.834 68.887
953.047 70.152
953.259 69.746
953.471 67.987
953.683 66.535
953.896 68.662
954.108 69.398
954.320 68.029
954.532 67.881
954.744 68.706
954.957 70.074
955.169 70.157
955.381 70.181
955.593 70.441
955.806 70.147
956.018 70.141
956.230 69.158
956.442 67.752
956.654 68.427
956.867 69.022
957.079 69.427
957.291 70.152
957.503 71.012
957.716 70.449
957.928 70.906
958.140 71.944
958.352 72.830
958.564 72.583
958.777 71.879
958.989 70.962
959.201 72.224
959.413 72.919
959.626 71.403
959.838 69.870
960.050 69.283
960.262 69.761
960.474 70.951
960.687 71.762
960.899 71.685
961.111 71.852
961.323 72.341
961.536 71.480
961.748 71.236
961.960 72.507
962.172 72.605
962.384 71.904
962.597 71.609
962.809 72.063
963.021 71.129
963.233 70.186
963.446 70.148
963.658 70.066
963.870 71.132
964.082 71.299
964.294 70.867
964.507 71.171
964.719 71.848
964.931 71.719
965.143 69.835
965.356 69.663
965.568 70.852
965.780 71.891
966.000 71.954
966.221 70.215
966.441 69.584
966.662 70.268
966.882 71.444
967.103 71.508
967.323 70.649
967.543 71.385
967.764 71.702
967.984 70.407
968.205 69.067
968.425 69.696
968.645 69.822
968.866 69.013
969.086 68.589
969.307 67.937
969.527 68.691
969.748 69.423
969.968 68.747
970.188 67.530
970.409 67.163
970.629 68.155
970.850 69.586
971.070 70.151
971.290 71.008
971.511 70.076
971.731 70.676
971.952 71.105
972.172 70.472
972.393 70.902
972.613 72.153
972.833 73.787
973.054 74.965
973.274 73.599
973.495 73.141
973.715 73.351
973.936 75.268
974.156 75.115
974.376 74.291
974.597 75.134
974.817 75.135
975.038 74.931
975.258 74.529
975.478 73.491
975.699 73.174
975.919 74.040
976.140 74.530
976.360 73.433
976.581 73.533
976.801 74.436
977.021 74.491
977.242 72.744
977.462 72.020
977.683 73.491
977.903 73.247
978.123 74.317
978.344 74.496
978.564 73.625
978.785 73.340
979.005 73.281
979.226 72.862
979.446 73.279
979.666 74.431
979.887 74.694
980.107 74.738
980.328 77.335
980.548 77.055
980.769 75.806
980.989 73.415
981.209 73.217
981.430 73.606
981.650 72.424
981.871 71.906
982.091 71.957
982.311 72.745
982.532 70.358
982.752 67.058
982.973 66.547
983.193 67.170
983.414 69.603
983.634 70.145
983.854 69.070
984.075 70.413
984.295 70.931
984.516 71.738
984.736 72.109
984.956 73.018
985.177 73.782
985.397 73.466
985.618 74.378
985.838 75.433
986.059 75.241
986.279 74.693
986.499 74.222
986.720 74.139
986.940 74.779
987.161 73.543
987.381 72.581
987.602 73.828
987.822 75.774
988.042 74.518
988.263 72.890
988.483 72.225
988.704 72.024
988.924 71.293
989.144 71.419
989.365 71.830
989.585 73.931
989.806 74.673
990.026 72.517
990.247 69.874
990.467 70.030
990.687 71.331
990.908 73.370
991.128 75.335
991.349 76.702
991.569 77.061
991.789 76.889
992.010 75.910
992.230 74.986
992.451 74.716
992.671 75.344
992.892 77.989
993.112 78.901
993.332 75.841
993.553 74.124
993.773 74.622
993.994 73.129
994.214 72.409
994.435 71.309
994.655 73.417
994.875 74.559
995.096 76.188
995.316 76.106
995.537 73.376
995.757 72.690
995.977 73.647
996.198 70.140
996.418 69.161
996.639 68.793
996.859 69.201
997.080 67.748
997.300 68.821
997.520 67.584
997.741 62.772
997.961 63.785
998.182 65.733
998.402 63.845
998.622 69.643
998.843 75.601
999.063 75.182
999.284 74.385
999.504 72.839
999.725 71.347
999.945 71.463
1000.165 75.739
1000.386 75.591
1000.606 75.786
1000.827 77.778
1001.047 73.238
1001.268 66.270
1001.488 66.304
1001.708 71.009
1001.929 74.882
1002.149 75.830
1002.370 72.576
1002.590 70.402
1002.810 73.981
1003.031 72.698
1003.251 70.235
1003.472 71.668
1003.692 75.442
1003.913 77.085
1004.133 72.072
1004.353 70.486
1004.574 71.338
1004.794 76.513
1005.015 80.904
1005.235 75.408
1005.455 74.591
1005.676 76.185
1005.896 75.560
1006.117 72.415
1006.337 70.385
1006.558 75.357
1006.778 75.905
1006.998 71.906
1007.219 67.593
1007.439 61.398
1007.660 63.281
1007.880 67.864
1008.101 69.347
1008.321 67.493
1008.541 68.164
1008.762 70.446
1008.982 69.592
1009.203 70.170
1009.423 71.876
1009.643 72.285
1009.864 74.213
1010.084 73.292
1010.305 72.655
1010.525 74.231
1010.746 74.275
1010.966 71.804
1011.186 67.136
1011.407 63.577
1011.627 61.185
1011.848 58.968
1012.068 59.503
1012.288 58.683
1012.509 58.583
1012.729 53.847
1012.950 46.333
