290.982 90.397
291.167 91.243
291.352 91.723
291.537 91.465
291.722 91.182
291.907 95.142
292.091 94.407
292.276 91.463
292.461 89.257
292.646 87.758
292.831 89.312
293.016 86.712
293.201 83.528
293.386 83.154
293.571 85.737
293.756 87.514
293.940 87.178
294.125 85.718
294.310 87.303
294.495 88.981
294.680 88.547
294.865 86.222
295.050 87.597
295.235 89.343
295.420 88.643
295.605 85.818
295.789 86.089
295.974 87.056
296.159 86.842
296.344 86.938
296.529 86.464
296.714 87.797
296.899 89.561
297.084 91.868
297.269 92.406
297.454 92.527
297.638 93.456
297.823 92.243
298.008 91.319
298.193 91.319
298.378 91.152
298.563 91.207
298.748 92.527
298.933 92.578
299.118 90.911
299.303 90.529
299.487 90.038
299.672 87.989
299.857 85.296
300.042 86.211
300.227 86.065
300.412 84.881
300.597 83.954
300.782 80.905
300.967 80.879
301.152 81.039
301.336 81.257
301.521 82.079
301.706 84.538
301.891 86.597
302.076 86.189
302.261 86.565
302.446 88.259
302.631 88.536
302.816 91.586
303.001 91.036
303.185 88.285
303.370 86.129
303.555 84.989
303.740 83.641
303.925 82.463
304.110 81.919
304.295 82.575
304.480 81.891
304.665 81.442
304.850 79.358
305.034 78.646
305.219 79.819
305.404 80.268
305.589 80.918
305.774 80.429
305.959 80.870
306.144 80.505
306.329 77.458
306.514 75.740
306.699 75.858
306.883 74.773
307.068 74.359
307.253 75.187
307.438 77.144
307.623 77.361
307.808 76.405
307.993 75.075
308.178 74.538
308.363 75.475
308.548 77.035
308.732 78.207
308.917 78.587
309.102 78.320
309.287 77.595
309.472 77.181
309.657 77.414
309.842 76.493
310.027 75.376
310.212 75.214
310.397 75.776
310.581 74.628
310.766 73.241
310.951 73.161
311.136 73.310
311.321 73.448
311.506 72.041
311.691 70.536
311.876 71.213
312.061 71.942
312.245 73.306
312.430 74.046
312.615 75.373
312.800 75.114
312.985 73.797
313.170 73.240
313.347 73.687
313.523 73.104
313.700 72.809
313.877 72.743
314.054 73.635
314.230 72.671
314.407 70.628
314.584 68.980
314.761 68.468
314.937 68.827
315.114 70.111
315.291 70.496
315.467 70.611
315.644 69.130
315.821 68.055
315.998 66.715
316.174 65.815
316.351 66.854
316.528 67.175
316.704 66.291
316.881 65.063
317.058 63.745
317.235 62.809
317.411 63.072
317.588 64.584
317.765 64.975
317.942 65.338
318.118 66.348
318.295 65.320
318.472 64.154
318.648 64.860
318.825 65.775
319.002 64.751
319.179 63.837
319.355 64.522
319.532 65.197
319.709 64.583
319.885 64.943
320.062 64.689
320.239 64.615
320.416 65.280
320.592 65.413
320.769 65.591
320.946 65.932
321.123 65.780
321.299 64.481
321.476 62.738
321.653 63.920
321.829 64.194
322.006 63.828
322.183 63.885
322.360 62.870
322.536 61.840
322.713 62.317
322.890 62.975
323.066 62.570
323.243 62.634
323.420 65.071
323.597 65.148
323.773 63.244
323.950 62.924
324.127 63.716
324.304 64.292
324.480 64.099
324.657 63.096
324.834 62.576
325.010 62.746
325.187 62.583
325.364 60.756
325.541 59.709
325.717 60.403
325.894 59.517
326.071 57.911
326.248 57.506
326.424 58.203
326.601 58.626
326.778 58.498
326.954 58.175
327.131 57.779
327.308 57.078
327.485 57.409
327.661 57.603
327.838 57.476
328.015 57.822
328.191 57.668
328.368 56.542
328.545 54.983
328.722 54.565
328.898 55.943
329.075 56.498
329.252 55.953
329.429 55.124
329.605 55.266
329.782 55.469
329.959 55.074
330.135 54.447
330.312 55.284
330.489 55.974
330.666 55.966
330.842 54.767
331.019 54.403
331.196 54.807
331.372 54.725
331.549 53.716
331.726 53.281
331.903 53.242
332.079 53.706
332.256 52.550
332.433 51.410
332.610 50.487
332.786 50.305
332.963 49.893
333.140 49.261
333.316 50.716
333.493 50.924
333.670 50.380
333.847 51.614
334.023 51.410
334.200 50.782
334.377 50.618
334.553 50.927
334.730 50.737
334.907 50.156
335.084 51.142
335.260 50.641
335.437 50.657
335.614 51.689
335.791 50.605
335.967 50.260
336.144 51.061
336.321 51.549
336.497 51.554
336.674 51.353
336.851 52.042
337.028 51.173
337.204 49.999
337.381 50.340
337.558 50.909
337.734 50.558
337.911 49.824
338.088 49.585
338.265 51.219
338.441 51.889
338.618 50.919
338.795 50.099
338.972 50.446
339.148 51.014
339.325 50.354
339.502 48.347
339.678 48.079
339.855 48.368
340.032 47.683
340.209 45.832
340.385 45.131
340.562 45.518
340.739 45.600
340.916 44.852
341.092 44.464
341.269 44.592
341.446 44.920
341.622 44.444
341.799 44.505
341.976 45.403
342.153 46.068
342.329 46.085
342.506 46.225
342.683 45.982
342.859 45.685
343.036 45.630
343.213 45.199
343.390 44.718
343.566 44.850
343.743 44.458
343.920 43.521
344.097 42.672
344.273 42.237
344.450 41.886
344.627 42.054
344.803 42.818
344.980 42.445
345.157 42.263
345.334 42.691
345.510 42.843
345.687 42.879
345.864 43.324
346.040 43.465
346.217 43.431
346.394 43.183
346.571 42.412
346.747 40.762
346.924 40.391
347.101 41.089
347.278 41.382
347.454 41.773
347.631 41.465
347.808 40.482
347.984 40.668
348.161 41.253
348.338 41.687
348.515 41.854
348.691 42.382
348.868 42.296
349.045 41.025
349.221 40.338
349.398 39.627
349.575 39.894
349.752 40.710
349.928 40.066
350.105 38.968
350.282 38.072
350.459 38.460
350.635 38.876
350.812 38.828
350.989 39.668
351.165 40.693
351.342 40.689
351.519 40.178
351.696 39.761
351.872 39.663
352.049 39.816
352.226 40.549
352.402 40.067
352.579 39.673
352.756 39.940
352.933 39.290
353.109 37.549
353.286 36.478
353.463 36.380
353.640 36.324
353.816 35.981
353.993 35.756
354.170 35.135
354.346 35.159
354.523 35.268
354.700 34.501
354.877 34.206
355.053 34.170
355.230 34.886
355.407 35.401
355.584 35.505
355.760 35.921
355.937 36.015
356.114 35.970
356.290 35.540
356.467 35.031
356.644 34.914
356.821 34.622
356.997 35.138
357.174 35.087
357.351 34.626
357.527 34.427
357.704 34.177
357.881 34.545
358.058 35.207
358.234 35.481
358.411 35.627
358.588 35.632
358.765 35.472
358.941 35.204
359.118 34.908
359.295 34.633
359.471 34.021
359.648 33.968
359.825 33.711
360.002 33.113
360.178 33.252
360.355 33.365
360.532 33.503
360.708 33.716
360.885 33.638
361.062 33.051
361.239 32.777
361.415 32.976
361.592 32.512
361.769 31.954
361.946 32.263
362.122 32.252
362.299 31.630
362.476 31.536
362.652 31.583
362.829 31.950
363.006 32.376
363.183 33.002
363.359 33.054
363.536 32.506
363.713 32.179
363.889 31.717
364.066 31.023
364.243 30.727
364.420 30.394
364.596 30.190
364.773 29.497
364.950 29.525
365.127 29.396
365.303 29.480
365.480 30.303
365.661 30.621
365.841 30.683
366.022 30.936
366.202 31.234
366.383 31.176
366.563 31.030
366.744 31.056
366.924 30.973
367.105 30.805
367.286 30.104
367.466 29.215
367.647 29.146
367.827 28.879
368.008 28.875
368.188 28.904
368.369 29.102
368.549 29.207
368.730 28.566
368.911 28.089
369.091 27.598
369.272 27.544
369.452 28.016
369.633 27.635
369.813 27.387
369.994 27.565
370.174 27.312
370.355 26.622
370.535 26.162
370.716 26.719
370.897 26.933
371.077 26.742
371.258 27.071
371.438 27.536
371.619 28.004
371.799 28.101
371.980 27.361
372.160 27.202
372.341 27.497
372.522 27.745
372.702 27.803
372.883 27.731
373.063 27.893
373.244 27.934
373.424 27.542
373.605 27.282
373.785 27.154
373.966 27.206
374.147 27.314
374.327 27.450
374.508 27.618
374.688 27.392
374.869 27.492
375.049 27.825
375.230 28.171
375.410 27.974
375.591 27.553
375.772 27.477
375.952 27.806
376.133 27.977
376.313 27.897
376.494 27.227
376.674 27.033
376.855 26.987
377.035 26.422
377.216 25.915
377.397 25.961
377.577 26.104
377.758 26.000
377.938 25.713
378.119 25.451
378.299 25.251
378.480 25.466
378.660 25.625
378.841 25.375
379.021 25.110
379.202 24.658
379.383 24.210
379.563 23.872
379.744 23.519
379.924 23.201
380.105 23.195
380.285 23.024
380.466 22.653
380.646 22.201
380.827 22.007
381.008 22.249
381.188 22.395
381.369 22.662
381.549 22.565
381.730 22.410
381.910 22.608
382.091 22.492
382.271 22.636
382.452 22.832
382.633 22.844
382.813 23.181
382.994 23.394
383.174 23.236
383.355 22.926
383.535 23.128
383.716 23.509
383.896 23.230
384.077 22.983
384.258 22.865
384.438 22.837
384.619 22.863
384.799 22.309
384.980 21.911
385.160 21.751
385.341 21.537
385.521 21.205
385.702 20.870
385.882 20.999
386.063 20.976
386.244 20.829
386.424 20.847
386.605 20.656
386.785 20.684
386.966 20.680
387.146 20.677
387.327 20.722
387.507 20.887
387.688 21.045
387.869 20.907
388.049 21.231
388.230 21.336
388.410 21.230
388.591 21.259
388.771 21.337
388.952 21.269
389.132 21.152
389.313 21.038
389.494 20.747
389.674 20.402
389.855 20.213
390.035 20.015
390.216 20.040
390.396 20.154
390.577 20.052
390.757 19.688
390.938 19.591
391.119 19.615
391.299 19.670
391.480 19.865
391.660 20.118
391.841 20.361
392.021 20.226
392.202 19.952
392.382 19.673
392.563 19.677
392.743 19.735
392.924 19.628
393.105 19.545
393.285 19.512
393.466 19.443
393.646 19.366
393.827 19.186
394.007 18.819
394.188 18.797
394.368 18.950
394.549 18.767
394.730 18.686
394.910 18.808
395.091 18.830
395.271 19.090
395.452 19.335
395.632 19.131
395.813 18.925
395.993 19.148
396.174 19.145
396.355 18.863
396.535 18.963
396.716 19.305
396.896 19.542
397.077 19.526
397.257 19.164
397.438 18.721
397.618 18.579
397.799 18.618
397.980 18.641
398.160 18.668
398.341 18.686
398.521 18.653
398.702 18.403
398.882 17.971
399.063 17.927
399.243 18.107
399.424 18.228
399.605 18.551
399.785 18.504
399.966 18.344
400.146 18.245
400.327 18.241
400.507 18.392
400.688 18.311
400.868 18.255
401.049 18.198
401.229 17.867
401.410 17.734
401.591 17.694
401.771 17.885
401.952 17.917
402.132 17.746
402.313 17.633
402.493 17.594
402.674 17.773
402.854 17.942
403.035 18.123
403.216 18.019
403.396 18.045
403.577 17.937
403.757 17.605
403.938 17.438
404.118 17.399
404.299 17.264
404.479 17.021
404.660 16.771
404.841 16.625
405.023 16.414
405.204 16.369
405.385 16.318
405.566 16.213
405.748 16.142
405.929 16.181
406.110 16.526
406.292 16.782
406.473 16.900
406.654 16.952
406.835 16.895
407.017 16.811
407.198 16.929
407.379 16.906
407.560 16.855
407.742 16.888
407.923 16.802
408.104 16.377
408.286 16.158
408.467 16.030
408.648 16.148
408.829 16.488
409.011 16.524
409.192 16.425
409.373 16.345
409.555 16.421
409.736 16.533
409.917 16.664
410.098 16.847
410.280 16.879
410.461 16.897
410.642 16.623
410.823 16.077
411.005 16.045
411.186 16.307
411.367 16.433
411.549 16.445
411.730 16.355
411.911 16.173
412.092 16.058
412.274 16.157
412.455 16.202
412.636 16.311
412.818 16.508
412.999 16.434
413.180 16.274
413.361 16.208
413.543 16.113
413.724 16.135
413.905 16.172
414.087 16.206
414.268 16.024
414.449 15.874
414.630 15.787
414.812 15.812
414.993 15.919
415.174 15.781
415.355 15.663
415.537 15.619
415.718 15.635
415.899 15.652
416.081 15.519
416.262 15.370
416.443 15.325
416.624 15.379
416.806 15.363
416.987 15.245
417.168 15.219
417.350 15.207
417.531 15.255
417.712 15.294
417.893 15.356
418.075 15.551
418.256 15.594
418.437 15.479
418.618 15.295
418.800 15.196
418.981 15.275
419.162 15.350
419.344 15.439
419.525 15.482
419.706 15.385
419.887 15.246
420.069 15.122
420.250 15.237
420.431 15.317
420.613 15.453
420.794 15.470
420.975 15.255
421.156 15.131
421.338 15.089
421.519 15.014
421.700 14.945
421.882 14.935
422.063 14.867
422.244 14.804
422.425 14.872
422.607 14.777
422.788 14.721
422.969 14.807
423.150 15.021
423.332 15.189
423.513 15.228
423.694 15.129
423.876 15.049
424.057 15.074
424.238 15.054
424.419 15.185
424.601 15.594
424.782 15.716
424.963 15.830
425.145 15.712
425.326 15.521
425.507 15.458
425.688 15.657
425.870 15.702
426.051 15.648
426.232 15.672
426.413 15.524
426.595 15.083
426.776 14.871
426.957 14.855
427.139 15.010
427.320 14.983
427.501 14.896
427.682 14.653
427.864 14.644
428.045 14.675
428.226 14.621
428.408 14.664
428.589 14.809
428.770 14.940
428.951 14.803
429.133 14.624
429.314 14.611
429.495 14.606
429.677 14.694
429.858 14.715
430.039 14.650
430.220 14.627
430.402 14.553
430.583 14.534
430.764 14.454
430.945 14.527
431.127 14.429
431.308 14.378
431.489 14.433
431.671 14.446
431.852 14.417
432.033 14.458
432.214 14.463
432.396 14.478
432.577 14.337
432.758 14.249
432.940 14.189
433.121 14.216
433.302 14.162
433.483 14.185
433.665 14.292
433.846 14.374
434.027 14.436
434.208 14.467
434.390 14.442
434.571 14.484
434.752 14.595
434.934 14.662
435.115 14.804
435.296 14.911
435.477 14.908
435.659 14.897
435.840 14.952
436.030 15.023
436.220 14.982
436.410 14.938
436.600 14.952
436.790 14.966
436.980 15.013
437.170 14.909
437.360 14.911
437.550 14.945
437.741 14.919
437.931 14.826
438.121 14.816
438.311 14.874
438.501 14.892
438.691 14.951
438.881 14.931
439.071 14.842
439.261 14.829
439.451 14.742
439.641 14.654
439.831 14.562
440.021 14.493
440.211 14.404
440.401 14.437
440.591 14.527
440.781 14.584
440.971 14.649
441.161 14.648
441.351 14.633
441.542 14.727
441.732 14.811
441.922 14.897
442.112 15.006
442.302 15.051
442.492 15.004
442.682 14.886
442.872 14.749
443.062 14.657
443.252 14.651
443.442 14.767
443.632 14.794
443.822 14.768
444.012 14.680
444.202 14.588
444.392 14.566
444.582 14.563
444.772 14.572
444.962 14.604
445.153 14.668
445.343 14.690
445.533 14.561
445.723 14.483
445.913 14.401
446.103 14.441
446.293 14.533
446.483 14.551
446.673 14.615
446.863 14.716
447.053 14.748
447.243 14.798
447.433 14.835
447.623 14.916
447.813 14.956
448.003 15.081
448.193 15.133
448.383 15.128
448.573 15.136
448.764 15.011
448.954 14.970
449.144 14.956
449.334 14.884
449.524 14.831
449.714 14.815
449.904 14.857
450.094 14.865
450.284 14.848
450.474 14.861
450.664 14.888
450.854 14.992
451.044 15.023
451.234 15.023
451.424 14.983
451.614 15.010
451.804 15.122
451.994 15.106
452.184 15.084
452.375 15.172
452.565 15.194
452.755 15.157
452.945 15.147
453.135 15.201
453.325 15.299
453.515 15.460
453.705 15.583
453.895 15.572
454.085 15.651
454.275 15.786
454.465 15.813
454.655 15.825
454.845 15.867
455.035 16.000
455.225 15.979
455.415 15.961
455.605 16.007
455.795 16.042
455.985 16.004
456.176 15.935
456.366 15.855
456.556 15.793
456.746 15.782
456.936 15.810
457.126 15.863
457.316 15.953
457.506 15.977
457.696 15.911
457.886 15.860
458.076 15.894
458.266 15.952
458.456 16.010
458.646 16.062
458.836 16.131
459.026 16.245
459.216 16.254
459.406 16.238
459.596 16.296
459.787 16.325
459.977 16.363
460.167 16.447
460.357 16.414
460.547 16.401
460.737 16.424
460.927 16.467
461.117 16.381
461.307 16.362
461.497 16.454
461.687 16.487
461.877 16.584
462.067 16.663
462.257 16.711
462.447 16.799
462.637 16.823
462.827 16.875
463.017 16.950
463.207 17.114
463.397 17.170
463.588 17.179
463.778 17.229
463.968 17.231
464.158 17.229
464.348 17.232
464.538 17.315
464.728 17.372
464.918 17.426
465.108 17.488
465.298 17.475
465.488 17.485
465.678 17.492
465.868 17.554
466.058 17.618
466.248 17.580
466.438 17.580
466.628 17.640
466.818 17.721
467.008 17.778
467.199 17.770
467.389 17.751
467.579 17.757
467.769 17.874
467.959 17.898
468.149 17.892
468.339 18.029
468.529 18.137
468.719 18.234
468.909 18.255
469.099 18.249
469.289 18.309
469.479 18.419
469.669 18.513
469.859 18.521
470.049 18.553
470.239 18.626
470.429 18.703
470.619 18.717
470.810 18.678
471.000 18.760
471.190 18.917
471.380 18.971
471.570 19.014
471.760 19.071
471.950 19.139
472.140 19.218
472.330 19.339
472.520 19.388
472.710 19.422
472.900 19.447
473.090 19.488
473.280 19.483
473.470 19.530
473.660 19.594
473.850 19.672
474.040 19.749
474.230 19.820
474.421 19.800
474.611 19.803
474.801 19.891
474.991 20.038
475.181 20.108
475.371 20.190
475.561 20.307
475.751 20.308
475.941 20.273
476.131 20.316
476.321 20.381
476.511 20.486
476.701 20.596
476.891 20.658
477.081 20.681
477.271 20.686
477.461 20.727
477.651 20.775
477.841 20.913
478.031 21.118
478.222 21.219
478.412 21.284
478.602 21.374
478.792 21.487
478.982 21.623
479.172 21.692
479.362 21.792
479.552 21.913
479.742 21.959
479.932 22.011
480.122 22.041
480.312 22.118
480.502 22.283
480.692 22.389
480.882 22.384
481.072 22.413
481.262 22.532
481.452 22.636
481.642 22.726
481.833 22.875
482.023 22.989
482.213 23.068
482.403 23.139
482.593 23.180
482.783 23.282
482.973 23.466
483.163 23.596
483.353 23.659
483.543 23.779
483.733 23.857
483.923 23.860
484.113 23.966
484.303 24.093
484.493 24.137
484.683 24.243
484.873 24.319
485.063 24.372
485.253 24.475
485.443 24.645
485.634 24.709
485.824 24.776
486.014 24.932
486.204 25.049
486.394 25.173
486.584 25.295
486.774 25.297
486.964 25.377
487.154 25.510
487.344 25.621
487.534 25.651
487.724 25.738
487.914 25.869
488.104 25.961
488.294 26.048
488.484 26.128
488.674 26.244
488.864 26.401
489.054 26.512
489.245 26.561
489.435 26.636
489.625 26.816
489.815 27.030
490.005 27.229
490.195 27.359
490.385 27.468
490.575 27.573
490.765 27.727
490.955 27.898
491.145 28.043
491.335 28.187
491.525 28.292
491.715 28.350
491.905 28.398
492.095 28.450
492.285 28.541
492.475 28.672
492.665 28.793
492.856 28.919
493.046 28.991
493.236 29.053
493.426 29.193
493.616 29.308
493.806 29.442
493.996 29.555
494.186 29.644
494.376 29.807
494.566 29.910
494.756 30.031
494.946 30.146
495.136 30.323
495.326 30.492
495.516 30.653
495.706 30.883
495.896 31.081
496.086 31.259
496.276 31.383
496.467 31.476
496.657 31.701
496.847 31.849
497.037 31.964
497.227 32.064
497.417 32.209
497.607 32.315
497.797 32.395
497.987 32.508
498.177 32.591
498.367 32.756
498.557 32.946
498.747 33.060
498.937 33.224
499.127 33.382
499.317 33.509
499.507 33.651
499.697 33.802
499.887 33.979
500.077 34.135
500.268 34.325
500.458 34.469
500.648 34.556
500.838 34.647
501.028 34.777
501.218 34.947
501.408 35.116
501.598 35.259
501.788 35.430
501.978 35.585
502.168 35.696
502.358 35.836
502.548 36.006
502.738 36.178
502.928 36.328
503.118 36.459
503.308 36.620
503.498 36.763
503.688 36.910
503.879 37.054
504.069 37.188
504.259 37.371
504.449 37.531
504.639 37.675
504.829 37.851
505.019 38.010
505.209 38.156
505.399 38.280
505.589 38.494
505.779 38.690
505.969 38.807
506.159 38.950
506.349 39.113
506.539 39.232
506.729 39.377
506.919 39.590
507.109 39.808
507.299 39.982
507.490 40.122
507.680 40.232
507.870 40.382
508.060 40.568
508.250 40.748
508.440 40.894
508.630 41.092
508.820 41.270
509.010 41.349
509.200 41.436
509.390 41.615
509.580 41.791
509.770 41.945
509.960 42.044
510.150 42.162
510.340 42.315
510.530 42.495
510.720 42.696
510.910 42.856
511.100 43.120
511.291 43.328
511.481 43.473
511.671 43.644
511.861 43.910
512.051 44.245
512.241 44.450
512.431 44.653
512.621 44.835
512.811 44.969
513.001 45.133
513.191 45.162
513.381 45.221
513.571 45.371
513.761 45.532
513.951 45.616
514.141 45.622
514.331 45.799
514.521 45.905
514.711 46.010
514.902 46.178
515.092 46.386
515.282 46.631
515.472 46.866
515.662 47.031
515.852 47.196
516.042 47.347
516.232 47.551
516.422 47.715
516.612 47.889
516.802 48.086
516.992 48.242
517.182 48.340
517.372 48.472
517.562 48.664
517.752 48.851
517.942 49.013
518.132 49.189
518.322 49.341
518.513 49.485
518.703 49.625
518.893 49.760
519.083 49.953
519.273 50.150
519.463 50.273
519.653 50.377
519.843 50.516
520.033 50.657
520.223 50.774
520.413 50.905
520.603 51.041
520.793 51.189
520.983 51.325
521.173 51.441
521.363 51.612
521.553 51.797
521.743 51.912
521.933 52.014
522.123 52.182
522.314 52.354
522.504 52.493
522.694 52.658
522.884 52.815
523.074 52.965
523.264 53.129
523.454 53.241
523.644 53.349
523.834 53.497
524.024 53.684
524.214 53.764
524.404 53.828
524.594 53.909
524.784 54.034
524.974 54.166
525.164 54.260
525.354 54.362
525.544 54.529
525.734 54.689
525.925 54.865
526.115 54.988
526.305 55.193
526.495 55.424
526.685 55.644
526.875 55.784
527.065 55.912
527.255 56.079
527.445 56.182
527.635 56.215
527.825 56.333
528.015 56.500
528.205 56.612
528.395 56.645
528.585 56.685
528.775 56.764
528.965 56.872
529.155 56.975
529.345 57.080
529.535 57.195
529.726 57.302
529.916 57.357
530.106 57.368
530.296 57.441
530.486 57.565
530.676 57.696
530.866 57.778
531.056 57.874
531.246 57.944
531.436 57.998
531.626 58.084
531.816 58.148
532.006 58.289
532.196 58.411
532.386 58.507
532.576 58.590
532.766 58.669
532.956 58.747
533.146 58.810
533.337 58.928
533.527 59.048
533.717 59.117
533.907 59.244
534.097 59.335
534.287 59.427
534.477 59.547
534.667 59.635
534.857 59.725
535.047 59.834
535.237 59.933
535.427 60.008
535.617 60.094
535.807 60.230
535.997 60.357
536.187 60.399
536.377 60.506
536.567 60.613
536.757 60.728
536.948 60.812
537.138 60.870
537.328 60.909
537.518 60.967
537.708 61.060
537.898 61.128
538.088 61.137
538.278 61.199
538.468 61.264
538.658 61.279
538.848 61.270
539.038 61.284
539.228 61.379
539.418 61.509
539.608 61.611
539.798 61.641
539.988 61.644
540.178 61.705
540.368 61.838
540.558 61.894
540.749 61.997
540.939 62.117
541.129 62.194
541.319 62.237
541.509 62.425
541.699 62.845
541.889 62.865
542.079 62.916
542.269 62.968
542.459 63.006
542.649 62.995
542.839 63.023
543.029 63.076
543.219 63.156
543.409 63.216
543.599 63.088
543.789 62.742
543.979 62.850
544.169 62.956
544.360 63.047
544.550 63.092
544.740 63.171
544.930 63.220
545.120 63.299
545.310 63.335
545.500 63.379
545.690 63.438
545.880 63.496
546.070 63.510
546.267 63.487
546.463 63.462
546.660 63.490
546.857 63.557
547.054 63.602
547.251 63.578
547.447 63.617
547.644 63.676
547.841 63.721
548.038 63.735
548.234 63.791
548.431 63.909
548.628 64.023
548.825 64.096
549.021 64.178
549.218 64.231
549.415 64.311
549.612 64.349
549.808 64.373
550.005 64.379
550.202 64.421
550.399 64.475
550.595 64.508
550.792 64.552
550.989 64.570
551.186 64.543
551.382 64.504
551.579 64.500
551.776 64.541
551.973 64.551
552.169 64.617
552.366 64.676
552.563 64.657
552.760 64.641
552.956 64.634
553.153 64.678
553.350 64.774
553.547 64.900
553.743 64.991
553.940 65.003
554.137 65.028
554.334 65.039
554.530 65.101
554.727 65.182
554.924 65.269
555.121 65.295
555.317 65.236
555.514 65.210
555.711 65.208
555.908 65.226
556.104 65.252
556.301 65.289
556.498 65.338
556.695 65.331
556.891 65.360
557.088 65.325
557.285 65.348
557.482 65.446
557.678 65.453
557.875 65.447
558.072 65.427
558.269 65.468
558.465 65.516
558.662 65.479
558.859 65.475
559.056 65.466
559.252 65.510
559.449 65.570
559.646 65.598
559.843 65.620
560.039 65.625
560.236 65.648
560.433 65.657
560.630 65.625
560.826 65.692
561.023 65.722
561.220 65.772
561.417 65.789
561.613 65.736
561.810 65.721
562.007 65.754
562.204 65.788
562.400 65.802
562.597 65.820
562.794 65.893
562.991 65.881
563.187 65.879
563.384 65.850
563.581 65.854
563.778 65.890
563.974 65.882
564.171 65.908
564.368 65.942
564.565 65.914
564.761 65.930
564.958 65.959
565.155 65.987
565.352 65.933
565.548 65.913
565.745 65.902
565.942 65.910
566.139 65.925
566.335 65.919
566.532 65.895
566.729 65.921
566.926 65.905
567.122 65.842
567.319 65.853
567.516 65.922
567.713 65.980
567.909 66.000
568.106 66.034
568.303 66.051
568.500 66.048
568.696 66.081
568.893 66.139
569.090 66.168
569.287 66.179
569.483 66.165
569.680 66.185
569.877 66.166
570.074 66.145
570.270 66.147
570.467 66.156
570.664 66.149
570.861 66.147
571.057 66.124
571.254 66.097
571.451 66.105
571.648 66.127
571.844 66.140
572.041 66.186
572.238 66.245
572.435 66.219
572.631 66.216
572.828 66.252
573.025 66.220
573.222 66.219
573.418 66.263
573.615 66.264
573.812 66.237
574.009 66.248
574.205 66.233
574.402 66.202
574.599 66.204
574.796 66.190
574.992 66.158
575.189 66.202
575.386 66.181
575.583 66.148
575.779 66.170
575.976 66.170
576.173 66.160
576.370 66.132
576.567 66.129
576.763 66.181
576.960 66.242
577.158 66.260
577.356 66.273
577.554 66.302
577.752 66.301
577.950 66.274
578.148 66.268
578.346 66.250
578.544 66.324
578.742 66.370
578.940 66.336
579.138 66.302
579.336 66.311
579.534 66.288
579.732 66.280
579.930 66.286
580.128 66.278
580.326 66.284
580.524 66.286
580.722 66.214
580.920 66.159
581.118 66.195
581.316 66.211
581.514 66.184
581.712 66.157
581.909 66.149
582.107 66.186
582.305 66.201
582.503 66.203
582.701 66.210
582.899 66.203
583.097 66.207
583.295 66.190
583.493 66.170
583.691 66.195
583.889 66.243
584.087 66.240
584.285 66.168
584.483 66.176
584.681 66.204
584.879 66.199
585.077 66.160
585.275 66.152
585.473 66.133
585.671 66.143
585.869 66.152
586.067 66.113
586.265 66.103
586.463 66.097
586.661 66.083
586.859 66.039
587.057 66.008
587.255 66.058
587.453 66.049
587.651 66.023
587.849 66.001
588.047 65.952
588.245 65.943
588.443 66.007
588.641 66.038
588.839 66.025
589.037 66.058
589.235 66.081
589.433 66.106
589.631 66.148
589.829 66.156
590.027 66.173
590.225 66.190
590.423 66.190
590.621 66.147
590.819 66.141
591.017 66.147
591.215 66.122
591.413 66.087
591.611 66.048
591.809 65.997
592.006 65.990
592.204 66.007
592.402 66.058
592.600 66.128
592.798 66.119
592.996 66.112
593.194 66.111
593.392 66.135
593.590 66.171
593.788 66.232
593.986 66.303
594.184 66.321
594.382 66.278
594.580 66.214
594.778 66.129
594.976 66.136
595.174 66.176
595.372 66.214
595.570 66.247
595.768 66.239
595.966 66.158
596.164 66.149
596.362 66.209
596.560 66.289
596.758 66.364
596.956 66.424
597.154 66.459
597.352 66.456
597.550 66.422
597.748 66.367
597.946 66.418
598.144 66.521
598.342 66.503
598.540 66.464
598.738 66.395
598.936 66.317
599.134 66.270
599.332 66.230
599.530 66.253
599.728 66.262
599.926 66.244
600.124 66.203
600.322 66.199
600.520 66.253
600.718 66.254
600.916 66.304
601.114 66.373
601.312 66.419
601.510 66.416
601.708 66.410
601.905 66.411
602.103 66.430
602.301 66.495
602.499 66.465
602.697 66.430
602.895 66.458
603.093 66.435
603.291 66.406
603.489 66.424
603.687 66.466
603.885 66.454
604.083 66.462
604.281 66.469
604.479 66.436
604.677 66.452
604.875 66.453
605.073 66.396
605.271 66.359
605.469 66.364
605.667 66.322
605.865 66.285
606.063 66.351
606.261 66.477
606.459 66.519
606.657 66.513
606.855 66.492
607.053 66.520
607.251 66.559
607.449 66.634
607.647 66.665
607.845 66.710
608.043 66.758
608.241 66.755
608.439 66.663
608.637 66.689
608.835 66.769
609.033 66.827
609.231 66.793
609.429 66.772
609.627 66.726
609.825 66.719
610.023 66.743
610.221 66.721
610.419 66.701
610.617 66.686
610.815 66.640
611.013 66.572
611.211 66.524
611.409 66.533
611.607 66.530
611.804 66.529
612.002 66.549
612.200 66.590
612.398 66.652
612.596 66.615
612.794 66.593
612.992 66.622
613.190 66.648
613.388 66.679
613.586 66.708
613.784 66.716
613.982 66.722
614.180 66.718
614.378 66.669
614.576 66.645
614.774 66.685
614.972 66.699
615.170 66.672
615.368 66.669
615.566 66.652
615.764 66.680
615.962 66.764
616.160 66.839
616.358 66.801
616.556 66.795
616.754 66.810
616.952 66.793
617.150 66.823
617.348 66.848
617.546 66.857
617.744 66.891
617.942 66.867
618.140 66.797
618.338 66.725
618.536 66.729
618.734 66.742
618.932 66.724
619.130 66.743
619.328 66.732
619.526 66.742
619.724 66.698
619.922 66.647
620.120 66.605
620.318 66.590
620.516 66.619
620.714 66.637
620.912 66.635
621.110 66.636
621.308 66.593
621.506 66.587
621.704 66.641
621.901 66.722
622.099 66.751
622.297 66.777
622.495 66.809
622.693 66.815
622.891 66.809
623.089 66.795
623.287 66.762
623.485 66.804
623.683 66.819
623.881 66.736
624.079 66.681
624.277 66.668
624.475 66.681
624.673 66.652
624.871 66.627
625.069 66.626
625.267 66.611
625.465 66.588
625.663 66.539
625.861 66.517
626.059 66.547
626.257 66.559
626.455 66.589
626.653 66.573
626.851 66.588
627.049 66.612
627.247 66.651
627.445 66.717
627.643 66.769
627.841 66.875
628.039 66.885
628.237 66.847
628.435 66.839
628.633 66.846
628.831 66.847
629.029 66.844
629.227 66.805
629.425 66.761
629.623 66.721
629.821 66.749
630.019 66.723
630.217 66.734
630.415 66.753
630.613 66.774
630.811 66.771
631.009 66.812
631.207 66.866
631.405 66.910
631.603 66.907
631.801 66.942
631.998 66.951
632.196 66.915
632.394 66.947
632.592 66.977
632.790 66.974
632.988 66.976
633.186 66.960
633.384 66.897
633.582 66.873
633.780 66.889
633.978 66.828
634.176 66.819
634.374 66.816
634.572 66.803
634.770 66.757
634.968 66.756
635.166 66.737
635.364 66.686
635.562 66.643
635.760 66.608
635.958 66.631
636.156 66.625
636.354 66.568
636.552 66.557
636.750 66.566
636.948 66.622
637.146 66.655
637.344 66.660
637.542 66.637
637.740 66.653
637.938 66.658
638.136 66.759
638.334 67.090
638.532 67.078
638.730 67.066
638.928 67.037
639.126 67.031
639.324 67.005
639.522 66.989
639.720 67.073
639.918 67.125
640.116 67.169
640.314 67.069
640.512 66.747
640.710 66.811
640.908 66.883
641.106 66.943
641.304 66.905
641.502 66.875
641.699 66.879
641.897 66.856
642.095 66.906
642.293 66.951
642.491 66.972
642.689 66.978
642.887 66.961
643.085 66.923
643.283 66.872
643.481 66.904
643.679 66.931
643.877 66.936
644.075 66.957
644.273 66.952
644.471 66.930
644.669 66.913
644.867 66.950
645.065 66.967
645.263 66.957
645.461 66.984
645.659 67.038
645.857 67.084
646.055 67.124
646.253 67.162
646.451 67.156
646.649 67.143
646.847 67.163
647.045 67.176
647.243 67.186
647.441 67.227
647.639 67.249
647.837 67.205
648.035 67.129
648.233 67.107
648.431 67.112
648.629 67.131
648.827 67.135
649.025 67.143
649.223 67.129
649.421 67.123
649.619 67.152
649.817 67.134
650.015 67.137
650.213 67.182
650.411 67.199
650.609 67.123
650.807 67.100
651.005 67.097
651.203 67.094
651.401 67.108
651.599 67.119
651.796 67.115
651.994 67.096
652.192 67.077
652.390 67.064
652.588 67.027
652.786 67.052
652.984 67.037
653.182 67.078
653.380 67.074
653.578 67.043
653.776 66.993
653.974 66.976
654.172 67.021
654.370 67.034
654.568 67.006
654.766 66.983
654.964 67.026
655.162 67.101
655.360 67.052
655.558 67.032
655.756 67.097
655.954 67.158
656.152 67.166
656.350 67.130
656.548 67.113
656.746 67.132
656.944 67.113
657.142 67.085
657.340 67.024
657.538 67.026
657.736 67.050
657.934 66.998
658.132 66.972
658.330 66.919
658.528 66.908
658.726 66.958
658.924 66.988
659.122 67.091
659.320 67.092
659.518 67.061
659.716 67.102
659.914 67.118
660.112 67.165
660.310 67.175
660.508 67.196
660.706 67.261
660.904 67.250
661.102 67.240
661.300 67.219
661.498 67.228
661.696 67.269
661.893 67.252
662.091 67.186
662.289 67.162
662.487 67.155
662.685 67.110
662.883 67.020
663.081 67.034
663.279 67.084
663.477 67.080
663.675 67.094
663.873 67.133
664.071 67.140
664.269 67.137
664.467 67.126
664.665 67.199
664.863 67.302
665.061 67.369
665.259 67.322
665.457 67.298
665.655 67.268
665.853 67.198
666.051 67.162
666.249 67.194
666.447 67.280
666.645 67.308
666.843 67.268
667.041 67.257
667.239 67.238
667.437 67.304
667.635 67.327
667.833 67.347
668.031 67.348
668.229 67.375
668.427 67.376
668.625 67.361
668.823 67.350
669.021 67.346
669.219 67.316
669.417 67.321
669.615 67.279
669.813 67.187
670.011 67.185
670.209 67.240
670.407 67.225
670.605 67.177
670.803 67.145
671.001 67.169
671.199 67.225
671.397 67.227
671.595 67.274
671.792 67.343
671.990 67.347
672.188 67.294
672.386 67.261
672.584 67.198
672.782 67.201
672.980 67.219
673.178 67.188
673.376 67.144
673.574 67.137
673.772 67.044
673.970 66.966
674.168 67.018
674.366 67.106
674.564 67.153
674.762 67.197
674.960 67.199
675.158 67.204
675.356 67.209
675.554 67.213
675.752 67.188
675.950 67.216
676.148 67.246
676.346 67.226
676.544 67.198
676.742 67.189
676.940 67.202
677.138 67.236
677.336 67.266
677.534 67.273
677.732 67.247
677.930 67.268
678.128 67.263
678.326 67.250
678.524 67.269
678.722 67.288
678.920 67.294
679.118 67.320
679.316 67.304
679.514 67.240
679.712 67.157
679.910 67.137
680.108 67.142
680.306 67.162
680.504 67.136
680.702 67.097
680.900 67.040
681.098 67.021
681.296 67.026
681.494 67.033
681.691 67.027
681.889 67.048
682.087 67.038
682.285 67.011
682.483 66.975
682.681 67.041
682.879 67.090
683.077 67.160
683.275 67.116
683.473 67.058
683.671 67.048
683.869 67.057
684.067 67.119
684.265 67.183
684.463 67.278
684.661 67.311
684.859 67.238
685.057 67.191
685.255 67.156
685.453 67.216
685.651 67.278
685.849 67.304
686.047 67.330
686.245 67.282
686.443 67.187
686.641 67.130
686.839 67.156
687.037 67.163
687.235 67.152
687.433 67.157
687.631 67.131
687.829 67.067
688.027 67.010
688.225 67.049
688.423 67.068
688.621 67.055
688.819 67.049
689.017 67.077
689.215 67.094
689.413 67.124
689.611 67.124
689.809 67.127
690.007 67.130
690.205 67.132
690.403 67.088
690.601 67.043
690.799 67.018
690.997 67.004
691.195 66.972
691.393 66.947
691.591 66.974
691.788 66.994
691.986 66.994
692.184 67.010
692.382 67.082
692.580 67.096
692.778 67.126
692.976 67.162
693.174 67.118
693.372 67.081
693.570 67.095
693.768 67.122
693.966 67.167
694.164 67.158
694.362 67.139
694.560 67.082
694.758 67.081
694.956 67.097
695.154 67.141
695.352 67.195
695.550 67.195
695.748 67.202
695.946 67.141
696.144 67.086
696.342 67.095
696.540 67.074
696.744 67.091
696.948 67.082
697.152 67.022
697.357 67.059
697.561 67.065
697.765 67.050
697.969 67.029
698.173 67.033
698.377 67.004
698.581 67.018
698.786 67.084
698.990 67.082
699.194 67.071
699.398 67.144
699.602 67.115
699.806 67.079
700.010 67.085
700.215 67.108
700.419 67.149
700.623 67.176
700.827 67.168
701.031 67.145
701.235 67.175
701.440 67.193
701.644 67.185
701.848 67.224
702.052 67.229
702.256 67.222
702.460 67.216
702.664 67.214
702.869 67.205
703.073 67.239
703.277 67.278
703.481 67.249
703.685 67.291
703.889 67.311
704.093 67.242
704.298 67.252
704.502 67.292
704.706 67.311
704.910 67.287
705.114 67.249
705.318 67.237
705.522 67.219
705.727 67.261
705.931 67.213
706.135 67.130
706.339 67.105
706.543 67.118
706.747 67.183
706.951 67.193
707.156 67.167
707.360 67.218
707.564 67.224
707.768 67.172
707.972 67.134
708.176 67.145
708.380 67.195
708.585 67.266
708.789 67.249
708.993 67.185
709.197 67.179
709.401 67.224
709.605 67.290
709.810 67.262
710.014 67.287
710.218 67.323
710.422 67.300
710.626 67.332
710.830 67.320
711.034 67.338
711.239 67.330
711.443 67.362
711.647 67.373
711.851 67.261
712.055 67.238
712.259 67.310
712.463 67.307
712.668 67.353
712.872 67.332
713.076 67.324
713.280 67.369
713.484 67.378
713.688 67.315
713.892 67.237
714.097 67.251
714.301 67.306
714.505 67.216
714.709 67.151
714.913 67.154
715.117 67.177
715.321 67.136
715.526 67.032
715.730 66.992
715.934 67.000
716.138 67.043
716.342 67.073
716.546 67.000
716.750 67.010
716.955 66.984
717.159 66.913
717.363 66.891
717.567 66.939
717.771 66.976
717.975 66.988
718.180 66.969
718.384 66.899
718.588 66.817
718.792 66.827
718.996 66.822
719.200 66.863
719.404 66.880
719.609 66.871
719.813 66.818
720.017 66.804
720.221 66.834
720.425 66.887
720.629 66.988
720.833 67.063
721.038 67.055
721.242 67.063
721.446 67.065
721.650 67.036
721.854 66.986
722.058 67.020
722.262 67.045
722.467 66.992
722.671 66.874
722.875 66.810
723.079 66.789
723.283 66.825
723.487 66.823
723.691 66.822
723.896 66.828
724.100 66.833
724.304 66.782
724.508 66.747
724.712 66.735
724.916 66.776
725.120 66.811
725.325 66.816
725.529 66.832
725.733 66.857
725.937 66.911
726.141 66.985
726.345 66.979
726.550 67.044
726.754 67.078
726.958 67.091
727.162 67.090
727.366 67.020
727.570 66.928
727.774 66.903
727.979 66.887
728.183 66.803
728.387 66.712
728.591 66.722
728.795 66.742
728.999 66.789
729.203 66.822
729.408 66.821
729.612 66.927
729.816 66.963
730.020 66.910
730.224 66.918
730.428 66.977
730.632 66.982
730.837 67.062
731.041 67.057
731.245 67.012
731.449 67.072
731.653 67.161
731.857 67.141
732.061 67.256
732.266 67.347
732.470 67.225
732.674 67.103
732.878 67.098
733.082 67.069
733.286 67.069
733.490 67.092
733.695 67.002
733.899 66.945
734.103 66.916
734.307 66.882
734.511 66.795
734.715 66.848
734.920 66.895
735.124 66.917
735.328 66.931
735.532 66.911
735.736 66.930
735.940 67.025
736.144 67.047
736.349 67.024
736.553 66.999
736.757 67.051
736.961 67.115
737.165 67.180
737.369 67.214
737.573 67.160
737.778 67.133
737.982 67.033
738.186 66.890
738.390 66.867
738.594 66.896
738.798 66.893
739.002 66.891
739.207 66.840
739.411 66.778
739.615 66.704
739.819 66.720
740.023 66.675
740.227 66.703
740.431 66.795
740.636 66.775
740.840 66.750
741.044 66.751
741.248 66.734
741.452 66.709
741.656 66.689
741.860 66.641
742.065 66.640
742.269 66.728
742.473 66.785
742.677 66.762
742.881 66.808
743.085 66.820
743.290 66.785
743.494 66.809
743.698 66.885
743.902 66.890
744.106 67.006
744.310 66.997
744.514 66.969
744.719 66.947
744.923 66.968
745.127 66.988
745.331 67.087
745.535 67.163
745.739 67.085
745.943 67.038
746.148 66.994
746.352 66.973
746.556 67.084
746.760 67.049
746.964 66.978
747.168 66.967
747.372 66.987
747.577 66.889
747.781 66.803
747.985 66.845
748.189 66.782
748.393 66.840
748.597 66.866
748.801 66.803
749.006 66.804
749.210 66.795
749.414 66.731
749.618 66.605
749.822 66.563
750.026 66.530
750.230 66.485
750.435 66.485
750.639 66.512
750.843 66.477
751.047 66.400
751.251 66.389
751.455 66.352
751.660 66.315
751.864 66.377
752.068 66.405
752.272 66.458
752.476 66.510
752.680 66.611
752.884 66.604
753.089 66.579
753.293 66.634
753.497 66.704
753.701 66.765
753.905 66.848
754.109 66.782
754.313 66.731
754.518 66.716
754.722 66.699
754.926 66.689
755.130 66.693
755.334 66.699
755.538 66.623
755.742 66.572
755.947 66.679
756.151 66.741
756.355 66.864
756.559 66.939
756.763 66.925
756.967 66.934
757.171 66.907
757.376 66.879
757.580 66.928
757.784 66.982
757.988 66.901
758.192 66.747
758.396 66.720
758.600 66.634
758.805 66.546
759.009 66.624
759.213 66.713
759.417 66.764
759.621 66.695
759.825 66.582
760.030 66.641
760.234 66.850
760.438 66.929
760.642 66.877
760.846 66.888
761.050 66.918
761.254 66.867
761.459 66.761
761.663 66.633
761.867 66.702
762.071 66.743
762.275 66.638
762.479 66.551
762.683 66.602
762.888 66.674
763.092 66.635
763.296 66.678
763.500 66.686
763.709 66.662
763.918 66.739
764.126 66.735
764.335 66.844
764.544 66.955
764.753 66.978
764.962 66.908
765.171 66.789
765.379 66.797
765.588 66.726
765.797 66.705
766.006 66.757
766.215 66.756
766.424 66.735
766.632 66.656
766.841 66.579
767.050 66.513
767.259 66.519
767.468 66.598
767.677 66.595
767.885 66.639
768.094 66.585
768.303 66.586
768.512 66.619
768.721 66.678
768.929 66.662
769.138 66.634
769.347 66.580
769.556 66.554
769.765 66.507
769.974 66.557
770.182 66.575
770.391 66.618
770.600 66.602
770.809 66.578
771.018 66.544
771.227 66.511
771.435 66.575
771.644 66.667
771.853 66.743
772.062 66.764
772.271 66.692
772.480 66.642
772.688 66.662
772.897 66.682
773.106 66.711
773.315 66.679
773.524 66.648
773.732 66.572
773.941 66.529
774.150 66.439
774.359 66.412
774.568 66.426
774.777 66.429
774.985 66.388
775.194 66.401
775.403 66.363
775.612 66.365
775.821 66.366
776.030 66.366
776.238 66.387
776.447 66.341
776.656 66.339
776.865 66.352
777.074 66.367
777.283 66.414
777.491 66.412
777.700 66.412
777.909 66.389
778.118 66.456
778.327 66.467
778.535 66.433
778.744 66.475
778.953 66.440
779.162 66.388
779.371 66.325
779.580 66.320
779.788 66.309
779.997 66.348
780.206 66.433
780.415 66.392
780.624 66.379
780.833 66.395
781.041 66.418
781.250 66.486
781.459 66.542
781.668 66.538
781.877 66.453
782.086 66.397
782.294 66.336
782.503 66.250
782.712 66.210
782.921 66.138
783.130 66.145
783.338 66.234
783.547 66.170
783.756 66.175
783.965 66.328
784.174 66.372
784.383 66.395
784.591 66.371
784.800 66.413
785.009 66.450
785.218 66.509
785.427 66.513
785.636 66.416
785.844 66.363
786.053 66.270
786.262 66.168
786.471 66.131
786.680 66.032
786.889 65.992
787.097 65.946
787.306 65.967
787.515 66.000
787.724 65.968
787.933 65.981
788.141 66.028
788.350 66.099
788.559 66.158
788.768 66.250
788.977 66.349
789.186 66.333
789.394 66.275
789.603 66.225
789.812 66.149
790.021 66.078
790.230 66.066
790.439 66.132
790.647 66.122
790.856 65.992
791.065 65.939
791.274 65.972
791.483 66.067
791.692 66.138
791.900 66.116
792.109 66.098
792.318 66.127
792.527 66.115
792.736 66.017
792.944 65.900
793.153 65.886
793.362 65.825
793.571 65.721
793.780 65.657
793.989 65.600
794.197 65.608
794.406 65.664
794.615 65.668
794.824 65.700
795.033 65.738
795.242 65.841
795.450 65.850
795.659 65.930
795.868 65.924
796.077 65.948
796.286 66.031
796.495 66.089
796.703 66.233
796.912 66.368
797.121 66.365
797.330 66.435
797.539 66.400
797.747 66.436
797.956 66.453
798.165 66.561
798.374 66.558
798.583 66.470
798.792 66.419
799.000 66.362
799.209 66.273
799.418 66.248
799.627 66.217
799.836 66.231
800.045 66.329
800.253 66.259
800.462 66.131
800.671 66.044
800.880 66.091
801.089 66.165
801.298 66.159
801.506 66.076
801.715 66.075
801.924 65.984
802.133 65.924
802.342 65.856
802.550 65.930
802.759 66.051
802.968 66.107
803.177 66.041
803.386 66.018
803.595 65.814
803.803 65.813
804.012 65.721
804.221 65.717
804.430 65.680
804.639 65.577
804.848 65.529
805.056 65.478
805.265 65.437
805.474 65.480
805.683 65.396
805.892 65.517
806.101 65.667
806.309 65.689
806.518 65.675
806.727 65.799
806.936 65.931
807.145 65.940
807.353 65.851
807.562 65.844
807.771 65.962
807.980 66.127
808.189 66.084
808.398 65.910
808.606 65.945
808.815 66.060
809.024 66.048
809.233 66.052
809.442 66.148
809.651 66.281
809.859 66.313
810.068 66.304
810.277 66.177
810.486 66.149
810.695 66.170
810.904 66.201
811.112 66.223
811.321 66.107
811.530 66.054
811.740 65.882
811.949 65.738
812.159 65.710
812.368 65.590
812.578 65.599
812.787 65.799
812.997 66.181
813.206 66.155
813.416 66.061
813.625 66.121
813.835 65.999
814.044 66.072
814.254 66.288
814.463 66.381
814.673 66.357
814.882 66.407
815.092 66.322
815.301 66.002
815.511 65.960
815.720 65.955
815.930 66.024
816.139 66.212
816.349 66.108
816.558 65.951
816.768 65.986
816.977 66.122
817.187 66.035
817.396 65.869
817.606 65.841
817.815 65.981
818.025 65.978
818.234 65.864
818.444 65.764
818.653 65.789
818.863 65.732
819.072 65.661
819.282 65.616
819.491 65.742
819.701 65.718
819.910 65.616
820.120 65.547
820.329 65.636
820.539 65.647
820.748 65.658
820.958 65.775
821.167 65.968
821.377 66.038
821.586 66.013
821.796 65.875
822.005 66.037
822.215 66.157
822.424 66.056
822.634 65.989
822.843 66.056
823.053 66.043
823.262 66.013
823.472 65.944
823.681 65.812
823.891 65.775
824.100 65.983
824.310 66.132
824.519 66.063
824.729 66.017
824.938 66.022
825.148 66.103
825.357 66.164
825.567 66.135
825.776 66.145
825.986 66.136
826.195 66.013
826.405 65.815
826.614 65.728
826.824 65.822
827.033 65.965
827.243 65.901
827.452 65.812
827.662 65.849
827.871 65.809
828.081 65.790
828.290 65.976
828.500 66.128
828.709 66.168
828.919 66.017
829.128 65.787
829.338 65.598
829.547 65.649
829.757 65.702
829.966 65.560
830.176 65.426
830.385 65.305
830.595 65.234
830.804 65.226
831.014 65.217
831.223 65.318
831.433 65.476
831.642 65.629
831.852 65.554
832.061 65.348
832.271 65.466
832.480 65.875
832.690 65.937
832.899 65.881
833.109 66.034
833.318 66.146
833.528 66.006
833.737 65.817
833.947 65.815
834.156 65.962
834.366 66.247
834.575 66.136
834.785 65.874
834.994 65.930
835.204 65.818
835.413 65.660
835.623 65.618
835.832 65.660
836.042 65.837
836.251 65.881
836.461 65.665
836.670 65.517
836.880 65.593
837.089 65.649
837.299 65.638
837.508 65.809
837.718 65.989
837.927 66.078
838.137 66.123
838.346 65.994
838.556 65.730
838.765 65.896
838.975 66.065
839.184 66.090
839.394 66.091
839.603 65.997
839.813 66.008
840.022 65.815
840.232 65.591
840.441 65.585
840.651 65.881
840.860 66.094
841.070 66.103
841.279 66.064
841.489 66.050
841.698 66.063
841.908 66.121
842.117 65.904
842.327 65.674
842.536 65.694
842.746 65.652
842.955 65.607
843.165 65.713
843.374 65.753
843.584 65.687
843.793 65.765
844.003 65.944
844.212 65.980
844.422 66.141
844.631 66.264
844.841 66.370
845.050 66.462
845.260 66.392
845.469 66.375
845.679 66.113
845.888 66.003
846.098 65.982
846.307 65.738
846.517 65.624
846.726 65.526
846.936 65.836
847.145 65.850
847.355 65.763
847.564 65.660
847.774 66.015
847.983 67.058
848.193 67.244
848.402 67.069
848.612 66.973
848.821 67.057
849.031 67.254
849.240 67.143
849.450 67.060
849.659 67.085
849.869 67.099
850.078 66.608
850.288 65.911
850.497 65.923
850.707 66.040
850.916 66.103
851.126 66.120
851.335 66.037
851.545 65.982
851.754 66.107
851.964 66.096
852.173 66.055
852.383 66.046
852.592 66.015
852.802 66.082
853.011 66.100
853.221 66.019
853.430 65.907
853.640 65.976
853.849 66.059
854.059 65.892
854.268 65.910
854.478 66.127
854.687 66.116
854.897 65.979
855.106 65.951
855.316 65.930
855.525 65.961
855.735 65.886
855.944 65.658
856.154 65.782
856.363 66.169
856.573 66.271
856.782 66.028
856.992 66.086
857.201 66.158
857.411 66.120
857.620 66.195
857.830 66.359
858.039 66.539
858.249 66.657
858.458 66.449
858.668 66.178
858.877 66.165
859.087 66.379
859.296 66.514
859.506 66.572
859.715 66.491
859.925 66.248
860.134 66.151
860.344 66.099
860.553 66.092
860.763 66.227
860.972 66.197
861.182 66.221
861.391 66.339
861.601 66.232
861.810 66.079
862.020 66.062
862.229 66.290
862.439 66.340
862.648 66.516
862.858 66.613
863.067 66.476
863.277 66.623
863.486 66.756
863.696 66.589
863.905 66.408
864.115 66.331
864.324 66.375
864.534 66.394
864.743 66.395
864.953 66.312
865.162 66.166
865.372 66.004
865.581 65.661
865.791 65.695
866.000 65.820
866.210 66.114
866.419 66.354
866.629 66.257
866.838 66.156
867.048 66.133
867.257 66.255
867.467 66.512
867.676 66.892
867.886 67.234
868.095 66.990
868.305 66.769
868.514 66.706
868.724 66.578
868.933 66.687
869.143 66.532
869.352 66.455
869.562 66.455
869.771 66.526
869.981 66.369
870.190 66.166
870.400 66.139
870.609 66.248
870.819 66.191
871.028 66.355
871.238 66.438
871.447 66.637
871.657 66.591
871.866 66.287
872.076 66.239
872.285 66.299
872.495 66.439
872.704 66.449
872.914 66.512
873.123 66.617
873.333 66.555
873.542 66.404
873.752 66.358
873.961 66.488
874.171 66.391
874.380 65.883
874.590 65.761
874.799 65.931
875.009 65.929
875.218 66.012
875.428 65.677
875.637 65.572
875.847 65.985
876.056 66.078
876.266 66.010
876.475 66.247
876.685 66.597
876.894 66.724
877.104 66.565
877.313 66.617
877.523 66.868
877.732 67.398
877.942 67.515
878.151 67.064
878.361 66.873
878.570 66.985
878.780 67.151
878.989 67.271
879.199 67.450
879.408 67.436
879.618 67.218
879.827 66.763
880.037 66.731
880.246 66.853
880.456 66.910
880.665 66.845
880.875 66.925
881.084 67.125
881.294 67.031
881.503 66.721
881.713 66.818
881.922 67.144
882.132 67.212
882.341 66.983
882.551 66.801
882.760 66.969
882.970 67.025
883.179 67.051
883.389 66.752
883.598 66.689
883.808 66.744
884.017 66.547
884.227 66.308
884.436 66.248
884.646 66.188
884.855 66.069
885.065 65.878
885.274 66.118
885.484 66.320
885.693 66.488
885.903 66.198
886.112 65.957
886.322 66.180
886.531 66.455
886.741 66.672
886.950 66.873
887.160 67.128
887.369 67.150
887.579 67.031
887.788 66.559
887.998 66.581
888.207 67.242
888.417 67.759
888.626 67.647
888.836 67.341
889.045 67.062
889.255 67.058
889.464 67.285
889.674 67.383
889.883 67.220
890.093 67.411
890.302 67.110
890.512 66.737
890.721 66.696
890.931 66.596
891.140 66.678
891.350 66.540
891.559 66.269
891.769 66.159
891.978 66.157
892.188 66.525
892.397 66.564
892.607 66.574
892.816 66.849
893.026 66.438
893.235 66.161
893.445 66.376
893.654 66.904
893.864 67.265
894.073 67.151
894.283 67.133
894.492 66.831
894.702 66.704
894.911 66.738
895.121 66.381
895.330 66.416
895.540 66.769
895.749 66.789
895.959 66.551
896.168 66.430
896.378 66.354
896.587 66.599
896.797 66.708
897.006 66.738
897.216 67.014
897.425 66.987
897.635 66.950
897.844 67.098
898.054 67.205
898.263 67.334
898.473 67.066
898.682 66.897
898.892 66.841
899.101 67.066
899.311 66.862
899.520 66.503
899.730 66.760
899.939 67.079
900.149 66.863
900.358 66.664
900.568 66.694
900.777 67.128
900.987 67.311
901.196 67.133
901.406 66.965
901.615 67.348
901.825 67.631
902.034 67.503
902.244 67.453
902.453 67.583
902.663 67.453
902.872 67.033
903.082 66.993
903.291 67.198
903.501 67.288
903.710 67.087
903.920 67.218
904.129 67.185
904.339 67.183
904.548 66.886
904.758 66.562
904.967 66.787
905.177 67.270
905.386 67.325
905.596 67.117
905.805 67.164
906.015 67.490
906.224 67.344
906.434 67.294
906.643 67.335
906.853 67.404
907.062 67.783
907.272 67.466
907.481 67.236
907.691 67.459
907.900 67.548
908.110 67.472
908.319 67.331
908.529 67.193
908.738 67.070
908.948 66.931
909.157 66.829
909.367 66.681
909.576 67.239
909.786 67.488
909.995 67.120
910.205 66.921
910.414 66.461
910.624 66.311
910.833 66.566
911.043 66.930
911.252 67.409
911.462 68.334
911.672 68.668
911.881 68.375
912.091 67.873
912.300 67.757
912.512 67.668
912.724 68.032
912.937 68.370
913.149 68.371
913.361 68.284
913.573 67.861
913.786 67.208
913.998 67.144
914.210 66.838
914.422 67.264
914.634 67.256
914.847 67.401
915.059 67.294
915.271 67.257
915.483 66.980
915.696 66.848
915.908 67.259
916.120 67.132
916.332 66.878
916.544 67.414
916.757 67.499
916.969 67.391
917.181 67.508
917.393 67.692
917.606 67.634
917.818 67.757
918.030 67.695
918.242 67.534
918.454 67.475
918.667 67.627
918.879 67.588
919.091 67.391
919.303 67.100
919.516 66.520
919.728 66.355
919.940 66.606
920.152 66.747
920.364 66.818
920.577 66.373
920.789 66.284
921.001 66.261
921.213 66.626
921.426 67.102
921.638 67.860
921.850 67.996
922.062 67.866
922.274 67.821
922.487 67.964
922.699 67.827
922.911 68.279
923.123 68.655
923.336 68.670
923.548 68.380
923.760 68.077
923.972 67.830
924.184 67.929
924.397 67.829
924.609 67.517
924.821 67.521
925.033 67.579
925.246 67.206
925.458 67.149
925.670 67.382
925.882 67.283
926.094 67.015
926.307 66.850
926.519 67.114
926.731 67.398
926.943 67.513
927.156 67.449
927.368 67.567
927.580 67.777
927.792 68.102
928.004 68.410
928.217 68.518
928.429 68.804
928.641 68.971
928.853 69.165
929.066 69.565
929.278 69.926
929.490 69.923
929.702 69.941
929.914 70.114
930.127 70.064
930.339 69.649
930.551 69.670
930.763 69.710
930.976 69.629
931.188 69.361
931.400 68.997
931.612 68.763
931.824 68.882
932.037 69.125
932.249 69.524
932.461 69.408
932.673 69.265
932.886 69.028
933.098 69.165
933.310 69.976
933.522 70.444
933.734 70.828
933.947 70.936
934.159 70.518
934.371 70.582
934.583 70.052
934.796 69.737
935.008 69.752
935.220 70.166
935.432 69.611
935.644 68.635
935.857 68.640
936.069 68.266
936.281 68.045
936.493 67.655
936.706 67.985
936.918 68.834
937.130 68.981
937.342 68.990
937.554 68.779
937.767 69.546
937.979 70.080
938.191 69.873
938.403 69.823
938.616 69.610
938.828 70.796
939.040 70.815
939.252 70.393
939.464 70.277
939.677 70.115
939.889 69.975
940.101 70.033
940.313 70.825
940.526 71.139
940.738 71.499
940.950 71.851
941.162 70.952
941.374 70.550
941.587 71.258
941.799 71.597
942.011 72.142
942.223 72.583
942.436 72.197
942.648 70.917
942.860 70.438
943.072 69.728
943.284 69.824
943.497 70.209
943.709 70.476
943.921 69.921
944.133 70.527
944.346 70.743
944.558 70.947
944.770 71.156
944.982 71.360
945.194 71.353
945.407 72.031
945.619 71.709
945.831 72.309
946.043 73.003
946.256 73.324
946.468 73.065
946.680 72.378
946.892 71.660
947.104 71.527
947.317 71.742
947.529 71.681
947.741 72.292
947.953 73.000
948.166 72.003
948.378 71.497
948.590 72.459
948.802 72.557
949.014 73.155
949.227 72.998
949.439 72.754
949.651 73.313
949.863 74.428
950.076 73.997
950.288 73.740
950.500 74.487
950.712 73.531
950.924 71.572
951.137 71.800
951.349 72.295
951.561 72.259
951.773 73.057
951.986 73.308
952.198 72.343
952.410 71.521
952.622 70.381
952.834 70.125
953.047 71.536
953.259 71.380
953.471 69.668
953.683 68.209
953.896 69.786
954.108 70.378
954.320 69.408
954.532 69.247
954.744 70.476
954.957 72.276
955.169 72.402
955.381 71.918
955.593 71.922
955.806 72.178
956.018 72.701
956.230 72.009
956.442 70.801
956.654 71.392
956.867 71.654
957.079 71.216
957.291 71.032
957.503 71.891
957.716 71.813
957.928 72.526
958.140 73.394
958.352 74.225
958.564 74.137
958.777 73.696
958.989 73.065
959.201 74.181
959.413 74.656
959.626 73.785
959.838 72.174
960.050 71.269
960.262 70.656
960.474 71.030
960.687 71.386
960.899 71.630
961.111 71.763
961.323 72.009
961.536 71.036
961.748 70.845
961.960 71.610
962.172 71.060
962.384 70.371
962.597 71.315
962.809 72.834
963.021 72.220
963.233 70.953
963.446 70.482
963.658 69.679
963.870 70.278
964.082 70.912
964.294 71.092
964.507 71.253
964.719 72.327
964.931 72.355
965.143 70.664
965.356 70.638
965.568 71.607
965.780 73.197
966.000 73.697
966.221 72.035
966.441 71.583
966.662 72.766
966.882 74.836
967.103 75.203
967.323 74.213
967.543 74.366
967.764 73.904
967.984 73.311
968.205 72.460
968.425 73.301
968.645 74.274
968.866 73.546
969.086 72.131
969.307 71.565
969.527 71.721
969.748 72.247
969.968 72.341
970.188 72.443
970.409 71.992
970.629 72.413
970.850 73.467
971.070 73.221
971.290 73.369
971.511 72.364
971.731 72.234
971.952 72.614
972.172 71.564
972.393 71.229
972.613 72.005
972.833 73.063
973.054 73.405
973.274 71.523
973.495 71.130
973.715 71.328
973.936 73.020
974.156 72.596
974.376 71.820
974.597 73.222
974.817 72.838
975.038 71.967
975.258 71.699
975.478 71.510
975.699 72.410
975.919 73.656
976.140 74.746
976.360 74.179
976.581 74.167
976.801 74.918
977.021 74.892
977.242 74.217
977.462 74.415
977.683 76.616
977.903 76.885
978.123 77.529
978.344 77.024
978.564 75.899
978.785 75.689
979.005 76.622
979.226 76.854
979.446 77.046
979.666 78.193
979.887 78.330
980.107 76.500
980.328 76.216
980.548 75.687
980.769 74.826
980.989 72.875
981.209 72.963
981.430 73.912
981.650 73.602
981.871 73.755
982.091 72.666
982.311 73.068
982.532 72.311
982.752 71.274
982.973 70.527
983.193 71.110
983.414 73.477
983.634 74.131
983.854 72.333
984.075 73.030
984.295 73.763
984.516 74.338
984.736 74.185
984.956 74.639
985.177 75.113
985.397 74.483
985.618 76.095
985.838 77.117
986.059 76.641
986.279 76.555
986.499 75.501
986.720 74.949
986.940 76.234
987.161 74.847
987.381 73.777
987.602 73.860
987.822 75.883
988.042 73.645
988.263 72.624
988.483 72.743
988.704 71.529
988.924 69.650
989.144 69.091
989.365 70.081
989.585 73.956
989.806 75.696
990.026 75.432
990.247 74.183
990.467 75.864
990.687 76.965
990.908 77.394
991.128 79.922
991.349 81.972
991.569 81.757
991.789 80.189
992.010 77.833
992.230 76.979
992.451 76.217
992.671 76.805
992.892 78.656
993.112 79.795
993.332 79.043
993.553 77.272
993.773 77.910
993.994 77.951
994.214 77.600
994.435 76.513
994.655 76.699
994.875 77.054
995.096 77.802
995.316 77.259
995.537 73.983
995.757 70.993
995.977 70.753
996.198 67.485
996.418 66.746
996.639 67.697
996.859 68.547
997.080 69.151
997.300 72.072
997.520 71.270
997.741 67.602
997.961 68.675
998.182 71.580
998.402 71.739
998.622 77.438
998.843 82.847
999.063 81.664
999.284 81.184
999.504 79.380
999.725 76.318
999.945 76.517
1000.165 80.815
1000.386 80.179
1000.606 79.476
1000.827 80.423
1001.047 76.512
1001.268 70.329
1001.488 71.347
1001.708 75.624
1001.929 77.772
1002.149 79.201
1002.370 76.484
1002.590 74.723
1002.810 79.405
1003.031 79.579
1003.251 77.582
1003.472 79.621
1003.692 83.389
1003.913 85.201
1004.133 80.301
1004.353 79.628
1004.574 79.896
1004.794 84.104
1005.015 86.638
1005.235 79.852
1005.455 79.107
1005.676 82.744
1005.896 81.349
1006.117 77.900
1006.337 76.129
1006.558 81.678
1006.778 82.528
1006.998 80.051
1007.219 77.506
1007.439 73.515
1007.660 75.359
1007.880 77.449
1008.101 76.193
1008.321 73.895
1008.541 74.558
1008.762 76.760
1008.982 76.481
1009.203 78.482
1009.423 79.215
1009.643 78.453
1009.864 80.020
1010.084 78.454
1010.305 79.682
1010.525 82.560
1010.746 83.633
1010.966 79.690
1011.186 73.977
1011.407 69.705
1011.627 66.376
1011.848 67.470
1012.068 68.206
1012.288 66.585
1012.509 68.668
1012.729 64.698
1012.950 57.098
