290.982 87.778
291.167 88.091
291.352 88.305
291.537 88.709
291.722 88.914
291.907 93.560
292.091 93.225
292.276 90.501
292.461 88.696
292.646 87.199
292.831 88.111
293.016 85.431
293.201 81.657
293.386 80.976
293.571 82.239
293.756 82.716
293.940 82.271
294.125 80.819
294.310 82.637
294.495 83.887
294.680 83.409
294.865 81.962
295.050 84.416
295.235 86.920
295.420 85.699
295.605 83.591
295.789 84.952
295.974 86.094
296.159 85.293
296.344 83.560
296.529 82.461
296.714 82.817
296.899 82.841
297.084 83.303
297.269 83.637
297.454 85.686
297.638 86.786
297.823 85.176
298.008 84.482
298.193 85.648
298.378 86.751
298.563 86.246
298.748 87.849
298.933 88.499
299.118 87.260
299.303 87.594
299.487 86.161
299.672 84.044
299.857 82.667
300.042 83.411
300.227 82.165
300.412 80.371
300.597 80.468
300.782 78.828
300.967 79.689
301.152 80.268
301.336 79.776
301.521 80.663
301.706 82.952
301.891 84.051
302.076 84.483
302.261 85.594
302.446 87.232
302.631 87.016
302.816 89.320
303.001 88.372
303.185 85.811
303.370 84.425
303.555 83.393
303.740 81.899
303.925 79.768
304.110 77.271
304.295 77.293
304.480 77.100
304.665 76.941
304.850 74.412
305.034 73.483
305.219 74.246
305.404 73.950
305.589 74.473
305.774 74.149
305.959 75.627
306.144 76.195
306.329 74.072
306.514 72.052
306.699 71.891
306.883 71.769
307.068 71.971
307.253 72.532
307.438 74.486
307.623 75.013
307.808 74.331
307.993 72.568
308.178 71.338
308.363 72.269
308.548 74.694
308.732 76.317
308.917 75.912
309.102 74.941
309.287 74.535
309.472 74.745
309.657 75.279
309.842 74.386
310.027 73.208
310.212 73.215
310.397 72.656
310.581 71.222
310.766 70.036
310.951 69.492
311.136 68.430
311.321 68.330
311.506 66.710
311.691 65.034
311.876 65.358
312.061 65.954
312.245 68.304
312.430 70.258
312.615 71.127
312.800 70.285
312.985 69.249
313.170 69.889
313.347 70.488
313.523 70.390
313.700 70.197
313.877 70.034
314.054 71.353
314.230 70.218
314.407 67.969
314.584 66.590
314.761 66.011
314.937 66.580
315.114 67.592
315.291 67.719
315.467 67.723
315.644 66.265
315.821 65.839
315.998 64.929
316.174 64.288
316.351 65.262
316.528 65.333
316.704 64.972
316.881 64.524
317.058 64.226
317.235 64.456
317.411 64.569
317.588 65.356
317.765 65.295
317.942 65.289
318.118 65.407
318.295 63.999
318.472 62.237
318.648 62.630
318.825 63.277
319.002 61.655
319.179 60.061
319.355 60.037
319.532 60.395
319.709 60.434
319.885 60.814
320.062 60.825
320.239 60.822
320.416 62.562
320.592 63.150
320.769 63.087
320.946 64.108
321.123 64.502
321.299 63.840
321.476 62.971
321.653 63.615
321.829 63.303
322.006 62.783
322.183 63.428
322.360 62.387
322.536 61.648
322.713 62.421
322.890 62.207
323.066 61.110
323.243 61.708
323.420 64.054
323.597 64.010
323.773 62.569
323.950 62.348
324.127 62.720
324.304 62.886
324.480 62.121
324.657 60.755
324.834 60.265
325.010 60.741
325.187 59.928
325.364 58.118
325.541 57.018
325.717 57.804
325.894 57.157
326.071 55.336
326.248 54.965
326.424 55.978
326.601 55.894
326.778 55.444
326.954 55.169
327.131 54.479
327.308 53.285
327.485 53.874
327.661 54.112
327.838 54.500
328.015 55.254
328.191 55.292
328.368 53.902
328.545 52.126
328.722 51.599
328.898 52.344
329.075 53.139
329.252 52.800
329.429 51.410
329.605 51.222
329.782 51.210
329.959 50.696
330.135 49.988
330.312 50.547
330.489 51.925
330.666 52.365
330.842 51.233
331.019 50.323
331.196 50.822
331.372 51.608
331.549 50.646
331.726 49.985
331.903 50.306
332.079 50.950
332.256 50.175
332.433 49.037
332.610 48.217
332.786 48.627
332.963 49.082
333.140 48.370
333.316 48.796
333.493 48.715
333.670 48.213
333.847 48.946
334.023 48.441
334.200 47.639
334.377 47.466
334.553 47.911
334.730 47.419
334.907 46.454
335.084 46.885
335.260 46.248
335.437 46.280
335.614 46.748
335.791 45.214
335.967 44.820
336.144 45.712
336.321 46.082
336.497 45.622
336.674 45.544
336.851 46.096
337.028 45.506
337.204 45.064
337.381 45.930
337.558 46.864
337.734 46.907
337.911 46.266
338.088 46.022
338.265 47.442
338.441 48.337
338.618 46.978
338.795 46.131
338.972 46.808
339.148 47.641
339.325 46.983
339.502 45.006
339.678 44.895
339.855 45.764
340.032 45.333
340.209 43.667
340.385 42.980
340.562 43.594
340.739 43.838
340.916 43.062
341.092 42.398
341.269 42.548
341.446 42.731
341.622 42.319
341.799 41.899
341.976 42.246
342.153 43.068
342.329 43.350
342.506 43.845
342.683 43.680
342.859 43.072
343.036 42.745
343.213 42.103
343.390 41.696
343.566 41.769
343.743 41.470
343.920 40.753
344.097 39.763
344.273 39.127
344.450 38.523
344.627 38.514
344.803 39.600
344.980 39.814
345.157 39.272
345.334 39.155
345.510 39.041
345.687 39.021
345.864 39.594
346.040 39.908
346.217 39.683
346.394 39.600
346.571 39.183
346.747 37.391
346.924 36.740
347.101 37.578
347.278 37.803
347.454 38.117
347.631 37.736
347.808 36.805
347.984 36.786
348.161 37.673
348.338 37.790
348.515 37.540
348.691 38.178
348.868 38.121
349.045 36.851
349.221 36.422
349.398 35.570
349.575 35.994
349.752 36.668
349.928 35.931
350.105 34.557
350.282 33.864
350.459 34.380
350.635 34.647
350.812 34.206
350.989 34.961
351.165 35.833
351.342 35.934
351.519 35.134
351.696 34.679
351.872 34.775
352.049 34.883
352.226 35.339
352.402 35.040
352.579 34.965
352.756 35.351
352.933 34.982
353.109 33.823
353.286 33.199
353.463 33.160
353.640 32.672
353.816 31.762
353.993 31.357
354.170 30.923
354.346 31.093
354.523 30.958
354.700 30.601
354.877 30.510
355.053 30.262
355.230 30.505
355.407 30.855
355.584 31.599
355.760 32.442
355.937 32.699
356.114 32.791
356.290 32.301
356.467 32.125
356.644 31.941
356.821 31.605
356.997 32.337
357.174 32.499
357.351 32.238
357.527 31.897
357.704 31.501
357.881 31.875
358.058 32.716
358.234 33.052
358.411 32.895
358.588 32.553
358.765 32.266
358.941 31.900
359.118 31.613
359.295 31.342
359.471 30.624
359.648 30.596
359.825 30.481
360.002 29.588
360.178 29.436
360.355 29.443
360.532 29.595
360.708 29.636
360.885 29.520
361.062 29.138
361.239 29.013
361.415 29.306
361.592 29.181
361.769 28.552
361.946 28.555
362.122 28.413
362.299 27.719
362.476 27.676
362.652 27.736
362.829 28.052
363.006 28.070
363.183 28.300
363.359 28.121
363.536 27.481
363.713 27.490
363.889 27.299
364.066 26.587
364.243 26.449
364.420 26.067
364.596 25.769
364.773 25.181
364.950 25.449
365.127 25.456
365.303 25.518
365.480 26.174
365.661 26.255
365.841 26.180
366.022 26.358
366.202 26.659
366.383 26.672
366.563 26.785
366.744 26.844
366.924 26.504
367.105 26.286
367.286 25.883
367.466 25.247
367.647 25.251
367.827 25.120
368.008 25.230
368.188 25.035
368.369 25.033
368.549 24.936
368.730 24.158
368.911 23.800
369.091 23.574
369.272 23.480
369.452 23.584
369.633 23.140
369.813 22.854
369.994 22.924
370.174 22.713
370.355 22.281
370.535 21.926
370.716 22.561
370.897 22.728
371.077 22.402
371.258 22.808
371.438 23.506
371.619 23.746
371.799 23.715
371.980 22.992
372.160 22.877
372.341 23.230
372.522 23.469
372.702 23.393
372.883 23.404
373.063 23.522
373.244 23.241
373.424 22.640
373.605 22.450
373.785 22.322
373.966 22.402
374.147 22.628
374.327 22.776
374.508 22.793
374.688 22.525
374.869 22.662
375.049 23.031
375.230 23.518
375.410 23.418
375.591 23.010
375.772 22.937
375.952 23.206
376.133 23.161
376.313 22.838
376.494 22.194
376.674 22.078
376.855 21.987
377.035 21.443
377.216 20.985
377.397 21.077
377.577 21.253
377.758 21.197
377.938 20.922
378.119 20.750
378.299 20.593
378.480 20.896
378.660 21.177
378.841 21.113
379.021 20.876
379.202 20.301
379.383 19.827
379.563 19.643
379.744 19.482
379.924 19.268
380.105 19.399
380.285 19.334
380.466 18.993
380.646 18.427
380.827 17.953
381.008 18.057
381.188 18.438
381.369 18.701
381.549 18.391
381.730 18.166
381.910 18.261
382.091 17.969
382.271 17.895
382.452 17.891
382.633 17.945
382.813 18.374
382.994 18.629
383.174 18.261
383.355 17.902
383.535 18.127
383.716 18.401
383.896 18.225
384.077 18.139
384.258 18.253
384.438 18.366
384.619 18.398
384.799 18.081
384.980 17.894
385.160 17.668
385.341 17.402
385.521 17.200
385.702 17.089
385.882 17.335
386.063 17.319
386.244 17.109
386.424 17.127
386.605 16.965
386.785 16.774
386.966 16.515
387.146 16.538
387.327 16.510
387.507 16.435
387.688 16.421
387.869 16.246
388.049 16.418
388.230 16.482
388.410 16.415
388.591 16.360
388.771 16.444
388.952 16.498
389.132 16.483
389.313 16.585
389.494 16.506
389.674 16.222
389.855 16.011
390.035 15.870
390.216 15.851
390.396 15.887
390.577 15.893
390.757 15.675
390.938 15.611
391.119 15.563
391.299 15.487
391.480 15.525
391.660 15.644
391.841 15.679
392.021 15.505
392.202 15.294
392.382 15.058
392.563 15.025
392.743 15.158
392.924 15.051
393.105 14.956
393.285 14.876
393.466 14.856
393.646 14.925
393.827 14.899
394.007 14.602
394.188 14.698
394.368 14.752
394.549 14.690
394.730 14.526
394.910 14.569
395.091 14.679
395.271 14.981
395.452 15.163
395.632 14.861
395.813 14.736
395.993 14.884
396.174 14.713
396.355 14.538
396.535 14.564
396.716 14.816
396.896 14.984
397.077 14.891
397.257 14.481
397.438 14.072
397.618 13.957
397.799 13.971
397.980 14.153
398.160 14.241
398.341 14.136
398.521 13.914
398.702 13.566
398.882 13.195
399.063 13.172
399.243 13.385
399.424 13.512
399.605 13.828
399.785 13.809
399.966 13.517
400.146 13.319
400.327 13.492
400.507 13.722
400.688 13.698
400.868 13.722
401.049 13.674
401.229 13.416
401.410 13.328
401.591 13.299
401.771 13.382
401.952 13.428
402.132 13.385
402.313 13.229
402.493 13.160
402.674 13.324
402.854 13.379
403.035 13.510
403.216 13.351
403.396 13.399
403.577 13.304
403.757 12.988
403.938 12.791
404.118 12.737
404.299 12.636
404.479 12.451
404.660 12.252
404.841 12.230
405.023 12.095
405.204 12.139
405.385 12.083
405.566 12.055
405.748 12.073
405.929 12.177
406.110 12.500
406.292 12.715
406.473 12.887
406.654 13.014
406.835 12.841
407.017 12.571
407.198 12.545
407.379 12.496
407.560 12.336
407.742 12.234
407.923 12.120
408.104 11.696
408.286 11.396
408.467 11.194
408.648 11.268
408.829 11.598
409.011 11.772
409.192 11.751
409.373 11.618
409.555 11.643
409.736 11.849
409.917 12.053
410.098 12.291
410.280 12.393
410.461 12.451
410.642 12.171
410.823 11.679
411.005 11.638
411.186 11.890
411.367 12.178
411.549 12.327
411.730 12.292
411.911 12.135
412.092 12.029
412.274 12.096
412.455 12.013
412.636 12.054
412.818 12.247
412.999 12.212
413.180 12.084
413.361 11.896
413.543 11.751
413.724 11.706
413.905 11.657
414.087 11.642
414.268 11.538
414.449 11.493
414.630 11.488
414.812 11.559
414.993 11.695
415.174 11.632
415.355 11.607
415.537 11.540
415.718 11.595
415.899 11.644
416.081 11.573
416.262 11.429
416.443 11.423
416.624 11.423
416.806 11.266
416.987 11.100
417.168 10.995
417.350 10.931
417.531 10.941
417.712 10.898
417.893 10.901
418.075 11.033
418.256 11.030
418.437 10.854
418.618 10.601
418.800 10.526
418.981 10.587
419.162 10.635
419.344 10.713
419.525 10.790
419.706 10.718
419.887 10.547
420.069 10.360
420.250 10.431
420.431 10.555
420.613 10.743
420.794 10.776
420.975 10.626
421.156 10.581
421.338 10.491
421.519 10.344
421.700 10.251
421.882 10.273
422.063 10.233
422.244 10.209
422.425 10.241
422.607 10.137
422.788 10.112
422.969 10.150
423.150 10.276
423.332 10.486
423.513 10.520
423.694 10.422
423.876 10.396
424.057 10.413
424.238 10.356
424.419 10.506
424.601 10.894
424.782 10.983
424.963 11.070
425.145 10.982
425.326 10.802
425.507 10.778
425.688 10.969
425.870 10.956
426.051 10.859
426.232 10.834
426.413 10.612
426.595 10.161
426.776 9.939
426.957 9.884
427.139 9.966
427.320 9.865
427.501 9.762
427.682 9.494
427.864 9.470
428.045 9.541
428.226 9.492
428.408 9.476
428.589 9.525
428.770 9.578
428.951 9.439
429.133 9.289
429.314 9.348
429.495 9.362
429.677 9.430
429.858 9.421
430.039 9.357
430.220 9.384
430.402 9.379
430.583 9.452
430.764 9.480
430.945 9.498
431.127 9.420
431.308 9.360
431.489 9.413
431.671 9.428
431.852 9.393
432.033 9.407
432.214 9.364
432.396 9.355
432.577 9.204
432.758 9.154
432.940 9.209
433.121 9.217
433.302 9.149
433.483 9.180
433.665 9.320
433.846 9.466
434.027 9.463
434.208 9.453
434.390 9.431
434.571 9.475
434.752 9.501
434.934 9.488
435.115 9.530
435.296 9.567
435.477 9.497
435.659 9.392
435.840 9.351
436.030 9.491
436.220 9.499
436.410 9.469
436.600 9.482
436.790 9.519
436.980 9.546
437.170 9.500
437.360 9.488
437.550 9.465
437.741 9.472
437.931 9.398
438.121 9.321
438.311 9.341
438.501 9.368
438.691 9.425
438.881 9.330
439.071 9.234
439.261 9.209
439.451 9.117
439.641 9.055
439.831 8.968
440.021 8.943
440.211 8.891
440.401 8.896
440.591 8.940
440.781 8.982
440.971 9.023
441.161 8.996
441.351 8.943
441.542 8.969
441.732 9.032
441.922 9.061
442.112 9.080
442.302 9.088
442.492 9.062
442.682 8.909
442.872 8.685
443.062 8.602
443.252 8.614
443.442 8.708
443.632 8.729
443.822 8.678
444.012 8.580
444.202 8.516
444.392 8.480
444.582 8.442
444.772 8.448
444.962 8.503
445.153 8.572
445.343 8.584
445.533 8.475
445.723 8.436
445.913 8.450
446.103 8.528
446.293 8.558
446.483 8.533
446.673 8.546
446.863 8.565
447.053 8.587
447.243 8.599
447.433 8.565
447.623 8.566
447.813 8.587
448.003 8.623
448.193 8.604
448.383 8.549
448.573 8.490
448.764 8.372
448.954 8.362
449.144 8.324
449.334 8.254
449.524 8.258
449.714 8.295
449.904 8.292
450.094 8.263
450.284 8.245
450.474 8.257
450.664 8.273
450.854 8.336
451.044 8.343
451.234 8.328
451.424 8.265
451.614 8.212
451.804 8.233
451.994 8.163
452.184 8.080
452.375 8.102
452.565 8.130
452.755 8.170
452.945 8.223
453.135 8.266
453.325 8.296
453.515 8.374
453.705 8.429
453.895 8.412
454.085 8.485
454.275 8.623
454.465 8.653
454.655 8.579
454.845 8.557
455.035 8.638
455.225 8.559
455.415 8.476
455.605 8.487
455.795 8.520
455.985 8.465
456.176 8.396
456.366 8.330
456.556 8.298
456.746 8.327
456.936 8.323
457.126 8.251
457.316 8.286
457.506 8.334
457.696 8.262
457.886 8.159
458.076 8.139
458.266 8.162
458.456 8.121
458.646 8.047
458.836 8.015
459.026 8.030
459.216 8.002
459.406 7.976
459.596 7.957
459.787 7.950
459.977 7.988
460.167 8.053
460.357 8.009
460.547 7.987
460.737 8.013
460.927 8.059
461.117 7.989
461.307 7.979
461.497 8.035
461.687 8.063
461.877 8.137
462.067 8.188
462.257 8.193
462.447 8.208
462.637 8.179
462.827 8.178
463.017 8.192
463.207 8.324
463.397 8.347
463.588 8.312
463.778 8.347
463.968 8.328
464.158 8.263
464.348 8.198
464.538 8.235
464.728 8.235
464.918 8.226
465.108 8.243
465.298 8.158
465.488 8.087
465.678 8.071
465.868 8.047
466.058 8.019
466.248 7.971
466.438 7.975
466.628 8.003
466.818 8.056
467.008 8.088
467.199 8.076
467.389 8.044
467.579 8.065
467.769 8.103
467.959 8.064
468.149 8.001
468.339 8.063
468.529 8.142
468.719 8.207
468.909 8.199
469.099 8.180
469.289 8.167
469.479 8.194
469.669 8.174
469.859 8.110
470.049 8.095
470.239 8.143
470.429 8.168
470.619 8.108
470.810 7.983
471.000 8.003
471.190 8.075
471.380 8.071
471.570 8.076
471.760 8.123
471.950 8.150
472.140 8.185
472.330 8.260
472.520 8.255
472.710 8.248
472.900 8.278
473.090 8.262
473.280 8.178
473.470 8.161
473.660 8.183
473.850 8.192
474.040 8.218
474.230 8.216
474.421 8.175
474.611 8.163
474.801 8.180
474.991 8.222
475.181 8.212
475.371 8.240
475.561 8.279
475.751 8.211
475.941 8.143
476.131 8.132
476.321 8.163
476.511 8.156
476.701 8.163
476.891 8.127
477.081 8.037
477.271 7.993
477.461 7.966
477.651 7.950
477.841 7.980
478.031 8.003
478.222 8.005
478.412 8.012
478.602 8.003
478.792 8.021
478.982 8.111
479.172 8.145
479.362 8.169
479.552 8.219
479.742 8.216
479.932 8.234
480.122 8.287
480.312 8.303
480.502 8.317
480.692 8.351
480.882 8.306
481.072 8.270
481.262 8.310
481.452 8.344
481.642 8.368
481.833 8.439
482.023 8.483
482.213 8.505
482.403 8.533
482.593 8.525
482.783 8.557
482.973 8.639
483.163 8.663
483.353 8.630
483.543 8.678
483.733 8.674
483.923 8.596
484.113 8.596
484.303 8.579
484.493 8.528
484.683 8.555
484.873 8.568
485.063 8.555
485.253 8.585
485.443 8.681
485.634 8.652
485.824 8.638
486.014 8.684
486.204 8.684
486.394 8.734
486.584 8.797
486.774 8.775
486.964 8.750
487.154 8.725
487.344 8.710
487.534 8.697
487.724 8.735
487.914 8.779
488.104 8.803
488.294 8.827
488.484 8.805
488.674 8.791
488.864 8.824
489.054 8.844
489.245 8.855
489.435 8.857
489.625 8.862
489.815 8.891
490.005 8.960
490.195 8.971
490.385 8.980
490.575 9.028
490.765 9.111
490.955 9.163
491.145 9.193
491.335 9.242
491.525 9.250
491.715 9.243
491.905 9.238
492.095 9.193
492.285 9.165
492.475 9.143
492.665 9.125
492.856 9.116
493.046 9.081
493.236 9.050
493.426 9.029
493.616 9.017
493.806 9.057
493.996 9.077
494.186 9.072
494.376 9.148
494.566 9.175
494.756 9.194
494.946 9.209
495.136 9.261
495.326 9.320
495.516 9.406
495.706 9.477
495.896 9.451
496.086 9.477
496.276 9.502
496.467 9.480
496.657 9.535
496.847 9.550
497.037 9.545
497.227 9.551
497.417 9.560
497.607 9.544
497.797 9.579
497.987 9.672
498.177 9.689
498.367 9.722
498.557 9.785
498.747 9.813
498.937 9.858
499.127 9.879
499.317 9.888
499.507 9.886
499.697 9.884
499.887 9.914
500.077 9.908
500.268 9.900
500.458 9.873
500.648 9.826
500.838 9.778
501.028 9.777
501.218 9.790
501.408 9.806
501.598 9.864
501.788 9.928
501.978 9.954
502.168 9.935
502.358 9.935
502.548 10.000
502.738 10.086
502.928 10.150
503.118 10.174
503.308 10.218
503.498 10.242
503.688 10.247
503.879 10.278
504.069 10.304
504.259 10.403
504.449 10.487
504.639 10.513
504.829 10.524
505.019 10.531
505.209 10.530
505.399 10.536
505.589 10.578
505.779 10.614
505.969 10.586
506.159 10.580
506.349 10.572
506.539 10.541
506.729 10.533
506.919 10.556
507.109 10.613
507.299 10.652
507.490 10.667
507.680 10.655
507.870 10.656
508.060 10.686
508.250 10.702
508.440 10.722
508.630 10.776
508.820 10.837
509.010 10.855
509.200 10.849
509.390 10.899
509.580 10.937
509.770 10.990
509.960 11.057
510.150 11.107
510.340 11.149
510.530 11.196
510.720 11.254
510.910 11.297
511.100 11.364
511.291 11.404
511.481 11.431
511.671 11.478
511.861 11.589
512.051 11.757
512.241 11.822
512.431 11.892
512.621 11.936
512.811 11.952
513.001 11.991
513.191 11.999
513.381 12.051
513.571 12.100
513.761 12.139
513.951 12.125
514.141 12.011
514.331 12.030
514.521 11.992
514.711 12.011
514.902 12.094
515.092 12.163
515.282 12.245
515.472 12.267
515.662 12.243
515.852 12.270
516.042 12.279
516.232 12.326
516.422 12.375
516.612 12.476
516.802 12.524
516.992 12.527
517.182 12.507
517.372 12.499
517.562 12.575
517.752 12.716
517.942 12.759
518.132 12.811
518.322 12.897
518.513 12.954
518.703 12.987
518.893 13.059
519.083 13.180
519.273 13.303
519.463 13.348
519.653 13.370
519.843 13.408
520.033 13.482
520.223 13.549
520.413 13.585
520.603 13.623
520.793 13.675
520.983 13.702
521.173 13.689
521.363 13.685
521.553 13.754
521.743 13.813
521.933 13.843
522.123 13.904
522.314 13.978
522.504 13.989
522.694 13.988
522.884 14.044
523.074 14.074
523.264 14.115
523.454 14.161
523.644 14.224
523.834 14.301
524.024 14.355
524.214 14.385
524.404 14.398
524.594 14.476
524.784 14.597
524.974 14.649
525.164 14.729
525.354 14.788
525.544 14.831
525.734 14.890
525.925 14.919
526.115 14.967
526.305 15.081
526.495 15.206
526.685 15.267
526.875 15.301
527.065 15.360
527.255 15.383
527.445 15.423
527.635 15.490
527.825 15.572
528.015 15.681
528.205 15.736
528.395 15.733
528.585 15.742
528.775 15.780
528.965 15.838
529.155 15.893
529.345 15.996
529.535 16.059
529.726 16.119
529.916 16.159
530.106 16.206
530.296 16.298
530.486 16.384
530.676 16.440
530.866 16.513
531.056 16.596
531.246 16.686
531.436 16.748
531.626 16.846
531.816 16.921
532.006 16.990
532.196 17.046
532.386 17.090
532.576 17.114
532.766 17.159
532.956 17.218
533.146 17.263
533.337 17.286
533.527 17.344
533.717 17.402
533.907 17.479
534.097 17.532
534.287 17.573
534.477 17.623
534.667 17.725
534.857 17.835
535.047 17.920
535.237 17.989
535.427 18.064
535.617 18.131
535.807 18.211
535.997 18.294
536.187 18.365
536.377 18.471
536.567 18.553
536.757 18.581
536.948 18.631
537.138 18.683
537.328 18.799
537.518 18.940
537.708 19.023
537.898 19.086
538.088 19.177
538.278 19.273
538.468 19.355
538.658 19.431
538.848 19.549
539.038 19.630
539.228 19.725
539.418 19.791
539.608 19.819
539.798 19.869
539.988 19.908
540.178 19.921
540.368 19.982
540.558 20.054
540.749 20.144
540.939 20.198
541.129 20.271
541.319 20.349
541.509 20.523
541.699 20.876
541.889 20.968
542.079 21.085
542.269 21.190
542.459 21.289
542.649 21.358
542.839 21.415
543.029 21.499
543.219 21.600
543.409 21.696
543.599 21.648
543.789 21.472
543.979 21.570
544.169 21.668
544.360 21.765
544.550 21.842
544.740 21.899
544.930 21.984
545.120 22.065
545.310 22.092
545.500 22.154
545.690 22.247
545.880 22.304
546.070 22.405
546.267 22.472
546.463 22.534
546.660 22.605
546.857 22.704
547.054 22.808
547.251 22.894
547.447 22.983
547.644 23.033
547.841 23.103
548.038 23.181
548.234 23.221
548.431 23.305
548.628 23.409
548.825 23.507
549.021 23.602
549.218 23.652
549.415 23.712
549.612 23.806
549.808 23.942
550.005 24.071
550.202 24.186
550.399 24.316
550.595 24.449
550.792 24.562
550.989 24.642
551.186 24.735
551.382 24.888
551.579 25.051
551.776 25.192
551.973 25.255
552.169 25.292
552.366 25.367
552.563 25.443
552.760 25.528
552.956 25.632
553.153 25.764
553.350 25.891
553.547 25.981
553.743 26.066
553.940 26.156
554.137 26.290
554.334 26.416
554.530 26.551
554.727 26.666
554.924 26.753
555.121 26.825
555.317 26.883
555.514 26.949
555.711 27.042
555.908 27.135
556.104 27.214
556.301 27.296
556.498 27.402
556.695 27.482
556.891 27.554
557.088 27.624
557.285 27.709
557.482 27.844
557.678 27.959
557.875 28.039
558.072 28.150
558.269 28.311
558.465 28.416
558.662 28.494
558.859 28.586
559.056 28.680
559.252 28.799
559.449 28.938
559.646 29.027
559.843 29.104
560.039 29.198
560.236 29.256
560.433 29.276
560.630 29.350
560.826 29.460
561.023 29.547
561.220 29.652
561.417 29.751
561.613 29.817
561.810 29.879
562.007 29.976
562.204 30.072
562.400 30.192
562.597 30.325
562.794 30.478
562.991 30.624
563.187 30.742
563.384 30.848
563.581 30.956
563.778 31.064
563.974 31.195
564.171 31.299
564.368 31.401
564.565 31.495
564.761 31.600
564.958 31.713
565.155 31.773
565.352 31.856
565.548 31.978
565.745 32.071
565.942 32.133
566.139 32.205
566.335 32.328
566.532 32.440
566.729 32.574
566.926 32.688
567.122 32.758
567.319 32.867
567.516 33.001
567.713 33.090
567.909 33.134
568.106 33.264
568.303 33.415
568.500 33.509
568.696 33.635
568.893 33.759
569.090 33.903
569.287 34.047
569.483 34.183
569.680 34.275
569.877 34.421
570.074 34.629
570.270 34.692
570.467 34.781
570.664 34.919
570.861 34.997
571.057 35.036
571.254 35.070
571.451 35.163
571.648 35.264
571.844 35.369
572.041 35.457
572.238 35.536
572.435 35.666
572.631 35.759
572.828 35.836
573.025 35.951
573.222 36.092
573.418 36.228
573.615 36.293
573.812 36.414
574.009 36.564
574.205 36.683
574.402 36.793
574.599 36.942
574.796 37.061
574.992 37.192
575.189 37.338
575.386 37.418
575.583 37.510
575.779 37.613
575.976 37.665
576.173 37.769
576.370 37.909
576.567 38.021
576.763 38.115
576.960 38.246
577.158 38.335
577.356 38.418
577.554 38.560
577.752 38.662
577.950 38.808
578.148 38.947
578.346 39.024
578.544 39.093
578.742 39.182
578.940 39.254
579.138 39.305
579.336 39.392
579.534 39.490
579.732 39.580
579.930 39.724
580.128 39.843
580.326 39.948
580.524 40.035
580.722 40.101
580.920 40.222
581.118 40.383
581.316 40.542
581.514 40.660
581.712 40.764
581.909 40.885
582.107 41.000
582.305 41.109
582.503 41.231
582.701 41.345
582.899 41.450
583.097 41.507
583.295 41.603
583.493 41.727
583.691 41.857
583.889 41.980
584.087 42.078
584.285 42.172
584.483 42.273
584.681 42.396
584.879 42.514
585.077 42.638
585.275 42.810
585.473 42.919
585.671 42.999
585.869 43.110
586.067 43.183
586.265 43.278
586.463 43.357
586.661 43.456
586.859 43.543
587.057 43.633
587.255 43.712
587.453 43.791
587.651 43.918
587.849 44.033
588.047 44.142
588.245 44.277
588.443 44.386
588.641 44.477
588.839 44.571
589.037 44.661
589.235 44.772
589.433 44.894
589.631 45.002
589.829 45.118
590.027 45.214
590.225 45.289
590.423 45.381
590.621 45.484
590.819 45.596
591.017 45.655
591.215 45.723
591.413 45.830
591.611 45.931
591.809 46.008
592.006 46.060
592.204 46.152
592.402 46.273
592.600 46.407
592.798 46.493
592.996 46.558
593.194 46.722
593.392 46.883
593.590 47.008
593.788 47.161
593.986 47.295
594.184 47.404
594.382 47.518
594.580 47.635
594.778 47.737
594.976 47.878
595.174 47.995
595.372 48.057
595.570 48.092
595.768 48.143
595.966 48.158
596.164 48.211
596.362 48.325
596.560 48.429
596.758 48.485
596.956 48.556
597.154 48.646
597.352 48.737
597.550 48.838
597.748 48.996
597.946 49.121
598.144 49.249
598.342 49.317
598.540 49.382
598.738 49.455
598.936 49.573
599.134 49.664
599.332 49.759
599.530 49.851
599.728 49.926
599.926 49.986
600.124 50.073
600.322 50.218
600.520 50.439
600.718 50.534
600.916 50.579
601.114 50.688
601.312 50.797
601.510 50.797
601.708 50.893
601.905 51.034
602.103 51.094
602.301 51.161
602.499 51.177
602.697 51.196
602.895 51.307
603.093 51.437
603.291 51.482
603.489 51.553
603.687 51.730
603.885 51.835
604.083 51.898
604.281 51.996
604.479 52.057
604.677 52.162
604.875 52.277
605.073 52.378
605.271 52.425
605.469 52.477
605.667 52.522
605.865 52.579
606.063 52.729
606.261 52.890
606.459 53.001
606.657 53.133
606.855 53.198
607.053 53.248
607.251 53.323
607.449 53.486
607.647 53.625
607.845 53.753
608.043 53.857
608.241 53.886
608.439 53.895
608.637 53.988
608.835 54.086
609.033 54.228
609.231 54.312
609.429 54.375
609.627 54.378
609.825 54.432
610.023 54.479
610.221 54.559
610.419 54.636
610.617 54.665
610.815 54.694
611.013 54.759
611.211 54.813
611.409 54.908
611.607 54.999
611.804 55.082
612.002 55.146
612.200 55.253
612.398 55.332
612.596 55.383
612.794 55.497
612.992 55.632
613.190 55.737
613.388 55.810
613.586 55.930
613.784 56.025
613.982 56.149
614.180 56.251
614.378 56.363
614.576 56.431
614.774 56.494
614.972 56.509
615.170 56.519
615.368 56.532
615.566 56.577
615.764 56.546
615.962 56.560
616.160 56.622
616.358 56.714
616.556 56.765
616.754 56.821
616.952 56.869
617.150 56.966
617.348 57.039
617.546 57.125
617.744 57.211
617.942 57.309
618.140 57.361
618.338 57.449
618.536 57.501
618.734 57.513
618.932 57.589
619.130 57.677
619.328 57.771
619.526 57.835
619.724 57.846
619.922 57.893
620.120 57.960
620.318 58.111
620.516 58.193
620.714 58.265
620.912 58.362
621.110 58.401
621.308 58.446
621.506 58.467
621.704 58.575
621.901 58.742
622.099 58.786
622.297 58.826
622.495 58.859
622.693 58.880
622.891 58.886
623.089 58.969
623.287 59.068
623.485 59.202
623.683 59.372
623.881 59.428
624.079 59.461
624.277 59.605
624.475 59.704
624.673 59.724
624.871 59.784
625.069 59.871
625.267 59.879
625.465 59.919
625.663 59.971
625.861 59.980
626.059 60.046
626.257 60.103
626.455 60.162
626.653 60.282
626.851 60.382
627.049 60.424
627.247 60.510
627.445 60.585
627.643 60.631
627.841 60.687
628.039 60.735
628.237 60.785
628.435 60.848
628.633 60.880
628.831 60.832
629.029 60.837
629.227 60.877
629.425 60.907
629.623 60.969
629.821 61.048
630.019 61.104
630.217 61.161
630.415 61.177
630.613 61.210
630.811 61.226
631.009 61.310
631.207 61.387
631.405 61.462
631.603 61.529
631.801 61.650
631.998 61.719
632.196 61.727
632.394 61.764
632.592 61.815
632.790 61.856
632.988 61.950
633.186 62.039
633.384 62.115
633.582 62.184
633.780 62.236
633.978 62.205
634.176 62.209
634.374 62.240
634.572 62.241
634.770 62.307
634.968 62.381
635.166 62.451
635.364 62.457
635.562 62.438
635.760 62.466
635.958 62.522
636.156 62.605
636.354 62.659
636.552 62.701
636.750 62.743
636.948 62.834
637.146 62.881
637.344 62.896
637.542 62.888
637.740 62.906
637.938 62.870
638.136 62.953
638.334 63.205
638.532 63.179
638.730 63.223
638.928 63.253
639.126 63.156
639.324 63.125
639.522 63.161
639.720 63.240
639.918 63.291
640.116 63.363
640.314 63.335
640.512 63.143
640.710 63.309
640.908 63.399
641.106 63.492
641.304 63.601
641.502 63.692
641.699 63.696
641.897 63.729
642.095 63.824
642.293 63.925
642.491 64.000
642.689 64.044
642.887 64.008
643.085 64.035
643.283 64.107
643.481 64.137
643.679 64.150
643.877 64.196
644.075 64.249
644.273 64.322
644.471 64.332
644.669 64.292
644.867 64.302
645.065 64.339
645.263 64.325
645.461 64.292
645.659 64.316
645.857 64.373
646.055 64.429
646.253 64.468
646.451 64.462
646.649 64.468
646.847 64.493
647.045 64.530
647.243 64.620
647.441 64.747
647.639 64.864
647.837 64.992
648.035 65.048
648.233 65.087
648.431 65.126
648.629 65.161
648.827 65.246
649.025 65.369
649.223 65.380
649.421 65.350
649.619 65.346
649.817 65.317
650.015 65.300
650.213 65.301
650.411 65.276
650.609 65.224
650.807 65.231
651.005 65.246
651.203 65.248
651.401 65.290
651.599 65.292
651.796 65.244
651.994 65.215
652.192 65.224
652.390 65.273
652.588 65.324
652.786 65.417
652.984 65.485
653.182 65.533
653.380 65.526
653.578 65.519
653.776 65.577
653.974 65.676
654.172 65.792
654.370 65.817
654.568 65.754
654.766 65.714
654.964 65.716
655.162 65.707
655.360 65.687
655.558 65.676
655.756 65.716
655.954 65.752
656.152 65.749
656.350 65.741
656.548 65.716
656.746 65.731
656.944 65.753
657.142 65.754
657.340 65.797
657.538 65.827
657.736 65.849
657.934 65.883
658.132 65.886
658.330 65.919
658.528 65.925
658.726 65.985
658.924 66.077
659.122 66.185
659.320 66.269
659.518 66.233
659.716 66.221
659.914 66.301
660.112 66.384
660.310 66.475
660.508 66.534
660.706 66.556
660.904 66.581
661.102 66.618
661.300 66.609
661.498 66.587
661.696 66.651
661.893 66.695
662.091 66.670
662.289 66.662
662.487 66.657
662.685 66.616
662.883 66.636
663.081 66.656
663.279 66.675
663.477 66.694
663.675 66.692
663.873 66.733
664.071 66.802
664.269 66.838
664.467 66.808
664.665 66.807
664.863 66.839
665.061 66.853
665.259 66.814
665.457 66.785
665.655 66.818
665.853 66.835
666.051 66.806
666.249 66.789
666.447 66.831
666.645 66.861
666.843 66.811
667.041 66.770
667.239 66.731
667.437 66.761
667.635 66.800
667.833 66.755
668.031 66.734
668.229 66.766
668.427 66.779
668.625 66.806
668.823 66.812
669.021 66.848
669.219 66.902
669.417 66.956
669.615 66.997
669.813 67.008
670.011 67.103
670.209 67.188
670.407 67.169
670.605 67.073
670.803 67.001
671.001 67.014
671.199 67.056
671.397 67.030
671.595 67.063
671.792 67.088
671.990 67.005
672.188 66.914
672.386 66.874
672.584 66.886
672.782 66.941
672.980 66.955
673.178 66.959
673.376 66.950
673.574 67.023
673.772 67.037
673.970 67.048
674.168 67.176
674.366 67.278
674.564 67.358
674.762 67.379
674.960 67.401
675.158 67.421
675.356 67.414
675.554 67.458
675.752 67.424
675.950 67.426
676.148 67.429
676.346 67.400
676.544 67.362
676.742 67.280
676.940 67.317
677.138 67.357
677.336 67.362
677.534 67.393
677.732 67.366
677.930 67.387
678.128 67.411
678.326 67.439
678.524 67.427
678.722 67.402
678.920 67.437
679.118 67.400
679.316 67.408
679.514 67.438
679.712 67.390
679.910 67.370
680.108 67.367
680.306 67.296
680.504 67.180
680.702 67.182
680.900 67.248
681.098 67.194
681.296 67.114
681.494 67.092
681.691 67.083
681.889 67.107
682.087 67.110
682.285 67.057
682.483 67.033
682.681 67.116
682.879 67.164
683.077 67.177
683.275 67.213
683.473 67.312
683.671 67.321
683.869 67.315
684.067 67.368
684.265 67.424
684.463 67.563
684.661 67.672
684.859 67.687
685.057 67.649
685.255 67.604
685.453 67.662
685.651 67.680
685.849 67.724
686.047 67.752
686.245 67.749
686.443 67.716
686.641 67.665
686.839 67.660
687.037 67.654
687.235 67.683
687.433 67.745
687.631 67.794
687.829 67.823
688.027 67.767
688.225 67.755
688.423 67.673
688.621 67.659
688.819 67.622
689.017 67.633
689.215 67.637
689.413 67.610
689.611 67.532
689.809 67.462
690.007 67.451
690.205 67.488
690.403 67.532
690.601 67.621
690.799 67.653
690.997 67.691
691.195 67.673
691.393 67.670
691.591 67.684
691.788 67.768
691.986 67.806
692.184 67.793
692.382 67.805
692.580 67.780
692.778 67.806
692.976 67.789
693.174 67.754
693.372 67.768
693.570 67.742
693.768 67.765
693.966 67.732
694.164 67.689
694.362 67.658
694.560 67.664
694.758 67.662
694.956 67.665
695.154 67.734
695.352 67.814
695.550 67.812
695.748 67.796
695.946 67.721
696.144 67.702
696.342 67.761
696.540 67.831
696.744 67.818
696.948 67.806
697.152 67.728
697.357 67.730
697.561 67.676
697.765 67.640
697.969 67.741
698.173 67.831
698.377 67.823
698.581 67.791
698.786 67.780
698.990 67.731
699.194 67.722
699.398 67.775
699.602 67.712
699.806 67.664
700.010 67.613
700.215 67.578
700.419 67.560
700.623 67.571
700.827 67.557
701.031 67.537
701.235 67.573
701.440 67.609
701.644 67.630
701.848 67.619
702.052 67.633
702.256 67.695
702.460 67.622
702.664 67.555
702.869 67.545
703.073 67.593
703.277 67.616
703.481 67.623
703.685 67.622
703.889 67.545
704.093 67.568
704.298 67.618
704.502 67.607
704.706 67.659
704.910 67.779
705.114 67.805
705.318 67.799
705.522 67.736
705.727 67.762
705.931 67.759
706.135 67.785
706.339 67.809
706.543 67.821
706.747 67.863
706.951 67.859
707.156 67.761
707.360 67.694
707.564 67.644
707.768 67.584
707.972 67.570
708.176 67.573
708.380 67.602
708.585 67.585
708.789 67.508
708.993 67.405
709.197 67.363
709.401 67.342
709.605 67.420
709.810 67.466
710.014 67.545
710.218 67.497
710.422 67.455
710.626 67.467
710.830 67.464
711.034 67.469
711.239 67.474
711.443 67.467
711.647 67.463
711.851 67.356
712.055 67.285
712.259 67.283
712.463 67.291
712.668 67.299
712.872 67.269
713.076 67.286
713.280 67.343
713.484 67.403
713.688 67.421
713.892 67.420
714.097 67.470
714.301 67.513
714.505 67.481
714.709 67.502
714.913 67.486
715.117 67.450
715.321 67.396
715.526 67.316
715.730 67.318
715.934 67.378
716.138 67.390
716.342 67.394
716.546 67.389
716.750 67.365
716.955 67.298
717.159 67.340
717.363 67.380
717.567 67.389
717.771 67.455
717.975 67.509
718.180 67.489
718.384 67.487
718.588 67.514
718.792 67.515
718.996 67.597
719.200 67.660
719.404 67.610
719.609 67.584
719.813 67.578
720.017 67.566
720.221 67.465
720.425 67.455
720.629 67.493
720.833 67.466
721.038 67.402
721.242 67.322
721.446 67.349
721.650 67.370
721.854 67.408
722.058 67.454
722.262 67.429
722.467 67.456
722.671 67.401
722.875 67.363
723.079 67.386
723.283 67.430
723.487 67.460
723.691 67.453
723.896 67.454
724.100 67.347
724.304 67.240
724.508 67.251
724.712 67.259
724.916 67.274
725.120 67.309
725.325 67.326
725.529 67.356
725.733 67.382
725.937 67.359
726.141 67.280
726.345 67.287
726.550 67.338
726.754 67.364
726.958 67.371
727.162 67.357
727.366 67.283
727.570 67.247
727.774 67.209
727.979 67.155
728.183 67.090
728.387 67.144
728.591 67.184
728.795 67.164
728.999 67.084
729.203 67.057
729.408 67.119
729.612 67.228
729.816 67.196
730.020 67.162
730.224 67.117
730.428 67.124
730.632 67.128
730.837 67.115
731.041 67.082
731.245 67.097
731.449 67.094
731.653 67.093
731.857 67.067
732.061 67.124
732.266 67.154
732.470 67.191
732.674 67.236
732.878 67.297
733.082 67.319
733.286 67.387
733.490 67.425
733.695 67.461
733.899 67.399
734.103 67.367
734.307 67.347
734.511 67.331
734.715 67.348
734.920 67.392
735.124 67.367
735.328 67.366
735.532 67.383
735.736 67.442
735.940 67.426
736.144 67.448
736.349 67.419
736.553 67.376
736.757 67.376
736.961 67.407
737.165 67.361
737.369 67.330
737.573 67.375
737.778 67.406
737.982 67.322
738.186 67.226
738.390 67.206
738.594 67.172
738.798 67.134
739.002 67.126
739.207 67.053
739.411 67.009
739.615 66.983
739.819 66.967
740.023 66.848
740.227 66.837
740.431 66.990
740.636 67.029
740.840 67.060
741.044 67.125
741.248 67.077
741.452 67.057
741.656 67.080
741.860 67.103
742.065 67.054
742.269 67.060
742.473 67.060
742.677 66.967
742.881 66.908
743.085 66.893
743.290 66.897
743.494 67.026
743.698 67.087
743.902 67.081
744.106 67.094
744.310 67.041
744.514 67.065
744.719 67.035
744.923 67.088
745.127 67.201
745.331 67.261
745.535 67.195
745.739 67.058
745.943 66.995
746.148 66.958
746.352 66.971
746.556 67.100
746.760 67.066
746.964 67.065
747.168 67.022
747.372 66.990
747.577 66.889
747.781 66.841
747.985 66.880
748.189 66.920
748.393 66.989
748.597 67.021
748.801 66.955
749.006 66.916
749.210 66.894
749.414 66.799
749.618 66.663
749.822 66.645
750.026 66.691
750.230 66.745
750.435 66.721
750.639 66.689
750.843 66.624
751.047 66.554
751.251 66.595
751.455 66.562
751.660 66.553
751.864 66.608
752.068 66.640
752.272 66.639
752.476 66.618
752.680 66.614
752.884 66.528
753.089 66.445
753.293 66.512
753.497 66.546
753.701 66.627
753.905 66.739
754.109 66.672
754.313 66.679
754.518 66.725
754.722 66.729
754.926 66.817
755.130 66.830
755.334 66.838
755.538 66.807
755.742 66.713
755.947 66.689
756.151 66.652
756.355 66.789
756.559 66.804
756.763 66.699
756.967 66.632
757.171 66.554
757.376 66.543
757.580 66.495
757.784 66.429
757.988 66.441
758.192 66.398
758.396 66.403
758.600 66.278
758.805 66.295
759.009 66.407
759.213 66.520
759.417 66.543
759.621 66.491
759.825 66.497
760.030 66.549
760.234 66.637
760.438 66.627
760.642 66.545
760.846 66.565
761.050 66.507
761.254 66.491
761.459 66.454
761.663 66.362
761.867 66.412
762.071 66.492
762.275 66.518
762.479 66.527
762.683 66.616
762.888 66.733
763.092 66.701
763.296 66.652
763.500 66.675
763.709 66.596
763.918 66.609
764.126 66.586
764.335 66.515
764.544 66.519
764.753 66.503
764.962 66.448
765.171 66.334
765.379 66.346
765.588 66.443
765.797 66.396
766.006 66.389
766.215 66.382
766.424 66.391
766.632 66.446
766.841 66.452
767.050 66.421
767.259 66.437
767.468 66.490
767.677 66.500
767.885 66.449
768.094 66.417
768.303 66.413
768.512 66.449
768.721 66.462
768.929 66.429
769.138 66.385
769.347 66.326
769.556 66.231
769.765 66.170
769.974 66.210
770.182 66.268
770.391 66.280
770.600 66.255
770.809 66.229
771.018 66.167
771.227 66.159
771.435 66.206
771.644 66.263
771.853 66.350
772.062 66.400
772.271 66.300
772.480 66.124
772.688 66.094
772.897 66.175
773.106 66.340
773.315 66.408
773.524 66.418
773.732 66.334
773.941 66.305
774.150 66.249
774.359 66.221
774.568 66.236
774.777 66.285
774.985 66.286
775.194 66.254
775.403 66.098
775.612 66.088
775.821 66.025
776.030 66.022
776.238 66.003
776.447 65.955
776.656 65.906
776.865 65.898
777.074 66.015
777.283 66.072
777.491 66.085
777.700 66.080
777.909 66.059
778.118 66.116
778.327 66.059
778.535 66.047
778.744 66.105
778.953 66.121
779.162 66.061
779.371 65.969
779.580 65.909
779.788 65.930
779.997 65.978
780.206 66.041
780.415 66.016
780.624 66.038
780.833 66.019
781.041 66.072
781.250 66.173
781.459 66.304
781.668 66.342
781.877 66.272
782.086 66.080
782.294 65.998
782.503 65.950
782.712 65.905
782.921 65.851
783.130 65.842
783.338 65.806
783.547 65.781
783.756 65.741
783.965 65.738
784.174 65.790
784.383 65.938
784.591 65.910
784.800 65.901
785.009 65.911
785.218 65.950
785.427 65.904
785.636 65.808
785.844 65.716
786.053 65.655
786.262 65.657
786.471 65.665
786.680 65.673
786.889 65.657
787.097 65.696
787.306 65.789
787.515 65.865
787.724 65.908
787.933 65.891
788.141 65.880
788.350 66.002
788.559 65.987
788.768 65.959
788.977 65.925
789.186 65.971
789.394 65.880
789.603 65.760
789.812 65.651
790.021 65.648
790.230 65.685
790.439 65.704
790.647 65.677
790.856 65.593
791.065 65.540
791.274 65.538
791.483 65.568
791.692 65.541
791.900 65.469
792.109 65.537
792.318 65.549
792.527 65.670
792.736 65.686
792.944 65.633
793.153 65.693
793.362 65.830
793.571 65.818
793.780 65.826
793.989 65.890
794.197 65.924
794.406 65.862
794.615 65.750
794.824 65.682
795.033 65.735
795.242 65.851
795.450 65.942
795.659 65.913
795.868 65.827
796.077 65.742
796.286 65.708
796.495 65.850
796.703 66.000
796.912 66.087
797.121 66.002
797.330 65.930
797.539 65.658
797.747 65.432
797.956 65.391
798.165 65.437
798.374 65.452
798.583 65.359
798.792 65.240
799.000 65.132
799.209 65.193
799.418 65.211
799.627 65.174
799.836 65.285
800.045 65.511
800.253 65.418
800.462 65.317
800.671 65.273
800.880 65.393
801.089 65.462
801.298 65.455
801.506 65.358
801.715 65.369
801.924 65.384
802.133 65.353
802.342 65.217
802.550 65.265
802.759 65.441
802.968 65.512
803.177 65.484
803.386 65.462
803.595 65.407
803.803 65.362
804.012 65.341
804.221 65.374
804.430 65.441
804.639 65.460
804.848 65.488
805.056 65.457
805.265 65.532
805.474 65.641
805.683 65.653
805.892 65.827
806.101 66.081
806.309 66.093
806.518 66.095
806.727 66.078
806.936 66.088
807.145 66.135
807.353 66.075
807.562 65.869
807.771 65.858
807.980 66.006
808.189 65.796
808.398 65.410
808.606 65.370
808.815 65.419
809.024 65.380
809.233 65.269
809.442 65.228
809.651 65.295
809.859 65.467
810.068 65.429
810.277 65.219
810.486 65.310
810.695 65.594
810.904 65.650
811.112 65.681
811.321 65.600
811.530 65.664
811.740 65.596
811.949 65.527
812.159 65.363
812.368 65.242
812.578 65.199
812.787 65.228
812.997 65.396
813.206 65.397
813.416 65.305
813.625 65.352
813.835 65.227
814.044 65.247
814.254 65.298
814.463 65.368
814.673 65.324
814.882 65.337
815.092 65.289
815.301 65.070
815.511 65.027
815.720 65.044
815.930 65.079
816.139 65.222
816.349 65.130
816.558 65.010
816.768 65.064
816.977 65.131
817.187 65.233
817.396 65.061
817.606 64.979
817.815 65.147
818.025 65.070
818.234 64.919
818.444 64.810
818.653 64.859
818.863 64.830
819.072 64.832
819.282 65.025
819.491 65.025
819.701 65.070
819.910 65.084
820.120 64.987
820.329 65.202
820.539 65.373
820.748 65.443
820.958 65.554
821.167 65.619
821.377 65.512
821.586 65.237
821.796 65.072
822.005 65.237
822.215 65.370
822.424 65.315
822.634 65.111
822.843 65.125
823.053 65.159
823.262 65.185
823.472 65.234
823.681 65.169
823.891 65.272
824.100 65.518
824.310 65.531
824.519 65.270
824.729 65.122
824.938 65.063
825.148 64.988
825.357 65.023
825.567 65.008
825.776 65.139
825.986 65.282
826.195 65.204
826.405 65.013
826.614 64.909
826.824 65.045
827.033 65.248
827.243 65.343
827.452 65.430
827.662 65.481
827.871 65.410
828.081 65.328
828.290 65.401
828.500 65.436
828.709 65.533
828.919 65.616
829.128 65.603
829.338 65.452
829.547 65.434
829.757 65.438
829.966 65.295
830.176 65.166
830.385 65.114
830.595 65.116
830.804 65.085
831.014 64.886
831.223 64.872
831.433 64.847
831.642 64.840
831.852 64.749
832.061 64.514
832.271 64.546
832.480 64.838
832.690 64.693
832.899 64.486
833.109 64.709
833.318 64.839
833.528 64.823
833.737 64.770
833.947 64.822
834.156 65.001
834.366 65.356
834.575 65.303
834.785 65.114
834.994 65.295
835.204 65.355
835.413 65.243
835.623 65.252
835.832 65.210
836.042 65.341
836.251 65.489
836.461 65.370
836.670 65.170
836.880 65.217
837.089 65.352
837.299 65.264
837.508 65.274
837.718 65.365
837.927 65.517
838.137 65.609
838.346 65.411
838.556 65.243
838.765 65.336
838.975 65.401
839.184 65.324
839.394 65.122
839.603 65.130
839.813 65.206
840.022 65.079
840.232 64.925
840.441 64.876
840.651 65.139
840.860 65.204
841.070 65.162
841.279 65.248
841.489 65.417
841.698 65.446
841.908 65.428
842.117 65.257
842.327 65.076
842.536 65.033
842.746 64.956
842.955 64.889
843.165 65.023
843.374 65.162
843.584 65.125
843.793 65.067
844.003 65.260
844.212 65.448
844.422 65.530
844.631 65.601
844.841 65.758
845.050 65.895
845.260 65.770
845.469 65.500
845.679 65.171
845.888 65.068
846.098 65.248
846.307 65.120
846.517 64.836
846.726 64.778
846.936 65.077
847.145 65.070
847.355 64.883
847.564 64.884
847.774 65.484
847.983 66.487
848.193 66.563
848.402 66.407
848.612 66.341
848.821 66.525
849.031 66.662
849.240 66.401
849.450 66.413
849.659 66.471
849.869 66.411
850.078 65.928
850.288 65.293
850.497 65.377
850.707 65.356
850.916 65.295
851.126 65.152
851.335 65.164
851.545 65.265
851.754 65.219
851.964 65.373
852.173 65.554
852.383 65.584
852.592 65.487
852.802 65.484
853.011 65.433
853.221 65.335
853.430 65.235
853.640 65.218
853.849 65.330
854.059 65.186
854.268 64.993
854.478 64.915
854.687 64.842
854.897 64.795
855.106 64.771
855.316 64.789
855.525 64.837
855.735 64.928
855.944 64.797
856.154 64.816
856.363 64.995
856.573 65.043
856.782 64.888
856.992 64.774
857.201 64.709
857.411 64.579
857.620 64.587
857.830 64.783
858.039 64.918
858.249 65.071
858.458 65.059
858.668 65.074
858.877 65.103
859.087 65.425
859.296 65.618
859.506 65.646
859.715 65.625
859.925 65.528
860.134 65.431
860.344 65.366
860.553 65.351
860.763 65.366
860.972 65.171
861.182 65.134
861.391 65.088
861.601 64.923
861.810 64.958
862.020 65.046
862.229 65.028
862.439 65.143
862.648 65.309
862.858 65.318
863.067 65.055
863.277 65.174
863.486 65.335
863.696 65.240
863.905 65.332
864.115 65.346
864.324 65.401
864.534 65.631
864.743 65.533
864.953 65.364
865.162 65.325
865.372 65.399
865.581 65.501
865.791 65.675
866.000 65.789
866.210 65.952
866.419 65.914
866.629 65.706
866.838 65.552
867.048 65.534
867.257 65.719
867.467 65.871
867.676 66.023
867.886 65.888
868.095 65.693
868.305 65.683
868.514 65.666
868.724 65.560
868.933 65.732
869.143 65.675
869.352 65.476
869.562 65.303
869.771 65.266
869.981 65.063
870.190 65.053
870.400 64.902
870.609 64.861
870.819 64.979
871.028 65.400
871.238 65.503
871.447 65.693
871.657 66.032
871.866 66.028
872.076 66.123
872.285 66.116
872.495 66.109
872.704 66.057
872.914 65.992
873.123 65.855
873.333 65.583
873.542 65.497
873.752 65.413
873.961 65.502
874.171 65.523
874.380 65.097
874.590 65.129
874.799 65.462
875.009 65.792
875.218 66.002
875.428 65.761
875.637 65.685
875.847 65.949
876.056 65.966
876.266 65.709
876.475 65.666
876.685 66.031
876.894 66.283
877.104 66.030
877.313 65.759
877.523 65.701
877.732 65.890
877.942 65.858
878.151 65.504
878.361 65.488
878.570 65.625
878.780 65.752
878.989 65.827
879.199 66.062
879.408 66.175
879.618 66.101
879.827 65.979
880.037 66.322
880.246 66.648
880.456 66.681
880.665 66.568
880.875 66.512
881.084 66.605
881.294 66.328
881.503 65.722
881.713 65.544
881.922 65.666
882.132 65.575
882.341 65.150
882.551 65.031
882.760 65.029
882.970 64.941
883.179 65.003
883.389 64.754
883.598 64.754
883.808 65.115
884.017 65.319
884.227 65.211
884.436 65.119
884.646 65.109
884.855 64.833
885.065 64.648
885.274 64.807
885.484 65.033
885.693 65.442
885.903 65.237
886.112 65.042
886.322 65.101
886.531 65.470
886.741 65.723
886.950 65.973
887.160 66.310
887.369 66.386
887.579 66.380
887.788 66.018
887.998 65.842
888.207 66.256
888.417 66.400
888.626 66.279
888.836 65.803
889.045 65.428
889.255 65.262
889.464 65.448
889.674 65.694
889.883 65.515
890.093 65.381
890.302 65.199
890.512 65.133
890.721 65.328
890.931 65.302
891.140 65.514
891.350 65.718
891.559 65.653
891.769 65.359
891.978 65.134
892.188 65.392
892.397 65.520
892.607 65.483
892.816 65.512
893.026 64.890
893.235 64.496
893.445 64.622
893.654 65.001
893.864 65.364
894.073 65.527
894.283 65.901
894.492 65.712
894.702 65.653
894.911 65.907
895.121 65.908
895.330 66.045
895.540 66.464
895.749 66.568
895.959 66.320
896.168 66.076
896.378 65.789
896.587 65.957
896.797 66.192
897.006 66.213
897.216 66.122
897.425 65.954
897.635 65.872
897.844 65.797
898.054 65.783
898.263 65.815
898.473 65.640
898.682 65.531
898.892 65.442
899.101 65.688
899.311 65.705
899.520 65.560
899.730 65.702
899.939 66.023
900.149 65.944
900.358 65.821
900.568 65.949
900.777 66.129
900.987 66.198
901.196 65.757
901.406 65.454
901.615 65.602
901.825 65.706
902.034 65.620
902.244 65.598
902.453 65.625
902.663 65.536
902.872 65.206
903.082 65.277
903.291 65.557
903.501 65.793
903.710 65.748
903.920 66.067
904.129 66.209
904.339 66.290
904.548 66.100
904.758 65.948
904.967 65.942
905.177 66.176
905.386 66.370
905.596 66.244
905.805 66.068
906.015 66.180
906.224 65.954
906.434 65.807
906.643 65.769
906.853 65.874
907.062 66.119
907.272 66.030
907.481 65.934
907.691 66.060
907.900 66.063
908.110 65.907
908.319 65.813
908.529 65.662
908.738 65.613
908.948 65.763
909.157 65.588
909.367 65.282
909.576 65.606
909.786 65.627
909.995 65.085
910.205 64.820
910.414 64.905
910.624 65.166
910.833 65.582
911.043 65.658
911.252 65.609
911.462 66.129
911.672 66.314
911.881 66.002
912.091 65.858
912.300 66.089
912.512 66.325
912.724 66.596
912.937 66.529
913.149 66.461
913.361 66.608
913.573 66.258
913.786 65.913
913.998 66.176
914.210 66.127
914.422 66.545
914.634 66.563
914.847 66.643
915.059 66.447
915.271 66.433
915.483 65.972
915.696 65.650
915.908 66.085
916.120 66.111
916.332 66.045
916.544 66.633
916.757 66.611
916.969 66.315
917.181 66.396
917.393 66.613
917.606 66.254
917.818 66.343
918.030 66.537
918.242 66.650
918.454 66.648
918.667 66.520
918.879 66.305
919.091 66.283
919.303 66.262
919.516 65.729
919.728 65.798
919.940 66.635
920.152 66.914
920.364 66.691
920.577 66.182
920.789 65.868
921.001 65.892
921.213 66.130
921.426 66.484
921.638 67.124
921.850 67.097
922.062 66.518
922.274 65.899
922.487 65.836
922.699 65.866
922.911 66.295
923.123 66.834
923.336 67.065
923.548 66.837
923.760 66.343
923.972 66.013
924.184 66.150
924.397 65.988
924.609 65.894
924.821 66.114
925.033 66.354
925.246 66.101
925.458 65.974
925.670 66.067
925.882 66.121
926.094 65.875
926.307 65.698
926.519 66.127
926.731 66.848
926.943 67.202
927.156 66.931
927.368 66.839
927.580 66.969
927.792 67.140
928.004 67.314
928.217 67.404
928.429 68.066
928.641 68.597
928.853 68.548
929.066 68.484
929.278 68.415
929.490 68.237
929.702 68.133
929.914 68.096
930.127 68.136
930.339 67.859
930.551 67.798
930.763 67.375
930.976 67.074
931.188 67.068
931.400 66.875
931.612 66.792
931.824 67.060
932.037 67.232
932.249 67.495
932.461 67.641
932.673 67.873
932.886 67.817
933.098 67.757
933.310 67.882
933.522 68.171
933.734 68.549
933.947 68.292
934.159 67.973
934.371 67.966
934.583 67.420
934.796 66.645
935.008 65.967
935.220 65.893
935.432 65.647
935.644 65.147
935.857 64.938
936.069 64.545
936.281 64.577
936.493 64.172
936.706 64.609
936.918 65.859
937.130 66.761
937.342 67.196
937.554 67.034
937.767 67.751
937.979 68.321
938.191 67.910
938.403 67.858
938.616 67.879
938.828 68.685
939.040 69.083
939.252 68.648
939.464 68.081
939.677 67.844
939.889 67.497
940.101 67.483
940.313 67.996
940.526 68.319
940.738 68.326
940.950 68.380
941.162 68.131
941.374 67.493
941.587 67.867
941.799 68.196
942.011 68.387
942.223 68.812
942.436 68.342
942.648 67.444
942.860 67.529
943.072 67.129
943.284 67.101
943.497 67.349
943.709 67.676
943.921 67.424
944.133 68.284
944.346 68.852
944.558 68.910
944.770 69.072
944.982 69.361
945.194 69.359
945.407 69.964
945.619 69.833
945.831 70.016
946.043 70.229
946.256 70.492
946.468 69.760
946.680 69.214
946.892 69.517
947.104 69.781
947.317 69.629
947.529 69.251
947.741 70.015
947.953 70.857
948.166 70.062
948.378 69.437
948.590 69.382
948.802 69.103
949.014 69.146
949.227 68.494
949.439 67.833
949.651 68.318
949.863 69.707
950.076 69.468
950.288 69.429
950.500 70.135
950.712 69.916
950.924 69.475
951.137 70.818
951.349 72.259
951.561 72.721
951.773 75.306
951.986 77.958
952.198 76.267
952.410 74.734
952.622 73.518
952.834 73.647
953.047 74.917
953.259 74.649
953.471 72.601
953.683 70.205
953.896 71.462
954.108 70.394
954.320 66.518
954.532 66.267
954.744 67.554
954.957 69.107
955.169 68.943
955.381 68.405
955.593 68.093
955.806 68.262
956.018 68.519
956.230 67.296
956.442 65.985
956.654 66.857
956.867 67.411
957.079 67.416
957.291 67.372
957.503 68.387
957.716 68.348
957.928 69.045
958.140 69.436
958.352 70.589
958.564 70.735
958.777 70.333
958.989 69.660
959.201 70.441
959.413 70.929
959.626 69.661
959.838 67.484
960.050 66.520
960.262 66.139
960.474 66.731
960.687 67.239
960.899 67.593
961.111 68.217
961.323 68.855
961.536 68.162
961.748 67.774
961.960 68.801
962.172 68.879
962.384 68.096
962.597 68.527
962.809 69.894
963.021 69.558
963.233 68.439
963.446 67.813
963.658 67.327
963.870 68.599
964.082 69.483
964.294 69.189
964.507 69.262
964.719 70.591
964.931 70.789
965.143 69.352
965.356 69.007
965.568 69.657
965.780 70.509
966.000 70.833
966.221 69.316
966.441 68.320
966.662 68.929
966.882 70.532
967.103 69.861
967.323 68.405
967.543 68.576
967.764 68.807
967.984 68.441
968.205 68.310
968.425 68.731
968.645 68.600
968.866 68.081
969.086 67.704
969.307 67.781
969.527 69.087
969.748 70.179
969.968 69.920
970.188 69.453
970.409 69.125
970.629 69.310
970.850 70.321
971.070 70.420
971.290 70.550
971.511 70.101
971.731 70.152
971.952 70.542
972.172 69.491
972.393 69.214
972.613 69.347
972.833 70.427
973.054 71.240
973.274 70.022
973.495 70.198
973.715 71.168
973.936 72.786
974.156 72.319
974.376 71.930
974.597 73.568
974.817 73.310
975.038 72.242
975.258 71.370
975.478 70.561
975.699 71.033
975.919 71.751
976.140 72.297
976.360 71.546
976.581 71.095
976.801 70.266
977.021 69.587
977.242 68.592
977.462 68.512
977.683 70.631
977.903 70.998
978.123 71.776
978.344 71.984
978.564 70.796
978.785 70.257
979.005 70.727
979.226 71.234
979.446 71.491
979.666 72.457
979.887 72.724
980.107 71.335
980.328 71.148
980.548 70.916
980.769 70.055
980.989 68.005
981.209 67.426
981.430 68.319
981.650 68.426
981.871 68.152
982.091 68.103
982.311 69.657
982.532 68.857
982.752 68.508
982.973 68.006
983.193 68.328
983.414 70.894
983.634 71.857
983.854 70.465
984.075 70.440
984.295 70.850
984.516 70.982
984.736 70.789
984.956 71.920
985.177 72.280
985.397 70.761
985.618 71.049
985.838 70.703
986.059 69.094
986.279 68.536
986.499 67.677
986.720 67.830
986.940 69.498
987.161 67.887
987.381 66.062
987.602 66.217
987.822 68.731
988.042 67.506
988.263 66.798
988.483 67.862
988.704 67.571
988.924 67.224
989.144 66.519
989.365 66.326
989.585 70.000
989.806 70.929
990.026 69.635
990.247 67.940
990.467 68.327
990.687 69.340
990.908 69.865
991.128 71.509
991.349 72.539
991.569 72.153
991.789 70.919
992.010 68.991
992.230 68.977
992.451 68.461
992.671 69.348
992.892 73.413
993.112 75.555
993.332 74.701
993.553 74.052
993.773 75.105
993.994 74.400
994.214 73.238
994.435 72.476
994.655 73.740
994.875 75.389
995.096 76.721
995.316 76.373
995.537 73.538
995.757 72.551
995.977 71.525
996.198 67.992
996.418 67.028
996.639 68.431
996.859 68.887
997.080 69.456
997.300 72.222
997.520 70.414
997.741 64.900
997.961 65.314
998.182 66.416
998.402 65.205
998.622 69.541
998.843 76.017
999.063 76.823
999.284 76.360
999.504 73.144
999.725 69.444
999.945 69.902
1000.165 73.940
1000.386 73.273
1000.606 73.179
1000.827 75.718
1001.047 73.013
1001.268 67.441
1001.488 66.710
1001.708 69.705
1001.929 72.564
1002.149 73.821
1002.370 71.150
1002.590 70.368
1002.810 74.456
1003.031 73.066
1003.251 70.213
1003.472 71.350
1003.692 73.192
1003.913 72.890
1004.133 68.777
1004.353 68.594
1004.574 68.657
1004.794 73.122
1005.015 76.451
1005.235 70.906
1005.455 71.298
1005.676 75.083
1005.896 75.925
1006.117 75.593
1006.337 76.297
1006.558 80.750
1006.778 79.990
1006.998 77.528
1007.219 73.890
1007.439 67.629
1007.660 68.916
1007.880 71.771
1008.101 70.105
1008.321 65.751
1008.541 64.457
1008.762 65.548
1008.982 64.893
1009.203 67.079
1009.423 68.929
1009.643 69.563
1009.864 71.597
1010.084 69.449
1010.305 67.354
1010.525 70.534
1010.746 72.378
1010.966 68.792
1011.186 65.393
1011.407 62.366
1011.627 57.760
1011.848 55.951
1012.068 55.268
1012.288 53.829
1012.509 55.723
1012.729 54.700
1012.950 47.430
