200.182 79.509
200.437 78.715
200.691 77.788
200.946 76.978
201.201 76.030
201.455 75.275
201.710 74.519
201.964 73.832
202.219 73.285
202.474 72.611
202.728 71.886
202.983 71.215
203.237 70.558
203.492 69.633
203.747 68.470
204.001 67.473
204.256 66.453
204.510 65.424
204.765 64.557
205.020 63.868
205.274 63.157
205.529 62.135
205.783 61.132
206.038 60.157
206.293 59.053
206.547 58.041
206.802 56.940
207.057 55.991
207.311 54.997
207.566 54.061
207.820 53.237
208.075 52.363
208.330 51.437
208.584 50.502
208.839 49.733
209.093 48.943
209.348 48.023
209.603 47.234
209.857 46.210
210.112 45.327
210.366 44.551
210.621 43.693
210.876 42.793
211.130 42.115
211.385 41.423
211.639 40.736
211.894 39.942
212.149 39.144
212.403 38.448
212.658 37.682
212.913 36.861
213.167 36.127
213.422 35.523
213.676 34.718
213.931 33.977
214.186 33.275
214.440 32.636
214.695 32.056
214.949 31.547
215.204 31.048
215.459 30.515
215.713 30.027
215.968 29.517
216.222 28.897
216.477 28.251
216.732 27.813
216.986 27.319
217.241 26.740
217.495 26.206
217.750 25.689
218.005 25.255
218.259 24.812
218.514 24.292
218.769 23.772
219.023 23.328
219.278 22.906
219.532 22.378
219.787 21.897
220.042 21.473
220.296 21.066
220.551 20.611
220.805 20.216
221.060 19.847
221.315 19.474
221.569 19.074
221.824 18.726
222.078 18.422
222.333 18.072
222.588 17.744
222.842 17.369
223.097 17.013
223.351 16.696
223.606 16.270
223.861 15.818
224.115 15.446
224.370 15.103
224.625 14.737
224.879 14.383
225.134 13.974
225.388 13.648
225.643 13.362
225.898 13.070
226.152 12.773
226.407 12.477
226.661 12.128
226.916 11.818
227.171 11.488
227.425 11.152
227.680 10.868
227.934 10.623
228.189 10.347
228.444 10.135
228.698 9.903
228.953 9.659
229.208 9.467
229.462 9.208
229.717 8.974
229.971 8.747
230.226 8.543
230.481 8.337
230.735 8.147
230.990 7.968
231.244 7.778
231.499 7.597
231.754 7.433
232.008 7.272
232.263 7.142
232.517 6.995
232.772 6.857
233.027 6.693
233.281 6.516
233.536 6.364
233.790 6.204
234.045 6.070
234.300 5.936
234.554 5.804
234.809 5.671
235.064 5.571
235.318 5.495
235.573 5.420
235.827 5.328
236.082 5.230
236.337 5.157
236.591 5.082
236.846 5.004
237.100 4.927
237.355 4.872
237.610 4.815
237.864 4.745
238.119 4.708
238.373 4.654
238.628 4.595
238.883 4.548
239.137 4.491
239.392 4.436
239.646 4.392
239.901 4.354
240.156 4.312
240.410 4.292
240.665 4.260
240.920 4.216
241.174 4.183
241.429 4.158
241.683 4.126
241.938 4.094
242.193 4.073
242.447 4.048
242.702 4.028
242.956 4.006
243.211 3.982
243.466 3.964
243.720 3.962
243.975 3.955
244.229 3.938
244.484 3.911
244.739 3.895
244.993 3.888
245.248 3.876
245.503 3.868
245.757 3.863
246.012 3.856
246.266 3.851
246.521 3.845
246.776 3.848
247.030 3.836
247.285 3.817
247.539 3.804
247.794 3.795
248.049 3.787
248.303 3.777
248.558 3.784
248.812 3.783
249.067 3.759
249.322 3.750
249.576 3.748
249.831 3.746
250.085 3.740
250.340 3.739
250.595 3.743
250.849 3.753
251.104 3.753
251.359 3.754
251.613 3.760
251.868 3.758
252.122 3.748
252.377 3.745
252.632 3.748
252.886 3.740
253.141 3.728
253.395 3.725
253.650 3.724
253.905 3.723
254.161 3.722
254.416 3.723
254.672 3.738
254.927 3.754
255.183 3.755
255.438 3.753
255.694 3.762
255.949 3.773
256.205 3.774
256.460 3.775
256.715 3.774
256.971 3.779
257.226 3.786
257.482 3.794
257.737 3.795
257.993 3.793
258.248 3.795
258.504 3.795
258.759 3.789
259.014 3.794
259.270 3.795
259.525 3.786
259.781 3.792
260.036 3.812
260.292 3.828
260.547 3.832
260.803 3.838
261.058 3.851
261.314 3.856
261.569 3.854
261.824 3.852
262.080 3.856
262.335 3.860
262.591 3.876
262.846 3.891
263.102 3.890
263.357 3.884
263.613 3.891
263.868 3.893
264.123 3.884
264.379 3.877
264.634 3.878
264.890 3.877
265.145 3.888
265.401 3.894
265.656 3.897
265.912 3.900
266.167 3.890
266.423 3.877
266.678 3.880
266.933 3.882
267.189 3.878
267.444 3.873
267.700 3.870
267.955 3.866
268.211 3.860
268.466 3.866
268.722 3.869
268.977 3.872
269.232 3.871
269.488 3.865
269.743 3.864
269.999 3.862
270.254 3.862
270.510 3.860
270.765 3.859
271.021 3.860
271.276 3.861
271.532 3.862
271.787 3.863
272.042 3.858
272.298 3.849
272.553 3.838
272.809 3.832
273.064 3.834
273.320 3.844
273.575 3.849
273.831 3.845
274.086 3.843
274.342 3.841
274.597 3.833
274.852 3.833
275.108 3.840
275.363 3.839
275.619 3.825
275.874 3.806
276.130 3.792
276.385 3.788
276.641 3.786
276.896 3.782
277.151 3.780
277.407 3.778
277.662 3.769
277.918 3.755
278.173 3.742
278.429 3.731
278.684 3.734
278.940 3.742
279.195 3.737
279.451 3.740
279.706 3.741
279.961 3.740
280.217 3.739
280.472 3.741
280.728 3.734
280.983 3.725
281.239 3.717
281.494 3.713
281.750 3.717
282.005 3.718
282.260 3.714
282.516 3.702
282.771 3.693
283.027 3.692
283.282 3.699
283.538 3.694
283.793 3.685
284.049 3.676
284.304 3.667
284.560 3.658
284.815 3.650
285.070 3.647
285.326 3.647
285.581 3.650
285.837 3.638
286.092 3.629
286.348 3.628
286.603 3.629
286.859 3.620
287.114 3.614
287.369 3.611
287.625 3.612
287.880 3.615
288.136 3.626
288.391 3.629
288.647 3.624
288.902 3.608
289.158 3.597
289.413 3.598
289.669 3.600
289.924 3.605
290.179 3.611
290.435 3.612
290.690 3.606
290.946 3.599
291.201 3.595
291.457 3.599
291.712 3.604
291.968 3.604
292.223 3.594
292.479 3.588
292.734 3.581
292.989 3.582
293.245 3.588
293.500 3.594
293.756 3.594
294.011 3.597
294.267 3.596
294.522 3.587
294.778 3.590
295.033 3.591
295.288 3.591
295.544 3.589
295.799 3.585
296.055 3.583
296.310 3.584
296.566 3.589
296.821 3.598
297.077 3.599
297.332 3.595
297.588 3.590
297.843 3.587
298.098 3.590
298.354 3.594
298.609 3.592
298.865 3.587
299.120 3.588
299.376 3.590
299.631 3.587
299.887 3.590
300.142 3.598
300.397 3.602
300.653 3.602
300.908 3.597
301.164 3.593
301.419 3.595
301.675 3.590
301.930 3.582
302.186 3.577
302.441 3.576
302.697 3.567
302.952 3.560
303.207 3.557
303.463 3.555
303.718 3.543
303.974 3.535
304.229 3.538
304.485 3.538
304.740 3.537
304.996 3.537
305.251 3.539
305.506 3.535
305.762 3.530
306.017 3.529
306.273 3.534
306.528 3.538
306.784 3.546
307.039 3.553
307.295 3.547
307.550 3.543
307.806 3.554
308.061 3.564
308.316 3.565
308.572 3.562
308.827 3.560
309.083 3.558
309.338 3.555
309.594 3.548
309.849 3.552
310.105 3.554
310.360 3.547
310.615 3.540
310.871 3.536
311.126 3.531
311.382 3.534
311.637 3.535
311.893 3.530
312.148 3.525
312.404 3.515
312.659 3.512
312.915 3.511
313.170 3.510
313.429 3.509
313.688 3.509
313.947 3.509
314.206 3.512
314.465 3.512
314.724 3.512
314.983 3.511
315.242 3.508
315.501 3.503
315.760 3.501
316.019 3.507
316.278 3.514
316.536 3.517
316.795 3.518
317.054 3.526
317.313 3.533
317.572 3.542
317.831 3.554
318.090 3.557
318.349 3.558
318.608 3.560
318.867 3.556
319.126 3.553
319.385 3.562
319.644 3.573
319.903 3.574
320.162 3.577
320.421 3.582
320.680 3.583
320.939 3.581
321.198 3.577
321.457 3.575
321.716 3.574
321.975 3.567
322.234 3.565
322.493 3.563
322.752 3.559
323.010 3.560
323.269 3.558
323.528 3.546
323.787 3.539
324.046 3.540
324.305 3.548
324.564 3.552
324.823 3.550
325.082 3.552
325.341 3.562
325.600 3.571
325.859 3.576
326.118 3.592
326.377 3.602
326.636 3.604
326.895 3.609
327.154 3.609
327.413 3.612
327.672 3.615
327.931 3.620
328.190 3.624
328.449 3.628
328.708 3.635
328.967 3.640
329.226 3.650
329.485 3.654
329.743 3.655
330.002 3.651
330.261 3.654
330.520 3.656
330.779 3.652
331.038 3.656
331.297 3.666
331.556 3.669
331.815 3.666
332.074 3.658
332.333 3.661
332.592 3.673
332.851 3.674
333.110 3.675
333.369 3.670
333.628 3.662
333.887 3.659
334.146 3.661
334.405 3.666
334.664 3.677
334.923 3.698
335.182 3.711
335.441 3.705
335.700 3.700
335.959 3.705
336.217 3.714
336.476 3.728
336.735 3.735
336.994 3.749
337.253 3.779
337.512 3.804
337.771 3.816
338.030 3.821
338.289 3.832
338.548 3.847
338.807 3.862
339.066 3.877
339.325 3.881
339.584 3.889
339.843 3.903
340.102 3.907
340.361 3.911
340.620 3.921
340.879 3.928
341.138 3.925
341.397 3.917
341.656 3.916
341.915 3.917
342.174 3.913
342.433 3.927
342.691 3.950
342.950 3.963
343.209 3.974
343.468 3.986
343.727 3.993
343.986 4.008
344.245 4.021
344.504 4.031
344.763 4.046
345.022 4.053
345.281 4.059
345.540 4.067
345.799 4.072
346.058 4.075
346.317 4.081
346.576 4.093
346.835 4.111
347.094 4.124
347.353 4.139
347.612 4.146
347.871 4.161
348.130 4.170
348.389 4.166
348.648 4.170
348.907 4.175
349.166 4.196
349.424 4.212
349.683 4.224
349.942 4.246
350.201 4.263
350.460 4.273
350.719 4.270
350.978 4.264
351.237 4.280
351.496 4.300
351.755 4.304
352.014 4.311
352.273 4.311
352.532 4.312
352.791 4.318
353.050 4.326
353.309 4.335
353.568 4.336
353.827 4.341
354.086 4.343
354.345 4.339
354.604 4.340
354.863 4.336
355.122 4.356
355.381 4.363
355.640 4.361
355.898 4.363
356.157 4.370
356.416 4.384
356.675 4.403
356.934 4.416
357.193 4.441
357.452 4.467
357.711 4.475
357.970 4.495
358.229 4.510
358.488 4.506
358.747 4.501
359.006 4.502
359.265 4.526
359.524 4.556
359.783 4.571
360.042 4.580
360.301 4.585
360.560 4.590
360.819 4.599
361.078 4.603
361.337 4.611
361.596 4.637
361.855 4.662
362.114 4.683
362.372 4.714
362.631 4.728
362.890 4.740
363.149 4.746
363.408 4.758
363.667 4.770
363.926 4.778
364.185 4.791
364.444 4.800
364.703 4.813
364.962 4.808
365.221 4.818
365.480 4.839
365.745 4.840
366.009 4.851
366.274 4.874
366.539 4.885
366.804 4.894
367.068 4.903
367.333 4.905
367.598 4.911
367.863 4.914
368.127 4.922
368.392 4.940
368.657 4.956
368.921 4.947
369.186 4.938
369.451 4.951
369.716 4.963
369.980 4.970
370.245 4.986
370.510 5.002
370.775 5.014
371.039 5.022
371.304 5.031
371.569 5.035
371.834 5.048
372.098 5.062
372.363 5.068
372.628 5.074
372.892 5.088
373.157 5.086
373.422 5.080
373.687 5.089
373.951 5.102
374.216 5.105
374.481 5.116
374.746 5.134
375.010 5.143
375.275 5.138
375.540 5.127
375.804 5.120
376.069 5.119
376.334 5.133
376.599 5.143
376.863 5.150
377.128 5.162
377.393 5.175
377.658 5.179
377.922 5.178
378.187 5.187
378.452 5.186
378.716 5.182
378.981 5.179
379.246 5.178
379.511 5.189
379.775 5.204
380.040 5.215
380.305 5.217
380.570 5.222
380.834 5.231
381.099 5.251
381.364 5.260
381.629 5.262
381.893 5.269
382.158 5.273
382.423 5.266
382.687 5.274
382.952 5.289
383.217 5.295
383.482 5.303
383.746 5.308
384.011 5.318
384.276 5.329
384.541 5.324
384.805 5.311
385.070 5.307
385.335 5.316
385.599 5.332
385.864 5.341
386.129 5.352
386.394 5.357
386.658 5.353
386.923 5.356
387.188 5.349
387.453 5.343
387.717 5.352
387.982 5.354
388.247 5.353
388.511 5.351
388.776 5.348
389.041 5.347
389.306 5.345
389.570 5.336
389.835 5.328
390.100 5.323
390.365 5.333
390.629 5.342
390.894 5.346
391.159 5.349
391.424 5.351
391.688 5.346
391.953 5.344
392.218 5.353
392.482 5.353
392.747 5.353
393.012 5.350
393.277 5.355
393.541 5.366
393.806 5.372
394.071 5.381
394.336 5.380
394.600 5.379
394.865 5.379
395.130 5.382
395.394 5.392
395.659 5.400
395.924 5.400
396.189 5.403
396.453 5.413
396.718 5.420
396.983 5.415
397.248 5.412
397.512 5.411
397.777 5.409
398.042 5.401
398.306 5.395
398.571 5.395
398.836 5.392
399.101 5.389
399.365 5.391
399.630 5.407
399.895 5.420
400.160 5.418
400.424 5.413
400.689 5.422
400.954 5.437
401.219 5.453
401.483 5.452
401.748 5.442
402.013 5.445
402.277 5.443
402.542 5.441
402.807 5.453
403.072 5.468
403.336 5.483
403.601 5.500
403.866 5.505
404.131 5.511
404.395 5.521
404.660 5.533
404.929 5.533
405.198 5.535
405.466 5.540
405.735 5.551
406.004 5.566
406.273 5.569
406.542 5.559
406.810 5.547
407.079 5.543
407.348 5.551
407.617 5.555
407.886 5.569
408.154 5.579
408.423 5.584
408.692 5.594
408.961 5.602
409.229 5.613
409.498 5.630
409.767 5.636
410.036 5.633
410.305 5.632
410.573 5.642
410.842 5.646
411.111 5.657
411.380 5.664
411.649 5.661
411.917 5.647
412.186 5.643
412.455 5.639
412.724 5.638
412.993 5.640
413.261 5.643
413.530 5.641
413.799 5.644
414.068 5.658
414.337 5.673
414.605 5.683
414.874 5.688
415.143 5.692
415.412 5.695
415.681 5.697
415.949 5.687
416.218 5.692
416.487 5.699
416.756 5.708
417.024 5.720
417.293 5.717
417.562 5.710
417.831 5.717
418.100 5.732
418.368 5.742
418.637 5.748
418.906 5.754
419.175 5.760
419.444 5.758
419.712 5.756
419.981 5.756
420.250 5.764
420.519 5.772
420.788 5.766
421.056 5.757
421.325 5.762
421.594 5.760
421.863 5.759
422.132 5.764
422.400 5.761
422.669 5.760
422.938 5.767
423.207 5.776
423.476 5.780
423.744 5.781
424.013 5.787
424.282 5.794
424.551 5.800
424.819 5.795
425.088 5.788
425.357 5.788
425.626 5.787
425.895 5.785
426.163 5.784
426.432 5.793
426.701 5.799
426.970 5.789
427.239 5.784
427.507 5.778
427.776 5.780
428.045 5.791
428.314 5.801
428.583 5.809
428.851 5.817
429.120 5.818
429.389 5.821
429.658 5.826
429.927 5.832
430.195 5.832
430.464 5.828
430.733 5.832
431.002 5.838
431.271 5.846
431.539 5.852
431.808 5.854
432.077 5.861
432.346 5.871
432.614 5.872
432.883 5.874
433.152 5.885
433.421 5.892
433.690 5.895
433.958 5.906
434.227 5.910
434.496 5.907
434.765 5.904
435.034 5.909
435.302 5.913
435.571 5.911
435.840 5.911
436.116 5.916
436.393 5.925
436.669 5.934
436.945 5.943
437.221 5.957
437.498 5.972
437.774 5.984
438.050 6.002
438.326 6.016
438.603 6.025
438.879 6.042
439.155 6.052
439.431 6.061
439.708 6.072
439.984 6.077
440.260 6.086
440.537 6.093
440.813 6.096
441.089 6.105
441.365 6.118
441.642 6.121
441.918 6.128
442.194 6.141
442.470 6.132
442.747 6.123
443.023 6.116
443.299 6.117
443.575 6.129
443.852 6.135
444.128 6.146
444.404 6.157
444.680 6.156
444.957 6.158
445.233 6.163
445.509 6.176
445.786 6.187
446.062 6.188
446.338 6.193
446.614 6.198
446.891 6.207
447.167 6.214
447.443 6.226
447.719 6.231
447.996 6.233
448.272 6.235
448.548 6.241
448.824 6.239
449.101 6.239
449.377 6.250
449.653 6.259
449.930 6.260
450.206 6.260
450.482 6.273
450.758 6.280
451.035 6.283
451.311 6.284
451.587 6.283
451.863 6.286
452.140 6.295
452.416 6.298
452.692 6.306
452.968 6.313
453.245 6.317
453.521 6.324
453.797 6.327
454.074 6.327
454.350 6.331
454.626 6.336
454.902 6.341
455.179 6.348
455.455 6.351
455.731 6.346
456.007 6.344
456.284 6.342
456.560 6.338
456.836 6.346
457.112 6.347
457.389 6.344
457.665 6.346
457.941 6.342
458.218 6.339
458.494 6.340
458.770 6.339
459.046 6.339
459.323 6.347
459.599 6.357
459.875 6.365
460.151 6.372
460.428 6.378
460.704 6.387
460.980 6.387
461.256 6.387
461.533 6.394
461.809 6.400
462.085 6.396
462.361 6.389
462.638 6.389
462.914 6.402
463.190 6.409
463.467 6.414
463.743 6.413
464.019 6.404
464.295 6.394
464.572 6.394
464.848 6.399
465.124 6.409
465.400 6.414
465.677 6.420
465.953 6.427
466.229 6.428
466.505 6.430
466.782 6.426
467.058 6.423
467.334 6.422
467.611 6.425
467.887 6.434
468.163 6.437
468.439 6.443
468.716 6.447
468.992 6.447
469.268 6.452
469.544 6.457
469.821 6.458
470.097 6.455
470.373 6.445
470.649 6.440
470.926 6.441
471.202 6.441
471.478 6.443
471.755 6.440
472.031 6.445
472.307 6.447
472.583 6.449
472.860 6.463
473.136 6.477
473.412 6.484
473.688 6.487
473.965 6.492
474.241 6.498
474.517 6.503
474.793 6.511
475.070 6.521
475.346 6.530
475.622 6.536
475.899 6.540
476.175 6.547
476.451 6.553
476.727 6.558
477.004 6.555
477.280 6.542
477.556 6.538
477.832 6.541
478.109 6.539
478.385 6.534
478.661 6.533
478.937 6.537
479.214 6.539
479.490 6.540
479.766 6.538
480.043 6.542
480.319 6.542
480.595 6.541
480.871 6.552
481.148 6.560
481.424 6.560
481.700 6.558
481.976 6.564
482.253 6.572
482.529 6.577
482.805 6.578
483.081 6.583
483.358 6.586
483.634 6.596
483.910 6.601
484.186 6.609
484.463 6.613
484.739 6.611
485.015 6.622
485.292 6.634
485.568 6.639
485.844 6.645
486.120 6.655
486.397 6.655
486.673 6.659
486.949 6.675
487.225 6.687
487.502 6.696
487.778 6.703
488.054 6.713
488.330 6.721
488.607 6.725
488.883 6.725
489.159 6.731
489.436 6.735
489.712 6.729
489.988 6.727
490.264 6.735
490.541 6.741
490.817 6.745
491.093 6.748
491.369 6.757
491.646 6.767
491.922 6.774
492.198 6.783
492.474 6.792
492.751 6.802
493.027 6.806
493.303 6.813
493.580 6.822
493.856 6.835
494.132 6.856
494.408 6.866
494.685 6.876
494.961 6.888
495.237 6.907
495.513 6.925
495.790 6.939
496.066 6.960
496.342 6.979
496.618 6.993
496.895 7.008
497.171 7.019
497.447 7.027
497.724 7.036
498.000 7.048
498.276 7.063
498.552 7.078
498.829 7.083
499.105 7.080
499.381 7.080
499.657 7.087
499.934 7.091
500.210 7.105
500.486 7.123
500.762 7.142
501.039 7.152
501.315 7.158
501.591 7.174
501.867 7.191
502.144 7.205
502.420 7.217
502.696 7.230
502.973 7.242
503.249 7.254
503.525 7.264
503.801 7.269
504.078 7.279
504.354 7.285
504.630 7.294
504.906 7.302
505.183 7.311
505.459 7.327
505.735 7.336
506.011 7.342
506.288 7.356
506.564 7.368
506.840 7.378
507.117 7.392
507.393 7.413
507.669 7.428
507.945 7.443
508.222 7.455
508.498 7.465
508.774 7.475
509.050 7.485
509.327 7.501
509.603 7.516
509.879 7.531
510.155 7.542
510.432 7.559
510.708 7.574
510.984 7.587
511.261 7.606
511.537 7.622
511.813 7.638
512.089 7.650
512.366 7.664
512.642 7.673
512.918 7.677
513.194 7.687
513.471 7.701
513.747 7.710
514.023 7.725
514.299 7.744
514.576 7.757
514.852 7.771
515.128 7.790
515.405 7.801
515.681 7.815
515.957 7.843
516.233 7.867
516.510 7.884
516.786 7.906
517.062 7.919
517.338 7.929
517.615 7.942
517.891 7.956
518.167 7.976
518.443 7.984
518.720 7.987
518.996 7.993
519.272 8.005
519.548 8.012
519.825 8.021
520.101 8.041
520.377 8.072
520.654 8.093
520.930 8.104
521.206 8.126
521.482 8.146
521.759 8.164
522.035 8.180
522.311 8.194
522.587 8.214
522.864 8.238
523.140 8.260
523.416 8.282
523.692 8.303
523.969 8.315
524.245 8.323
524.521 8.338
524.798 8.350
525.074 8.354
525.350 8.361
525.626 8.378
525.903 8.393
526.179 8.398
526.455 8.407
526.731 8.427
527.008 8.452
527.284 8.468
527.560 8.485
527.836 8.499
528.113 8.514
528.389 8.530
528.665 8.542
528.942 8.557
529.218 8.580
529.494 8.621
529.770 8.643
530.047 8.655
530.323 8.671
530.599 8.692
530.875 8.713
531.152 8.734
531.428 8.754
531.704 8.769
531.980 8.779
532.257 8.799
532.533 8.816
532.809 8.828
533.086 8.839
533.362 8.854
533.638 8.865
533.914 8.880
534.191 8.890
534.467 8.901
534.743 8.920
535.019 8.938
535.296 8.957
535.572 8.980
535.848 9.003
536.124 9.022
536.401 9.045
536.677 9.061
536.953 9.076
537.230 9.084
537.506 9.100
537.782 9.127
538.058 9.143
538.335 9.159
538.611 9.178
538.887 9.194
539.163 9.210
539.440 9.229
539.716 9.241
539.992 9.254
540.268 9.273
540.545 9.287
540.821 9.303
541.097 9.315
541.373 9.329
541.650 9.351
541.926 9.373
542.202 9.393
542.479 9.409
542.755 9.426
543.031 9.448
543.307 9.467
543.584 9.479
543.860 9.485
544.136 9.493
544.412 9.507
544.689 9.531
544.965 9.548
545.241 9.560
545.517 9.577
545.794 9.593
546.070 9.600
546.356 9.596
546.642 9.606
546.928 9.623
547.214 9.635
547.500 9.641
547.786 9.650
548.072 9.662
548.358 9.679
548.644 9.699
548.930 9.716
549.216 9.731
549.502 9.744
549.788 9.757
550.074 9.778
550.360 9.797
550.646 9.815
550.932 9.831
551.218 9.846
551.504 9.862
551.790 9.876
552.076 9.883
552.362 9.898
552.648 9.912
552.934 9.924
553.220 9.939
553.506 9.952
553.793 9.976
554.079 9.996
554.365 10.007
554.651 10.017
554.937 10.026
555.223 10.046
555.509 10.070
555.795 10.081
556.081 10.092
556.367 10.105
556.653 10.126
556.939 10.141
557.225 10.157
557.511 10.163
557.797 10.171
558.083 10.185
558.369 10.203
558.655 10.218
558.941 10.233
559.227 10.247
559.513 10.261
559.799 10.279
560.085 10.297
560.371 10.315
560.657 10.326
560.943 10.340
561.229 10.362
561.515 10.379
561.801 10.387
562.087 10.388
562.373 10.391
562.659 10.401
562.945 10.412
563.231 10.427
563.517 10.437
563.803 10.445
564.089 10.460
564.375 10.471
564.661 10.487
564.947 10.502
565.233 10.516
565.519 10.529
565.805 10.540
566.091 10.545
566.377 10.553
566.663 10.564
566.949 10.574
567.235 10.586
567.521 10.594
567.807 10.605
568.093 10.622
568.379 10.637
568.665 10.650
568.951 10.665
569.237 10.674
569.524 10.686
569.810 10.694
570.096 10.706
570.382 10.718
570.668 10.733
570.954 10.742
571.240 10.744
571.526 10.749
571.812 10.761
572.098 10.778
572.384 10.792
572.670 10.794
572.956 10.795
573.242 10.801
573.528 10.809
573.814 10.820
574.100 10.823
574.386 10.833
574.672 10.847
574.958 10.863
575.244 10.878
575.530 10.893
575.816 10.909
576.102 10.919
576.388 10.924
576.674 10.935
576.960 10.946
577.248 10.955
577.536 10.964
577.824 10.970
578.113 10.982
578.401 10.993
578.689 11.004
578.977 11.019
579.265 11.031
579.553 11.041
579.841 11.055
580.130 11.070
580.418 11.086
580.706 11.093
580.994 11.107
581.282 11.127
581.570 11.143
581.858 11.155
582.147 11.165
582.435 11.177
582.723 11.191
583.011 11.207
583.299 11.220
583.587 11.233
583.875 11.248
584.164 11.264
584.452 11.286
584.740 11.305
585.028 11.324
585.316 11.332
585.604 11.339
585.892 11.349
586.181 11.357
586.469 11.363
586.757 11.376
587.045 11.389
587.333 11.404
587.621 11.413
587.909 11.420
588.198 11.421
588.486 11.427
588.774 11.438
589.062 11.448
589.350 11.462
589.638 11.466
589.927 11.469
590.215 11.474
590.503 11.488
590.791 11.502
591.079 11.511
591.367 11.524
591.655 11.535
591.944 11.548
592.232 11.553
592.520 11.562
592.808 11.575
593.096 11.585
593.384 11.596
593.672 11.607
593.961 11.614
594.249 11.621
594.537 11.635
594.825 11.650
595.113 11.663
595.401 11.679
595.689 11.691
595.978 11.700
596.266 11.707
596.554 11.717
596.842 11.733
597.130 11.748
597.418 11.768
597.706 11.789
597.995 11.800
598.283 11.810
598.571 11.811
598.859 11.814
599.147 11.822
599.435 11.837
599.723 11.845
600.012 11.851
600.300 11.857
600.588 11.865
600.876 11.875
601.164 11.885
601.452 11.895
601.740 11.901
602.029 11.906
602.317 11.912
602.605 11.913
602.893 11.924
603.181 11.928
603.469 11.938
603.757 11.953
604.046 11.963
604.334 11.969
604.622 11.981
604.910 11.988
605.198 11.993
605.486 12.002
605.774 12.016
606.063 12.026
606.351 12.033
606.639 12.045
606.927 12.051
607.215 12.061
607.503 12.075
607.791 12.094
608.080 12.105
608.368 12.114
608.656 12.130
608.944 12.138
609.232 12.150
609.520 12.159
609.808 12.177
610.097 12.195
610.385 12.208
610.673 12.225
610.961 12.237
611.249 12.252
611.537 12.273
611.825 12.282
612.114 12.285
612.402 12.291
612.690 12.298
612.978 12.307
613.266 12.319
613.554 12.333
613.843 12.343
614.131 12.346
614.419 12.345
614.707 12.352
614.995 12.358
615.283 12.362
615.571 12.377
615.860 12.401
616.148 12.418
616.436 12.437
616.724 12.448
617.012 12.453
617.300 12.469
617.588 12.484
617.877 12.498
618.165 12.505
618.453 12.518
618.741 12.536
619.029 12.546
619.317 12.555
619.605 12.563
619.894 12.577
620.182 12.593
620.470 12.603
620.758 12.622
621.046 12.640
621.334 12.649
621.622 12.662
621.911 12.678
622.199 12.693
622.487 12.707
622.775 12.718
623.063 12.731
623.351 12.745
623.639 12.759
623.928 12.775
624.216 12.792
624.504 12.804
624.792 12.814
625.080 12.823
625.368 12.830
625.656 12.841
625.945 12.863
626.233 12.878
626.521 12.892
626.809 12.901
627.097 12.911
627.385 12.921
627.673 12.928
627.962 12.939
628.250 12.945
628.538 12.946
628.826 12.952
629.114 12.957
629.402 12.973
629.690 12.993
629.979 13.015
630.267 13.025
630.555 13.034
630.843 13.045
631.131 13.054
631.419 13.065
631.707 13.080
631.996 13.103
632.284 13.121
632.572 13.130
632.860 13.138
633.148 13.137
633.436 13.137
633.724 13.153
634.013 13.164
634.301 13.182
634.589 13.189
634.877 13.188
635.165 13.200
635.453 13.213
635.741 13.226
636.030 13.229
636.318 13.232
636.606 13.241
636.894 13.251
637.182 13.269
637.470 13.276
637.759 13.285
638.047 13.300
638.335 13.304
638.623 13.304
638.911 13.309
639.199 13.319
639.487 13.332
639.776 13.343
640.064 13.359
640.352 13.376
640.640 13.389
640.928 13.398
641.216 13.407
641.504 13.420
641.793 13.426
642.081 13.431
642.369 13.441
642.657 13.452
642.945 13.466
643.233 13.481
643.521 13.488
643.810 13.494
644.098 13.500
644.386 13.511
644.674 13.523
644.962 13.528
645.250 13.534
645.538 13.535
645.827 13.533
646.115 13.538
646.403 13.535
646.691 13.535
646.979 13.542
647.267 13.538
647.555 13.525
647.844 13.526
648.132 13.526
648.420 13.523
648.708 13.520
648.996 13.522
649.284 13.527
649.572 13.519
649.861 13.521
650.149 13.530
650.437 13.542
650.725 13.556
651.013 13.561
651.301 13.561
651.589 13.563
651.878 13.560
652.166 13.570
652.454 13.588
652.742 13.598
653.030 13.607
653.318 13.617
653.606 13.640
653.895 13.656
654.183 13.669
654.471 13.685
654.759 13.690
655.047 13.698
655.335 13.706
655.623 13.716
655.912 13.728
656.200 13.739
656.488 13.757
656.776 13.760
657.064 13.756
657.352 13.761
657.640 13.767
657.929 13.771
658.217 13.778
658.505 13.793
658.793 13.804
659.081 13.812
659.369 13.825
659.657 13.840
659.946 13.852
660.234 13.866
660.522 13.877
660.810 13.880
661.098 13.884
661.386 13.892
661.675 13.900
661.963 13.906
662.251 13.914
662.539 13.931
662.827 13.944
663.115 13.959
663.403 13.980
663.692 13.998
663.980 14.018
664.268 14.039
664.556 14.054
664.844 14.073
665.132 14.090
665.420 14.106
665.709 14.130
665.997 14.152
666.285 14.175
666.573 14.194
666.861 14.207
667.149 14.232
667.437 14.248
667.726 14.266
668.014 14.273
668.302 14.276
668.590 14.293
668.878 14.312
669.166 14.322
669.454 14.334
669.743 14.344
670.031 14.353
670.319 14.361
670.607 14.374
670.895 14.393
671.183 14.398
671.471 14.402
671.760 14.407
672.048 14.415
672.336 14.430
672.624 14.453
672.912 14.465
673.200 14.469
673.488 14.480
673.777 14.494
674.065 14.505
674.353 14.517
674.641 14.529
674.929 14.537
675.217 14.542
675.505 14.557
675.794 14.568
676.082 14.579
676.370 14.590
676.658 14.600
676.946 14.611
677.234 14.619
677.522 14.629
677.811 14.641
678.099 14.654
678.387 14.664
678.675 14.674
678.963 14.682
679.251 14.698
679.539 14.716
679.828 14.723
680.116 14.735
680.404 14.748
680.692 14.761
680.980 14.770
681.268 14.778
681.556 14.787
681.845 14.790
682.133 14.795
682.421 14.805
682.709 14.816
682.997 14.826
683.285 14.830
683.573 14.841
683.862 14.845
684.150 14.854
684.438 14.868
684.726 14.879
685.014 14.900
685.302 14.907
685.591 14.931
685.879 14.955
686.167 14.964
686.455 14.976
686.743 14.994
687.031 15.009
687.319 15.028
687.608 15.041
687.896 15.054
688.184 15.067
688.472 15.065
688.760 15.069
689.048 15.080
689.336 15.088
689.625 15.092
689.913 15.087
690.201 15.084
690.489 15.089
690.777 15.101
691.065 15.113
691.353 15.120
691.642 15.131
691.930 15.137
692.218 15.147
692.506 15.157
692.794 15.169
693.082 15.185
693.370 15.193
693.659 15.194
693.947 15.200
694.235 15.206
694.523 15.209
694.811 15.227
695.099 15.246
695.387 15.259
695.676 15.264
695.964 15.278
696.252 15.291
696.540 15.303
696.836 15.312
697.133 15.314
697.429 15.322
697.725 15.333
698.021 15.347
698.318 15.353
698.614 15.354
698.910 15.359
699.207 15.365
699.503 15.380
699.799 15.397
700.095 15.411
700.392 15.418
700.688 15.423
700.984 15.432
701.281 15.446
701.577 15.466
701.873 15.474
702.169 15.496
702.466 15.510
702.762 15.511
703.058 15.517
703.355 15.521
703.651 15.536
703.947 15.547
704.243 15.551
704.540 15.555
704.836 15.570
705.132 15.570
705.428 15.570
705.725 15.572
706.021 15.563
706.317 15.567
706.614 15.578
706.910 15.591
707.206 15.613
707.502 15.642
707.799 15.666
708.095 15.682
708.391 15.696
708.688 15.711
708.984 15.717
709.280 15.715
709.576 15.707
709.873 15.722
710.169 15.734
710.465 15.744
710.762 15.754
711.058 15.754
711.354 15.758
711.650 15.778
711.947 15.809
712.243 15.822
712.539 15.837
712.836 15.840
713.132 15.843
713.428 15.843
713.724 15.848
714.021 15.856
714.317 15.874
714.613 15.890
714.910 15.908
715.206 15.929
715.502 15.945
715.798 15.949
716.095 15.945
716.391 15.957
716.687 15.978
716.984 15.995
717.280 16.018
717.576 16.032
717.872 16.043
718.169 16.040
718.465 16.047
718.761 16.065
719.058 16.082
719.354 16.079
719.650 16.075
719.946 16.087
720.243 16.089
720.539 16.094
720.835 16.104
721.131 16.119
721.428 16.129
721.724 16.131
722.020 16.134
722.317 16.146
722.613 16.166
722.909 16.167
723.205 16.183
723.502 16.199
723.798 16.223
724.094 16.253
724.391 16.269
724.687 16.281
724.983 16.303
725.279 16.309
725.576 16.310
725.872 16.323
726.168 16.322
726.465 16.314
726.761 16.314
727.057 16.330
727.353 16.362
727.650 16.384
727.946 16.395
728.242 16.409
728.539 16.422
728.835 16.426
729.131 16.439
729.427 16.449
729.724 16.451
730.020 16.453
730.316 16.468
730.613 16.465
730.909 16.481
731.205 16.501
731.501 16.513
731.798 16.545
732.094 16.563
732.390 16.555
732.687 16.546
732.983 16.536
733.279 16.541
733.575 16.546
733.872 16.544
734.168 16.561
734.464 16.575
734.761 16.580
735.057 16.591
735.353 16.615
735.649 16.635
735.946 16.641
736.242 16.661
736.538 16.684
736.835 16.697
737.131 16.690
737.427 16.707
737.723 16.726
738.020 16.745
738.316 16.766
738.612 16.784
738.909 16.798
739.205 16.815
739.501 16.826
739.797 16.846
740.094 16.878
740.390 16.904
740.686 16.916
740.982 16.924
741.279 16.932
741.575 16.951
741.871 16.956
742.168 16.960
742.464 16.969
742.760 16.991
743.056 16.993
743.353 17.004
743.649 17.031
743.945 17.046
744.242 17.064
744.538 17.094
744.834 17.107
745.130 17.111
745.427 17.108
745.723 17.113
746.019 17.122
746.316 17.127
746.612 17.145
746.908 17.169
747.204 17.173
747.501 17.188
747.797 17.199
748.093 17.197
748.390 17.209
748.686 17.242
748.982 17.251
749.278 17.245
749.575 17.252
749.871 17.244
750.167 17.246
750.464 17.273
750.760 17.300
751.056 17.324
751.352 17.338
751.649 17.342
751.945 17.357
752.241 17.362
752.538 17.368
752.834 17.378
753.130 17.384
753.426 17.381
753.723 17.383
754.019 17.395
754.315 17.406
754.611 17.417
754.908 17.444
755.204 17.489
755.500 17.505
755.797 17.527
756.093 17.529
756.389 17.530
756.685 17.537
756.982 17.553
757.278 17.563
757.574 17.564
757.871 17.556
758.167 17.551
758.463 17.554
758.759 17.559
759.056 17.579
759.352 17.603
759.648 17.621
759.945 17.636
760.241 17.639
760.537 17.663
760.833 17.677
761.130 17.690
761.426 17.699
761.722 17.693
762.019 17.693
762.315 17.706
762.611 17.725
762.907 17.753
763.204 17.785
763.500 17.806
763.804 17.840
764.108 17.866
764.412 17.893
764.716 17.897
765.020 17.894
765.324 17.931
765.628 17.956
765.932 17.980
766.236 18.006
766.540 18.015
766.844 18.011
767.148 18.030
767.452 18.062
767.756 18.086
768.060 18.111
768.364 18.125
768.668 18.135
768.972 18.149
769.276 18.166
769.580 18.180
769.884 18.216
770.188 18.242
770.492 18.253
770.796 18.264
771.100 18.296
771.404 18.321
771.708 18.328
772.012 18.347
772.316 18.375
772.620 18.397
772.924 18.406
773.228 18.405
773.532 18.401
773.836 18.428
774.140 18.442
774.444 18.469
774.748 18.497
775.052 18.510
775.356 18.520
775.659 18.547
775.963 18.589
776.267 18.627
776.571 18.647
776.875 18.664
777.179 18.684
777.483 18.700
777.787 18.709
778.091 18.718
778.395 18.743
778.699 18.779
779.003 18.795
779.307 18.800
779.611 18.807
779.915 18.823
780.219 18.843
780.523 18.874
780.827 18.907
781.131 18.918
781.435 18.939
781.739 18.948
782.043 18.973
782.347 18.979
782.651 18.975
782.955 18.985
783.259 19.003
783.563 19.037
783.867 19.045
784.171 19.061
784.475 19.068
784.779 19.061
785.083 19.063
785.387 19.074
785.691 19.065
785.995 19.071
786.299 19.086
786.603 19.094
786.907 19.114
787.211 19.146
787.515 19.163
787.819 19.184
788.123 19.187
788.427 19.174
788.731 19.184
789.035 19.206
789.339 19.233
789.643 19.238
789.947 19.247
790.251 19.271
790.555 19.290
790.859 19.310
791.163 19.339
791.467 19.368
791.771 19.367
792.075 19.366
792.379 19.380
792.683 19.410
792.987 19.440
793.291 19.453
793.595 19.472
793.899 19.498
794.203 19.504
794.507 19.500
794.811 19.500
795.115 19.508
795.419 19.526
795.723 19.531
796.027 19.526
796.331 19.550
796.635 19.579
796.939 19.576
797.243 19.580
797.547 19.594
797.851 19.624
798.155 19.646
798.459 19.647
798.763 19.650
799.067 19.642
799.371 19.625
799.674 19.636
799.978 19.645
800.282 19.675
800.586 19.679
800.890 19.669
801.194 19.689
801.498 19.711
801.802 19.726
802.106 19.730
802.410 19.752
802.714 19.761
803.018 19.781
803.322 19.806
803.626 19.825
803.930 19.851
804.234 19.885
804.538 19.896
804.842 19.913
805.146 19.925
805.450 19.934
805.754 19.927
806.058 19.953
806.362 19.975
806.666 19.987
806.970 20.004
807.274 20.029
807.578 20.068
807.882 20.061
808.186 20.054
808.490 20.064
808.794 20.087
809.098 20.100
809.402 20.106
809.706 20.113
810.010 20.110
810.314 20.142
810.618 20.172
810.922 20.153
811.226 20.120
811.530 20.098
811.834 20.095
812.137 20.093
812.441 20.103
812.744 20.116
813.048 20.120
813.351 20.128
813.655 20.124
813.958 20.109
814.262 20.121
814.565 20.135
814.869 20.121
815.172 20.104
815.476 20.114
815.779 20.134
816.083 20.157
816.386 20.152
816.690 20.169
816.993 20.203
817.297 20.242
817.600 20.297
817.904 20.332
818.208 20.351
818.511 20.341
818.815 20.314
819.118 20.324
819.422 20.354
819.725 20.363
820.029 20.357
820.332 20.361
820.636 20.390
820.939 20.413
821.243 20.407
821.546 20.411
821.850 20.443
822.153 20.494
822.457 20.530
822.760 20.545
823.064 20.559
823.367 20.562
823.671 20.572
823.974 20.582
824.278 20.611
824.582 20.622
824.885 20.631
825.189 20.669
825.492 20.713
825.796 20.719
826.099 20.693
826.403 20.714
826.706 20.758
827.010 20.785
827.313 20.779
827.617 20.791
827.920 20.793
828.224 20.785
828.527 20.790
828.831 20.797
829.134 20.803
829.438 20.837
829.741 20.878
830.045 20.898
830.348 20.875
830.652 20.878
830.956 20.884
831.259 20.898
831.563 20.910
831.866 20.926
832.170 20.985
832.473 21.023
832.777 21.027
833.080 21.020
833.384 21.031
833.687 21.052
833.991 21.063
834.294 21.037
834.598 21.004
834.901 21.012
835.205 21.020
835.508 21.012
835.812 21.007
836.115 21.003
836.419 21.028
836.722 21.030
837.026 21.047
837.330 21.072
837.633 21.086
837.937 21.097
838.240 21.099
838.544 21.111
838.847 21.132
839.151 21.152
839.454 21.174
839.758 21.203
840.061 21.236
840.365 21.274
840.668 21.273
840.972 21.289
841.275 21.321
841.579 21.359
841.882 21.381
842.186 21.415
842.489 21.429
842.793 21.443
843.097 21.451
843.400 21.456
843.704 21.446
844.007 21.441
844.311 21.470
844.614 21.499
844.918 21.530
845.221 21.550
845.525 21.555
845.828 21.554
846.132 21.548
846.435 21.599
846.739 21.625
847.042 21.656
847.346 21.694
847.649 21.728
847.953 21.726
848.256 21.748
848.560 21.788
848.863 21.861
849.167 21.920
849.471 21.944
849.774 21.943
850.078 21.991
850.381 22.041
850.685 22.055
850.988 22.100
851.292 22.110
851.595 22.153
851.899 22.162
852.202 22.158
852.506 22.206
852.809 22.259
853.113 22.270
853.416 22.265
853.720 22.281
854.023 22.323
854.327 22.352
854.630 22.363
854.934 22.359
855.237 22.373
855.541 22.387
855.845 22.404
856.148 22.395
856.452 22.385
856.755 22.392
857.059 22.393
857.362 22.419
857.666 22.450
857.969 22.445
858.273 22.434
858.576 22.432
858.880 22.408
859.183 22.383
859.487 22.340
859.790 22.302
860.094 22.289
860.397 22.310
860.701 22.323
861.004 22.339
861.308 22.309
861.611 22.291
861.915 22.274
862.219 22.249
862.522 22.240
862.826 22.229
863.129 22.242
863.433 22.227
863.736 22.188
864.040 22.180
864.343 22.203
864.647 22.203
864.950 22.170
865.254 22.171
865.557 22.144
865.861 22.120
866.164 22.132
866.468 22.137
866.771 22.109
867.075 22.097
867.378 22.056
867.682 22.012
867.985 21.998
868.289 22.010
868.593 21.983
868.896 21.938
869.200 21.915
869.503 21.893
869.807 21.922
870.110 21.909
870.414 21.928
870.717 21.928
871.021 21.891
871.324 21.877
871.628 21.895
871.931 21.932
872.235 21.936
872.538 21.907
872.842 21.893
873.145 21.866
873.449 21.841
873.752 21.850
874.056 21.854
874.359 21.828
874.663 21.856
874.967 21.886
875.270 21.902
875.574 21.911
875.877 21.877
876.181 21.819
876.484 21.780
876.788 21.787
877.091 21.763
877.395 21.738
877.698 21.749
878.002 21.759
878.305 21.767
878.609 21.748
878.912 21.718
879.216 21.682
879.519 21.656
879.823 21.662
880.126 21.668
880.430 21.692
880.733 21.735
881.037 21.741
881.341 21.712
881.644 21.684
881.948 21.698
882.251 21.743
882.555 21.764
882.858 21.768
883.162 21.795
883.465 21.825
883.769 21.862
884.072 21.879
884.376 21.892
884.679 21.906
884.983 21.897
885.286 21.903
885.590 21.902
885.893 21.926
886.197 21.953
886.500 21.975
886.804 21.988
887.107 21.991
887.411 22.044
887.715 22.083
888.018 22.076
888.322 22.070
888.625 22.115
888.929 22.107
889.232 22.094
889.536 22.088
889.839 22.079
890.143 22.088
890.446 22.081
890.750 22.058
891.053 22.055
891.357 22.053
891.660 22.080
891.964 22.111
892.267 22.108
892.571 22.113
892.874 22.147
893.178 22.149
893.482 22.164
893.785 22.177
894.089 22.215
894.392 22.276
894.696 22.324
894.999 22.362
895.303 22.393
895.606 22.407
895.910 22.431
896.213 22.431
896.517 22.423
896.820 22.429
897.124 22.435
897.427 22.461
897.731 22.527
898.034 22.600
898.338 22.654
898.641 22.686
898.945 22.730
899.248 22.764
899.552 22.808
899.856 22.853
900.159 22.881
900.463 22.911
900.766 22.891
901.070 22.892
901.373 22.898
901.677 22.921
901.980 22.928
902.284 22.909
902.587 22.946
902.891 22.939
903.194 22.893
903.498 22.905
903.801 22.924
904.105 22.945
904.408 22.970
904.712 22.966
905.015 22.943
905.319 22.944
905.622 22.962
905.926 22.917
906.230 22.858
906.533 22.841
906.837 22.850
907.140 22.890
907.444 22.956
907.747 22.986
908.051 23.039
908.354 23.090
908.658 23.127
908.961 23.146
909.265 23.148
909.568 23.172
909.872 23.199
910.175 23.201
910.479 23.189
910.782 23.176
911.086 23.178
911.389 23.173
911.693 23.189
911.996 23.175
912.300 23.201
912.613 23.206
912.926 23.187
913.238 23.196
913.551 23.244
913.864 23.279
914.176 23.335
914.489 23.367
914.802 23.414
915.115 23.502
915.427 23.528
915.740 23.595
916.053 23.679
916.366 23.676
916.678 23.678
916.991 23.712
917.304 23.763
917.617 23.775
917.929 23.802
918.242 23.817
918.555 23.869
918.868 23.907
919.180 23.939
919.493 24.004
919.806 24.039
920.119 24.064
920.431 24.056
920.744 24.072
921.057 24.109
921.370 24.150
921.682 24.209
921.995 24.257
922.308 24.313
922.621 24.397
922.933 24.457
923.246 24.460
923.559 24.499
923.872 24.565
924.184 24.595
924.497 24.655
924.810 24.760
925.123 24.876
925.435 24.984
925.748 25.073
926.061 25.123
926.374 25.122
926.686 25.181
926.999 25.267
927.312 25.383
927.625 25.489
927.937 25.512
928.250 25.622
928.563 25.755
928.876 25.838
929.188 25.946
929.501 26.064
929.814 26.195
930.127 26.269
930.439 26.388
930.752 26.487
931.065 26.556
931.378 26.601
931.690 26.686
932.003 26.771
932.316 26.846
932.629 26.881
932.941 26.928
933.254 27.015
933.567 27.039
933.880 27.086
934.192 27.231
934.505 27.362
934.818 27.462
935.131 27.570
935.443 27.735
935.756 27.828
936.069 27.944
936.382 28.050
936.694 28.214
937.007 28.317
937.320 28.375
937.633 28.397
937.945 28.458
938.258 28.481
938.571 28.494
938.884 28.601
939.196 28.728
939.509 28.851
939.822 28.918
940.135 28.958
940.447 29.042
940.760 29.139
941.073 29.181
941.386 29.269
941.698 29.296
942.011 29.377
942.324 29.504
942.637 29.562
942.949 29.645
943.262 29.780
943.575 29.900
943.888 29.988
944.200 30.052
944.513 30.124
944.826 30.211
945.139 30.276
945.451 30.321
945.764 30.340
946.077 30.311
946.390 30.311
946.702 30.304
947.015 30.281
947.328 30.258
947.641 30.263
947.953 30.268
948.266 30.239
948.579 30.263
948.892 30.265
949.204 30.255
949.517 30.254
949.830 30.290
950.143 30.378
950.455 30.485
950.768 30.522
951.081 30.507
951.394 30.547
951.706 30.615
952.019 30.603
952.332 30.609
952.645 30.672
952.957 30.703
953.270 30.687
953.583 30.702
953.896 30.710
954.208 30.643
954.521 30.586
954.834 30.583
955.147 30.512
955.459 30.462
955.772 30.358
956.085 30.344
956.398 30.355
956.710 30.365
957.023 30.385
957.336 30.462
957.649 30.545
957.961 30.610
958.274 30.680
958.587 30.639
958.900 30.636
959.212 30.612
959.525 30.454
959.838 30.389
960.151 30.459
960.463 30.445
960.776 30.446
961.089 30.408
961.402 30.385
961.714 30.425
962.027 30.390
962.340 30.352
962.653 30.345
962.965 30.347
963.278 30.329
963.591 30.290
963.904 30.245
964.216 30.185
964.529 30.181
964.842 30.230
965.154 30.281
965.467 30.284
965.780 30.242
966.094 30.295
966.409 30.373
966.723 30.388
967.037 30.391
967.352 30.444
967.666 30.456
967.980 30.507
968.295 30.593
968.609 30.557
968.923 30.458
969.238 30.438
969.552 30.397
969.866 30.497
970.181 30.588
970.495 30.548
970.809 30.546
971.124 30.612
971.438 30.587
971.752 30.693
972.067 30.722
972.381 30.620
972.695 30.571
973.010 30.540
973.324 30.542
973.638 30.553
973.953 30.596
974.267 30.674
974.581 30.711
974.896 30.716
975.210 30.732
975.524 30.748
975.839 30.817
976.153 30.954
976.467 31.037
976.781 31.063
977.096 31.052
977.410 30.992
977.724 31.123
978.039 31.208
978.353 31.298
978.667 31.544
978.982 31.699
979.296 31.788
979.610 31.843
979.925 31.843
980.239 31.885
980.553 31.865
980.868 31.926
981.182 32.010
981.496 32.051
981.811 31.948
982.125 31.906
982.439 31.956
982.754 32.008
983.068 32.014
983.382 32.074
983.697 32.195
984.011 32.268
984.325 32.315
984.640 32.326
984.954 32.386
985.268 32.509
985.583 32.512
985.897 32.547
986.211 32.712
986.526 32.772
986.840 32.857
987.154 32.946
987.469 32.943
987.783 33.039
988.097 33.236
988.412 33.254
988.726 33.290
989.040 33.245
989.355 33.264
989.669 33.374
989.983 33.398
990.298 33.400
990.612 33.587
990.926 33.612
991.241 33.689
991.555 33.866
991.869 33.951
992.184 34.058
992.498 34.140
992.812 34.172
993.127 34.234
993.441 34.265
993.755 34.357
994.070 34.445
994.384 34.542
994.698 34.633
995.013 34.746
995.327 34.767
995.641 34.759
995.956 34.857
996.270 34.893
996.584 34.941
996.899 34.955
997.213 34.996
997.527 34.993
997.841 34.953
998.156 34.958
998.470 34.892
998.784 34.947
999.099 35.162
999.413 35.217
999.727 35.329
