200.182 83.833
200.437 83.242
200.691 82.598
200.946 81.962
201.201 81.132
201.455 80.588
201.710 79.889
201.964 79.083
202.219 78.392
202.474 77.674
202.728 76.914
202.983 76.191
203.237 75.575
203.492 74.833
203.747 73.813
204.001 72.720
204.256 71.638
204.510 70.514
204.765 69.637
205.020 69.049
205.274 68.314
205.529 67.276
205.783 66.167
206.038 65.158
206.293 64.064
206.547 63.143
206.802 62.095
207.057 61.151
207.311 60.204
207.566 59.330
207.820 58.487
208.075 57.611
208.330 56.609
208.584 55.505
208.839 54.665
209.093 53.884
209.348 53.054
209.603 52.323
209.857 51.329
210.112 50.498
210.366 49.631
210.621 48.653
210.876 47.837
211.130 47.137
211.385 46.484
211.639 45.638
211.894 44.581
212.149 43.660
212.403 42.918
212.658 42.209
212.913 41.539
213.167 40.756
213.422 40.096
213.676 39.424
213.931 38.768
214.186 38.058
214.440 37.323
214.695 36.736
214.949 36.278
215.204 35.840
215.459 35.363
215.713 34.867
215.968 34.316
216.222 33.735
216.477 33.143
216.732 32.688
216.986 32.169
217.241 31.603
217.495 31.213
217.750 30.800
218.005 30.389
218.259 29.999
218.514 29.482
218.769 28.848
219.023 28.273
219.278 27.859
219.532 27.426
219.787 27.008
220.042 26.632
220.296 26.283
220.551 25.870
220.805 25.525
221.060 25.168
221.315 24.797
221.569 24.424
221.824 24.096
222.078 23.792
222.333 23.432
222.588 23.141
222.842 22.802
223.097 22.455
223.351 22.095
223.606 21.644
223.861 21.195
224.115 20.817
224.370 20.441
224.625 20.018
224.879 19.648
225.134 19.293
225.388 19.018
225.643 18.737
225.898 18.452
226.152 18.111
226.407 17.761
226.661 17.394
226.916 17.092
227.171 16.796
227.425 16.527
227.680 16.258
227.934 16.019
228.189 15.737
228.444 15.503
228.698 15.300
228.953 15.079
229.208 14.853
229.462 14.598
229.717 14.391
229.971 14.196
230.226 14.022
230.481 13.799
230.735 13.578
230.990 13.379
231.244 13.194
231.499 13.034
231.754 12.872
232.008 12.721
232.263 12.605
232.517 12.465
232.772 12.329
233.027 12.165
233.281 11.983
233.536 11.804
233.790 11.625
234.045 11.479
234.300 11.361
234.554 11.250
234.809 11.123
235.064 11.027
235.318 10.956
235.573 10.868
235.827 10.760
236.082 10.640
236.337 10.553
236.591 10.488
236.846 10.409
237.100 10.331
237.355 10.276
237.610 10.219
237.864 10.137
238.119 10.074
238.373 10.007
238.628 9.932
238.883 9.873
239.137 9.819
239.392 9.764
239.646 9.715
239.901 9.670
240.156 9.625
240.410 9.592
240.665 9.553
240.920 9.507
241.174 9.466
241.429 9.430
241.683 9.394
241.938 9.360
242.193 9.338
242.447 9.304
242.702 9.269
242.956 9.236
243.211 9.210
243.466 9.181
243.720 9.164
243.975 9.157
244.229 9.139
244.484 9.111
244.739 9.089
244.993 9.077
245.248 9.059
245.503 9.044
245.757 9.024
246.012 9.009
246.266 9.000
246.521 8.994
246.776 8.993
247.030 8.974
247.285 8.949
247.539 8.933
247.794 8.919
248.049 8.898
248.303 8.878
248.558 8.873
248.812 8.860
249.067 8.830
249.322 8.813
249.576 8.802
249.831 8.797
250.085 8.790
250.340 8.784
250.595 8.779
250.849 8.776
251.104 8.766
251.359 8.761
251.613 8.762
251.868 8.760
252.122 8.746
252.377 8.736
252.632 8.730
252.886 8.711
253.141 8.687
253.395 8.669
253.650 8.660
253.905 8.650
254.161 8.637
254.416 8.625
254.672 8.622
254.927 8.626
255.183 8.619
255.438 8.604
255.694 8.598
255.949 8.598
256.205 8.588
256.460 8.576
256.715 8.565
256.971 8.568
257.226 8.572
257.482 8.568
257.737 8.558
257.993 8.551
258.248 8.547
258.504 8.538
258.759 8.527
259.014 8.524
259.270 8.512
259.525 8.494
259.781 8.489
260.036 8.496
260.292 8.498
260.547 8.486
260.803 8.481
261.058 8.485
261.314 8.490
261.569 8.484
261.824 8.479
262.080 8.476
262.335 8.474
262.591 8.481
262.846 8.485
263.102 8.475
263.357 8.466
263.613 8.467
263.868 8.466
264.123 8.463
264.379 8.459
264.634 8.459
264.890 8.454
265.145 8.460
265.401 8.457
265.656 8.454
265.912 8.449
266.167 8.433
266.423 8.420
266.678 8.417
266.933 8.414
267.189 8.408
267.444 8.401
267.700 8.393
267.955 8.381
268.211 8.371
268.466 8.374
268.722 8.372
268.977 8.375
269.232 8.378
269.488 8.377
269.743 8.374
269.999 8.375
270.254 8.374
270.510 8.367
270.765 8.359
271.021 8.354
271.276 8.353
271.532 8.351
271.787 8.347
272.042 8.343
272.298 8.339
272.553 8.329
272.809 8.317
273.064 8.312
273.320 8.315
273.575 8.315
273.831 8.310
274.086 8.315
274.342 8.316
274.597 8.310
274.852 8.316
275.108 8.324
275.363 8.321
275.619 8.304
275.874 8.289
276.130 8.286
276.385 8.289
276.641 8.290
276.896 8.285
277.151 8.285
277.407 8.279
277.662 8.266
277.918 8.250
278.173 8.236
278.429 8.229
278.684 8.232
278.940 8.236
279.195 8.230
279.451 8.225
279.706 8.212
279.961 8.203
280.217 8.195
280.472 8.191
280.728 8.186
280.983 8.181
281.239 8.175
281.494 8.174
281.750 8.184
282.005 8.185
282.260 8.182
282.516 8.172
282.771 8.158
283.027 8.148
283.282 8.149
283.538 8.145
283.793 8.140
284.049 8.135
284.304 8.128
284.560 8.120
284.815 8.111
285.070 8.102
285.326 8.105
285.581 8.111
285.837 8.102
286.092 8.088
286.348 8.088
286.603 8.090
286.859 8.084
287.114 8.081
287.369 8.081
287.625 8.083
287.880 8.082
288.136 8.084
288.391 8.085
288.647 8.083
288.902 8.072
289.158 8.068
289.413 8.067
289.669 8.063
289.924 8.064
290.179 8.069
290.435 8.070
290.690 8.064
290.946 8.059
291.201 8.064
291.457 8.063
291.712 8.059
291.968 8.056
292.223 8.046
292.479 8.042
292.734 8.034
292.989 8.030
293.245 8.036
293.500 8.042
293.756 8.042
294.011 8.044
294.267 8.035
294.522 8.027
294.778 8.025
295.033 8.027
295.288 8.029
295.544 8.027
295.799 8.028
296.055 8.027
296.310 8.025
296.566 8.028
296.821 8.038
297.077 8.037
297.332 8.035
297.588 8.031
297.843 8.025
298.098 8.024
298.354 8.027
298.609 8.029
298.865 8.027
299.120 8.033
299.376 8.037
299.631 8.035
299.887 8.044
300.142 8.057
300.397 8.061
300.653 8.063
300.908 8.061
301.164 8.061
301.419 8.069
301.675 8.079
301.930 8.075
302.186 8.074
302.441 8.077
302.697 8.078
302.952 8.075
303.207 8.075
303.463 8.077
303.718 8.071
303.974 8.070
304.229 8.077
304.485 8.083
304.740 8.085
304.996 8.086
305.251 8.093
305.506 8.096
305.762 8.093
306.017 8.090
306.273 8.096
306.528 8.101
306.784 8.110
307.039 8.128
307.295 8.133
307.550 8.134
307.806 8.145
308.061 8.152
308.316 8.157
308.572 8.162
308.827 8.166
309.083 8.170
309.338 8.173
309.594 8.170
309.849 8.178
310.105 8.182
310.360 8.184
310.615 8.185
310.871 8.192
311.126 8.199
311.382 8.209
311.637 8.221
311.893 8.227
312.148 8.225
312.404 8.216
312.659 8.215
312.915 8.212
313.170 8.210
313.429 8.216
313.688 8.226
313.947 8.237
314.206 8.245
314.465 8.251
314.724 8.253
314.983 8.255
315.242 8.254
315.501 8.249
315.760 8.247
316.019 8.252
316.278 8.259
316.536 8.266
316.795 8.267
317.054 8.273
317.313 8.276
317.572 8.287
317.831 8.301
318.090 8.311
318.349 8.314
318.608 8.321
318.867 8.326
319.126 8.326
319.385 8.338
319.644 8.354
319.903 8.357
320.162 8.358
320.421 8.362
320.680 8.366
320.939 8.365
321.198 8.358
321.457 8.360
321.716 8.363
321.975 8.361
322.234 8.362
322.493 8.364
322.752 8.363
323.010 8.363
323.269 8.357
323.528 8.352
323.787 8.355
324.046 8.359
324.305 8.364
324.564 8.365
324.823 8.360
325.082 8.360
325.341 8.370
325.600 8.380
325.859 8.391
326.118 8.410
326.377 8.421
326.636 8.422
326.895 8.427
327.154 8.427
327.413 8.425
327.672 8.422
327.931 8.429
328.190 8.437
328.449 8.444
328.708 8.450
328.967 8.460
329.226 8.469
329.485 8.473
329.743 8.473
330.002 8.470
330.261 8.468
330.520 8.467
330.779 8.466
331.038 8.475
331.297 8.489
331.556 8.495
331.815 8.494
332.074 8.482
332.333 8.482
332.592 8.491
332.851 8.490
333.110 8.491
333.369 8.485
333.628 8.476
333.887 8.464
334.146 8.459
334.405 8.456
334.664 8.453
334.923 8.463
335.182 8.472
335.441 8.460
335.700 8.456
335.959 8.459
336.217 8.462
336.476 8.466
336.735 8.469
336.994 8.481
337.253 8.502
337.512 8.515
337.771 8.521
338.030 8.519
338.289 8.525
338.548 8.532
338.807 8.539
339.066 8.548
339.325 8.539
339.584 8.535
339.843 8.544
340.102 8.545
340.361 8.546
340.620 8.558
340.879 8.565
341.138 8.559
341.397 8.542
341.656 8.535
341.915 8.531
342.174 8.523
342.433 8.530
342.691 8.542
342.950 8.546
343.209 8.549
343.468 8.557
343.727 8.557
343.986 8.563
344.245 8.567
344.504 8.570
344.763 8.577
345.022 8.578
345.281 8.576
345.540 8.570
345.799 8.566
346.058 8.567
346.317 8.571
346.576 8.570
346.835 8.567
347.094 8.563
347.353 8.568
347.612 8.570
347.871 8.584
348.130 8.590
348.389 8.581
348.648 8.576
348.907 8.579
349.166 8.592
349.424 8.599
349.683 8.607
349.942 8.619
350.201 8.628
350.460 8.630
350.719 8.624
350.978 8.612
351.237 8.623
351.496 8.630
351.755 8.625
352.014 8.624
352.273 8.627
352.532 8.618
352.791 8.608
353.050 8.611
353.309 8.616
353.568 8.607
353.827 8.602
354.086 8.592
354.345 8.571
354.604 8.563
354.863 8.556
355.122 8.571
355.381 8.573
355.640 8.564
355.898 8.562
356.157 8.562
356.416 8.560
356.675 8.561
356.934 8.562
357.193 8.582
357.452 8.603
357.711 8.598
357.970 8.603
358.229 8.605
358.488 8.592
358.747 8.586
359.006 8.583
359.265 8.595
359.524 8.613
359.783 8.618
360.042 8.612
360.301 8.611
360.560 8.613
360.819 8.610
361.078 8.604
361.337 8.606
361.596 8.616
361.855 8.625
362.114 8.633
362.372 8.651
362.631 8.665
362.890 8.674
363.149 8.668
363.408 8.673
363.667 8.678
363.926 8.682
364.185 8.699
364.444 8.704
364.703 8.699
364.962 8.687
365.221 8.692
365.480 8.700
365.745 8.690
366.009 8.696
366.274 8.719
366.539 8.728
366.804 8.732
367.068 8.727
367.333 8.729
367.598 8.736
367.863 8.735
368.127 8.730
368.392 8.744
368.657 8.755
368.921 8.739
369.186 8.728
369.451 8.732
369.716 8.741
369.980 8.745
370.245 8.760
370.510 8.769
370.775 8.776
371.039 8.783
371.304 8.787
371.569 8.790
371.834 8.794
372.098 8.798
372.363 8.806
372.628 8.806
372.892 8.809
373.157 8.796
373.422 8.775
373.687 8.769
373.951 8.764
374.216 8.757
374.481 8.763
374.746 8.768
375.010 8.770
375.275 8.758
375.540 8.738
375.804 8.728
376.069 8.723
376.334 8.722
376.599 8.713
376.863 8.709
377.128 8.714
377.393 8.725
377.658 8.736
377.922 8.735
378.187 8.735
378.452 8.727
378.716 8.719
378.981 8.711
379.246 8.708
379.511 8.709
379.775 8.709
380.040 8.705
380.305 8.685
380.570 8.678
380.834 8.683
381.099 8.695
381.364 8.702
381.629 8.699
381.893 8.704
382.158 8.705
382.423 8.690
382.687 8.679
382.952 8.673
383.217 8.667
383.482 8.664
383.746 8.653
384.011 8.645
384.276 8.648
384.541 8.637
384.805 8.622
385.070 8.616
385.335 8.614
385.599 8.622
385.864 8.622
386.129 8.627
386.394 8.633
386.658 8.629
386.923 8.623
387.188 8.600
387.453 8.585
387.717 8.578
387.982 8.567
388.247 8.563
388.511 8.547
388.776 8.536
389.041 8.533
389.306 8.532
389.570 8.526
389.835 8.517
390.100 8.508
390.365 8.508
390.629 8.507
390.894 8.501
391.159 8.496
391.424 8.495
391.688 8.486
391.953 8.479
392.218 8.486
392.482 8.486
392.747 8.483
393.012 8.478
393.277 8.483
393.541 8.486
393.806 8.476
394.071 8.469
394.336 8.454
394.600 8.442
394.865 8.434
395.130 8.427
395.394 8.426
395.659 8.420
395.924 8.415
396.189 8.413
396.453 8.414
396.718 8.419
396.983 8.416
397.248 8.412
397.512 8.398
397.777 8.386
398.042 8.371
398.306 8.351
398.571 8.339
398.836 8.339
399.101 8.340
399.365 8.345
399.630 8.347
399.895 8.354
400.160 8.357
400.424 8.344
400.689 8.339
400.954 8.348
401.219 8.356
401.483 8.353
401.748 8.341
402.013 8.336
402.277 8.331
402.542 8.315
402.807 8.313
403.072 8.319
403.336 8.325
403.601 8.333
403.866 8.335
404.131 8.338
404.395 8.346
404.660 8.358
404.929 8.355
405.198 8.351
405.466 8.347
405.735 8.346
406.004 8.356
406.273 8.364
406.542 8.355
406.810 8.339
407.079 8.337
407.348 8.336
407.617 8.327
407.886 8.328
408.154 8.327
408.423 8.326
408.692 8.331
408.961 8.332
409.229 8.331
409.498 8.333
409.767 8.330
410.036 8.324
410.305 8.318
410.573 8.326
410.842 8.333
411.111 8.335
411.380 8.338
411.649 8.330
411.917 8.319
412.186 8.312
412.455 8.302
412.724 8.298
412.993 8.292
413.261 8.288
413.530 8.276
413.799 8.274
414.068 8.279
414.337 8.288
414.605 8.301
414.874 8.304
415.143 8.294
415.412 8.288
415.681 8.279
415.949 8.265
416.218 8.265
416.487 8.262
416.756 8.265
417.024 8.273
417.293 8.260
417.562 8.250
417.831 8.250
418.100 8.256
418.368 8.257
418.637 8.243
418.906 8.237
419.175 8.237
419.444 8.230
419.712 8.225
419.981 8.222
420.250 8.223
420.519 8.224
420.788 8.204
421.056 8.178
421.325 8.171
421.594 8.162
421.863 8.154
422.132 8.148
422.400 8.138
422.669 8.128
422.938 8.125
423.207 8.119
423.476 8.106
423.744 8.101
424.013 8.103
424.282 8.100
424.551 8.097
424.819 8.084
425.088 8.070
425.357 8.068
425.626 8.063
425.895 8.051
426.163 8.035
426.432 8.033
426.701 8.027
426.970 8.013
427.239 7.999
427.507 7.983
427.776 7.969
428.045 7.966
428.314 7.964
428.583 7.964
428.851 7.965
429.120 7.956
429.389 7.949
429.658 7.947
429.927 7.942
430.195 7.934
430.464 7.929
430.733 7.930
431.002 7.925
431.271 7.920
431.539 7.918
431.808 7.908
432.077 7.906
432.346 7.910
432.614 7.900
432.883 7.893
433.152 7.897
433.421 7.902
433.690 7.901
433.958 7.901
434.227 7.889
434.496 7.872
434.765 7.867
435.034 7.871
435.302 7.869
435.571 7.858
435.840 7.843
436.116 7.836
436.393 7.833
436.669 7.832
436.945 7.825
437.221 7.832
437.498 7.848
437.774 7.856
438.050 7.865
438.326 7.866
438.603 7.867
438.879 7.869
439.155 7.866
439.431 7.868
439.708 7.874
439.984 7.873
440.260 7.873
440.537 7.873
440.813 7.876
441.089 7.878
441.365 7.880
441.642 7.874
441.918 7.870
442.194 7.873
442.470 7.863
442.747 7.850
443.023 7.839
443.299 7.840
443.575 7.846
443.852 7.848
444.128 7.854
444.404 7.861
444.680 7.863
444.957 7.861
445.233 7.854
445.509 7.850
445.786 7.851
446.062 7.844
446.338 7.838
446.614 7.837
446.891 7.838
447.167 7.833
447.443 7.833
447.719 7.824
447.996 7.821
448.272 7.826
448.548 7.834
448.824 7.829
449.101 7.826
449.377 7.834
449.653 7.842
449.930 7.832
450.206 7.820
450.482 7.826
450.758 7.824
451.035 7.825
451.311 7.824
451.587 7.816
451.863 7.813
452.140 7.818
452.416 7.818
452.692 7.824
452.968 7.825
453.245 7.829
453.521 7.831
453.797 7.835
454.074 7.829
454.350 7.817
454.626 7.813
454.902 7.814
455.179 7.821
455.455 7.821
455.731 7.816
456.007 7.812
456.284 7.804
456.560 7.800
456.836 7.801
457.112 7.796
457.389 7.789
457.665 7.783
457.941 7.776
458.218 7.764
458.494 7.760
458.770 7.757
459.046 7.756
459.323 7.766
459.599 7.774
459.875 7.776
460.151 7.775
460.428 7.773
460.704 7.772
460.980 7.770
461.256 7.764
461.533 7.764
461.809 7.768
462.085 7.769
462.361 7.766
462.638 7.767
462.914 7.772
463.190 7.769
463.467 7.771
463.743 7.768
464.019 7.755
464.295 7.742
464.572 7.742
464.848 7.739
465.124 7.737
465.400 7.732
465.677 7.734
465.953 7.733
466.229 7.728
466.505 7.728
466.782 7.727
467.058 7.723
467.334 7.718
467.611 7.718
467.887 7.721
468.163 7.723
468.439 7.721
468.716 7.720
468.992 7.718
469.268 7.721
469.544 7.723
469.821 7.719
470.097 7.709
470.373 7.697
470.649 7.685
470.926 7.684
471.202 7.678
471.478 7.672
471.755 7.666
472.031 7.664
472.307 7.664
472.583 7.664
472.860 7.675
473.136 7.689
473.412 7.692
473.688 7.692
473.965 7.692
474.241 7.690
474.517 7.689
474.793 7.690
475.070 7.696
475.346 7.700
475.622 7.702
475.899 7.695
476.175 7.688
476.451 7.687
476.727 7.685
477.004 7.678
477.280 7.667
477.556 7.661
477.832 7.664
478.109 7.663
478.385 7.652
478.661 7.639
478.937 7.633
479.214 7.629
479.490 7.627
479.766 7.626
480.043 7.627
480.319 7.623
480.595 7.621
480.871 7.629
481.148 7.631
481.424 7.621
481.700 7.618
481.976 7.616
482.253 7.616
482.529 7.612
482.805 7.606
483.081 7.601
483.358 7.592
483.634 7.595
483.910 7.592
484.186 7.589
484.463 7.585
484.739 7.579
485.015 7.578
485.292 7.581
485.568 7.579
485.844 7.577
486.120 7.578
486.397 7.573
486.673 7.574
486.949 7.579
487.225 7.580
487.502 7.584
487.778 7.585
488.054 7.592
488.330 7.598
488.607 7.593
488.883 7.584
489.159 7.581
489.436 7.575
489.712 7.563
489.988 7.555
490.264 7.553
490.541 7.552
490.817 7.549
491.093 7.547
491.369 7.551
491.646 7.553
491.922 7.553
492.198 7.554
492.474 7.554
492.751 7.560
493.027 7.561
493.303 7.558
493.580 7.557
493.856 7.567
494.132 7.578
494.408 7.577
494.685 7.571
494.961 7.569
495.237 7.573
495.513 7.579
495.790 7.587
496.066 7.599
496.342 7.603
496.618 7.606
496.895 7.614
497.171 7.613
497.447 7.609
497.724 7.607
498.000 7.604
498.276 7.607
498.552 7.613
498.829 7.614
499.105 7.612
499.381 7.611
499.657 7.612
499.934 7.614
500.210 7.622
500.486 7.628
500.762 7.638
501.039 7.639
501.315 7.639
501.591 7.649
501.867 7.660
502.144 7.666
502.420 7.666
502.696 7.664
502.973 7.658
503.249 7.654
503.525 7.652
503.801 7.650
504.078 7.648
504.354 7.641
504.630 7.643
504.906 7.646
505.183 7.645
505.459 7.648
505.735 7.646
506.011 7.643
506.288 7.651
506.564 7.660
506.840 7.658
507.117 7.665
507.393 7.674
507.669 7.674
507.945 7.676
508.222 7.678
508.498 7.676
508.774 7.675
509.050 7.674
509.327 7.680
509.603 7.682
509.879 7.687
510.155 7.694
510.432 7.703
510.708 7.704
510.984 7.704
511.261 7.712
511.537 7.718
511.813 7.722
512.089 7.727
512.366 7.735
512.642 7.737
512.918 7.735
513.194 7.734
513.471 7.733
513.747 7.730
514.023 7.739
514.299 7.750
514.576 7.756
514.852 7.766
515.128 7.778
515.405 7.782
515.681 7.784
515.957 7.790
516.233 7.796
516.510 7.801
516.786 7.807
517.062 7.807
517.338 7.804
517.615 7.802
517.891 7.808
518.167 7.821
518.443 7.820
518.720 7.814
518.996 7.817
519.272 7.820
519.548 7.825
519.825 7.834
520.101 7.852
520.377 7.874
520.654 7.888
520.930 7.892
521.206 7.907
521.482 7.919
521.759 7.925
522.035 7.928
522.311 7.939
522.587 7.953
522.864 7.967
523.140 7.974
523.416 7.980
523.692 7.988
523.969 7.988
524.245 7.990
524.521 8.005
524.798 8.013
525.074 8.013
525.350 8.020
525.626 8.034
525.903 8.046
526.179 8.044
526.455 8.047
526.731 8.060
527.008 8.073
527.284 8.081
527.560 8.090
527.836 8.098
528.113 8.113
528.389 8.128
528.665 8.141
528.942 8.153
529.218 8.179
529.494 8.220
529.770 8.240
530.047 8.255
530.323 8.272
530.599 8.291
530.875 8.309
531.152 8.325
531.428 8.341
531.704 8.360
531.980 8.374
532.257 8.391
532.533 8.409
532.809 8.431
533.086 8.455
533.362 8.478
533.638 8.501
533.914 8.524
534.191 8.546
534.467 8.570
534.743 8.599
535.019 8.622
535.296 8.653
535.572 8.690
535.848 8.721
536.124 8.752
536.401 8.786
536.677 8.821
536.953 8.856
537.230 8.883
537.506 8.918
537.782 8.965
538.058 9.006
538.335 9.041
538.611 9.085
538.887 9.132
539.163 9.177
539.440 9.233
539.716 9.287
539.992 9.341
540.268 9.405
540.545 9.467
540.821 9.529
541.097 9.590
541.373 9.654
541.650 9.727
541.926 9.805
542.202 9.885
542.479 9.960
542.755 10.037
543.031 10.125
543.307 10.214
543.584 10.299
543.860 10.390
544.136 10.480
544.412 10.576
544.689 10.682
544.965 10.786
545.241 10.891
545.517 11.003
545.794 11.121
546.070 11.230
546.356 11.332
546.642 11.451
546.928 11.586
547.214 11.725
547.500 11.860
547.786 11.999
548.072 12.147
548.358 12.305
548.644 12.464
548.930 12.629
549.216 12.799
549.502 12.979
549.788 13.158
550.074 13.346
550.360 13.537
550.646 13.727
550.932 13.925
551.218 14.132
551.504 14.345
551.790 14.563
552.076 14.789
552.362 15.015
552.648 15.237
552.934 15.472
553.220 15.716
553.506 15.961
553.793 16.218
554.079 16.478
554.365 16.747
554.651 17.023
554.937 17.298
555.223 17.583
555.509 17.879
555.795 18.172
556.081 18.476
556.367 18.782
556.653 19.095
556.939 19.413
557.225 19.737
557.511 20.060
557.797 20.394
558.083 20.738
558.369 21.090
558.655 21.450
558.941 21.813
559.227 22.180
559.513 22.548
559.799 22.928
560.085 23.319
560.371 23.709
560.657 24.101
560.943 24.490
561.229 24.888
561.515 25.300
561.801 25.705
562.087 26.114
562.373 26.531
562.659 26.955
562.945 27.389
563.231 27.818
563.517 28.251
563.803 28.687
564.089 29.131
564.375 29.576
564.661 30.020
564.947 30.470
565.233 30.925
565.519 31.380
565.805 31.843
566.091 32.306
566.377 32.765
566.663 33.233
566.949 33.699
567.235 34.169
567.521 34.638
567.807 35.111
568.093 35.591
568.379 36.076
568.665 36.561
568.951 37.047
569.237 37.526
569.524 38.004
569.810 38.481
570.096 38.968
570.382 39.458
570.668 39.948
570.954 40.432
571.240 40.908
571.526 41.381
571.812 41.856
572.098 42.329
572.384 42.820
572.670 43.302
572.956 43.775
573.242 44.255
573.528 44.724
573.814 45.191
574.100 45.657
574.386 46.124
574.672 46.589
574.958 47.051
575.244 47.506
575.530 47.961
575.816 48.414
576.102 48.857
576.388 49.300
576.674 49.749
576.960 50.191
577.248 50.620
577.536 51.044
577.824 51.478
578.113 51.901
578.401 52.326
578.689 52.755
578.977 53.182
579.265 53.598
579.553 53.998
579.841 54.394
580.130 54.780
580.418 55.160
580.706 55.553
580.994 55.950
581.282 56.335
581.570 56.716
581.858 57.092
582.147 57.469
582.435 57.835
582.723 58.191
583.011 58.553
583.299 58.905
583.587 59.261
583.875 59.616
584.164 59.961
584.452 60.306
584.740 60.638
585.028 60.974
585.316 61.300
585.604 61.626
585.892 61.938
586.181 62.234
586.469 62.525
586.757 62.815
587.045 63.106
587.333 63.402
587.621 63.681
587.909 63.948
588.198 64.214
588.486 64.477
588.774 64.736
589.062 64.998
589.350 65.262
589.638 65.514
589.927 65.744
590.215 65.971
590.503 66.208
590.791 66.446
591.079 66.688
591.367 66.922
591.655 67.136
591.944 67.343
592.232 67.544
592.520 67.743
592.808 67.951
593.096 68.143
593.384 68.332
593.672 68.524
593.961 68.714
594.249 68.892
594.537 69.061
594.825 69.234
595.113 69.407
595.401 69.568
595.689 69.736
595.978 69.905
596.266 70.053
596.554 70.185
596.842 70.336
597.130 70.496
597.418 70.648
597.706 70.805
597.995 70.955
598.283 71.085
598.571 71.206
598.859 71.320
599.147 71.445
599.435 71.566
599.723 71.683
600.012 71.809
600.300 71.932
600.588 72.043
600.876 72.142
601.164 72.239
601.452 72.326
601.740 72.411
602.029 72.513
602.317 72.622
602.605 72.714
602.893 72.798
603.181 72.873
603.469 72.954
603.757 73.030
604.046 73.097
604.334 73.167
604.622 73.238
604.910 73.308
605.198 73.379
605.486 73.454
605.774 73.516
606.063 73.588
606.351 73.665
606.639 73.735
606.927 73.796
607.215 73.863
607.503 73.925
607.791 73.998
608.080 74.058
608.368 74.117
608.656 74.174
608.944 74.228
609.232 74.285
609.520 74.354
609.808 74.426
610.097 74.510
610.385 74.568
610.673 74.637
610.961 74.705
611.249 74.756
611.537 74.793
611.825 74.837
612.114 74.886
612.402 74.945
612.690 75.004
612.978 75.048
613.266 75.085
613.554 75.123
613.843 75.174
614.131 75.224
614.419 75.255
614.707 75.282
614.995 75.318
615.283 75.350
615.571 75.399
615.860 75.459
616.148 75.500
616.436 75.555
616.724 75.602
617.012 75.639
617.300 75.671
617.588 75.700
617.877 75.732
618.165 75.759
618.453 75.804
618.741 75.833
619.029 75.865
619.317 75.907
619.605 75.928
619.894 75.948
620.182 75.986
620.470 76.015
620.758 76.032
621.046 76.052
621.334 76.089
621.622 76.138
621.911 76.193
622.199 76.239
622.487 76.270
622.775 76.291
623.063 76.308
623.351 76.337
623.639 76.362
623.928 76.398
624.216 76.442
624.504 76.467
624.792 76.486
625.080 76.511
625.368 76.528
625.656 76.546
625.945 76.563
626.233 76.580
626.521 76.606
626.809 76.642
627.097 76.666
627.385 76.687
627.673 76.691
627.962 76.708
628.250 76.715
628.538 76.717
628.826 76.729
629.114 76.764
629.402 76.792
629.690 76.817
629.979 76.831
630.267 76.841
630.555 76.871
630.843 76.901
631.131 76.918
631.419 76.924
631.707 76.947
631.996 76.987
632.284 77.016
632.572 77.029
632.860 77.039
633.148 77.036
633.436 77.031
633.724 77.030
634.013 77.045
634.301 77.068
634.589 77.093
634.877 77.105
635.165 77.130
635.453 77.150
635.741 77.162
636.030 77.165
636.318 77.183
636.606 77.211
636.894 77.224
637.182 77.238
637.470 77.253
637.759 77.259
638.047 77.279
638.335 77.310
638.623 77.344
638.911 77.375
639.199 77.394
639.487 77.400
639.776 77.402
640.064 77.405
640.352 77.421
640.640 77.451
640.928 77.485
641.216 77.512
641.504 77.519
641.793 77.516
642.081 77.532
642.369 77.548
642.657 77.564
642.945 77.578
643.233 77.593
643.521 77.605
643.810 77.614
644.098 77.623
644.386 77.615
644.674 77.604
644.962 77.590
645.250 77.571
645.538 77.547
645.827 77.518
646.115 77.505
646.403 77.483
646.691 77.449
646.979 77.424
647.267 77.403
647.555 77.374
647.844 77.345
648.132 77.309
648.420 77.271
648.708 77.238
648.996 77.231
649.284 77.220
649.572 77.200
649.861 77.189
650.149 77.191
650.437 77.204
650.725 77.209
651.013 77.199
651.301 77.197
651.589 77.173
651.878 77.151
652.166 77.141
652.454 77.143
652.742 77.138
653.030 77.142
653.318 77.152
653.606 77.169
653.895 77.184
654.183 77.188
654.471 77.194
654.759 77.197
655.047 77.186
655.335 77.181
655.623 77.181
655.912 77.179
656.200 77.162
656.488 77.146
656.776 77.148
657.064 77.150
657.352 77.154
657.640 77.157
657.929 77.175
658.217 77.183
658.505 77.181
658.793 77.189
659.081 77.185
659.369 77.166
659.657 77.157
659.946 77.153
660.234 77.149
660.522 77.162
660.810 77.177
661.098 77.173
661.386 77.166
661.675 77.179
661.963 77.186
662.251 77.187
662.539 77.205
662.827 77.234
663.115 77.279
663.403 77.328
663.692 77.345
663.980 77.376
664.268 77.419
664.556 77.466
664.844 77.504
665.132 77.538
665.420 77.566
665.709 77.604
665.997 77.650
666.285 77.697
666.573 77.726
666.861 77.740
667.149 77.759
667.437 77.781
667.726 77.808
668.014 77.834
668.302 77.844
668.590 77.862
668.878 77.884
669.166 77.908
669.454 77.914
669.743 77.918
670.031 77.939
670.319 77.940
670.607 77.948
670.895 77.951
671.183 77.945
671.471 77.932
671.760 77.930
672.048 77.923
672.336 77.929
672.624 77.947
672.912 77.955
673.200 77.957
673.488 77.965
673.777 77.979
674.065 77.993
674.353 77.984
674.641 77.972
674.929 77.973
675.217 77.982
675.505 77.976
675.794 77.967
676.082 77.963
676.370 77.949
676.658 77.966
676.946 78.006
677.234 78.027
677.522 78.041
677.811 78.055
678.099 78.041
678.387 78.025
678.675 78.037
678.963 78.047
679.251 78.039
679.539 78.036
679.828 78.045
680.116 78.049
680.404 78.051
680.692 78.042
680.980 78.040
681.268 78.053
681.556 78.052
681.845 78.038
682.133 78.013
682.421 78.008
682.709 78.008
682.997 78.010
683.285 78.001
683.573 78.002
683.862 77.994
684.150 77.983
684.438 77.988
684.726 77.989
685.014 77.988
685.302 77.979
685.591 77.974
685.879 77.980
686.167 77.982
686.455 77.977
686.743 77.976
687.031 77.978
687.319 77.982
687.608 77.976
687.896 77.992
688.184 77.985
688.472 77.985
688.760 77.998
689.048 78.014
689.336 78.004
689.625 77.999
689.913 77.990
690.201 77.980
690.489 77.975
690.777 77.961
691.065 77.967
691.353 77.963
691.642 77.963
691.930 77.963
692.218 77.967
692.506 77.978
692.794 77.986
693.082 77.986
693.370 77.978
693.659 77.967
693.947 77.974
694.235 77.968
694.523 77.946
694.811 77.927
695.099 77.915
695.387 77.916
695.676 77.926
695.964 77.929
696.252 77.938
696.540 77.949
696.836 77.967
697.133 77.985
697.429 77.994
697.725 77.988
698.021 77.991
698.318 77.997
698.614 78.003
698.910 78.027
699.207 78.030
699.503 78.025
699.799 78.023
700.095 78.010
700.392 78.008
700.688 78.013
700.984 78.022
701.281 78.019
701.577 78.035
701.873 78.060
702.169 78.063
702.466 78.065
702.762 78.070
703.058 78.070
703.355 78.063
703.651 78.057
703.947 78.054
704.243 78.061
704.540 78.071
704.836 78.077
705.132 78.074
705.428 78.058
705.725 78.028
706.021 78.016
706.317 78.004
706.614 77.983
706.910 77.969
707.206 77.975
707.502 77.984
707.799 77.997
708.095 78.009
708.391 78.020
708.688 78.043
708.984 78.032
709.280 78.015
709.576 77.994
709.873 77.996
710.169 77.992
710.465 77.979
710.762 77.971
711.058 77.969
711.354 77.985
711.650 78.028
711.947 78.047
712.243 78.037
712.539 78.033
712.836 78.044
713.132 78.051
713.428 78.031
713.724 78.018
714.021 78.021
714.317 78.003
714.613 77.965
714.910 77.933
715.206 77.924
715.502 77.907
715.798 77.883
716.095 77.868
716.391 77.850
716.687 77.835
716.984 77.812
717.280 77.821
717.576 77.826
717.872 77.835
718.169 77.831
718.465 77.818
718.761 77.801
719.058 77.782
719.354 77.764
719.650 77.751
719.946 77.728
720.243 77.704
720.539 77.686
720.835 77.660
721.131 77.645
721.428 77.635
721.724 77.643
722.020 77.643
722.317 77.634
722.613 77.601
722.909 77.589
723.205 77.581
723.502 77.580
723.798 77.601
724.094 77.620
724.391 77.628
724.687 77.648
724.983 77.659
725.279 77.652
725.576 77.650
725.872 77.640
726.168 77.612
726.465 77.579
726.761 77.547
727.057 77.537
727.353 77.551
727.650 77.575
727.946 77.582
728.242 77.593
728.539 77.600
728.835 77.599
729.131 77.593
729.427 77.586
729.724 77.546
730.020 77.515
730.316 77.519
730.613 77.514
730.909 77.509
731.205 77.489
731.501 77.494
731.798 77.493
732.094 77.488
732.390 77.476
732.687 77.494
732.983 77.517
733.279 77.517
733.575 77.512
733.872 77.534
734.168 77.551
734.464 77.555
734.761 77.538
735.057 77.535
735.353 77.526
735.649 77.524
735.946 77.524
736.242 77.558
736.538 77.581
736.835 77.602
737.131 77.612
737.427 77.629
737.723 77.626
738.020 77.634
738.316 77.646
738.612 77.649
738.909 77.680
739.205 77.704
739.501 77.700
739.797 77.708
740.094 77.719
740.390 77.725
740.686 77.757
740.982 77.756
741.279 77.747
741.575 77.756
741.871 77.747
742.168 77.734
742.464 77.738
742.760 77.740
743.056 77.752
743.353 77.776
743.649 77.798
743.945 77.794
744.242 77.793
744.538 77.809
744.834 77.816
745.130 77.806
745.427 77.787
745.723 77.760
746.019 77.732
746.316 77.702
746.612 77.686
746.908 77.673
747.204 77.649
747.501 77.629
747.797 77.627
748.093 77.617
748.390 77.591
748.686 77.571
748.982 77.544
749.278 77.546
749.575 77.521
749.871 77.510
750.167 77.508
750.464 77.497
750.760 77.470
751.056 77.442
751.352 77.433
751.649 77.436
751.945 77.427
752.241 77.422
752.538 77.431
752.834 77.434
753.130 77.413
753.426 77.396
753.723 77.401
754.019 77.389
754.315 77.336
754.611 77.306
754.908 77.286
755.204 77.291
755.500 77.288
755.797 77.283
756.093 77.263
756.389 77.266
756.685 77.278
756.982 77.274
757.278 77.254
757.574 77.250
757.871 77.225
758.167 77.201
758.463 77.202
758.759 77.201
759.056 77.211
759.352 77.215
759.648 77.196
759.945 77.200
760.241 77.188
760.537 77.167
760.833 77.148
761.130 77.113
761.426 77.085
761.722 77.066
762.019 77.082
762.315 77.099
762.611 77.090
762.907 77.075
763.204 77.075
763.500 77.087
763.804 77.102
764.108 77.134
764.412 77.150
764.716 77.156
765.020 77.170
765.324 77.196
765.628 77.208
765.932 77.197
766.236 77.180
766.540 77.180
766.844 77.197
767.148 77.191
767.452 77.193
767.756 77.197
768.060 77.202
768.364 77.188
768.668 77.187
768.972 77.200
769.276 77.192
769.580 77.165
769.884 77.146
770.188 77.150
770.492 77.146
770.796 77.129
771.100 77.128
771.404 77.135
771.708 77.130
772.012 77.104
772.316 77.106
772.620 77.103
772.924 77.097
773.228 77.087
773.532 77.059
773.836 77.057
774.140 77.058
774.444 77.053
774.748 77.059
775.052 77.052
775.356 77.024
775.659 77.005
775.963 76.994
776.267 76.960
776.571 76.957
776.875 76.963
777.179 76.950
777.483 76.931
777.787 76.912
778.091 76.906
778.395 76.879
778.699 76.874
779.003 76.864
779.307 76.837
779.611 76.820
779.915 76.800
780.219 76.779
780.523 76.740
780.827 76.699
781.131 76.687
781.435 76.686
781.739 76.663
782.043 76.669
782.347 76.663
782.651 76.636
782.955 76.603
783.259 76.557
783.563 76.507
783.867 76.501
784.171 76.487
784.475 76.453
784.779 76.439
785.083 76.430
785.387 76.416
785.691 76.421
785.995 76.433
786.299 76.447
786.603 76.450
786.907 76.438
787.211 76.451
787.515 76.452
787.819 76.431
788.123 76.433
788.427 76.414
788.731 76.369
789.035 76.356
789.339 76.368
789.643 76.355
789.947 76.327
790.251 76.327
790.555 76.347
790.859 76.351
791.163 76.386
791.467 76.427
791.771 76.441
792.075 76.460
792.379 76.469
792.683 76.447
792.987 76.435
793.291 76.380
793.595 76.342
793.899 76.349
794.203 76.347
794.507 76.348
794.811 76.391
795.115 76.399
795.419 76.385
795.723 76.377
796.027 76.361
796.331 76.359
796.635 76.365
796.939 76.372
797.243 76.383
797.547 76.400
797.851 76.428
798.155 76.450
798.459 76.457
798.763 76.442
799.067 76.439
799.371 76.428
799.674 76.413
799.978 76.431
800.282 76.471
800.586 76.430
800.890 76.392
801.194 76.392
801.498 76.419
801.802 76.447
802.106 76.481
802.410 76.498
802.714 76.527
803.018 76.574
803.322 76.596
803.626 76.594
803.930 76.608
804.234 76.605
804.538 76.559
804.842 76.529
805.146 76.487
805.450 76.498
805.754 76.496
806.058 76.490
806.362 76.522
806.666 76.525
806.970 76.525
807.274 76.521
807.578 76.519
807.882 76.482
808.186 76.456
808.490 76.463
808.794 76.477
809.098 76.481
809.402 76.492
809.706 76.481
810.010 76.436
810.314 76.435
810.618 76.400
810.922 76.332
811.226 76.320
811.530 76.308
811.834 76.331
812.137 76.359
812.441 76.365
812.744 76.380
813.048 76.369
813.351 76.336
813.655 76.308
813.958 76.284
814.262 76.281
814.565 76.258
814.869 76.260
815.172 76.250
815.476 76.234
815.779 76.197
816.083 76.176
816.386 76.131
816.690 76.096
816.993 76.094
817.297 76.102
817.600 76.113
817.904 76.147
818.208 76.159
818.511 76.121
818.815 76.081
819.118 76.084
819.422 76.094
819.725 76.085
820.029 76.065
820.332 76.071
820.636 76.091
820.939 76.075
821.243 76.016
821.546 75.980
821.850 75.997
822.153 76.037
822.457 76.023
822.760 76.029
823.064 76.062
823.367 76.086
823.671 76.109
823.974 76.077
824.278 76.035
824.582 75.999
824.885 75.960
825.189 75.943
825.492 75.962
825.796 75.992
826.099 75.983
826.403 76.004
826.706 76.037
827.010 76.041
827.313 76.002
827.617 75.945
827.920 75.901
828.224 75.882
828.527 75.871
828.831 75.840
829.134 75.845
829.438 75.891
829.741 75.902
830.045 75.902
830.348 75.844
830.652 75.802
830.956 75.785
831.259 75.766
831.563 75.753
831.866 75.746
832.170 75.735
832.473 75.727
832.777 75.706
833.080 75.705
833.384 75.694
833.687 75.656
833.991 75.617
834.294 75.598
834.598 75.564
834.901 75.564
835.205 75.556
835.508 75.548
835.812 75.545
836.115 75.536
836.419 75.541
836.722 75.535
837.026 75.544
837.330 75.548
837.633 75.571
837.937 75.560
838.240 75.540
838.544 75.516
838.847 75.466
839.151 75.417
839.454 75.393
839.758 75.374
840.061 75.350
840.365 75.300
840.668 75.248
840.972 75.237
841.275 75.228
841.579 75.224
841.882 75.206
842.186 75.159
842.489 75.149
842.793 75.170
843.097 75.200
843.400 75.192
843.704 75.187
844.007 75.205
844.311 75.209
844.614 75.185
844.918 75.163
845.221 75.162
845.525 75.141
845.828 75.094
846.132 75.073
846.435 75.075
846.739 75.058
847.042 75.056
847.346 75.081
847.649 75.079
847.953 75.033
848.256 75.019
848.560 75.020
848.863 75.071
849.167 75.079
849.471 75.048
849.774 75.041
850.078 75.052
850.381 75.030
850.685 75.017
850.988 74.998
851.292 74.985
851.595 74.991
851.899 74.994
852.202 75.023
852.506 75.070
852.809 75.084
853.113 75.087
853.416 75.054
853.720 75.036
854.023 75.030
854.327 74.988
854.630 74.948
854.934 74.877
855.237 74.839
855.541 74.814
855.845 74.804
856.148 74.771
856.452 74.753
856.755 74.715
857.059 74.703
857.362 74.710
857.666 74.703
857.969 74.689
858.273 74.688
858.576 74.702
858.880 74.692
859.183 74.659
859.487 74.638
859.790 74.593
860.094 74.527
860.397 74.489
860.701 74.505
861.004 74.489
861.308 74.441
861.611 74.406
861.915 74.389
862.219 74.360
862.522 74.306
862.826 74.241
863.129 74.204
863.433 74.162
863.736 74.137
864.040 74.148
864.343 74.203
864.647 74.240
864.950 74.213
865.254 74.179
865.557 74.112
865.861 74.080
866.164 74.084
866.468 74.070
866.771 74.037
867.075 74.012
867.378 73.949
867.682 73.938
867.985 73.949
868.289 73.927
868.593 73.904
868.896 73.898
869.200 73.894
869.503 73.894
869.807 73.899
870.110 73.896
870.414 73.888
870.717 73.858
871.021 73.816
871.324 73.810
871.628 73.809
871.931 73.819
872.235 73.806
872.538 73.734
872.842 73.718
873.145 73.705
873.449 73.696
873.752 73.701
874.056 73.703
874.359 73.672
874.663 73.679
874.967 73.702
875.270 73.716
875.574 73.721
875.877 73.675
876.181 73.646
876.484 73.641
876.788 73.643
877.091 73.613
877.395 73.575
877.698 73.553
878.002 73.518
878.305 73.497
878.609 73.480
878.912 73.465
879.216 73.464
879.519 73.472
879.823 73.467
880.126 73.450
880.430 73.468
880.733 73.465
881.037 73.436
881.341 73.414
881.644 73.404
881.948 73.388
882.251 73.376
882.555 73.319
882.858 73.259
883.162 73.229
883.465 73.218
883.769 73.216
884.072 73.238
884.376 73.248
884.679 73.231
884.983 73.218
885.286 73.225
885.590 73.217
885.893 73.221
886.197 73.192
886.500 73.179
886.804 73.173
887.107 73.162
887.411 73.153
887.715 73.164
888.018 73.184
888.322 73.160
888.625 73.127
888.929 73.085
889.232 73.056
889.536 73.018
889.839 72.966
890.143 72.927
890.446 72.900
890.750 72.899
891.053 72.933
891.357 72.908
891.660 72.881
891.964 72.891
892.267 72.881
892.571 72.873
892.874 72.863
893.178 72.833
893.482 72.796
893.785 72.748
894.089 72.700
894.392 72.727
894.696 72.717
894.999 72.675
895.303 72.653
895.606 72.626
895.910 72.661
896.213 72.686
896.517 72.686
896.820 72.698
897.124 72.692
897.427 72.665
897.731 72.654
898.034 72.676
898.338 72.682
898.641 72.660
898.945 72.620
899.248 72.572
899.552 72.589
899.856 72.618
900.159 72.614
900.463 72.658
900.766 72.615
901.070 72.642
901.373 72.682
901.677 72.664
901.980 72.641
902.284 72.660
902.587 72.662
902.891 72.597
903.194 72.519
903.498 72.473
903.801 72.451
904.105 72.462
904.408 72.487
904.712 72.448
905.015 72.384
905.319 72.322
905.622 72.247
905.926 72.222
906.230 72.169
906.533 72.105
906.837 72.068
907.140 72.053
907.444 72.009
907.747 71.947
908.051 71.896
908.354 71.870
908.658 71.847
908.961 71.810
909.265 71.738
909.568 71.677
909.872 71.663
910.175 71.640
910.479 71.578
910.782 71.521
911.086 71.471
911.389 71.457
911.693 71.412
911.996 71.344
912.300 71.318
912.613 71.311
912.926 71.246
913.238 71.214
913.551 71.210
913.864 71.184
914.176 71.188
914.489 71.159
914.802 71.135
915.115 71.107
915.427 71.055
915.740 71.058
916.053 71.080
916.366 70.995
916.678 70.903
916.991 70.850
917.304 70.838
917.617 70.801
917.929 70.850
918.242 70.854
918.555 70.821
918.868 70.846
919.180 70.832
919.493 70.841
919.806 70.782
920.119 70.692
920.431 70.608
920.744 70.513
921.057 70.404
921.370 70.355
921.682 70.317
921.995 70.301
922.308 70.289
922.621 70.268
922.933 70.235
923.246 70.163
923.559 70.112
923.872 70.087
924.184 70.087
924.497 70.114
924.810 70.105
925.123 70.081
925.435 70.042
925.748 70.019
926.061 70.005
926.374 69.964
926.686 69.986
926.999 70.046
927.312 70.104
927.625 70.151
927.937 70.127
928.250 70.153
928.563 70.162
928.876 70.128
929.188 70.119
929.501 70.135
929.814 70.097
930.127 70.018
930.439 69.944
930.752 69.885
931.065 69.868
931.378 69.858
931.690 69.799
932.003 69.758
932.316 69.713
932.629 69.650
932.941 69.598
933.254 69.543
933.567 69.454
933.880 69.349
934.192 69.346
934.505 69.314
934.818 69.223
935.131 69.134
935.443 69.123
935.756 69.099
936.069 69.077
936.382 69.037
936.694 69.040
937.007 68.948
937.320 68.780
937.633 68.673
937.945 68.557
938.258 68.407
938.571 68.255
938.884 68.195
939.196 68.172
939.509 68.157
939.822 68.152
940.135 68.088
940.447 67.991
940.760 67.929
941.073 67.851
941.386 67.756
941.698 67.653
942.011 67.565
942.324 67.516
942.637 67.469
942.949 67.415
943.262 67.378
943.575 67.295
943.888 67.226
944.200 67.139
944.513 67.092
944.826 67.010
945.139 66.975
945.451 66.936
945.764 66.850
946.077 66.731
946.390 66.592
946.702 66.535
947.015 66.511
947.328 66.411
947.641 66.303
947.953 66.239
948.266 66.156
948.579 66.059
948.892 65.954
949.204 65.867
949.517 65.813
949.830 65.842
950.143 65.841
950.455 65.846
950.768 65.879
951.081 65.886
951.394 65.858
951.706 65.875
952.019 65.852
952.332 65.797
952.645 65.753
952.957 65.748
953.270 65.727
953.583 65.732
953.896 65.740
954.208 65.761
954.521 65.717
954.834 65.669
955.147 65.624
955.459 65.616
955.772 65.569
956.085 65.540
956.398 65.574
956.710 65.545
957.023 65.519
957.336 65.579
957.649 65.634
957.961 65.661
958.274 65.721
958.587 65.689
958.900 65.649
959.212 65.610
959.525 65.492
959.838 65.425
960.151 65.440
960.463 65.429
960.776 65.410
961.089 65.358
961.402 65.259
961.714 65.227
962.027 65.194
962.340 65.103
962.653 65.095
962.965 65.122
963.278 65.105
963.591 64.979
963.904 64.890
964.216 64.793
964.529 64.788
964.842 64.751
965.154 64.743
965.467 64.771
965.780 64.676
966.094 64.597
966.409 64.611
966.723 64.635
967.037 64.585
967.352 64.567
967.666 64.598
967.980 64.719
968.295 64.812
968.609 64.799
968.923 64.682
969.238 64.611
969.552 64.477
969.866 64.426
970.181 64.324
970.495 64.243
970.809 64.143
971.124 64.066
971.438 64.008
971.752 64.056
972.067 64.060
972.381 63.933
972.695 63.823
973.010 63.783
973.324 63.731
973.638 63.637
973.953 63.595
974.267 63.588
974.581 63.478
974.896 63.369
975.210 63.289
975.524 63.192
975.839 63.170
976.153 63.190
976.467 63.157
976.781 63.083
977.096 63.008
977.410 62.897
977.724 62.947
978.039 62.983
978.353 63.047
978.667 63.216
978.982 63.228
979.296 63.218
979.610 63.271
979.925 63.232
980.239 63.212
980.553 63.240
980.868 63.234
981.182 63.210
981.496 63.275
981.811 63.210
982.125 63.099
982.439 63.082
982.754 63.137
983.068 63.178
983.382 63.190
983.697 63.158
984.011 63.128
984.325 63.055
984.640 62.925
984.954 62.868
985.268 62.843
985.583 62.761
985.897 62.753
986.211 62.847
986.526 62.840
986.840 62.847
987.154 62.774
987.469 62.671
987.783 62.650
988.097 62.675
988.412 62.658
988.726 62.627
989.040 62.533
989.355 62.541
989.669 62.554
989.983 62.500
990.298 62.485
990.612 62.560
990.926 62.526
991.241 62.508
991.555 62.544
991.869 62.479
992.184 62.408
992.498 62.343
992.812 62.356
993.127 62.360
993.441 62.306
993.755 62.332
994.070 62.365
994.384 62.404
994.698 62.391
995.013 62.420
995.327 62.420
995.641 62.368
995.956 62.390
996.270 62.326
996.584 62.217
996.899 62.107
997.213 62.116
997.527 62.015
997.841 61.809
998.156 61.753
998.470 61.623
998.784 61.534
999.099 61.614
999.413 61.553
999.727 61.506
