200.182 81.698
200.437 80.890
200.691 80.113
200.946 79.293
201.201 78.374
201.455 77.807
201.710 77.149
201.964 76.413
202.219 75.693
202.474 74.966
202.728 74.209
202.983 73.602
203.237 72.950
203.492 72.122
203.747 71.247
204.001 70.441
204.256 69.573
204.510 68.528
204.765 67.650
205.020 66.863
205.274 65.973
205.529 64.897
205.783 63.799
206.038 62.763
206.293 61.754
206.547 60.816
206.802 59.776
207.057 58.847
207.311 57.827
207.566 56.799
207.820 55.818
208.075 54.810
208.330 53.850
208.584 52.846
208.839 52.200
209.093 51.576
209.348 50.709
209.603 49.984
209.857 49.032
210.112 48.250
210.366 47.442
210.621 46.501
210.876 45.674
211.130 44.989
211.385 44.350
211.639 43.610
211.894 42.666
212.149 41.877
212.403 41.097
212.658 40.282
212.913 39.477
213.167 38.753
213.422 38.191
213.676 37.551
213.931 36.907
214.186 36.110
214.440 35.353
214.695 34.743
214.949 34.273
215.204 33.714
215.459 33.120
215.713 32.572
215.968 32.035
216.222 31.413
216.477 30.878
216.732 30.447
216.986 29.955
217.241 29.371
217.495 28.856
217.750 28.386
218.005 28.024
218.259 27.670
218.514 27.133
218.769 26.569
219.023 26.107
219.278 25.664
219.532 25.142
219.787 24.695
220.042 24.256
220.296 23.822
220.551 23.368
220.805 23.040
221.060 22.714
221.315 22.388
221.569 21.961
221.824 21.554
222.078 21.266
222.333 20.933
222.588 20.614
222.842 20.237
223.097 19.871
223.351 19.539
223.606 19.164
223.861 18.747
224.115 18.359
224.370 17.950
224.625 17.532
224.879 17.148
225.134 16.731
225.388 16.393
225.643 16.077
225.898 15.808
226.152 15.562
226.407 15.279
226.661 14.935
226.916 14.635
227.171 14.356
227.425 14.094
227.680 13.827
227.934 13.593
228.189 13.360
228.444 13.150
228.698 12.936
228.953 12.689
229.208 12.452
229.462 12.181
229.717 11.970
229.971 11.768
230.226 11.586
230.481 11.358
230.735 11.160
230.990 11.033
231.244 10.863
231.499 10.677
231.754 10.520
232.008 10.360
232.263 10.221
232.517 10.096
232.772 9.997
233.027 9.858
233.281 9.694
233.536 9.557
233.790 9.400
234.045 9.260
234.300 9.133
234.554 9.008
234.809 8.880
235.064 8.786
235.318 8.705
235.573 8.619
235.827 8.520
236.082 8.422
236.337 8.341
236.591 8.258
236.846 8.168
237.100 8.081
237.355 8.018
237.610 7.949
237.864 7.868
238.119 7.824
238.373 7.768
238.628 7.697
238.883 7.646
239.137 7.588
239.392 7.531
239.646 7.489
239.901 7.443
240.156 7.396
240.410 7.368
240.665 7.340
240.920 7.306
241.174 7.273
241.429 7.244
241.683 7.211
241.938 7.176
242.193 7.154
242.447 7.129
242.702 7.100
242.956 7.080
243.211 7.068
243.466 7.052
243.720 7.045
243.975 7.035
244.229 7.009
244.484 6.973
244.739 6.955
244.993 6.946
245.248 6.933
245.503 6.928
245.757 6.918
246.012 6.905
246.266 6.887
246.521 6.874
246.776 6.872
247.030 6.857
247.285 6.835
247.539 6.819
247.794 6.809
248.049 6.791
248.303 6.778
248.558 6.782
248.812 6.780
249.067 6.757
249.322 6.745
249.576 6.745
249.831 6.741
250.085 6.733
250.340 6.733
250.595 6.738
250.849 6.749
251.104 6.752
251.359 6.754
251.613 6.758
251.868 6.754
252.122 6.747
252.377 6.744
252.632 6.748
252.886 6.737
253.141 6.723
253.395 6.715
253.650 6.706
253.905 6.696
254.161 6.690
254.416 6.689
254.672 6.693
254.927 6.704
255.183 6.704
255.438 6.702
255.694 6.711
255.949 6.717
256.205 6.714
256.460 6.712
256.715 6.708
256.971 6.710
257.226 6.711
257.482 6.713
257.737 6.711
257.993 6.707
258.248 6.716
258.504 6.715
258.759 6.701
259.014 6.701
259.270 6.695
259.525 6.683
259.781 6.686
260.036 6.708
260.292 6.717
260.547 6.714
260.803 6.717
261.058 6.721
261.314 6.728
261.569 6.730
261.824 6.732
262.080 6.744
262.335 6.756
262.591 6.777
262.846 6.791
263.102 6.790
263.357 6.786
263.613 6.795
263.868 6.802
264.123 6.799
264.379 6.789
264.634 6.787
264.890 6.786
265.145 6.788
265.401 6.785
265.656 6.784
265.912 6.782
266.167 6.773
266.423 6.758
266.678 6.755
266.933 6.755
267.189 6.747
267.444 6.742
267.700 6.739
267.955 6.737
268.211 6.727
268.466 6.732
268.722 6.736
268.977 6.744
269.232 6.752
269.488 6.748
269.743 6.746
269.999 6.747
270.254 6.755
270.510 6.754
270.765 6.754
271.021 6.755
271.276 6.754
271.532 6.757
271.787 6.759
272.042 6.755
272.298 6.749
272.553 6.743
272.809 6.742
273.064 6.740
273.320 6.749
273.575 6.760
273.831 6.751
274.086 6.745
274.342 6.744
274.597 6.734
274.852 6.732
275.108 6.737
275.363 6.737
275.619 6.721
275.874 6.708
276.130 6.700
276.385 6.691
276.641 6.686
276.896 6.677
277.151 6.678
277.407 6.676
277.662 6.660
277.918 6.640
278.173 6.627
278.429 6.618
278.684 6.618
278.940 6.621
279.195 6.614
279.451 6.612
279.706 6.606
279.961 6.610
280.217 6.611
280.472 6.606
280.728 6.597
280.983 6.597
281.239 6.593
281.494 6.591
281.750 6.591
282.005 6.593
282.260 6.594
282.516 6.584
282.771 6.575
283.027 6.572
283.282 6.574
283.538 6.566
283.793 6.560
284.049 6.551
284.304 6.539
284.560 6.527
284.815 6.517
285.070 6.517
285.326 6.523
285.581 6.522
285.837 6.508
286.092 6.501
286.348 6.496
286.603 6.495
286.859 6.487
287.114 6.482
287.369 6.476
287.625 6.476
287.880 6.479
288.136 6.485
288.391 6.485
288.647 6.484
288.902 6.472
289.158 6.459
289.413 6.456
289.669 6.458
289.924 6.463
290.179 6.471
290.435 6.472
290.690 6.466
290.946 6.459
291.201 6.459
291.457 6.459
291.712 6.465
291.968 6.469
292.223 6.463
292.479 6.464
292.734 6.457
292.989 6.454
293.245 6.457
293.500 6.465
293.756 6.464
294.011 6.466
294.267 6.466
294.522 6.460
294.778 6.461
295.033 6.463
295.288 6.463
295.544 6.455
295.799 6.448
296.055 6.449
296.310 6.454
296.566 6.457
296.821 6.468
297.077 6.472
297.332 6.465
297.588 6.454
297.843 6.446
298.098 6.449
298.354 6.456
298.609 6.449
298.865 6.442
299.120 6.442
299.376 6.441
299.631 6.440
299.887 6.446
300.142 6.456
300.397 6.459
300.653 6.456
300.908 6.447
301.164 6.441
301.419 6.442
301.675 6.438
301.930 6.428
302.186 6.425
302.441 6.424
302.697 6.417
302.952 6.413
303.207 6.411
303.463 6.411
303.718 6.399
303.974 6.391
304.229 6.396
304.485 6.396
304.740 6.396
304.996 6.397
305.251 6.397
305.506 6.389
305.762 6.382
306.017 6.378
306.273 6.385
306.528 6.393
306.784 6.405
307.039 6.414
307.295 6.407
307.550 6.403
307.806 6.409
308.061 6.408
308.316 6.405
308.572 6.404
308.827 6.403
309.083 6.401
309.338 6.399
309.594 6.389
309.849 6.390
310.105 6.394
310.360 6.392
310.615 6.386
310.871 6.382
311.126 6.385
311.382 6.395
311.637 6.397
311.893 6.391
312.148 6.385
312.404 6.368
312.659 6.357
312.915 6.356
313.170 6.356
313.429 6.351
313.688 6.354
313.947 6.355
314.206 6.360
314.465 6.364
314.724 6.362
314.983 6.362
315.242 6.360
315.501 6.355
315.760 6.354
316.019 6.358
316.278 6.363
316.536 6.368
316.795 6.373
317.054 6.377
317.313 6.380
317.572 6.393
317.831 6.405
318.090 6.411
318.349 6.413
318.608 6.416
318.867 6.413
319.126 6.408
319.385 6.421
319.644 6.436
319.903 6.437
320.162 6.440
320.421 6.445
320.680 6.447
320.939 6.443
321.198 6.441
321.457 6.442
321.716 6.444
321.975 6.435
322.234 6.426
322.493 6.423
322.752 6.423
323.010 6.427
323.269 6.424
323.528 6.420
323.787 6.421
324.046 6.424
324.305 6.427
324.564 6.429
324.823 6.425
325.082 6.427
325.341 6.433
325.600 6.442
325.859 6.448
326.118 6.460
326.377 6.468
326.636 6.474
326.895 6.480
327.154 6.477
327.413 6.475
327.672 6.474
327.931 6.480
328.190 6.484
328.449 6.489
328.708 6.495
328.967 6.505
329.226 6.519
329.485 6.521
329.743 6.521
330.002 6.522
330.261 6.525
330.520 6.529
330.779 6.528
331.038 6.535
331.297 6.546
331.556 6.550
331.815 6.550
332.074 6.540
332.333 6.537
332.592 6.545
332.851 6.546
333.110 6.551
333.369 6.547
333.628 6.537
333.887 6.531
334.146 6.532
334.405 6.537
334.664 6.550
334.923 6.568
335.182 6.573
335.441 6.565
335.700 6.560
335.959 6.566
336.217 6.576
336.476 6.586
336.735 6.595
336.994 6.605
337.253 6.626
337.512 6.643
337.771 6.651
338.030 6.657
338.289 6.664
338.548 6.670
338.807 6.677
339.066 6.691
339.325 6.688
339.584 6.697
339.843 6.715
340.102 6.725
340.361 6.731
340.620 6.743
340.879 6.749
341.138 6.751
341.397 6.745
341.656 6.747
341.915 6.755
342.174 6.758
342.433 6.772
342.691 6.787
342.950 6.798
343.209 6.809
343.468 6.819
343.727 6.825
343.986 6.841
344.245 6.853
344.504 6.862
344.763 6.874
345.022 6.880
345.281 6.883
345.540 6.883
345.799 6.878
346.058 6.880
346.317 6.885
346.576 6.888
346.835 6.897
347.094 6.909
347.353 6.925
347.612 6.932
347.871 6.950
348.130 6.962
348.389 6.959
348.648 6.958
348.907 6.963
349.166 6.983
349.424 7.001
349.683 7.011
349.942 7.021
350.201 7.030
350.460 7.033
350.719 7.028
350.978 7.024
351.237 7.035
351.496 7.051
351.755 7.055
352.014 7.057
352.273 7.056
352.532 7.053
352.791 7.055
353.050 7.060
353.309 7.072
353.568 7.076
353.827 7.076
354.086 7.079
354.345 7.074
354.604 7.076
354.863 7.068
355.122 7.085
355.381 7.088
355.640 7.082
355.898 7.080
356.157 7.084
356.416 7.094
356.675 7.108
356.934 7.118
357.193 7.137
357.452 7.154
357.711 7.151
357.970 7.163
358.229 7.172
358.488 7.164
358.747 7.160
359.006 7.162
359.265 7.182
359.524 7.210
359.783 7.228
360.042 7.235
360.301 7.238
360.560 7.245
360.819 7.250
361.078 7.253
361.337 7.269
361.596 7.298
361.855 7.320
362.114 7.335
362.372 7.356
362.631 7.370
362.890 7.381
363.149 7.374
363.408 7.377
363.667 7.387
363.926 7.396
364.185 7.414
364.444 7.430
364.703 7.438
364.962 7.436
365.221 7.445
365.480 7.463
365.745 7.464
366.009 7.474
366.274 7.498
366.539 7.510
366.804 7.521
367.068 7.532
367.333 7.539
367.598 7.542
367.863 7.544
368.127 7.554
368.392 7.578
368.657 7.598
368.921 7.592
369.186 7.580
369.451 7.589
369.716 7.607
369.980 7.611
370.245 7.624
370.510 7.640
370.775 7.655
371.039 7.661
371.304 7.669
371.569 7.672
371.834 7.690
372.098 7.708
372.363 7.722
372.628 7.731
372.892 7.745
373.157 7.740
373.422 7.735
373.687 7.747
373.951 7.752
374.216 7.750
374.481 7.762
374.746 7.778
375.010 7.790
375.275 7.786
375.540 7.770
375.804 7.757
376.069 7.756
376.334 7.769
376.599 7.774
376.863 7.778
377.128 7.790
377.393 7.798
377.658 7.800
377.922 7.795
378.187 7.808
378.452 7.819
378.716 7.821
378.981 7.817
379.246 7.822
379.511 7.830
379.775 7.839
380.040 7.847
380.305 7.845
380.570 7.848
380.834 7.862
381.099 7.877
381.364 7.884
381.629 7.885
381.893 7.897
382.158 7.903
382.423 7.895
382.687 7.897
382.952 7.902
383.217 7.904
383.482 7.907
383.746 7.911
384.011 7.918
384.276 7.925
384.541 7.912
384.805 7.894
385.070 7.897
385.335 7.904
385.599 7.915
385.864 7.920
386.129 7.938
386.394 7.953
386.658 7.950
386.923 7.949
387.188 7.942
387.453 7.937
387.717 7.943
387.982 7.939
388.247 7.933
388.511 7.920
388.776 7.910
389.041 7.908
389.306 7.918
389.570 7.922
389.835 7.914
390.100 7.910
390.365 7.924
390.629 7.928
390.894 7.929
391.159 7.928
391.424 7.932
391.688 7.930
391.953 7.932
392.218 7.945
392.482 7.953
392.747 7.964
393.012 7.972
393.277 7.982
393.541 7.993
393.806 7.995
394.071 8.003
394.336 7.997
394.600 7.997
394.865 7.998
395.130 7.997
395.394 8.000
395.659 8.010
395.924 8.012
396.189 8.012
396.453 8.009
396.718 8.010
396.983 8.006
397.248 8.006
397.512 8.005
397.777 8.002
398.042 7.997
398.306 7.994
398.571 7.997
398.836 7.997
399.101 8.001
399.365 8.008
399.630 8.018
399.895 8.033
400.160 8.035
400.424 8.027
400.689 8.036
400.954 8.051
401.219 8.058
401.483 8.061
401.748 8.058
402.013 8.063
402.277 8.053
402.542 8.041
402.807 8.051
403.072 8.066
403.336 8.075
403.601 8.090
403.866 8.102
404.131 8.110
404.395 8.123
404.660 8.138
404.929 8.142
405.198 8.144
405.466 8.142
405.735 8.142
406.004 8.160
406.273 8.173
406.542 8.168
406.810 8.162
407.079 8.160
407.348 8.169
407.617 8.173
407.886 8.182
408.154 8.191
408.423 8.192
408.692 8.196
408.961 8.196
409.229 8.196
409.498 8.207
409.767 8.207
410.036 8.208
410.305 8.208
410.573 8.218
410.842 8.216
411.111 8.221
411.380 8.233
411.649 8.235
411.917 8.228
412.186 8.225
412.455 8.225
412.724 8.232
412.993 8.239
413.261 8.239
413.530 8.231
413.799 8.233
414.068 8.243
414.337 8.256
414.605 8.267
414.874 8.273
415.143 8.275
415.412 8.274
415.681 8.270
415.949 8.259
416.218 8.258
416.487 8.259
416.756 8.267
417.024 8.279
417.293 8.279
417.562 8.275
417.831 8.274
418.100 8.280
418.368 8.283
418.637 8.287
418.906 8.295
419.175 8.300
419.444 8.301
419.712 8.308
419.981 8.307
420.250 8.306
420.519 8.311
420.788 8.303
421.056 8.295
421.325 8.296
421.594 8.293
421.863 8.291
422.132 8.288
422.400 8.277
422.669 8.270
422.938 8.272
423.207 8.277
423.476 8.279
423.744 8.276
424.013 8.281
424.282 8.281
424.551 8.280
424.819 8.273
425.088 8.261
425.357 8.258
425.626 8.258
425.895 8.254
426.163 8.249
426.432 8.256
426.701 8.261
426.970 8.251
427.239 8.247
427.507 8.240
427.776 8.236
428.045 8.246
428.314 8.253
428.583 8.262
428.851 8.271
429.120 8.274
429.389 8.273
429.658 8.281
429.927 8.294
430.195 8.298
430.464 8.302
430.733 8.304
431.002 8.305
431.271 8.310
431.539 8.316
431.808 8.316
432.077 8.319
432.346 8.326
432.614 8.327
432.883 8.327
433.152 8.339
433.421 8.349
433.690 8.354
433.958 8.364
434.227 8.373
434.496 8.371
434.765 8.370
435.034 8.381
435.302 8.381
435.571 8.374
435.840 8.367
436.116 8.363
436.393 8.371
436.669 8.380
436.945 8.384
437.221 8.395
437.498 8.407
437.774 8.418
438.050 8.434
438.326 8.446
438.603 8.455
438.879 8.471
439.155 8.478
439.431 8.480
439.708 8.488
439.984 8.499
440.260 8.507
440.537 8.506
440.813 8.513
441.089 8.527
441.365 8.542
441.642 8.551
441.918 8.562
442.194 8.576
442.470 8.577
442.747 8.579
443.023 8.578
443.299 8.582
443.575 8.597
443.852 8.603
444.128 8.615
444.404 8.627
444.680 8.627
444.957 8.630
445.233 8.631
445.509 8.636
445.786 8.644
446.062 8.645
446.338 8.643
446.614 8.635
446.891 8.632
447.167 8.628
447.443 8.638
447.719 8.637
447.996 8.632
448.272 8.632
448.548 8.643
448.824 8.647
449.101 8.654
449.377 8.664
449.653 8.674
449.930 8.675
450.206 8.669
450.482 8.679
450.758 8.684
451.035 8.688
451.311 8.692
451.587 8.688
451.863 8.687
452.140 8.700
452.416 8.707
452.692 8.721
452.968 8.732
453.245 8.741
453.521 8.749
453.797 8.757
454.074 8.757
454.350 8.756
454.626 8.763
454.902 8.768
455.179 8.773
455.455 8.778
455.731 8.775
456.007 8.777
456.284 8.777
456.560 8.770
456.836 8.767
457.112 8.769
457.389 8.770
457.665 8.770
457.941 8.760
458.218 8.753
458.494 8.752
458.770 8.745
459.046 8.739
459.323 8.738
459.599 8.743
459.875 8.753
460.151 8.758
460.428 8.761
460.704 8.768
460.980 8.765
461.256 8.764
461.533 8.772
461.809 8.777
462.085 8.778
462.361 8.776
462.638 8.774
462.914 8.778
463.190 8.777
463.467 8.782
463.743 8.782
464.019 8.784
464.295 8.778
464.572 8.781
464.848 8.789
465.124 8.799
465.400 8.800
465.677 8.805
465.953 8.806
466.229 8.807
466.505 8.815
466.782 8.812
467.058 8.812
467.334 8.815
467.611 8.820
467.887 8.829
468.163 8.834
468.439 8.843
468.716 8.846
468.992 8.842
469.268 8.847
469.544 8.850
469.821 8.849
470.097 8.840
470.373 8.826
470.649 8.817
470.926 8.821
471.202 8.823
471.478 8.824
471.755 8.819
472.031 8.820
472.307 8.826
472.583 8.831
472.860 8.840
473.136 8.854
473.412 8.866
473.688 8.873
473.965 8.875
474.241 8.879
474.517 8.888
474.793 8.900
475.070 8.906
475.346 8.910
475.622 8.918
475.899 8.921
476.175 8.926
476.451 8.931
476.727 8.925
477.004 8.921
477.280 8.913
477.556 8.914
477.832 8.923
478.109 8.924
478.385 8.923
478.661 8.923
478.937 8.925
479.214 8.931
479.490 8.939
479.766 8.951
480.043 8.967
480.319 8.976
480.595 8.985
480.871 8.996
481.148 9.008
481.424 9.014
481.700 9.019
481.976 9.027
482.253 9.035
482.529 9.043
482.805 9.053
483.081 9.061
483.358 9.064
483.634 9.078
483.910 9.086
484.186 9.093
484.463 9.098
484.739 9.100
485.015 9.114
485.292 9.125
485.568 9.133
485.844 9.145
486.120 9.159
486.397 9.167
486.673 9.176
486.949 9.191
487.225 9.208
487.502 9.225
487.778 9.239
488.054 9.256
488.330 9.272
488.607 9.282
488.883 9.287
489.159 9.299
489.436 9.313
489.712 9.320
489.988 9.331
490.264 9.347
490.541 9.361
490.817 9.371
491.093 9.388
491.369 9.407
491.646 9.424
491.922 9.443
492.198 9.462
492.474 9.476
492.751 9.493
493.027 9.510
493.303 9.525
493.580 9.546
493.856 9.572
494.132 9.603
494.408 9.619
494.685 9.636
494.961 9.651
495.237 9.671
495.513 9.697
495.790 9.720
496.066 9.747
496.342 9.776
496.618 9.800
496.895 9.822
497.171 9.838
497.447 9.853
497.724 9.868
498.000 9.877
498.276 9.895
498.552 9.917
498.829 9.934
499.105 9.950
499.381 9.965
499.657 9.984
499.934 10.001
500.210 10.027
500.486 10.055
500.762 10.079
501.039 10.093
501.315 10.106
501.591 10.128
501.867 10.152
502.144 10.175
502.420 10.199
502.696 10.218
502.973 10.237
503.249 10.257
503.525 10.277
503.801 10.292
504.078 10.309
504.354 10.321
504.630 10.335
504.906 10.351
505.183 10.364
505.459 10.386
505.735 10.409
506.011 10.423
506.288 10.441
506.564 10.456
506.840 10.473
507.117 10.497
507.393 10.520
507.669 10.543
507.945 10.561
508.222 10.572
508.498 10.581
508.774 10.594
509.050 10.610
509.327 10.631
509.603 10.653
509.879 10.673
510.155 10.685
510.432 10.704
510.708 10.717
510.984 10.725
511.261 10.743
511.537 10.760
511.813 10.775
512.089 10.787
512.366 10.797
512.642 10.809
512.918 10.813
513.194 10.815
513.471 10.823
513.747 10.832
514.023 10.851
514.299 10.868
514.576 10.879
514.852 10.893
515.128 10.913
515.405 10.926
515.681 10.935
515.957 10.952
516.233 10.962
516.510 10.969
516.786 10.979
517.062 10.986
517.338 10.987
517.615 10.991
517.891 11.003
518.167 11.024
518.443 11.034
518.720 11.036
518.996 11.038
519.272 11.038
519.548 11.040
519.825 11.040
520.101 11.050
520.377 11.070
520.654 11.085
520.930 11.089
521.206 11.102
521.482 11.116
521.759 11.127
522.035 11.137
522.311 11.143
522.587 11.150
522.864 11.160
523.140 11.160
523.416 11.167
523.692 11.172
523.969 11.171
524.245 11.170
524.521 11.171
524.798 11.172
525.074 11.174
525.350 11.177
525.626 11.185
525.903 11.186
526.179 11.181
526.455 11.181
526.731 11.188
527.008 11.203
527.284 11.211
527.560 11.218
527.836 11.225
528.113 11.234
528.389 11.242
528.665 11.252
528.942 11.257
529.218 11.275
529.494 11.303
529.770 11.315
530.047 11.316
530.323 11.318
530.599 11.322
530.875 11.329
531.152 11.339
531.428 11.348
531.704 11.357
531.980 11.363
532.257 11.367
532.533 11.374
532.809 11.380
533.086 11.390
533.362 11.402
533.638 11.412
533.914 11.420
534.191 11.426
534.467 11.433
534.743 11.445
535.019 11.450
535.296 11.459
535.572 11.472
535.848 11.490
536.124 11.502
536.401 11.515
536.677 11.530
536.953 11.541
537.230 11.548
537.506 11.560
537.782 11.583
538.058 11.599
538.335 11.605
538.611 11.615
538.887 11.625
539.163 11.637
539.440 11.653
539.716 11.662
539.992 11.677
540.268 11.698
540.545 11.712
540.821 11.725
541.097 11.738
541.373 11.750
541.650 11.768
541.926 11.789
542.202 11.808
542.479 11.825
542.755 11.846
543.031 11.869
543.307 11.889
543.584 11.905
543.860 11.918
544.136 11.927
544.412 11.939
544.689 11.958
544.965 11.972
545.241 11.983
545.517 12.002
545.794 12.019
546.070 12.027
546.356 12.028
546.642 12.040
546.928 12.062
547.214 12.079
547.500 12.093
547.786 12.110
548.072 12.131
548.358 12.153
548.644 12.174
548.930 12.187
549.216 12.210
549.502 12.233
549.788 12.250
550.074 12.273
550.360 12.294
550.646 12.309
550.932 12.328
551.218 12.351
551.504 12.378
551.790 12.401
552.076 12.420
552.362 12.440
552.648 12.454
552.934 12.472
553.220 12.500
553.506 12.529
553.793 12.563
554.079 12.592
554.365 12.614
554.651 12.637
554.937 12.657
555.223 12.681
555.509 12.714
555.795 12.742
556.081 12.768
556.367 12.790
556.653 12.818
556.939 12.849
557.225 12.883
557.511 12.906
557.797 12.928
558.083 12.957
558.369 12.993
558.655 13.027
558.941 13.061
559.227 13.093
559.513 13.122
559.799 13.152
560.085 13.183
560.371 13.213
560.657 13.238
560.943 13.262
561.229 13.296
561.515 13.330
561.801 13.360
562.087 13.384
562.373 13.418
562.659 13.457
562.945 13.493
563.231 13.534
563.517 13.564
563.803 13.595
564.089 13.636
564.375 13.677
564.661 13.721
564.947 13.765
565.233 13.802
565.519 13.842
565.805 13.884
566.091 13.924
566.377 13.967
566.663 14.007
566.949 14.046
567.235 14.091
567.521 14.135
567.807 14.181
568.093 14.230
568.379 14.275
568.665 14.317
568.951 14.365
569.237 14.406
569.524 14.449
569.810 14.500
570.096 14.554
570.382 14.604
570.668 14.652
570.954 14.694
571.240 14.735
571.526 14.777
571.812 14.827
572.098 14.878
572.384 14.932
572.670 14.979
572.956 15.021
573.242 15.064
573.528 15.116
573.814 15.169
574.100 15.216
574.386 15.268
574.672 15.320
574.958 15.374
575.244 15.432
575.530 15.493
575.816 15.551
576.102 15.608
576.388 15.659
576.674 15.718
576.960 15.778
577.248 15.836
577.536 15.899
577.824 15.956
578.113 16.021
578.401 16.085
578.689 16.143
578.977 16.208
579.265 16.271
579.553 16.330
579.841 16.391
580.130 16.451
580.418 16.514
580.706 16.572
580.994 16.642
581.282 16.713
581.570 16.782
581.858 16.845
582.147 16.906
582.435 16.971
582.723 17.036
583.011 17.101
583.299 17.168
583.587 17.238
583.875 17.303
584.164 17.370
584.452 17.445
584.740 17.511
585.028 17.581
585.316 17.647
585.604 17.713
585.892 17.782
586.181 17.846
586.469 17.911
586.757 17.987
587.045 18.061
587.333 18.126
587.621 18.192
587.909 18.256
588.198 18.318
588.486 18.387
588.774 18.453
589.062 18.520
589.350 18.588
589.638 18.650
589.927 18.710
590.215 18.775
590.503 18.847
590.791 18.921
591.079 18.992
591.367 19.066
591.655 19.139
591.944 19.213
592.232 19.278
592.520 19.344
592.808 19.413
593.096 19.475
593.384 19.538
593.672 19.608
593.961 19.677
594.249 19.741
594.537 19.806
594.825 19.877
595.113 19.941
595.401 20.006
595.689 20.069
595.978 20.141
596.266 20.211
596.554 20.273
596.842 20.343
597.130 20.416
597.418 20.485
597.706 20.554
597.995 20.615
598.283 20.675
598.571 20.730
598.859 20.785
599.147 20.846
599.435 20.912
599.723 20.979
600.012 21.041
600.300 21.102
600.588 21.160
600.876 21.213
601.164 21.268
601.452 21.329
601.740 21.382
602.029 21.430
602.317 21.489
602.605 21.540
602.893 21.594
603.181 21.651
603.469 21.710
603.757 21.766
604.046 21.807
604.334 21.848
604.622 21.895
604.910 21.950
605.198 22.000
605.486 22.053
605.774 22.104
606.063 22.158
606.351 22.214
606.639 22.270
606.927 22.324
607.215 22.380
607.503 22.431
607.791 22.487
608.080 22.542
608.368 22.598
608.656 22.654
608.944 22.704
609.232 22.753
609.520 22.799
609.808 22.856
610.097 22.913
610.385 22.966
610.673 23.026
610.961 23.080
611.249 23.127
611.537 23.179
611.825 23.222
612.114 23.260
612.402 23.300
612.690 23.344
612.978 23.390
613.266 23.436
613.554 23.475
613.843 23.516
614.131 23.556
614.419 23.595
614.707 23.635
614.995 23.680
615.283 23.724
615.571 23.773
615.860 23.827
616.148 23.878
616.436 23.934
616.724 23.978
617.012 24.018
617.300 24.062
617.588 24.104
617.877 24.147
618.165 24.185
618.453 24.231
618.741 24.281
619.029 24.323
619.317 24.364
619.605 24.408
619.894 24.453
620.182 24.500
620.470 24.540
620.758 24.580
621.046 24.622
621.334 24.669
621.622 24.723
621.911 24.775
622.199 24.823
622.487 24.863
622.775 24.898
623.063 24.943
623.351 24.981
623.639 25.020
623.928 25.060
624.216 25.091
624.504 25.115
624.792 25.136
625.080 25.175
625.368 25.214
625.656 25.246
625.945 25.274
626.233 25.302
626.521 25.330
626.809 25.358
627.097 25.389
627.385 25.422
627.673 25.447
627.962 25.473
628.250 25.492
628.538 25.512
628.826 25.538
629.114 25.563
629.402 25.603
629.690 25.654
629.979 25.696
630.267 25.724
630.555 25.763
630.843 25.796
631.131 25.830
631.419 25.864
631.707 25.897
631.996 25.930
632.284 25.966
632.572 25.989
632.860 26.013
633.148 26.037
633.436 26.056
633.724 26.082
634.013 26.106
634.301 26.136
634.589 26.160
634.877 26.182
635.165 26.208
635.453 26.235
635.741 26.263
636.030 26.284
636.318 26.303
636.606 26.326
636.894 26.351
637.182 26.384
637.470 26.403
637.759 26.418
638.047 26.440
638.335 26.462
638.623 26.482
638.911 26.496
639.199 26.517
639.487 26.542
639.776 26.561
640.064 26.592
640.352 26.623
640.640 26.650
640.928 26.680
641.216 26.704
641.504 26.735
641.793 26.769
642.081 26.798
642.369 26.831
642.657 26.859
642.945 26.881
643.233 26.902
643.521 26.924
643.810 26.939
644.098 26.959
644.386 26.984
644.674 27.010
644.962 27.027
645.250 27.048
645.538 27.066
645.827 27.077
646.115 27.090
646.403 27.106
646.691 27.115
646.979 27.123
647.267 27.124
647.555 27.127
647.844 27.143
648.132 27.144
648.420 27.148
648.708 27.157
648.996 27.166
649.284 27.181
649.572 27.188
649.861 27.201
650.149 27.221
650.437 27.239
650.725 27.255
651.013 27.267
651.301 27.276
651.589 27.284
651.878 27.287
652.166 27.310
652.454 27.344
652.742 27.374
653.030 27.400
653.318 27.423
653.606 27.454
653.895 27.484
654.183 27.512
654.471 27.540
654.759 27.546
655.047 27.566
655.335 27.595
655.623 27.624
655.912 27.648
656.200 27.669
656.488 27.700
656.776 27.716
657.064 27.732
657.352 27.756
657.640 27.781
657.929 27.802
658.217 27.820
658.505 27.845
658.793 27.867
659.081 27.878
659.369 27.891
659.657 27.914
659.946 27.936
660.234 27.956
660.522 27.982
660.810 28.007
661.098 28.033
661.386 28.068
661.675 28.108
661.963 28.135
662.251 28.151
662.539 28.175
662.827 28.197
663.115 28.232
663.403 28.276
663.692 28.319
663.980 28.354
664.268 28.392
664.556 28.426
664.844 28.455
665.132 28.490
665.420 28.527
665.709 28.574
665.997 28.616
666.285 28.653
666.573 28.689
666.861 28.714
667.149 28.749
667.437 28.777
667.726 28.811
668.014 28.847
668.302 28.879
668.590 28.919
668.878 28.953
669.166 28.974
669.454 29.004
669.743 29.026
670.031 29.038
670.319 29.058
670.607 29.081
670.895 29.112
671.183 29.130
671.471 29.145
671.760 29.168
672.048 29.190
672.336 29.221
672.624 29.255
672.912 29.282
673.200 29.302
673.488 29.328
673.777 29.361
674.065 29.385
674.353 29.419
674.641 29.451
674.929 29.476
675.217 29.493
675.505 29.523
675.794 29.550
676.082 29.578
676.370 29.609
676.658 29.644
676.946 29.676
677.234 29.704
677.522 29.738
677.811 29.774
678.099 29.797
678.387 29.824
678.675 29.850
678.963 29.868
679.251 29.887
679.539 29.919
679.828 29.957
680.116 29.992
680.404 30.032
680.692 30.056
680.980 30.074
681.268 30.094
681.556 30.113
681.845 30.137
682.133 30.158
682.421 30.191
682.709 30.219
682.997 30.242
683.285 30.257
683.573 30.278
683.862 30.302
684.150 30.325
684.438 30.363
684.726 30.394
685.014 30.433
685.302 30.459
685.591 30.493
685.879 30.530
686.167 30.555
686.455 30.582
686.743 30.627
687.031 30.666
687.319 30.699
687.608 30.726
687.896 30.751
688.184 30.784
688.472 30.820
688.760 30.850
689.048 30.877
689.336 30.901
689.625 30.928
689.913 30.962
690.201 30.992
690.489 31.022
690.777 31.054
691.065 31.092
691.353 31.118
691.642 31.149
691.930 31.171
692.218 31.188
692.506 31.213
692.794 31.245
693.082 31.273
693.370 31.306
693.659 31.329
693.947 31.344
694.235 31.366
694.523 31.403
694.811 31.439
695.099 31.477
695.387 31.505
695.676 31.536
695.964 31.574
696.252 31.609
696.540 31.650
696.836 31.688
697.133 31.715
697.429 31.746
697.725 31.780
698.021 31.814
698.318 31.853
698.614 31.889
698.910 31.932
699.207 31.973
699.503 32.005
699.799 32.039
700.095 32.065
700.392 32.084
700.688 32.113
700.984 32.153
701.281 32.197
701.577 32.243
701.873 32.272
702.169 32.296
702.466 32.336
702.762 32.365
703.058 32.395
703.355 32.422
703.651 32.453
703.947 32.487
704.243 32.521
704.540 32.551
704.836 32.587
705.132 32.613
705.428 32.644
705.725 32.668
706.021 32.683
706.317 32.694
706.614 32.719
706.910 32.759
707.206 32.802
707.502 32.837
707.799 32.870
708.095 32.900
708.391 32.930
708.688 32.962
708.984 32.974
709.280 32.987
709.576 33.011
709.873 33.040
710.169 33.075
710.465 33.095
710.762 33.114
711.058 33.135
711.354 33.149
711.650 33.173
711.947 33.217
712.243 33.247
712.539 33.282
712.836 33.322
713.132 33.343
713.428 33.370
713.724 33.394
714.021 33.411
714.317 33.437
714.613 33.457
714.910 33.468
715.206 33.490
715.502 33.503
715.798 33.508
716.095 33.508
716.391 33.518
716.687 33.545
716.984 33.563
717.280 33.598
717.576 33.625
717.872 33.644
718.169 33.661
718.465 33.689
718.761 33.708
719.058 33.724
719.354 33.726
719.650 33.739
719.946 33.766
720.243 33.789
720.539 33.805
720.835 33.811
721.131 33.829
721.428 33.840
721.724 33.851
722.020 33.863
722.317 33.883
722.613 33.899
722.909 33.909
723.205 33.932
723.502 33.956
723.798 33.990
724.094 34.021
724.391 34.037
724.687 34.063
724.983 34.087
725.279 34.086
725.576 34.095
725.872 34.118
726.168 34.133
726.465 34.132
726.761 34.131
727.057 34.153
727.353 34.184
727.650 34.200
727.946 34.220
728.242 34.229
728.539 34.258
728.835 34.286
729.131 34.302
729.427 34.327
729.724 34.341
730.020 34.345
730.316 34.359
730.613 34.348
730.909 34.348
731.205 34.358
731.501 34.367
731.798 34.397
732.094 34.419
732.390 34.422
732.687 34.422
732.983 34.431
733.279 34.445
733.575 34.460
733.872 34.470
734.168 34.490
734.464 34.506
734.761 34.499
735.057 34.500
735.353 34.502
735.649 34.513
735.946 34.535
736.242 34.556
736.538 34.567
736.835 34.588
737.131 34.595
737.427 34.611
737.723 34.617
738.020 34.632
738.316 34.638
738.612 34.641
738.909 34.660
739.205 34.671
739.501 34.683
739.797 34.699
740.094 34.719
740.390 34.735
740.686 34.758
740.982 34.763
741.279 34.756
741.575 34.763
741.871 34.763
742.168 34.765
742.464 34.768
742.760 34.773
743.056 34.767
743.353 34.777
743.649 34.787
743.945 34.779
744.242 34.772
744.538 34.784
744.834 34.799
745.130 34.801
745.427 34.801
745.723 34.805
746.019 34.800
746.316 34.796
746.612 34.790
746.908 34.779
747.204 34.780
747.501 34.779
747.797 34.771
748.093 34.767
748.390 34.758
748.686 34.777
748.982 34.775
749.278 34.756
749.575 34.741
749.871 34.728
750.167 34.708
750.464 34.705
750.760 34.710
751.056 34.705
751.352 34.704
751.649 34.699
751.945 34.706
752.241 34.702
752.538 34.687
752.834 34.677
753.130 34.668
753.426 34.661
753.723 34.663
754.019 34.650
754.315 34.650
754.611 34.664
754.908 34.664
755.204 34.683
755.500 34.678
755.797 34.671
756.093 34.658
756.389 34.652
756.685 34.655
756.982 34.652
757.278 34.642
757.574 34.627
757.871 34.600
758.167 34.582
758.463 34.577
758.759 34.570
759.056 34.570
759.352 34.573
759.648 34.553
759.945 34.550
760.241 34.540
760.537 34.541
760.833 34.533
761.130 34.508
761.426 34.490
761.722 34.479
762.019 34.462
762.315 34.456
762.611 34.454
762.907 34.447
763.204 34.439
763.500 34.438
763.804 34.433
764.108 34.436
764.412 34.448
764.716 34.448
765.020 34.451
765.324 34.455
765.628 34.448
765.932 34.457
766.236 34.449
766.540 34.446
766.844 34.433
767.148 34.422
767.452 34.428
767.756 34.430
768.060 34.411
768.364 34.393
768.668 34.385
768.972 34.373
769.276 34.365
769.580 34.345
769.884 34.335
770.188 34.334
770.492 34.321
770.796 34.325
771.100 34.341
771.404 34.336
771.708 34.313
772.012 34.297
772.316 34.292
772.620 34.274
772.924 34.241
773.228 34.218
773.532 34.184
773.836 34.186
774.140 34.189
774.444 34.183
774.748 34.181
775.052 34.154
775.356 34.130
775.659 34.123
775.963 34.128
776.267 34.124
776.571 34.101
776.875 34.083
777.179 34.067
777.483 34.049
777.787 34.032
778.091 34.020
778.395 33.999
778.699 33.999
779.003 34.001
779.307 33.986
779.611 33.979
779.915 33.973
780.219 33.961
780.523 33.973
780.827 33.986
781.131 33.966
781.435 33.963
781.739 33.965
782.043 33.960
782.347 33.948
782.651 33.931
782.955 33.925
783.259 33.919
783.563 33.909
783.867 33.887
784.171 33.879
784.475 33.853
784.779 33.829
785.083 33.807
785.387 33.778
785.691 33.759
785.995 33.759
786.299 33.753
786.603 33.737
786.907 33.737
787.211 33.748
787.515 33.761
787.819 33.760
788.123 33.747
788.427 33.724
788.731 33.693
789.035 33.689
789.339 33.679
789.643 33.646
789.947 33.626
790.251 33.622
790.555 33.603
790.859 33.591
791.163 33.590
791.467 33.599
791.771 33.589
792.075 33.579
792.379 33.566
792.683 33.553
792.987 33.559
793.291 33.542
793.595 33.527
793.899 33.527
794.203 33.537
794.507 33.522
794.811 33.500
795.115 33.494
795.419 33.491
795.723 33.454
796.027 33.429
796.331 33.437
796.635 33.457
796.939 33.448
797.243 33.422
797.547 33.405
797.851 33.401
798.155 33.412
798.459 33.403
798.763 33.386
799.067 33.357
799.371 33.321
799.674 33.316
799.978 33.311
800.282 33.314
800.586 33.282
800.890 33.254
801.194 33.245
801.498 33.232
801.802 33.222
802.106 33.203
802.410 33.198
802.714 33.188
803.018 33.189
803.322 33.188
803.626 33.175
803.930 33.172
804.234 33.168
804.538 33.153
804.842 33.139
805.146 33.140
805.450 33.143
805.754 33.118
806.058 33.093
806.362 33.087
806.666 33.082
806.970 33.081
807.274 33.076
807.578 33.068
807.882 33.044
808.186 33.036
808.490 33.045
808.794 33.051
809.098 33.053
809.402 33.067
809.706 33.077
810.010 33.057
810.314 33.057
810.618 33.061
810.922 33.041
811.226 33.019
811.530 32.975
811.834 32.939
812.137 32.933
812.441 32.948
812.744 32.945
813.048 32.926
813.351 32.931
813.655 32.912
813.958 32.878
814.262 32.880
814.565 32.860
814.869 32.831
815.172 32.803
815.476 32.790
815.779 32.795
816.083 32.786
816.386 32.756
816.690 32.752
816.993 32.768
817.297 32.775
817.600 32.789
817.904 32.796
818.208 32.777
818.511 32.738
818.815 32.690
819.118 32.689
819.422 32.676
819.725 32.641
820.029 32.590
820.332 32.560
820.636 32.574
820.939 32.593
821.243 32.584
821.546 32.578
821.850 32.598
822.153 32.638
822.457 32.649
822.760 32.651
823.064 32.638
823.367 32.625
823.671 32.603
823.974 32.587
824.278 32.573
824.582 32.561
824.885 32.562
825.189 32.565
825.492 32.578
825.796 32.589
826.099 32.579
826.403 32.582
826.706 32.600
827.010 32.597
827.313 32.580
827.617 32.567
827.920 32.530
828.224 32.491
828.527 32.491
828.831 32.475
829.134 32.458
829.438 32.476
829.741 32.500
830.045 32.508
830.348 32.485
830.652 32.471
830.956 32.450
831.259 32.433
831.563 32.442
831.866 32.459
832.170 32.481
832.473 32.491
832.777 32.493
833.080 32.479
833.384 32.487
833.687 32.492
833.991 32.493
834.294 32.461
834.598 32.436
834.901 32.451
835.205 32.439
835.508 32.409
835.812 32.405
836.115 32.402
836.419 32.397
836.722 32.384
837.026 32.375
837.330 32.391
837.633 32.415
837.937 32.435
838.240 32.453
838.544 32.474
838.847 32.482
839.151 32.460
839.454 32.460
839.758 32.464
840.061 32.480
840.365 32.515
840.668 32.512
840.972 32.523
841.275 32.542
841.579 32.588
841.882 32.622
842.186 32.673
842.489 32.685
842.793 32.697
843.097 32.715
843.400 32.727
843.704 32.729
844.007 32.735
844.311 32.751
844.614 32.758
844.918 32.785
845.221 32.804
845.525 32.817
845.828 32.806
846.132 32.799
846.435 32.833
846.739 32.846
847.042 32.840
847.346 32.871
847.649 32.904
847.953 32.894
848.256 32.900
848.560 32.932
848.863 32.997
849.167 33.042
849.471 33.040
849.774 33.017
850.078 33.026
850.381 33.028
850.685 33.066
850.988 33.112
851.292 33.112
851.595 33.153
851.899 33.125
852.202 33.089
852.506 33.123
852.809 33.168
853.113 33.189
853.416 33.162
853.720 33.136
854.023 33.168
854.327 33.176
854.630 33.161
854.934 33.162
855.237 33.165
855.541 33.175
855.845 33.185
856.148 33.159
856.452 33.142
856.755 33.123
857.059 33.112
857.362 33.131
857.666 33.169
857.969 33.146
858.273 33.101
858.576 33.079
858.880 33.036
859.183 32.982
859.487 32.941
859.790 32.893
860.094 32.857
860.397 32.825
860.701 32.796
861.004 32.783
861.308 32.757
861.611 32.734
861.915 32.706
862.219 32.692
862.522 32.675
862.826 32.633
863.129 32.621
863.433 32.600
863.736 32.550
864.040 32.522
864.343 32.518
864.647 32.507
864.950 32.478
865.254 32.477
865.557 32.459
865.861 32.436
866.164 32.426
866.468 32.397
866.771 32.365
867.075 32.348
867.378 32.292
867.682 32.238
867.985 32.226
868.289 32.249
868.593 32.233
868.896 32.214
869.200 32.178
869.503 32.130
869.807 32.142
870.110 32.136
870.414 32.156
870.717 32.165
871.021 32.113
871.324 32.079
871.628 32.071
871.931 32.104
872.235 32.134
872.538 32.083
872.842 32.069
873.145 32.046
873.449 32.021
873.752 32.062
874.056 32.107
874.359 32.093
874.663 32.117
874.967 32.151
875.270 32.189
875.574 32.214
875.877 32.194
876.181 32.169
876.484 32.152
876.788 32.172
877.091 32.154
877.395 32.116
877.698 32.106
878.002 32.088
878.305 32.096
878.609 32.071
878.912 32.068
879.216 32.055
879.519 32.049
879.823 32.055
880.126 32.052
880.430 32.067
880.733 32.084
881.037 32.086
881.341 32.101
881.644 32.095
881.948 32.112
882.251 32.177
882.555 32.196
882.858 32.204
883.162 32.248
883.465 32.280
883.769 32.299
884.072 32.304
884.376 32.314
884.679 32.337
884.983 32.342
885.286 32.357
885.590 32.380
885.893 32.423
886.197 32.468
886.500 32.498
886.804 32.503
887.107 32.505
887.411 32.531
887.715 32.564
888.018 32.592
888.322 32.609
888.625 32.638
888.929 32.636
889.232 32.635
889.536 32.630
889.839 32.624
890.143 32.617
890.446 32.587
890.750 32.574
891.053 32.598
891.357 32.605
891.660 32.641
891.964 32.663
892.267 32.640
892.571 32.632
892.874 32.640
893.178 32.624
893.482 32.618
893.785 32.623
894.089 32.639
894.392 32.667
894.696 32.677
894.999 32.682
895.303 32.716
895.606 32.745
895.910 32.783
896.213 32.824
896.517 32.849
896.820 32.876
897.124 32.890
897.427 32.920
897.731 32.972
898.034 33.020
898.338 33.062
898.641 33.074
898.945 33.103
899.248 33.147
899.552 33.203
899.856 33.238
900.159 33.278
900.463 33.327
900.766 33.301
901.070 33.317
901.373 33.353
901.677 33.379
901.980 33.381
902.284 33.388
902.587 33.415
902.891 33.411
903.194 33.385
903.498 33.418
903.801 33.423
904.105 33.405
904.408 33.399
904.712 33.380
905.015 33.345
905.319 33.336
905.622 33.367
905.926 33.342
906.230 33.300
906.533 33.287
906.837 33.275
907.140 33.302
907.444 33.326
907.747 33.355
908.051 33.421
908.354 33.468
908.658 33.535
908.961 33.592
909.265 33.596
909.568 33.637
909.872 33.691
910.175 33.697
910.479 33.685
910.782 33.706
911.086 33.688
911.389 33.694
911.693 33.737
911.996 33.776
912.300 33.802
912.613 33.821
912.926 33.826
913.238 33.850
913.551 33.895
913.864 33.920
914.176 33.969
914.489 34.021
914.802 34.028
915.115 34.101
915.427 34.127
915.740 34.193
916.053 34.247
916.366 34.235
916.678 34.259
916.991 34.294
917.304 34.365
917.617 34.402
917.929 34.417
918.242 34.420
918.555 34.468
918.868 34.516
919.180 34.523
919.493 34.556
919.806 34.572
920.119 34.608
920.431 34.596
920.744 34.600
921.057 34.645
921.370 34.723
921.682 34.772
921.995 34.792
922.308 34.829
922.621 34.915
922.933 35.049
923.246 35.134
923.559 35.182
923.872 35.253
924.184 35.323
924.497 35.376
924.810 35.432
925.123 35.523
925.435 35.622
925.748 35.735
926.061 35.806
926.374 35.896
926.686 35.996
926.999 36.101
927.312 36.211
927.625 36.305
927.937 36.347
928.250 36.411
928.563 36.502
928.876 36.579
929.188 36.568
929.501 36.677
929.814 36.758
930.127 36.836
930.439 36.943
930.752 36.986
931.065 37.009
931.378 37.042
931.690 37.089
932.003 37.170
932.316 37.241
932.629 37.295
932.941 37.338
933.254 37.395
933.567 37.408
933.880 37.460
934.192 37.590
934.505 37.730
934.818 37.827
935.131 37.887
935.443 37.999
935.756 38.119
936.069 38.239
936.382 38.289
936.694 38.430
937.007 38.551
937.320 38.550
937.633 38.550
937.945 38.587
938.258 38.602
938.571 38.628
938.884 38.747
939.196 38.872
939.509 38.995
939.822 39.058
940.135 39.078
940.447 39.105
940.760 39.172
941.073 39.224
941.386 39.260
941.698 39.275
942.011 39.330
942.324 39.473
942.637 39.530
942.949 39.636
943.262 39.739
943.575 39.819
943.888 39.926
944.200 39.957
944.513 39.979
944.826 40.021
945.139 40.038
945.451 40.068
945.764 40.083
946.077 40.111
946.390 40.142
946.702 40.144
947.015 40.106
947.328 40.076
947.641 40.118
947.953 40.174
948.266 40.177
948.579 40.215
948.892 40.253
949.204 40.268
949.517 40.281
949.830 40.341
950.143 40.412
950.455 40.491
950.768 40.532
951.081 40.563
951.394 40.610
951.706 40.666
952.019 40.678
952.332 40.704
952.645 40.756
952.957 40.773
953.270 40.768
953.583 40.753
953.896 40.722
954.208 40.688
954.521 40.658
954.834 40.676
955.147 40.649
955.459 40.664
955.772 40.554
956.085 40.419
956.398 40.457
956.710 40.507
957.023 40.498
957.336 40.505
957.649 40.534
957.961 40.599
958.274 40.676
958.587 40.640
958.900 40.651
959.212 40.647
959.525 40.540
959.838 40.529
960.151 40.607
960.463 40.645
960.776 40.695
961.089 40.674
961.402 40.618
961.714 40.660
962.027 40.640
962.340 40.660
962.653 40.717
962.965 40.733
963.278 40.761
963.591 40.761
963.904 40.708
964.216 40.669
964.529 40.670
964.842 40.640
965.154 40.611
965.467 40.583
965.780 40.522
966.094 40.561
966.409 40.646
966.723 40.642
967.037 40.592
967.352 40.607
967.666 40.622
967.980 40.668
968.295 40.706
968.609 40.658
968.923 40.572
969.238 40.580
969.552 40.544
969.866 40.615
970.181 40.690
970.495 40.666
970.809 40.645
971.124 40.681
971.438 40.656
971.752 40.757
972.067 40.829
972.381 40.774
972.695 40.711
973.010 40.723
973.324 40.753
973.638 40.751
973.953 40.730
974.267 40.756
974.581 40.793
974.896 40.808
975.210 40.873
975.524 40.932
975.839 40.965
976.153 41.107
976.467 41.269
976.781 41.343
977.096 41.313
977.410 41.291
977.724 41.459
978.039 41.553
978.353 41.664
978.667 41.899
978.982 41.994
979.296 42.056
979.610 42.187
979.925 42.154
980.239 42.126
980.553 42.109
980.868 42.125
981.182 42.162
981.496 42.154
981.811 42.044
982.125 41.995
982.439 42.023
982.754 42.106
983.068 42.147
983.382 42.256
983.697 42.397
984.011 42.501
984.325 42.539
984.640 42.549
984.954 42.631
985.268 42.676
985.583 42.640
985.897 42.640
986.211 42.730
986.526 42.801
986.840 42.877
987.154 42.979
987.469 43.012
987.783 43.101
988.097 43.271
988.412 43.313
988.726 43.341
989.040 43.288
989.355 43.247
989.669 43.327
989.983 43.383
990.298 43.420
990.612 43.596
990.926 43.657
991.241 43.758
991.555 43.897
991.869 43.951
992.184 43.975
992.498 43.981
992.812 44.037
993.127 44.182
993.441 44.237
993.755 44.281
994.070 44.375
994.384 44.453
994.698 44.467
995.013 44.570
995.327 44.620
995.641 44.523
995.956 44.539
996.270 44.545
996.584 44.544
996.899 44.547
997.213 44.657
997.527 44.643
997.841 44.530
998.156 44.522
998.470 44.450
998.784 44.447
999.099 44.639
999.413 44.690
999.727 44.736
