200.182 78.165
200.437 77.460
200.691 76.840
200.946 76.152
201.201 75.221
201.455 74.404
201.710 73.660
201.964 73.021
202.219 72.414
202.474 71.727
202.728 70.956
202.983 70.239
203.237 69.716
203.492 69.008
203.747 68.065
204.001 67.184
204.256 66.188
204.510 65.140
204.765 64.184
205.020 63.341
205.274 62.583
205.529 61.709
205.783 60.798
206.038 59.901
206.293 58.824
206.547 57.795
206.802 56.779
207.057 55.785
207.311 54.785
207.566 53.859
207.820 52.894
208.075 52.095
208.330 51.222
208.584 50.402
208.839 49.826
209.093 49.175
209.348 48.326
209.603 47.594
209.857 46.757
210.112 45.939
210.366 45.076
210.621 44.198
210.876 43.444
211.130 42.798
211.385 42.204
211.639 41.478
211.894 40.521
212.149 39.627
212.403 38.881
212.658 38.197
212.913 37.425
213.167 36.692
213.422 36.063
213.676 35.360
213.931 34.606
214.186 33.799
214.440 33.043
214.695 32.425
214.949 31.922
215.204 31.418
215.459 30.936
215.713 30.486
215.968 29.938
216.222 29.296
216.477 28.689
216.732 28.290
216.986 27.907
217.241 27.368
217.495 26.838
217.750 26.353
218.005 25.980
218.259 25.592
218.514 25.034
218.769 24.395
219.023 23.852
219.278 23.427
219.532 22.861
219.787 22.389
220.042 21.926
220.296 21.512
220.551 21.111
220.805 20.758
221.060 20.373
221.315 19.983
221.569 19.603
221.824 19.248
222.078 18.941
222.333 18.615
222.588 18.316
222.842 17.980
223.097 17.653
223.351 17.289
223.606 16.819
223.861 16.363
224.115 15.973
224.370 15.561
224.625 15.146
224.879 14.798
225.134 14.423
225.388 14.121
225.643 13.853
225.898 13.609
226.152 13.333
226.407 13.047
226.661 12.703
226.916 12.410
227.171 12.131
227.425 11.853
227.680 11.582
227.934 11.383
228.189 11.110
228.444 10.853
228.698 10.607
228.953 10.352
229.208 10.129
229.462 9.891
229.717 9.680
229.971 9.477
230.226 9.275
230.481 9.044
230.735 8.840
230.990 8.665
231.244 8.476
231.499 8.303
231.754 8.158
232.008 8.004
232.263 7.870
232.517 7.732
232.772 7.600
233.027 7.445
233.281 7.272
233.536 7.105
233.790 6.929
234.045 6.798
234.300 6.697
234.554 6.594
234.809 6.475
235.064 6.387
235.318 6.307
235.573 6.228
235.827 6.142
236.082 6.046
236.337 5.975
236.591 5.903
236.846 5.821
237.100 5.742
237.355 5.701
237.610 5.655
237.864 5.598
238.119 5.556
238.373 5.501
238.628 5.445
238.883 5.399
239.137 5.358
239.392 5.317
239.646 5.273
239.901 5.239
240.156 5.201
240.410 5.182
240.665 5.152
240.920 5.113
241.174 5.084
241.429 5.059
241.683 5.029
241.938 5.001
242.193 4.985
242.447 4.969
242.702 4.960
242.956 4.948
243.211 4.934
243.466 4.923
243.720 4.925
243.975 4.924
244.229 4.912
244.484 4.901
244.739 4.900
244.993 4.903
245.248 4.901
245.503 4.900
245.757 4.900
246.012 4.899
246.266 4.902
246.521 4.904
246.776 4.914
247.030 4.915
247.285 4.907
247.539 4.906
247.794 4.911
248.049 4.912
248.303 4.913
248.558 4.930
248.812 4.939
249.067 4.930
249.322 4.934
249.576 4.945
249.831 4.954
250.085 4.956
250.340 4.959
250.595 4.967
250.849 4.986
251.104 5.001
251.359 5.012
251.613 5.020
251.868 5.033
252.122 5.042
252.377 5.054
252.632 5.069
252.886 5.074
253.141 5.077
253.395 5.083
253.650 5.092
253.905 5.101
254.161 5.108
254.416 5.118
254.672 5.137
254.927 5.166
255.183 5.184
255.438 5.200
255.694 5.229
255.949 5.254
256.205 5.265
256.460 5.282
256.715 5.297
256.971 5.320
257.226 5.345
257.482 5.365
257.737 5.384
257.993 5.399
258.248 5.422
258.504 5.441
258.759 5.456
259.014 5.480
259.270 5.495
259.525 5.512
259.781 5.541
260.036 5.584
260.292 5.622
260.547 5.641
260.803 5.664
261.058 5.697
261.314 5.727
261.569 5.752
261.824 5.775
262.080 5.802
262.335 5.831
262.591 5.870
262.846 5.908
263.102 5.933
263.357 5.954
263.613 5.984
263.868 6.019
264.123 6.049
264.379 6.077
264.634 6.108
264.890 6.137
265.145 6.171
265.401 6.199
265.656 6.228
265.912 6.259
266.167 6.284
266.423 6.305
266.678 6.336
266.933 6.367
267.189 6.397
267.444 6.423
267.700 6.455
267.955 6.483
268.211 6.511
268.466 6.551
268.722 6.589
268.977 6.630
269.232 6.674
269.488 6.709
269.743 6.746
269.999 6.788
270.254 6.829
270.510 6.862
270.765 6.904
271.021 6.949
271.276 6.986
271.532 7.026
271.787 7.071
272.042 7.115
272.298 7.152
272.553 7.185
272.809 7.229
273.064 7.276
273.320 7.327
273.575 7.378
273.831 7.415
274.086 7.458
274.342 7.508
274.597 7.550
274.852 7.596
275.108 7.644
275.363 7.683
275.619 7.707
275.874 7.737
276.130 7.785
276.385 7.832
276.641 7.878
276.896 7.922
277.151 7.973
277.407 8.024
277.662 8.065
277.918 8.100
278.173 8.141
278.429 8.187
278.684 8.250
278.940 8.313
279.195 8.363
279.451 8.413
279.706 8.458
279.961 8.513
280.217 8.564
280.472 8.615
280.728 8.669
280.983 8.728
281.239 8.784
281.494 8.839
281.750 8.902
282.005 8.964
282.260 9.022
282.516 9.075
282.771 9.127
283.027 9.188
283.282 9.247
283.538 9.304
283.793 9.361
284.049 9.414
284.304 9.471
284.560 9.530
284.815 9.587
285.070 9.646
285.326 9.710
285.581 9.772
285.837 9.823
286.092 9.878
286.348 9.937
286.603 9.998
286.859 10.056
287.114 10.116
287.369 10.179
287.625 10.241
287.880 10.311
288.136 10.384
288.391 10.452
288.647 10.518
288.902 10.575
289.158 10.632
289.413 10.701
289.669 10.768
289.924 10.835
290.179 10.910
290.435 10.985
290.690 11.053
290.946 11.124
291.201 11.205
291.457 11.284
291.712 11.359
291.968 11.434
292.223 11.501
292.479 11.565
292.734 11.630
292.989 11.702
293.245 11.777
293.500 11.855
293.756 11.926
294.011 11.999
294.267 12.067
294.522 12.129
294.778 12.204
295.033 12.277
295.288 12.347
295.544 12.413
295.799 12.481
296.055 12.558
296.310 12.634
296.566 12.710
296.821 12.795
297.077 12.875
297.332 12.945
297.588 13.013
297.843 13.085
298.098 13.162
298.354 13.241
298.609 13.311
298.865 13.385
299.120 13.465
299.376 13.546
299.631 13.621
299.887 13.694
300.142 13.775
300.397 13.849
300.653 13.924
300.908 13.995
301.164 14.067
301.419 14.145
301.675 14.220
301.930 14.290
302.186 14.371
302.441 14.453
302.697 14.523
302.952 14.590
303.207 14.664
303.463 14.734
303.718 14.803
303.974 14.870
304.229 14.945
304.485 15.022
304.740 15.098
304.996 15.169
305.251 15.239
305.506 15.306
305.762 15.370
306.017 15.433
306.273 15.504
306.528 15.576
306.784 15.650
307.039 15.725
307.295 15.786
307.550 15.847
307.806 15.920
308.061 15.999
308.316 16.069
308.572 16.137
308.827 16.207
309.083 16.276
309.338 16.347
309.594 16.411
309.849 16.480
310.105 16.552
310.360 16.621
310.615 16.692
310.871 16.769
311.126 16.839
311.382 16.913
311.637 16.986
311.893 17.052
312.148 17.115
312.404 17.164
312.659 17.220
312.915 17.282
313.170 17.346
313.429 17.408
313.688 17.474
313.947 17.543
314.206 17.616
314.465 17.686
314.724 17.751
314.983 17.812
315.242 17.876
315.501 17.934
315.760 17.995
316.019 18.065
316.278 18.133
316.536 18.196
316.795 18.261
317.054 18.327
317.313 18.394
317.572 18.467
317.831 18.536
318.090 18.595
318.349 18.661
318.608 18.727
318.867 18.784
319.126 18.844
319.385 18.910
319.644 18.975
319.903 19.034
320.162 19.095
320.421 19.157
320.680 19.216
320.939 19.282
321.198 19.340
321.457 19.394
321.716 19.456
321.975 19.512
322.234 19.570
322.493 19.627
322.752 19.688
323.010 19.754
323.269 19.823
323.528 19.883
323.787 19.937
324.046 19.992
324.305 20.051
324.564 20.111
324.823 20.162
325.082 20.215
325.341 20.276
325.600 20.337
325.859 20.398
326.118 20.458
326.377 20.517
326.636 20.563
326.895 20.621
327.154 20.675
327.413 20.721
327.672 20.765
327.931 20.809
328.190 20.866
328.449 20.922
328.708 20.983
328.967 21.037
329.226 21.101
329.485 21.148
329.743 21.194
330.002 21.238
330.261 21.281
330.520 21.327
330.779 21.370
331.038 21.415
331.297 21.472
331.556 21.523
331.815 21.568
332.074 21.608
332.333 21.658
332.592 21.710
332.851 21.759
333.110 21.805
333.369 21.845
333.628 21.876
333.887 21.913
334.146 21.949
334.405 21.985
334.664 22.033
334.923 22.089
335.182 22.136
335.441 22.173
335.700 22.210
335.959 22.249
336.217 22.289
336.476 22.340
336.735 22.383
336.994 22.429
337.253 22.489
337.512 22.544
337.771 22.590
338.030 22.632
338.289 22.673
338.548 22.708
338.807 22.753
339.066 22.800
339.325 22.834
339.584 22.866
339.843 22.909
340.102 22.945
340.361 22.984
340.620 23.031
340.879 23.069
341.138 23.102
341.397 23.123
341.656 23.150
341.915 23.187
342.174 23.221
342.433 23.270
342.691 23.313
342.950 23.344
343.209 23.386
343.468 23.429
343.727 23.475
343.986 23.515
344.245 23.555
344.504 23.588
344.763 23.627
345.022 23.655
345.281 23.695
345.540 23.732
345.799 23.759
346.058 23.791
346.317 23.828
346.576 23.867
346.835 23.910
347.094 23.950
347.353 23.997
347.612 24.029
347.871 24.063
348.130 24.102
348.389 24.135
348.648 24.173
348.907 24.211
349.166 24.255
349.424 24.298
349.683 24.335
349.942 24.388
350.201 24.444
350.460 24.485
350.719 24.506
350.978 24.531
351.237 24.579
351.496 24.630
351.755 24.664
352.014 24.703
352.273 24.734
352.532 24.767
352.791 24.808
353.050 24.856
353.309 24.908
353.568 24.946
353.827 24.982
354.086 25.014
354.345 25.042
354.604 25.067
354.863 25.081
355.122 25.121
355.381 25.162
355.640 25.199
355.898 25.237
356.157 25.276
356.416 25.321
356.675 25.367
356.934 25.400
357.193 25.443
357.452 25.490
357.711 25.516
357.970 25.552
358.229 25.588
358.488 25.623
358.747 25.663
359.006 25.700
359.265 25.751
359.524 25.807
359.783 25.859
360.042 25.903
360.301 25.949
360.560 25.994
360.819 26.034
361.078 26.073
361.337 26.119
361.596 26.168
361.855 26.220
362.114 26.275
362.372 26.333
362.631 26.377
362.890 26.411
363.149 26.434
363.408 26.477
363.667 26.533
363.926 26.570
364.185 26.605
364.444 26.637
364.703 26.675
364.962 26.709
365.221 26.754
365.480 26.806
365.745 26.843
366.009 26.887
366.274 26.945
366.539 27.000
366.804 27.055
367.068 27.095
367.333 27.129
367.598 27.181
367.863 27.233
368.127 27.288
368.392 27.342
368.657 27.391
368.921 27.416
369.186 27.442
369.451 27.486
369.716 27.529
369.980 27.577
370.245 27.640
370.510 27.704
370.775 27.773
371.039 27.833
371.304 27.888
371.569 27.941
371.834 27.998
372.098 28.054
372.363 28.110
372.628 28.168
372.892 28.238
373.157 28.299
373.422 28.352
373.687 28.425
373.951 28.493
374.216 28.555
374.481 28.613
374.746 28.675
375.010 28.743
375.275 28.800
375.540 28.843
375.804 28.900
376.069 28.959
376.334 29.024
376.599 29.088
376.863 29.157
377.128 29.221
377.393 29.284
377.658 29.361
377.922 29.433
378.187 29.500
378.452 29.563
378.716 29.627
378.981 29.703
379.246 29.786
379.511 29.866
379.775 29.934
380.040 30.012
380.305 30.093
380.570 30.174
380.834 30.259
381.099 30.339
381.364 30.413
381.629 30.488
381.893 30.569
382.158 30.640
382.423 30.700
382.687 30.763
382.952 30.838
383.217 30.921
383.482 31.011
383.746 31.091
384.011 31.165
384.276 31.244
384.541 31.313
384.805 31.381
385.070 31.458
385.335 31.534
385.599 31.610
385.864 31.694
386.129 31.775
386.394 31.846
386.658 31.916
386.923 31.994
387.188 32.074
387.453 32.157
387.717 32.243
387.982 32.442
388.247 32.519
388.511 32.593
388.776 32.663
389.041 32.731
389.306 32.802
389.570 32.870
389.835 32.936
390.100 32.999
390.365 33.069
390.629 33.132
390.894 33.200
391.159 33.277
391.424 33.350
391.688 33.412
391.953 33.482
392.218 33.557
392.482 33.625
392.747 33.688
393.012 33.755
393.277 33.820
393.541 33.889
393.806 33.952
394.071 34.005
394.336 34.048
394.600 34.096
394.865 34.154
395.130 34.204
395.394 34.253
395.659 34.309
395.924 34.356
396.189 34.401
396.453 34.445
396.718 34.499
396.983 34.546
397.248 34.595
397.512 34.635
397.777 34.684
398.042 34.724
398.306 34.751
398.571 34.778
398.836 34.814
399.101 34.851
399.365 34.876
399.630 34.916
399.895 34.959
400.160 34.987
400.424 35.012
400.689 35.054
400.954 35.097
401.219 35.132
401.483 35.162
401.748 35.188
402.013 35.230
402.277 35.261
402.542 35.294
402.807 35.326
403.072 35.356
403.336 35.373
403.601 35.403
403.866 35.436
404.131 35.464
404.395 35.487
404.660 35.510
404.929 35.518
405.198 35.539
405.466 35.568
405.735 35.595
406.004 35.628
406.273 35.649
406.542 35.658
406.810 35.663
407.079 35.669
407.348 35.673
407.617 35.678
407.886 35.696
408.154 35.710
408.423 35.715
408.692 35.719
408.961 35.728
409.229 35.737
409.498 35.739
409.767 35.736
410.036 35.735
410.305 35.746
410.573 35.772
410.842 35.790
411.111 35.808
411.380 35.824
411.649 35.832
411.917 35.829
412.186 35.831
412.455 35.836
412.724 35.838
412.993 35.837
413.261 35.849
413.530 35.854
413.799 35.855
414.068 35.860
414.337 35.871
414.605 35.883
414.874 35.893
415.143 35.897
415.412 35.895
415.681 35.892
415.949 35.872
416.218 35.869
416.487 35.866
416.756 35.859
417.024 35.843
417.293 35.834
417.562 35.835
417.831 35.841
418.100 35.843
418.368 35.836
418.637 35.822
418.906 35.800
419.175 35.778
419.444 35.757
419.712 35.749
419.981 35.725
420.250 35.695
420.519 35.671
420.788 35.638
421.056 35.607
421.325 35.594
421.594 35.563
421.863 35.528
422.132 35.489
422.400 35.444
422.669 35.415
422.938 35.389
423.207 35.366
423.476 35.335
423.744 35.307
424.013 35.283
424.282 35.255
424.551 35.220
424.819 35.182
425.088 35.142
425.357 35.105
425.626 35.060
425.895 35.024
426.163 34.993
426.432 34.967
426.701 34.931
426.970 34.871
427.239 34.811
427.507 34.750
427.776 34.699
428.045 34.655
428.314 34.610
428.583 34.569
428.851 34.523
429.120 34.480
429.389 34.439
429.658 34.381
429.927 34.314
430.195 34.247
430.464 34.179
430.733 34.121
431.002 34.061
431.271 33.996
431.539 33.929
431.808 33.866
432.077 33.808
432.346 33.760
432.614 33.696
432.883 33.634
433.152 33.583
433.421 33.524
433.690 33.451
433.958 33.375
434.227 33.298
434.496 33.224
434.765 33.145
435.034 33.082
435.302 33.020
435.571 32.954
435.840 32.874
436.116 32.796
436.393 32.731
436.669 32.663
436.945 32.594
437.221 32.522
437.498 32.450
437.774 32.376
438.050 32.309
438.326 32.232
438.603 32.161
438.879 32.096
439.155 32.011
439.431 31.924
439.708 31.845
439.984 31.769
440.260 31.689
440.537 31.606
440.813 31.517
441.089 31.430
441.365 31.341
441.642 31.247
441.918 31.158
442.194 31.082
442.470 30.994
442.747 30.893
443.023 30.787
443.299 30.687
443.575 30.599
443.852 30.515
444.128 30.429
444.404 30.337
444.680 30.239
444.957 30.146
445.233 30.042
445.509 29.935
445.786 29.831
446.062 29.726
446.338 29.627
446.614 29.528
446.891 29.430
447.167 29.334
447.443 29.229
447.719 29.119
447.996 29.013
448.272 28.912
448.548 28.806
448.824 28.695
449.101 28.588
449.377 28.487
449.653 28.387
449.930 28.277
450.206 28.158
450.482 28.052
450.758 27.942
451.035 27.824
451.311 27.705
451.587 27.586
451.863 27.465
452.140 27.347
452.416 27.221
452.692 27.105
452.968 26.984
453.245 26.863
453.521 26.746
453.797 26.628
454.074 26.505
454.350 26.379
454.626 26.256
454.902 26.135
455.179 26.009
455.455 25.884
455.731 25.753
456.007 25.624
456.284 25.499
456.560 25.361
456.836 25.223
457.112 25.087
457.389 24.950
457.665 24.819
457.941 24.687
458.218 24.550
458.494 24.418
458.770 24.274
459.046 24.126
459.323 23.989
459.599 23.857
459.875 23.722
460.151 23.587
460.428 23.451
460.704 23.307
460.980 23.164
461.256 23.025
461.533 22.884
461.809 22.732
462.085 22.582
462.361 22.435
462.638 22.281
462.914 22.129
463.190 21.975
463.467 21.823
463.743 21.660
464.019 21.488
464.295 21.328
464.572 21.178
464.848 21.029
465.124 20.876
465.400 20.721
465.677 20.566
465.953 20.410
466.229 20.254
466.505 20.087
466.782 19.914
467.058 19.757
467.334 19.605
467.611 19.451
467.887 19.304
468.163 19.145
468.439 18.985
468.716 18.822
468.992 18.657
469.268 18.502
469.544 18.352
469.821 18.198
470.097 18.035
470.373 17.868
470.649 17.704
470.926 17.550
471.202 17.391
471.478 17.230
471.755 17.065
472.031 16.915
472.307 16.767
472.583 16.612
472.860 16.464
473.136 16.316
473.412 16.168
473.688 16.023
473.965 15.874
474.241 15.718
474.517 15.569
474.793 15.427
475.070 15.285
475.346 15.142
475.622 14.999
475.899 14.857
476.175 14.714
476.451 14.573
476.727 14.427
477.004 14.281
477.280 14.132
477.556 13.990
477.832 13.848
478.109 13.705
478.385 13.564
478.661 13.432
478.937 13.304
479.214 13.180
479.490 13.059
479.766 12.931
480.043 12.810
480.319 12.689
480.595 12.577
480.871 12.476
481.148 12.366
481.424 12.249
481.700 12.131
481.976 12.018
482.253 11.909
482.529 11.806
482.805 11.700
483.081 11.591
483.358 11.482
483.634 11.384
483.910 11.281
484.186 11.174
484.463 11.068
484.739 10.965
485.015 10.872
485.292 10.784
485.568 10.690
485.844 10.602
486.120 10.516
486.397 10.422
486.673 10.335
486.949 10.255
487.225 10.176
487.502 10.094
487.778 10.015
488.054 9.941
488.330 9.866
488.607 9.792
488.883 9.712
489.159 9.632
489.436 9.555
489.712 9.477
489.988 9.399
490.264 9.330
490.541 9.261
490.817 9.193
491.093 9.128
491.369 9.065
491.646 9.006
491.922 8.951
492.198 8.894
492.474 8.840
492.751 8.788
493.027 8.731
493.303 8.673
493.580 8.620
493.856 8.575
494.132 8.534
494.408 8.484
494.685 8.434
494.961 8.380
495.237 8.334
495.513 8.292
495.790 8.249
496.066 8.209
496.342 8.169
496.618 8.127
496.895 8.082
497.171 8.033
497.447 7.983
497.724 7.932
498.000 7.883
498.276 7.842
498.552 7.802
498.829 7.760
499.105 7.712
499.381 7.661
499.657 7.617
499.934 7.571
500.210 7.533
500.486 7.496
500.762 7.463
501.039 7.419
501.315 7.374
501.591 7.343
501.867 7.315
502.144 7.281
502.420 7.249
502.696 7.213
502.973 7.171
503.249 7.133
503.525 7.095
503.801 7.054
504.078 7.014
504.354 6.974
504.630 6.935
504.906 6.901
505.183 6.865
505.459 6.832
505.735 6.794
506.011 6.755
506.288 6.724
506.564 6.692
506.840 6.662
507.117 6.637
507.393 6.612
507.669 6.586
507.945 6.562
508.222 6.534
508.498 6.495
508.774 6.455
509.050 6.422
509.327 6.394
509.603 6.365
509.879 6.336
510.155 6.304
510.432 6.282
510.708 6.251
510.984 6.214
511.261 6.189
511.537 6.165
511.813 6.141
512.089 6.113
512.366 6.083
512.642 6.053
512.918 6.020
513.194 5.990
513.471 5.963
513.747 5.940
514.023 5.922
514.299 5.902
514.576 5.878
514.852 5.856
515.128 5.839
515.405 5.816
515.681 5.792
515.957 5.776
516.233 5.758
516.510 5.736
516.786 5.721
517.062 5.703
517.338 5.677
517.615 5.651
517.891 5.638
518.167 5.630
518.443 5.607
518.720 5.577
518.996 5.552
519.272 5.525
519.548 5.501
519.825 5.483
520.101 5.470
520.377 5.462
520.654 5.449
520.930 5.431
521.206 5.421
521.482 5.410
521.759 5.394
522.035 5.376
522.311 5.359
522.587 5.346
522.864 5.335
523.140 5.322
523.416 5.306
523.692 5.291
523.969 5.266
524.245 5.246
524.521 5.228
524.798 5.205
525.074 5.179
525.350 5.161
525.626 5.149
525.903 5.133
526.179 5.113
526.455 5.098
526.731 5.089
527.008 5.085
527.284 5.070
527.560 5.058
527.836 5.042
528.113 5.030
528.389 5.024
528.665 5.015
528.942 5.001
529.218 4.996
529.494 4.996
529.770 4.989
530.047 4.976
530.323 4.967
530.599 4.960
530.875 4.952
531.152 4.941
531.428 4.932
531.704 4.920
531.980 4.905
532.257 4.895
532.533 4.884
532.809 4.877
533.086 4.870
533.362 4.864
533.638 4.857
533.914 4.850
534.191 4.846
534.467 4.839
534.743 4.832
535.019 4.823
535.296 4.817
535.572 4.815
535.848 4.812
536.124 4.809
536.401 4.803
536.677 4.795
536.953 4.787
537.230 4.777
537.506 4.774
537.782 4.777
538.058 4.772
538.335 4.761
538.611 4.754
538.887 4.750
539.163 4.742
539.440 4.741
539.716 4.737
539.992 4.734
540.268 4.738
540.545 4.739
540.821 4.739
541.097 4.732
541.373 4.726
541.650 4.731
541.926 4.736
542.202 4.739
542.479 4.743
542.755 4.746
543.031 4.747
543.307 4.747
543.584 4.746
543.860 4.739
544.136 4.731
544.412 4.726
544.689 4.730
544.965 4.729
545.241 4.722
545.517 4.722
545.794 4.723
546.070 4.722
546.356 4.714
546.642 4.706
546.928 4.709
547.214 4.707
547.500 4.705
547.786 4.706
548.072 4.710
548.358 4.718
548.644 4.725
548.930 4.729
549.216 4.734
549.502 4.739
549.788 4.740
550.074 4.747
550.360 4.751
550.646 4.747
550.932 4.746
551.218 4.745
551.504 4.747
551.790 4.750
552.076 4.748
552.362 4.747
552.648 4.743
552.934 4.744
553.220 4.748
553.506 4.756
553.793 4.771
554.079 4.779
554.365 4.780
554.651 4.777
554.937 4.772
555.223 4.777
555.509 4.789
555.795 4.793
556.081 4.795
556.367 4.797
556.653 4.801
556.939 4.806
557.225 4.808
557.511 4.805
557.797 4.803
558.083 4.804
558.369 4.808
558.655 4.812
558.941 4.816
559.227 4.819
559.513 4.818
559.799 4.816
560.085 4.816
560.371 4.820
560.657 4.819
560.943 4.816
561.229 4.821
561.515 4.825
561.801 4.827
562.087 4.821
562.373 4.817
562.659 4.816
562.945 4.817
563.231 4.819
563.517 4.814
563.803 4.808
564.089 4.809
564.375 4.809
564.661 4.811
564.947 4.807
565.233 4.797
565.519 4.792
565.805 4.789
566.091 4.782
566.377 4.775
566.663 4.769
566.949 4.762
567.235 4.757
567.521 4.747
567.807 4.739
568.093 4.735
568.379 4.730
568.665 4.725
568.951 4.722
569.237 4.711
569.524 4.702
569.810 4.696
570.096 4.694
570.382 4.688
570.668 4.684
570.954 4.673
571.240 4.656
571.526 4.642
571.812 4.638
572.098 4.635
572.384 4.631
572.670 4.621
572.956 4.604
573.242 4.590
573.528 4.582
573.814 4.576
574.100 4.564
574.386 4.555
574.672 4.546
574.958 4.536
575.244 4.533
575.530 4.531
575.816 4.528
576.102 4.519
576.388 4.507
576.674 4.501
576.960 4.492
577.248 4.484
577.536 4.479
577.824 4.469
578.113 4.460
578.401 4.452
578.689 4.442
578.977 4.441
579.265 4.433
579.553 4.426
579.841 4.421
580.130 4.417
580.418 4.410
580.706 4.398
580.994 4.393
581.282 4.394
581.570 4.395
581.858 4.388
582.147 4.377
582.435 4.375
582.723 4.378
583.011 4.379
583.299 4.372
583.587 4.368
583.875 4.364
584.164 4.359
584.452 4.364
584.740 4.362
585.028 4.362
585.316 4.356
585.604 4.354
585.892 4.351
586.181 4.348
586.469 4.344
586.757 4.342
587.045 4.340
587.333 4.339
587.621 4.334
587.909 4.324
588.198 4.317
588.486 4.317
588.774 4.315
589.062 4.312
589.350 4.308
589.638 4.301
589.927 4.291
590.215 4.283
590.503 4.282
590.791 4.284
591.079 4.285
591.367 4.286
591.655 4.288
591.944 4.290
592.232 4.288
592.520 4.286
592.808 4.284
593.096 4.279
593.384 4.276
593.672 4.275
593.961 4.273
594.249 4.268
594.537 4.269
594.825 4.274
595.113 4.277
595.401 4.278
595.689 4.276
595.978 4.277
596.266 4.278
596.554 4.277
596.842 4.279
597.130 4.281
597.418 4.289
597.706 4.293
597.995 4.292
598.283 4.293
598.571 4.292
598.859 4.291
599.147 4.289
599.435 4.292
599.723 4.293
600.012 4.293
600.300 4.289
600.588 4.288
600.876 4.289
601.164 4.287
601.452 4.286
601.740 4.286
602.029 4.283
602.317 4.287
602.605 4.287
602.893 4.290
603.181 4.293
603.469 4.295
603.757 4.294
604.046 4.292
604.334 4.292
604.622 4.296
604.910 4.295
605.198 4.297
605.486 4.305
605.774 4.306
606.063 4.304
606.351 4.306
606.639 4.311
606.927 4.316
607.215 4.322
607.503 4.327
607.791 4.334
608.080 4.336
608.368 4.341
608.656 4.342
608.944 4.343
609.232 4.348
609.520 4.350
609.808 4.361
610.097 4.377
610.385 4.387
610.673 4.396
610.961 4.399
611.249 4.405
611.537 4.412
611.825 4.413
612.114 4.412
612.402 4.408
612.690 4.401
612.978 4.400
613.266 4.407
613.554 4.410
613.843 4.415
614.131 4.412
614.419 4.405
614.707 4.407
614.995 4.406
615.283 4.405
615.571 4.416
615.860 4.433
616.148 4.433
616.436 4.431
616.724 4.430
617.012 4.431
617.300 4.434
617.588 4.432
617.877 4.436
618.165 4.435
618.453 4.435
618.741 4.446
619.029 4.448
619.317 4.449
619.605 4.447
619.894 4.448
620.182 4.451
620.470 4.449
620.758 4.452
621.046 4.458
621.334 4.463
621.622 4.468
621.911 4.475
622.199 4.482
622.487 4.487
622.775 4.487
623.063 4.487
623.351 4.492
623.639 4.497
623.928 4.499
624.216 4.502
624.504 4.502
624.792 4.502
625.080 4.504
625.368 4.508
625.656 4.519
625.945 4.528
626.233 4.533
626.521 4.534
626.809 4.526
627.097 4.522
627.385 4.519
627.673 4.508
627.962 4.501
628.250 4.502
628.538 4.502
628.826 4.502
629.114 4.498
629.402 4.502
629.690 4.516
629.979 4.533
630.267 4.542
630.555 4.545
630.843 4.544
631.131 4.544
631.419 4.541
631.707 4.546
631.996 4.560
632.284 4.567
632.572 4.566
632.860 4.567
633.148 4.561
633.436 4.549
633.724 4.557
634.013 4.567
634.301 4.573
634.589 4.566
634.877 4.562
635.165 4.568
635.453 4.567
635.741 4.566
636.030 4.566
636.318 4.564
636.606 4.571
636.894 4.571
637.182 4.574
637.470 4.571
637.759 4.572
638.047 4.579
638.335 4.578
638.623 4.572
638.911 4.570
639.199 4.573
639.487 4.574
639.776 4.573
640.064 4.576
640.352 4.581
640.640 4.588
640.928 4.588
641.216 4.586
641.504 4.595
641.793 4.601
642.081 4.602
642.369 4.604
642.657 4.606
642.945 4.607
643.233 4.601
643.521 4.596
643.810 4.590
644.098 4.588
644.386 4.593
644.674 4.599
644.962 4.602
645.250 4.604
645.538 4.601
645.827 4.590
646.115 4.582
646.403 4.577
646.691 4.574
646.979 4.575
647.267 4.564
647.555 4.545
647.844 4.539
648.132 4.533
648.420 4.525
648.708 4.521
648.996 4.519
649.284 4.517
649.572 4.507
649.861 4.502
650.149 4.502
650.437 4.507
650.725 4.509
651.013 4.505
651.301 4.503
651.589 4.497
651.878 4.491
652.166 4.501
652.454 4.516
652.742 4.521
653.030 4.526
653.318 4.534
653.606 4.542
653.895 4.545
654.183 4.545
654.471 4.555
654.759 4.559
655.047 4.562
655.335 4.563
655.623 4.561
655.912 4.562
656.200 4.570
656.488 4.578
656.776 4.574
657.064 4.569
657.352 4.574
657.640 4.585
657.929 4.589
658.217 4.593
658.505 4.601
658.793 4.606
659.081 4.606
659.369 4.608
659.657 4.614
659.946 4.623
660.234 4.636
660.522 4.646
660.810 4.654
661.098 4.659
661.386 4.669
661.675 4.678
661.963 4.686
662.251 4.691
662.539 4.697
662.827 4.704
663.115 4.725
663.403 4.745
663.692 4.766
663.980 4.789
664.268 4.809
664.556 4.819
664.844 4.835
665.132 4.851
665.420 4.867
665.709 4.888
665.997 4.908
666.285 4.927
666.573 4.948
666.861 4.968
667.149 4.994
667.437 5.015
667.726 5.039
668.014 5.052
668.302 5.063
668.590 5.092
668.878 5.116
669.166 5.135
669.454 5.156
669.743 5.173
670.031 5.184
670.319 5.203
670.607 5.230
670.895 5.261
671.183 5.283
671.471 5.308
671.760 5.332
672.048 5.353
672.336 5.381
672.624 5.415
672.912 5.445
673.200 5.473
673.488 5.503
673.777 5.538
674.065 5.573
674.353 5.607
674.641 5.642
674.929 5.675
675.217 5.701
675.505 5.739
675.794 5.775
676.082 5.811
676.370 5.852
676.658 5.897
676.946 5.941
677.234 5.983
677.522 6.027
677.811 6.071
678.099 6.119
678.387 6.164
678.675 6.210
678.963 6.255
679.251 6.309
679.539 6.364
679.828 6.419
680.116 6.482
680.404 6.547
680.692 6.602
680.980 6.661
681.268 6.719
681.556 6.769
681.845 6.826
682.133 6.892
682.421 6.964
682.709 7.037
682.997 7.115
683.285 7.195
683.573 7.280
683.862 7.359
684.150 7.437
684.438 7.519
684.726 7.605
685.014 7.701
685.302 7.796
685.591 7.898
685.879 8.006
686.167 8.100
686.455 8.199
686.743 8.308
687.031 8.419
687.319 8.535
687.608 8.657
687.896 8.775
688.184 8.892
688.472 9.005
688.760 9.133
689.048 9.260
689.336 9.392
689.625 9.534
689.913 9.674
690.201 9.817
690.489 9.963
690.777 10.116
691.065 10.275
691.353 10.433
691.642 10.605
691.930 10.772
692.218 10.944
692.506 11.120
692.794 11.307
693.082 11.499
693.370 11.689
693.659 11.886
693.947 12.086
694.235 12.290
694.523 12.503
694.811 12.727
695.099 12.957
695.387 13.191
695.676 13.426
695.964 13.675
696.252 13.931
696.540 14.195
696.836 14.467
697.133 14.741
697.429 15.017
697.725 15.291
698.021 15.576
698.318 15.871
698.614 16.165
698.910 16.480
699.207 16.805
699.503 17.130
699.799 17.459
700.095 17.792
700.392 18.133
700.688 18.468
700.984 18.811
701.281 19.174
701.577 19.555
701.873 19.939
702.169 20.331
702.466 20.723
702.762 21.109
703.058 21.501
703.355 21.903
703.651 22.316
703.947 22.746
704.243 23.185
704.540 23.626
704.836 24.077
705.132 24.525
705.428 24.974
705.725 25.436
706.021 25.908
706.317 26.387
706.614 26.863
706.910 27.350
707.206 27.858
707.502 28.369
707.799 28.884
708.095 29.403
708.391 29.934
708.688 30.476
708.984 31.014
709.280 31.553
709.576 32.082
709.873 32.644
710.169 33.216
710.465 33.788
710.762 34.358
711.058 34.927
711.354 35.517
711.650 36.132
711.947 36.760
712.243 37.366
712.539 37.976
712.836 38.598
713.132 39.213
713.428 39.836
713.724 40.469
714.021 41.106
714.317 41.739
714.613 42.364
714.910 43.004
715.206 43.663
715.502 44.314
715.798 44.965
716.095 45.619
716.391 46.269
716.687 46.937
716.984 47.602
717.280 48.288
717.576 48.976
717.872 49.657
718.169 50.327
718.465 51.013
718.761 51.691
719.058 52.362
719.354 53.039
719.650 53.715
719.946 54.393
720.243 55.067
720.539 55.744
720.835 56.421
721.131 57.096
721.428 57.781
721.724 58.474
722.020 59.163
722.317 59.855
722.613 60.520
722.909 61.175
723.205 61.843
723.502 62.515
723.798 63.201
724.094 63.875
724.391 64.540
724.687 65.228
724.983 65.907
725.279 66.562
725.576 67.219
725.872 67.860
726.168 68.497
726.465 69.115
726.761 69.735
727.057 70.382
727.353 71.018
727.650 71.661
727.946 72.294
728.242 72.904
728.539 73.505
728.835 74.111
729.131 74.716
729.427 75.309
729.724 75.870
730.020 76.432
730.316 77.016
730.613 77.565
730.909 78.120
731.205 78.679
731.501 79.222
731.798 79.759
732.094 80.285
732.390 80.786
732.687 81.315
732.983 81.823
733.279 82.317
733.575 82.807
733.872 83.304
734.168 83.804
734.464 84.303
734.761 84.758
735.057 85.220
735.353 85.674
735.649 86.114
735.946 86.569
736.242 87.023
736.538 87.447
736.835 87.875
737.131 88.302
737.427 88.728
737.723 89.137
738.020 89.535
738.316 89.903
738.612 90.258
738.909 90.632
739.205 91.008
739.501 91.362
739.797 91.728
740.094 92.067
740.390 92.384
740.686 92.740
740.982 93.086
741.279 93.404
741.575 93.734
741.871 94.029
742.168 94.316
742.464 94.608
742.760 94.890
743.056 95.168
743.353 95.437
743.649 95.695
743.945 95.955
744.242 96.197
744.538 96.444
744.834 96.692
745.130 96.911
745.427 97.132
745.723 97.336
746.019 97.522
746.316 97.735
746.612 97.962
746.908 98.153
747.204 98.334
747.501 98.522
747.797 98.704
748.093 98.882
748.390 99.048
748.686 99.236
748.982 99.405
749.278 99.568
749.575 99.712
749.871 99.879
750.167 100.062
750.464 100.234
750.760 100.361
751.056 100.496
751.352 100.637
751.649 100.778
751.945 100.914
752.241 101.036
752.538 101.162
752.834 101.304
753.130 101.417
753.426 101.516
753.723 101.646
754.019 101.741
754.315 101.810
754.611 101.891
754.908 101.986
755.204 102.084
755.500 102.175
755.797 102.270
756.093 102.372
756.389 102.482
756.685 102.591
756.982 102.705
757.278 102.814
757.574 102.901
757.871 102.943
758.167 102.986
758.463 103.061
758.759 103.125
759.056 103.201
759.352 103.292
759.648 103.347
759.945 103.415
760.241 103.478
760.537 103.541
760.833 103.611
761.130 103.674
761.426 103.716
761.722 103.768
762.019 103.833
762.315 103.894
762.611 103.952
762.907 103.988
763.204 104.032
763.500 104.079
763.804 104.124
764.108 104.201
764.412 104.238
764.716 104.290
765.020 104.359
765.324 104.414
765.628 104.459
765.932 104.518
766.236 104.551
766.540 104.564
766.844 104.588
767.148 104.601
767.452 104.612
767.756 104.654
768.060 104.665
768.364 104.654
768.668 104.677
768.972 104.694
769.276 104.736
769.580 104.743
769.884 104.745
770.188 104.774
770.492 104.800
770.796 104.804
771.100 104.806
771.404 104.803
771.708 104.782
772.012 104.771
772.316 104.793
772.620 104.805
772.924 104.826
773.228 104.805
773.532 104.781
773.836 104.779
774.140 104.788
774.444 104.784
774.748 104.797
775.052 104.797
775.356 104.759
775.659 104.718
775.963 104.704
776.267 104.696
776.571 104.712
776.875 104.706
777.179 104.702
777.483 104.667
777.787 104.631
778.091 104.596
778.395 104.565
778.699 104.564
779.003 104.549
779.307 104.500
779.611 104.457
779.915 104.442
780.219 104.422
780.523 104.396
780.827 104.369
781.131 104.369
781.435 104.382
781.739 104.399
782.043 104.406
782.347 104.394
782.651 104.362
782.955 104.357
783.259 104.319
783.563 104.284
783.867 104.286
784.171 104.255
784.475 104.200
784.779 104.160
785.083 104.171
785.387 104.187
785.691 104.201
785.995 104.206
786.299 104.191
786.603 104.186
786.907 104.176
787.211 104.176
787.515 104.198
787.819 104.166
788.123 104.143
788.427 104.128
788.731 104.102
789.035 104.075
789.339 104.057
789.643 104.048
789.947 104.034
790.251 104.063
790.555 104.095
790.859 104.091
791.163 104.134
791.467 104.168
791.771 104.208
792.075 104.224
792.379 104.216
792.683 104.162
792.987 104.145
793.291 104.114
793.595 104.094
793.899 104.105
794.203 104.120
794.507 104.123
794.811 104.149
795.115 104.169
795.419 104.182
795.723 104.161
796.027 104.171
796.331 104.175
796.635 104.189
796.939 104.200
797.243 104.215
797.547 104.242
797.851 104.262
798.155 104.279
798.459 104.279
798.763 104.257
799.067 104.252
799.371 104.283
799.674 104.307
799.978 104.323
800.282 104.320
800.586 104.276
800.890 104.276
801.194 104.298
801.498 104.304
801.802 104.286
802.106 104.308
802.410 104.325
802.714 104.352
803.018 104.383
803.322 104.410
803.626 104.386
803.930 104.350
804.234 104.316
804.538 104.321
804.842 104.324
805.146 104.301
805.450 104.302
805.754 104.298
806.058 104.264
806.362 104.239
806.666 104.238
806.970 104.271
807.274 104.260
807.578 104.267
807.882 104.271
808.186 104.235
808.490 104.255
808.794 104.286
809.098 104.258
809.402 104.234
809.706 104.206
810.010 104.165
810.314 104.157
810.618 104.134
810.922 104.085
811.226 104.077
811.530 104.071
811.834 104.087
812.137 104.106
812.441 104.086
812.744 104.068
813.048 104.076
813.351 104.045
813.655 103.975
813.958 103.941
814.262 103.962
814.565 103.924
814.869 103.907
815.172 103.910
815.476 103.892
815.779 103.829
816.083 103.759
816.386 103.721
816.690 103.680
816.993 103.623
817.297 103.595
817.600 103.603
817.904 103.582
818.208 103.542
818.511 103.498
818.815 103.437
819.118 103.423
819.422 103.399
819.725 103.348
820.029 103.310
820.332 103.310
820.636 103.287
820.939 103.258
821.243 103.232
821.546 103.197
821.850 103.183
822.153 103.207
822.457 103.203
822.760 103.195
823.064 103.153
823.367 103.121
823.671 103.132
823.974 103.108
824.278 103.063
824.582 103.048
824.885 103.038
825.189 103.014
825.492 102.983
825.796 102.970
826.099 102.944
826.403 102.924
826.706 102.943
827.010 102.922
827.313 102.853
827.617 102.800
827.920 102.760
828.224 102.697
828.527 102.647
828.831 102.571
829.134 102.531
829.438 102.534
829.741 102.530
830.045 102.478
830.348 102.398
830.652 102.323
830.956 102.296
831.259 102.281
831.563 102.200
831.866 102.148
832.170 102.160
832.473 102.146
832.777 102.081
833.080 102.068
833.384 102.043
833.687 101.998
833.991 101.975
834.294 101.948
834.598 101.919
834.901 101.905
835.205 101.871
835.508 101.875
835.812 101.890
836.115 101.860
836.419 101.809
836.722 101.745
837.026 101.691
837.330 101.649
837.633 101.614
837.937 101.565
838.240 101.547
838.544 101.562
838.847 101.537
839.151 101.489
839.454 101.426
839.758 101.349
840.061 101.283
840.365 101.228
840.668 101.156
840.972 101.113
841.275 101.069
841.579 101.049
841.882 101.032
842.186 100.951
842.489 100.897
842.793 100.881
843.097 100.896
843.400 100.865
843.704 100.813
844.007 100.808
844.311 100.786
844.614 100.728
844.918 100.678
845.221 100.640
845.525 100.605
845.828 100.559
846.132 100.478
846.435 100.430
846.739 100.403
847.042 100.366
847.346 100.338
847.649 100.306
847.953 100.239
848.256 100.171
848.560 100.146
848.863 100.142
849.167 100.136
849.471 100.097
849.774 100.053
850.078 100.064
850.381 100.045
850.685 99.995
850.988 99.942
851.292 99.894
851.595 99.853
851.899 99.853
852.202 99.851
852.506 99.809
852.809 99.797
853.113 99.810
853.416 99.783
853.720 99.761
854.023 99.739
854.327 99.681
854.630 99.601
854.934 99.537
855.237 99.492
855.541 99.477
855.845 99.479
856.148 99.456
856.452 99.440
856.755 99.387
857.059 99.292
857.362 99.232
857.666 99.193
857.969 99.161
858.273 99.194
858.576 99.225
858.880 99.191
859.183 99.175
859.487 99.155
859.790 99.130
860.094 99.087
860.397 99.036
860.701 99.060
861.004 99.038
861.308 98.968
861.611 98.886
861.915 98.854
862.219 98.865
862.522 98.818
862.826 98.730
863.129 98.660
863.433 98.627
863.736 98.612
864.040 98.592
864.343 98.570
864.647 98.609
864.950 98.603
865.254 98.571
865.557 98.520
865.861 98.512
866.164 98.546
866.468 98.511
866.771 98.482
867.075 98.464
867.378 98.422
867.682 98.369
867.985 98.335
868.289 98.291
868.593 98.208
868.896 98.172
869.200 98.146
869.503 98.133
869.807 98.125
870.110 98.129
870.414 98.095
870.717 98.019
871.021 97.967
871.324 97.905
871.628 97.820
871.931 97.742
872.235 97.700
872.538 97.667
872.842 97.638
873.145 97.580
873.449 97.549
873.752 97.546
874.056 97.508
874.359 97.488
874.663 97.513
874.967 97.521
875.270 97.515
875.574 97.511
875.877 97.486
876.181 97.466
876.484 97.463
876.788 97.394
877.091 97.321
877.395 97.264
877.698 97.189
878.002 97.112
878.305 97.029
878.609 96.969
878.912 96.933
879.216 96.870
879.519 96.819
879.823 96.772
880.126 96.749
880.430 96.728
880.733 96.674
881.037 96.609
881.341 96.589
881.644 96.576
881.948 96.543
882.251 96.547
882.555 96.470
882.858 96.408
883.162 96.362
883.465 96.325
883.769 96.288
884.072 96.259
884.376 96.231
884.679 96.173
884.983 96.148
885.286 96.121
885.590 96.075
885.893 96.049
886.197 96.045
886.500 96.042
886.804 95.996
887.107 95.935
887.411 95.861
887.715 95.857
888.018 95.816
888.322 95.742
888.625 95.647
888.929 95.544
889.232 95.526
889.536 95.478
889.839 95.430
890.143 95.404
890.446 95.414
890.750 95.409
891.053 95.388
891.357 95.335
891.660 95.320
891.964 95.311
892.267 95.265
892.571 95.223
892.874 95.175
893.178 95.104
893.482 95.040
893.785 94.978
894.089 94.931
894.392 94.885
894.696 94.822
894.999 94.744
895.303 94.699
895.606 94.640
895.910 94.635
896.213 94.652
896.517 94.650
896.820 94.671
897.124 94.613
897.427 94.535
897.731 94.487
898.034 94.481
898.338 94.445
898.641 94.376
898.945 94.309
899.248 94.273
899.552 94.259
899.856 94.239
900.159 94.223
900.463 94.195
900.766 94.047
901.070 94.012
901.373 93.983
901.677 93.934
901.980 93.855
902.284 93.794
902.587 93.743
902.891 93.674
903.194 93.580
903.498 93.528
903.801 93.504
904.105 93.467
904.408 93.409
904.712 93.318
905.015 93.203
905.319 93.136
905.622 93.116
905.926 93.093
906.230 92.960
906.533 92.842
906.837 92.782
907.140 92.759
907.444 92.714
907.747 92.619
908.051 92.567
908.354 92.539
908.658 92.502
908.961 92.404
909.265 92.320
909.568 92.271
909.872 92.275
910.175 92.237
910.479 92.153
910.782 92.090
911.086 92.033
911.389 91.949
911.693 91.857
911.996 91.771
912.300 91.714
912.613 91.638
912.926 91.566
913.238 91.521
913.551 91.426
913.864 91.319
914.176 91.313
914.489 91.241
914.802 91.135
915.115 91.039
915.427 90.915
915.740 90.896
916.053 90.841
916.366 90.742
916.678 90.618
916.991 90.535
917.304 90.484
917.617 90.441
917.929 90.405
918.242 90.331
918.555 90.268
918.868 90.154
919.180 90.028
919.493 89.976
919.806 89.900
920.119 89.781
920.431 89.627
920.744 89.477
921.057 89.346
921.370 89.229
921.682 89.105
921.995 88.999
922.308 88.930
922.621 88.804
922.933 88.697
923.246 88.604
923.559 88.559
923.872 88.488
924.184 88.405
924.497 88.289
924.810 88.179
925.123 88.128
925.435 88.102
925.748 88.017
926.061 87.869
926.374 87.755
926.686 87.749
926.999 87.724
927.312 87.607
927.625 87.521
927.937 87.495
928.250 87.449
928.563 87.291
928.876 87.075
929.188 86.992
929.501 86.956
929.814 86.847
930.127 86.665
930.439 86.557
930.752 86.469
931.065 86.352
931.378 86.198
931.690 86.041
932.003 85.906
932.316 85.769
932.629 85.628
932.941 85.492
933.254 85.340
933.567 85.191
933.880 85.021
934.192 84.875
934.505 84.770
934.818 84.623
935.131 84.504
935.443 84.424
935.756 84.351
936.069 84.253
936.382 84.128
936.694 83.988
937.007 83.798
937.320 83.664
937.633 83.502
937.945 83.386
938.258 83.231
938.571 83.045
938.884 82.856
939.196 82.700
939.509 82.559
939.822 82.420
940.135 82.292
940.447 82.184
940.760 82.084
941.073 81.985
941.386 81.800
941.698 81.652
942.011 81.489
942.324 81.342
942.637 81.145
942.949 80.971
943.262 80.850
943.575 80.740
943.888 80.644
944.200 80.508
944.513 80.357
944.826 80.262
945.139 80.162
945.451 79.996
945.764 79.732
946.077 79.500
946.390 79.367
946.702 79.249
947.015 79.042
947.328 78.804
947.641 78.663
947.953 78.567
948.266 78.371
948.579 78.235
948.892 78.147
949.204 78.084
949.517 77.952
949.830 77.866
950.143 77.812
950.455 77.759
950.768 77.722
951.081 77.645
951.394 77.544
951.706 77.491
952.019 77.390
952.332 77.268
952.645 77.163
952.957 77.091
953.270 77.065
953.583 76.966
953.896 76.836
954.208 76.728
954.521 76.593
954.834 76.451
955.147 76.353
955.459 76.246
955.772 76.153
956.085 76.090
956.398 75.951
956.710 75.842
957.023 75.724
957.336 75.679
957.649 75.571
957.961 75.503
958.274 75.541
958.587 75.481
958.900 75.438
959.212 75.365
959.525 75.188
959.838 75.021
960.151 74.893
960.463 74.832
960.776 74.764
961.089 74.656
961.402 74.529
961.714 74.451
962.027 74.393
962.340 74.303
962.653 74.187
962.965 74.048
963.278 73.910
963.591 73.697
963.904 73.527
964.216 73.428
964.529 73.423
964.842 73.399
965.154 73.352
965.467 73.308
965.780 73.144
966.094 72.997
966.409 72.961
966.723 72.899
967.037 72.832
967.352 72.767
967.666 72.672
967.980 72.631
968.295 72.557
968.609 72.465
968.923 72.242
969.238 72.034
969.552 71.835
969.866 71.708
970.181 71.640
970.495 71.512
970.809 71.355
971.124 71.254
971.438 71.108
971.752 71.048
972.067 70.979
972.381 70.795
972.695 70.647
973.010 70.530
973.324 70.407
973.638 70.288
973.953 70.190
974.267 70.117
974.581 70.022
974.896 69.868
975.210 69.679
975.524 69.479
975.839 69.383
976.153 69.373
976.467 69.322
976.781 69.276
977.096 69.208
977.410 69.074
977.724 69.067
978.039 69.008
978.353 68.921
978.667 68.970
978.982 68.979
979.296 68.951
979.610 68.920
979.925 68.782
980.239 68.660
980.553 68.555
980.868 68.459
981.182 68.329
981.496 68.262
981.811 68.169
982.125 68.055
982.439 68.019
982.754 68.046
983.068 68.013
983.382 67.955
983.697 67.858
984.011 67.740
984.325 67.620
984.640 67.444
984.954 67.392
985.268 67.365
985.583 67.287
985.897 67.201
986.211 67.145
986.526 67.053
986.840 66.907
987.154 66.762
987.469 66.576
987.783 66.408
988.097 66.398
988.412 66.395
988.726 66.339
989.040 66.205
989.355 66.044
989.669 66.012
989.983 65.992
990.298 65.909
990.612 65.899
990.926 65.735
991.241 65.618
991.555 65.585
991.869 65.597
992.184 65.558
992.498 65.498
992.812 65.454
993.127 65.389
993.441 65.270
993.755 65.201
994.070 65.136
994.384 65.113
994.698 65.080
995.013 65.010
995.327 64.853
995.641 64.671
995.956 64.553
996.270 64.401
996.584 64.228
996.899 64.093
997.213 64.077
997.527 63.969
997.841 63.750
998.156 63.641
998.470 63.479
998.784 63.287
999.099 63.254
999.413 63.176
999.727 63.143
