200.182 82.358
200.437 81.566
200.691 80.754
200.946 80.071
201.201 79.230
201.455 78.491
201.710 77.784
201.964 77.253
202.219 76.639
202.474 75.866
202.728 75.138
202.983 74.468
203.237 73.712
203.492 72.643
203.747 71.685
204.001 70.925
204.256 69.966
204.510 68.946
204.765 68.017
205.020 67.197
205.274 66.313
205.529 65.348
205.783 64.474
206.038 63.464
206.293 62.410
206.547 61.453
206.802 60.505
207.057 59.674
207.311 58.691
207.566 57.722
207.820 56.724
208.075 55.852
208.330 54.747
208.584 53.560
208.839 52.751
209.093 52.023
209.348 51.146
209.603 50.400
209.857 49.632
210.112 48.757
210.366 47.736
210.621 46.752
210.876 45.871
211.130 45.086
211.385 44.393
211.639 43.639
211.894 42.754
212.149 41.955
212.403 41.245
212.658 40.474
212.913 39.745
213.167 39.023
213.422 38.358
213.676 37.685
213.931 36.994
214.186 36.187
214.440 35.500
214.695 34.990
214.949 34.514
215.204 34.001
215.459 33.510
215.713 32.987
215.968 32.422
216.222 31.831
216.477 31.293
216.732 30.893
216.986 30.405
217.241 29.833
217.495 29.296
217.750 28.796
218.005 28.410
218.259 27.980
218.514 27.427
218.769 26.870
219.023 26.496
219.278 26.131
219.532 25.682
219.787 25.273
220.042 24.844
220.296 24.449
220.551 24.044
220.805 23.685
221.060 23.312
221.315 22.916
221.569 22.558
221.824 22.232
222.078 21.977
222.333 21.664
222.588 21.382
222.842 21.086
223.097 20.759
223.351 20.467
223.606 20.069
223.861 19.621
224.115 19.276
224.370 18.965
224.625 18.645
224.879 18.364
225.134 18.012
225.388 17.704
225.643 17.417
225.898 17.172
226.152 16.960
226.407 16.703
226.661 16.385
226.916 16.123
227.171 15.828
227.425 15.532
227.680 15.276
227.934 15.074
228.189 14.829
228.444 14.634
228.698 14.455
228.953 14.244
229.208 14.032
229.462 13.792
229.717 13.592
229.971 13.413
230.226 13.272
230.481 13.105
230.735 12.941
230.990 12.803
231.244 12.678
231.499 12.561
231.754 12.435
232.008 12.307
232.263 12.206
232.517 12.098
232.772 12.011
233.027 11.879
233.281 11.724
233.536 11.585
233.790 11.455
234.045 11.353
234.300 11.272
234.554 11.189
234.809 11.094
235.064 11.016
235.318 10.954
235.573 10.908
235.827 10.861
236.082 10.805
236.337 10.769
236.591 10.731
236.846 10.689
237.100 10.634
237.355 10.608
237.610 10.592
237.864 10.547
238.119 10.520
238.373 10.489
238.628 10.457
238.883 10.441
239.137 10.418
239.392 10.396
239.646 10.390
239.901 10.390
240.156 10.385
240.410 10.388
240.665 10.379
240.920 10.366
241.174 10.369
241.429 10.369
241.683 10.372
241.938 10.370
242.193 10.367
242.447 10.362
242.702 10.372
242.956 10.386
243.211 10.395
243.466 10.406
243.720 10.431
243.975 10.451
244.229 10.465
244.484 10.477
244.739 10.497
244.993 10.521
245.248 10.535
245.503 10.562
245.757 10.591
246.012 10.607
246.266 10.623
246.521 10.646
246.776 10.675
247.030 10.693
247.285 10.712
247.539 10.734
247.794 10.760
248.049 10.783
248.303 10.804
248.558 10.838
248.812 10.867
249.067 10.880
249.322 10.906
249.576 10.937
249.831 10.969
250.085 10.997
250.340 11.019
250.595 11.049
250.849 11.087
251.104 11.114
251.359 11.146
251.613 11.181
251.868 11.218
252.122 11.248
252.377 11.284
252.632 11.322
252.886 11.344
253.141 11.358
253.395 11.382
253.650 11.409
253.905 11.440
254.161 11.472
254.416 11.502
254.672 11.538
254.927 11.584
255.183 11.619
255.438 11.649
255.694 11.680
255.949 11.712
256.205 11.751
256.460 11.785
256.715 11.820
256.971 11.861
257.226 11.902
257.482 11.943
257.737 11.977
257.993 12.010
258.248 12.045
258.504 12.073
258.759 12.098
259.014 12.136
259.270 12.173
259.525 12.202
259.781 12.237
260.036 12.284
260.292 12.326
260.547 12.364
260.803 12.408
261.058 12.448
261.314 12.480
261.569 12.513
261.824 12.552
262.080 12.593
262.335 12.634
262.591 12.684
262.846 12.721
263.102 12.754
263.357 12.785
263.613 12.830
263.868 12.874
264.123 12.911
264.379 12.949
264.634 12.990
264.890 13.020
265.145 13.059
265.401 13.097
265.656 13.133
265.912 13.171
266.167 13.201
266.423 13.231
266.678 13.268
266.933 13.300
267.189 13.329
267.444 13.357
267.700 13.384
267.955 13.410
268.211 13.438
268.466 13.473
268.722 13.512
268.977 13.560
269.232 13.603
269.488 13.638
269.743 13.674
269.999 13.716
270.254 13.754
270.510 13.778
270.765 13.812
271.021 13.850
271.276 13.894
271.532 13.940
271.787 13.971
272.042 14.009
272.298 14.041
272.553 14.073
272.809 14.101
273.064 14.138
273.320 14.182
273.575 14.223
273.831 14.258
274.086 14.305
274.342 14.350
274.597 14.377
274.852 14.409
275.108 14.451
275.363 14.494
275.619 14.523
275.874 14.550
276.130 14.577
276.385 14.615
276.641 14.663
276.896 14.700
277.151 14.742
277.407 14.785
277.662 14.815
277.918 14.839
278.173 14.872
278.429 14.915
278.684 14.962
278.940 15.013
279.195 15.052
279.451 15.097
279.706 15.140
279.961 15.184
280.217 15.228
280.472 15.279
280.728 15.330
280.983 15.380
281.239 15.429
281.494 15.481
281.750 15.543
282.005 15.598
282.260 15.649
282.516 15.702
282.771 15.750
283.027 15.801
283.282 15.858
283.538 15.909
283.793 15.955
284.049 16.002
284.304 16.048
284.560 16.093
284.815 16.149
285.070 16.202
285.326 16.256
285.581 16.306
285.837 16.355
286.092 16.409
286.348 16.459
286.603 16.517
286.859 16.569
287.114 16.628
287.369 16.698
287.625 16.766
287.880 16.831
288.136 16.900
288.391 16.975
288.647 17.043
288.902 17.105
289.158 17.171
289.413 17.243
289.669 17.302
289.924 17.367
290.179 17.446
290.435 17.525
290.690 17.599
290.946 17.666
291.201 17.740
291.457 17.817
291.712 17.899
291.968 17.979
292.223 18.044
292.479 18.118
292.734 18.185
292.989 18.261
293.245 18.347
293.500 18.432
293.756 18.508
294.011 18.583
294.267 18.656
294.522 18.733
294.778 18.817
295.033 18.896
295.288 18.977
295.544 19.058
295.799 19.143
296.055 19.227
296.310 19.306
296.566 19.387
296.821 19.478
297.077 19.564
297.332 19.638
297.588 19.714
297.843 19.792
298.098 19.874
298.354 19.961
298.609 20.051
298.865 20.134
299.120 20.221
299.376 20.308
299.631 20.391
299.887 20.478
300.142 20.571
300.397 20.655
300.653 20.746
300.908 20.839
301.164 20.932
301.419 21.023
301.675 21.110
301.930 21.198
302.186 21.279
302.441 21.372
302.697 21.456
302.952 21.540
303.207 21.634
303.463 21.725
303.718 21.805
303.974 21.884
304.229 21.977
304.485 22.071
304.740 22.160
304.996 22.244
305.251 22.342
305.506 22.434
305.762 22.525
306.017 22.609
306.273 22.693
306.528 22.782
306.784 22.877
307.039 22.977
307.295 23.064
307.550 23.143
307.806 23.238
308.061 23.340
308.316 23.440
308.572 23.527
308.827 23.613
309.083 23.706
309.338 23.799
309.594 23.884
309.849 23.981
310.105 24.070
310.360 24.159
310.615 24.247
310.871 24.333
311.126 24.423
311.382 24.525
311.637 24.617
311.893 24.697
312.148 24.778
312.404 24.854
312.659 24.936
312.915 25.024
313.170 25.115
313.429 25.205
313.688 25.293
313.947 25.382
314.206 25.467
314.465 25.556
314.724 25.642
314.983 25.730
315.242 25.827
315.501 25.911
315.760 26.005
316.019 26.108
316.278 26.199
316.536 26.286
316.795 26.373
317.054 26.462
317.313 26.548
317.572 26.639
317.831 26.739
318.090 26.824
318.349 26.904
318.608 26.982
318.867 27.049
319.126 27.121
319.385 27.208
319.644 27.296
319.903 27.373
320.162 27.447
320.421 27.520
320.680 27.601
320.939 27.680
321.198 27.751
321.457 27.819
321.716 27.889
321.975 27.964
322.234 28.041
322.493 28.114
322.752 28.187
323.010 28.268
323.269 28.346
323.528 28.410
323.787 28.464
324.046 28.521
324.305 28.592
324.564 28.667
324.823 28.733
325.082 28.801
325.341 28.882
325.600 28.964
325.859 29.047
326.118 29.127
326.377 29.199
326.636 29.270
326.895 29.333
327.154 29.395
327.413 29.467
327.672 29.539
327.931 29.614
328.190 29.687
328.449 29.748
328.708 29.812
328.967 29.879
329.226 29.947
329.485 30.012
329.743 30.067
330.002 30.129
330.261 30.194
330.520 30.263
330.779 30.320
331.038 30.369
331.297 30.429
331.556 30.483
331.815 30.527
332.074 30.571
332.333 30.625
332.592 30.677
332.851 30.726
333.110 30.785
333.369 30.840
333.628 30.892
333.887 30.940
334.146 30.993
334.405 31.044
334.664 31.097
334.923 31.170
335.182 31.236
335.441 31.281
335.700 31.325
335.959 31.377
336.217 31.437
336.476 31.495
336.735 31.540
336.994 31.604
337.253 31.680
337.512 31.750
337.771 31.812
338.030 31.870
338.289 31.926
338.548 31.971
338.807 32.020
339.066 32.069
339.325 32.116
339.584 32.172
339.843 32.236
340.102 32.292
340.361 32.340
340.620 32.397
340.879 32.449
341.138 32.495
341.397 32.524
341.656 32.555
341.915 32.596
342.174 32.647
342.433 32.705
342.691 32.766
342.950 32.804
343.209 32.837
343.468 32.883
343.727 32.919
343.986 32.963
344.245 33.024
344.504 33.074
344.763 33.118
345.022 33.159
345.281 33.205
345.540 33.255
345.799 33.285
346.058 33.311
346.317 33.342
346.576 33.378
346.835 33.430
347.094 33.473
347.353 33.515
347.612 33.549
347.871 33.587
348.130 33.630
348.389 33.673
348.648 33.714
348.907 33.759
349.166 33.801
349.424 33.845
349.683 33.889
349.942 33.935
350.201 33.979
350.460 34.023
350.719 34.047
350.978 34.065
351.237 34.106
351.496 34.153
351.755 34.197
352.014 34.231
352.273 34.260
352.532 34.290
352.791 34.315
353.050 34.335
353.309 34.367
353.568 34.385
353.827 34.399
354.086 34.419
354.345 34.446
354.604 34.468
354.863 34.496
355.122 34.537
355.381 34.575
355.640 34.606
355.898 34.627
356.157 34.653
356.416 34.677
356.675 34.699
356.934 34.717
357.193 34.757
357.452 34.789
357.711 34.810
357.970 34.838
358.229 34.857
358.488 34.866
358.747 34.885
359.006 34.907
359.265 34.932
359.524 34.972
359.783 35.009
360.042 35.038
360.301 35.063
360.560 35.080
360.819 35.091
361.078 35.101
361.337 35.113
361.596 35.142
361.855 35.179
362.114 35.214
362.372 35.260
362.631 35.288
362.890 35.322
363.149 35.340
363.408 35.370
363.667 35.404
363.926 35.423
364.185 35.445
364.444 35.467
364.703 35.483
364.962 35.487
365.221 35.503
365.480 35.526
365.745 35.532
366.009 35.543
366.274 35.569
366.539 35.591
366.804 35.613
367.068 35.625
367.333 35.637
367.598 35.649
367.863 35.667
368.127 35.689
368.392 35.712
368.657 35.723
368.921 35.731
369.186 35.739
369.451 35.751
369.716 35.771
369.980 35.780
370.245 35.796
370.510 35.810
370.775 35.820
371.039 35.834
371.304 35.836
371.569 35.835
371.834 35.847
372.098 35.862
372.363 35.874
372.628 35.889
372.892 35.907
373.157 35.913
373.422 35.914
373.687 35.922
373.951 35.931
374.216 35.929
374.481 35.930
374.746 35.938
375.010 35.944
375.275 35.955
375.540 35.948
375.804 35.942
376.069 35.935
376.334 35.927
376.599 35.936
376.863 35.962
377.128 35.983
377.393 35.997
377.658 35.997
377.922 35.995
378.187 35.991
378.452 35.984
378.716 35.979
378.981 35.971
379.246 35.971
379.511 35.977
379.775 35.972
380.040 35.968
380.305 35.968
380.570 35.967
380.834 35.967
381.099 35.973
381.364 35.979
381.629 35.973
381.893 35.978
382.158 35.986
382.423 35.976
382.687 35.965
382.952 35.966
383.217 35.968
383.482 35.966
383.746 35.956
384.011 35.948
384.276 35.939
384.541 35.928
384.805 35.932
385.070 35.932
385.335 35.928
385.599 35.933
385.864 35.931
386.129 35.948
386.394 35.958
386.658 35.968
386.923 35.978
387.188 35.972
387.453 35.982
387.717 35.994
387.982 35.994
388.247 35.986
388.511 35.981
388.776 35.976
389.041 35.967
389.306 35.952
389.570 35.945
389.835 35.936
390.100 35.921
390.365 35.937
390.629 35.951
390.894 35.954
391.159 35.967
391.424 35.958
391.688 35.953
391.953 35.946
392.218 35.944
392.482 35.960
392.747 35.973
393.012 35.971
393.277 35.971
393.541 35.984
393.806 35.996
394.071 36.007
394.336 36.014
394.600 36.015
394.865 36.017
395.130 36.020
395.394 36.027
395.659 36.029
395.924 36.041
396.189 36.055
396.453 36.057
396.718 36.068
396.983 36.078
397.248 36.100
397.512 36.110
397.777 36.118
398.042 36.127
398.306 36.134
398.571 36.147
398.836 36.172
399.101 36.187
399.365 36.193
399.630 36.212
399.895 36.241
400.160 36.263
400.424 36.275
400.689 36.301
400.954 36.331
401.219 36.360
401.483 36.381
401.748 36.399
402.013 36.420
402.277 36.433
402.542 36.445
402.807 36.466
403.072 36.491
403.336 36.516
403.601 36.542
403.866 36.570
404.131 36.596
404.395 36.634
404.660 36.670
404.929 36.693
405.198 36.721
405.466 36.759
405.735 36.800
406.004 36.842
406.273 36.877
406.542 36.895
406.810 36.913
407.079 36.942
407.348 36.967
407.617 37.001
407.886 37.038
408.154 37.070
408.423 37.114
408.692 37.148
408.961 37.175
409.229 37.211
409.498 37.254
409.767 37.288
410.036 37.328
410.305 37.364
410.573 37.405
410.842 37.451
411.111 37.485
411.380 37.529
411.649 37.575
411.917 37.612
412.186 37.657
412.455 37.697
412.724 37.732
412.993 37.760
413.261 37.801
413.530 37.835
413.799 37.870
414.068 37.918
414.337 37.968
414.605 38.018
414.874 38.054
415.143 38.094
415.412 38.139
415.681 38.187
415.949 38.231
416.218 38.283
416.487 38.329
416.756 38.379
417.024 38.427
417.293 38.465
417.562 38.513
417.831 38.567
418.100 38.632
418.368 38.699
418.637 38.755
418.906 38.814
419.175 38.867
419.444 38.918
419.712 38.971
419.981 39.007
420.250 39.046
420.519 39.101
420.788 39.145
421.056 39.184
421.325 39.237
421.594 39.297
421.863 39.353
422.132 39.401
422.400 39.446
422.669 39.503
422.938 39.564
423.207 39.629
423.476 39.677
423.744 39.726
424.013 39.785
424.282 39.848
424.551 39.919
424.819 39.976
425.088 40.037
425.357 40.098
425.626 40.156
425.895 40.215
426.163 40.262
426.432 40.317
426.701 40.377
426.970 40.443
427.239 40.499
427.507 40.564
427.776 40.627
428.045 40.690
428.314 40.755
428.583 40.822
428.851 40.891
429.120 40.962
429.389 41.038
429.658 41.105
429.927 41.170
430.195 41.231
430.464 41.291
430.733 41.357
431.002 41.422
431.271 41.494
431.539 41.557
431.808 41.623
432.077 41.703
432.346 41.778
432.614 41.836
432.883 41.901
433.152 41.980
433.421 42.051
433.690 42.110
433.958 42.168
434.227 42.225
434.496 42.279
434.765 42.336
435.034 42.398
435.302 42.447
435.571 42.494
435.840 42.540
436.116 42.605
436.393 42.685
436.669 42.754
436.945 42.822
437.221 42.888
437.498 42.960
437.774 43.027
438.050 43.089
438.326 43.142
438.603 43.205
438.879 43.274
439.155 43.327
439.431 43.375
439.708 43.424
439.984 43.485
440.260 43.546
440.537 43.598
440.813 43.642
441.089 43.687
441.365 43.734
441.642 43.775
441.918 43.830
442.194 43.879
442.470 43.915
442.747 43.968
443.023 44.013
443.299 44.049
443.575 44.086
443.852 44.134
444.128 44.191
444.404 44.238
444.680 44.278
444.957 44.313
445.233 44.346
445.509 44.379
445.786 44.419
446.062 44.454
446.338 44.488
446.614 44.528
446.891 44.573
447.167 44.605
447.443 44.639
447.719 44.668
447.996 44.702
448.272 44.735
448.548 44.762
448.824 44.773
449.101 44.788
449.377 44.825
449.653 44.854
449.930 44.862
450.206 44.876
450.482 44.901
450.758 44.920
451.035 44.925
451.311 44.925
451.587 44.926
451.863 44.948
452.140 44.976
452.416 44.998
452.692 45.016
452.968 45.021
453.245 45.022
453.521 45.026
453.797 45.031
454.074 45.031
454.350 45.034
454.626 45.037
454.902 45.044
455.179 45.051
455.455 45.051
455.731 45.047
456.007 45.042
456.284 45.040
456.560 45.031
456.836 45.024
457.112 45.021
457.389 45.018
457.665 45.015
457.941 44.994
458.218 44.970
458.494 44.954
458.770 44.926
459.046 44.912
459.323 44.898
459.599 44.876
459.875 44.861
460.151 44.849
460.428 44.826
460.704 44.795
460.980 44.758
461.256 44.725
461.533 44.700
461.809 44.676
462.085 44.643
462.361 44.613
462.638 44.578
462.914 44.551
463.190 44.519
463.467 44.479
463.743 44.428
464.019 44.383
464.295 44.330
464.572 44.292
464.848 44.250
465.124 44.202
465.400 44.159
465.677 44.119
465.953 44.077
466.229 44.016
466.505 43.963
466.782 43.918
467.058 43.867
467.334 43.815
467.611 43.763
467.887 43.731
468.163 43.689
468.439 43.635
468.716 43.562
468.992 43.490
469.268 43.421
469.544 43.362
469.821 43.303
470.097 43.231
470.373 43.159
470.649 43.080
470.926 43.005
471.202 42.921
471.478 42.851
471.755 42.779
472.031 42.708
472.307 42.639
472.583 42.560
472.860 42.489
473.136 42.420
473.412 42.349
473.688 42.273
473.965 42.191
474.241 42.100
474.517 42.024
474.793 41.951
475.070 41.877
475.346 41.798
475.622 41.716
475.899 41.625
476.175 41.543
476.451 41.460
476.727 41.368
477.004 41.275
477.280 41.174
477.556 41.083
477.832 40.994
478.109 40.905
478.385 40.809
478.661 40.702
478.937 40.604
479.214 40.510
479.490 40.423
479.766 40.325
480.043 40.226
480.319 40.116
480.595 40.014
480.871 39.925
481.148 39.843
481.424 39.733
481.700 39.619
481.976 39.518
482.253 39.418
482.529 39.319
482.805 39.210
483.081 39.102
483.358 38.993
483.634 38.892
483.910 38.794
484.186 38.697
484.463 38.590
484.739 38.471
485.015 38.363
485.292 38.258
485.568 38.151
485.844 38.041
486.120 37.936
486.397 37.824
486.673 37.705
486.949 37.599
487.225 37.496
487.502 37.398
487.778 37.299
488.054 37.198
488.330 37.088
488.607 36.962
488.883 36.840
489.159 36.722
489.436 36.608
489.712 36.491
489.988 36.372
490.264 36.259
490.541 36.146
490.817 36.029
491.093 35.918
491.369 35.806
491.646 35.700
491.922 35.589
492.198 35.475
492.474 35.356
492.751 35.242
493.027 35.119
493.303 35.002
493.580 34.889
493.856 34.779
494.132 34.679
494.408 34.564
494.685 34.447
494.961 34.321
495.237 34.203
495.513 34.093
495.790 33.985
496.066 33.877
496.342 33.761
496.618 33.644
496.895 33.532
497.171 33.421
497.447 33.310
497.724 33.190
498.000 33.058
498.276 32.941
498.552 32.835
498.829 32.720
499.105 32.601
499.381 32.477
499.657 32.364
499.934 32.247
500.210 32.126
500.486 32.008
500.762 31.890
501.039 31.760
501.315 31.637
501.591 31.526
501.867 31.418
502.144 31.316
502.420 31.210
502.696 31.103
502.973 30.998
503.249 30.893
503.525 30.785
503.801 30.674
504.078 30.561
504.354 30.438
504.630 30.326
504.906 30.221
505.183 30.117
505.459 30.022
505.735 29.924
506.011 29.819
506.288 29.718
506.564 29.615
506.840 29.509
507.117 29.417
507.393 29.324
507.669 29.221
507.945 29.116
508.222 29.016
508.498 28.912
508.774 28.805
509.050 28.703
509.327 28.608
509.603 28.509
509.879 28.418
510.155 28.321
510.432 28.229
510.708 28.135
510.984 28.035
511.261 27.938
511.537 27.844
511.813 27.756
512.089 27.666
512.366 27.580
512.642 27.484
512.918 27.384
513.194 27.293
513.471 27.197
513.747 27.096
514.023 27.008
514.299 26.924
514.576 26.840
514.852 26.759
515.128 26.680
515.405 26.590
515.681 26.503
515.957 26.420
516.233 26.341
516.510 26.257
516.786 26.179
517.062 26.104
517.338 26.019
517.615 25.936
517.891 25.865
518.167 25.796
518.443 25.714
518.720 25.628
518.996 25.538
519.272 25.452
519.548 25.373
519.825 25.288
520.101 25.209
520.377 25.142
520.654 25.072
520.930 24.997
521.206 24.926
521.482 24.850
521.759 24.773
522.035 24.685
522.311 24.605
522.587 24.524
522.864 24.448
523.140 24.368
523.416 24.295
523.692 24.223
523.969 24.138
524.245 24.055
524.521 23.982
524.798 23.909
525.074 23.825
525.350 23.745
525.626 23.679
525.903 23.612
526.179 23.532
526.455 23.457
526.731 23.390
527.008 23.329
527.284 23.263
527.560 23.194
527.836 23.123
528.113 23.057
528.389 22.995
528.665 22.929
528.942 22.857
529.218 22.794
529.494 22.739
529.770 22.679
530.047 22.607
530.323 22.542
530.599 22.484
530.875 22.424
531.152 22.357
531.428 22.295
531.704 22.239
531.980 22.176
532.257 22.120
532.533 22.061
532.809 22.001
533.086 21.940
533.362 21.876
533.638 21.817
533.914 21.760
534.191 21.701
534.467 21.635
534.743 21.574
535.019 21.514
535.296 21.461
535.572 21.408
535.848 21.362
536.124 21.310
536.401 21.255
536.677 21.202
536.953 21.146
537.230 21.085
537.506 21.025
537.782 20.975
538.058 20.923
538.335 20.870
538.611 20.816
538.887 20.771
539.163 20.725
539.440 20.680
539.716 20.630
539.992 20.582
540.268 20.540
540.545 20.498
540.821 20.448
541.097 20.396
541.373 20.351
541.650 20.314
541.926 20.274
542.202 20.230
542.479 20.189
542.755 20.147
543.031 20.109
543.307 20.072
543.584 20.027
543.860 19.982
544.136 19.933
544.412 19.882
544.689 19.845
544.965 19.806
545.241 19.759
545.517 19.720
545.794 19.683
546.070 19.638
546.356 19.592
546.642 19.542
546.928 19.505
547.214 19.470
547.500 19.432
547.786 19.390
548.072 19.354
548.358 19.319
548.644 19.279
548.930 19.239
549.216 19.201
549.502 19.166
549.788 19.126
550.074 19.092
550.360 19.063
550.646 19.030
550.932 18.993
551.218 18.958
551.504 18.926
551.790 18.895
552.076 18.862
552.362 18.824
552.648 18.782
552.934 18.743
553.220 18.707
553.506 18.676
553.793 18.648
554.079 18.624
554.365 18.595
554.651 18.572
554.937 18.543
555.223 18.516
555.509 18.494
555.795 18.467
556.081 18.436
556.367 18.407
556.653 18.381
556.939 18.350
557.225 18.323
557.511 18.285
557.797 18.244
558.083 18.214
558.369 18.192
558.655 18.169
558.941 18.140
559.227 18.111
559.513 18.081
559.799 18.048
560.085 18.020
560.371 17.994
560.657 17.962
560.943 17.928
561.229 17.898
561.515 17.873
561.801 17.850
562.087 17.819
562.373 17.785
562.659 17.759
562.945 17.726
563.231 17.699
563.517 17.674
563.803 17.644
564.089 17.623
564.375 17.600
564.661 17.577
564.947 17.553
565.233 17.529
565.519 17.503
565.805 17.477
566.091 17.455
566.377 17.436
566.663 17.416
566.949 17.394
567.235 17.378
567.521 17.355
567.807 17.332
568.093 17.309
568.379 17.289
568.665 17.269
568.951 17.248
569.237 17.220
569.524 17.196
569.810 17.176
570.096 17.164
570.382 17.148
570.668 17.133
570.954 17.114
571.240 17.089
571.526 17.061
571.812 17.037
572.098 17.014
572.384 16.994
572.670 16.972
572.956 16.946
573.242 16.925
573.528 16.907
573.814 16.886
574.100 16.862
574.386 16.847
574.672 16.832
574.958 16.816
575.244 16.803
575.530 16.795
575.816 16.785
576.102 16.769
576.388 16.750
576.674 16.734
576.960 16.723
577.248 16.713
577.536 16.704
577.824 16.695
578.113 16.685
578.401 16.678
578.689 16.664
578.977 16.654
579.265 16.636
579.553 16.623
579.841 16.615
580.130 16.609
580.418 16.605
580.706 16.592
580.994 16.585
581.282 16.580
581.570 16.571
581.858 16.556
582.147 16.539
582.435 16.526
582.723 16.519
583.011 16.519
583.299 16.513
583.587 16.508
583.875 16.497
584.164 16.487
584.452 16.478
584.740 16.465
585.028 16.452
585.316 16.439
585.604 16.426
585.892 16.417
586.181 16.406
586.469 16.402
586.757 16.398
587.045 16.394
587.333 16.387
587.621 16.376
587.909 16.361
588.198 16.346
588.486 16.337
588.774 16.330
589.062 16.327
589.350 16.319
589.638 16.307
589.927 16.293
590.215 16.280
590.503 16.275
590.791 16.268
591.079 16.259
591.367 16.252
591.655 16.249
591.944 16.249
592.232 16.243
592.520 16.238
592.808 16.237
593.096 16.227
593.384 16.219
593.672 16.213
593.961 16.206
594.249 16.203
594.537 16.196
594.825 16.189
595.113 16.178
595.401 16.175
595.689 16.173
595.978 16.168
596.266 16.165
596.554 16.162
596.842 16.165
597.130 16.163
597.418 16.169
597.706 16.174
597.995 16.171
598.283 16.168
598.571 16.158
598.859 16.154
599.147 16.153
599.435 16.153
599.723 16.153
600.012 16.154
600.300 16.148
600.588 16.140
600.876 16.135
601.164 16.127
601.452 16.127
601.740 16.126
602.029 16.122
602.317 16.116
602.605 16.112
602.893 16.113
603.181 16.115
603.469 16.116
603.757 16.117
604.046 16.109
604.334 16.101
604.622 16.100
604.910 16.098
605.198 16.096
605.486 16.102
605.774 16.105
606.063 16.109
606.351 16.114
606.639 16.116
606.927 16.120
607.215 16.128
607.503 16.131
607.791 16.139
608.080 16.147
608.368 16.154
608.656 16.160
608.944 16.165
609.232 16.171
609.520 16.176
609.808 16.187
610.097 16.204
610.385 16.213
610.673 16.230
610.961 16.239
611.249 16.248
611.537 16.255
611.825 16.255
612.114 16.258
612.402 16.259
612.690 16.263
612.978 16.261
613.266 16.262
613.554 16.273
613.843 16.283
614.131 16.283
614.419 16.285
614.707 16.288
614.995 16.286
615.283 16.284
615.571 16.296
615.860 16.320
616.148 16.331
616.436 16.339
616.724 16.341
617.012 16.347
617.300 16.358
617.588 16.362
617.877 16.373
618.165 16.378
618.453 16.378
618.741 16.386
619.029 16.389
619.317 16.399
619.605 16.411
619.894 16.431
620.182 16.445
620.470 16.452
620.758 16.467
621.046 16.480
621.334 16.492
621.622 16.507
621.911 16.526
622.199 16.545
622.487 16.560
622.775 16.570
623.063 16.581
623.351 16.589
623.639 16.596
623.928 16.605
624.216 16.620
624.504 16.634
624.792 16.645
625.080 16.664
625.368 16.680
625.656 16.692
625.945 16.710
626.233 16.725
626.521 16.738
626.809 16.747
627.097 16.751
627.385 16.755
627.673 16.758
627.962 16.766
628.250 16.772
628.538 16.782
628.826 16.793
629.114 16.809
629.402 16.832
629.690 16.859
629.979 16.886
630.267 16.904
630.555 16.922
630.843 16.943
631.131 16.957
631.419 16.968
631.707 16.988
631.996 17.007
632.284 17.031
632.572 17.048
632.860 17.065
633.148 17.077
633.436 17.080
633.724 17.100
634.013 17.124
634.301 17.149
634.589 17.166
634.877 17.184
635.165 17.213
635.453 17.227
635.741 17.242
636.030 17.264
636.318 17.286
636.606 17.308
636.894 17.324
637.182 17.340
637.470 17.346
637.759 17.366
638.047 17.386
638.335 17.396
638.623 17.412
638.911 17.433
639.199 17.458
639.487 17.485
639.776 17.504
640.064 17.525
640.352 17.551
640.640 17.581
640.928 17.609
641.216 17.632
641.504 17.661
641.793 17.681
642.081 17.700
642.369 17.718
642.657 17.735
642.945 17.756
643.233 17.778
643.521 17.793
643.810 17.810
644.098 17.829
644.386 17.850
644.674 17.881
644.962 17.904
645.250 17.921
645.538 17.935
645.827 17.949
646.115 17.966
646.403 17.985
646.691 18.000
646.979 18.014
647.267 18.024
647.555 18.033
647.844 18.061
648.132 18.082
648.420 18.094
648.708 18.104
648.996 18.120
649.284 18.142
649.572 18.160
649.861 18.181
650.149 18.205
650.437 18.233
650.725 18.256
651.013 18.279
651.301 18.308
651.589 18.327
651.878 18.349
652.166 18.376
652.454 18.408
652.742 18.434
653.030 18.470
653.318 18.509
653.606 18.551
653.895 18.582
654.183 18.618
654.471 18.656
654.759 18.687
655.047 18.717
655.335 18.753
655.623 18.790
655.912 18.823
656.200 18.852
656.488 18.887
656.776 18.919
657.064 18.940
657.352 18.966
657.640 19.001
657.929 19.035
658.217 19.060
658.505 19.100
658.793 19.140
659.081 19.166
659.369 19.199
659.657 19.235
659.946 19.273
660.234 19.312
660.522 19.351
660.810 19.381
661.098 19.419
661.386 19.459
661.675 19.506
661.963 19.547
662.251 19.582
662.539 19.624
662.827 19.668
663.115 19.721
663.403 19.778
663.692 19.830
663.980 19.881
664.268 19.935
664.556 19.988
664.844 20.043
665.132 20.097
665.420 20.142
665.709 20.195
665.997 20.252
666.285 20.314
666.573 20.375
666.861 20.428
667.149 20.487
667.437 20.540
667.726 20.592
668.014 20.641
668.302 20.685
668.590 20.734
668.878 20.781
669.166 20.828
669.454 20.871
669.743 20.920
670.031 20.967
670.319 21.015
670.607 21.059
670.895 21.115
671.183 21.163
671.471 21.219
671.760 21.269
672.048 21.327
672.336 21.394
672.624 21.458
672.912 21.508
673.200 21.562
673.488 21.630
673.777 21.696
674.065 21.752
674.353 21.803
674.641 21.861
674.929 21.924
675.217 21.986
675.505 22.051
675.794 22.116
676.082 22.174
676.370 22.231
676.658 22.303
676.946 22.375
677.234 22.441
677.522 22.506
677.811 22.577
678.099 22.641
678.387 22.709
678.675 22.776
678.963 22.840
679.251 22.904
679.539 22.969
679.828 23.035
680.116 23.107
680.404 23.186
680.692 23.264
680.980 23.323
681.268 23.378
681.556 23.436
681.845 23.502
682.133 23.568
682.421 23.635
682.709 23.696
682.997 23.755
683.285 23.814
683.573 23.880
683.862 23.942
684.150 24.010
684.438 24.078
684.726 24.145
685.014 24.218
685.302 24.287
685.591 24.368
685.879 24.449
686.167 24.521
686.455 24.597
686.743 24.681
687.031 24.766
687.319 24.843
687.608 24.912
687.896 24.984
688.184 25.070
688.472 25.143
688.760 25.217
689.048 25.292
689.336 25.361
689.625 25.428
689.913 25.495
690.201 25.577
690.489 25.664
690.777 25.738
691.065 25.810
691.353 25.883
691.642 25.969
691.930 26.047
692.218 26.127
692.506 26.199
692.794 26.270
693.082 26.347
693.370 26.425
693.659 26.510
693.947 26.595
694.235 26.673
694.523 26.749
694.811 26.834
695.099 26.926
695.387 27.013
695.676 27.101
695.964 27.195
696.252 27.289
696.540 27.387
696.836 27.485
697.133 27.579
697.429 27.668
697.725 27.756
698.021 27.841
698.318 27.923
698.614 28.018
698.910 28.123
699.207 28.213
699.503 28.297
699.799 28.392
700.095 28.482
700.392 28.575
700.688 28.671
700.984 28.775
701.281 28.880
701.577 28.989
701.873 29.087
702.169 29.194
702.466 29.302
702.762 29.397
703.058 29.492
703.355 29.581
703.651 29.681
703.947 29.782
704.243 29.874
704.540 29.965
704.836 30.056
705.132 30.156
705.428 30.263
705.725 30.360
706.021 30.451
706.317 30.544
706.614 30.634
706.910 30.727
707.206 30.839
707.502 30.953
707.799 31.055
708.095 31.153
708.391 31.258
708.688 31.371
708.984 31.471
709.280 31.571
709.576 31.658
709.873 31.766
710.169 31.873
710.465 31.982
710.762 32.092
711.058 32.195
711.354 32.293
711.650 32.403
711.947 32.521
712.243 32.629
712.539 32.734
712.836 32.841
713.132 32.941
713.428 33.037
713.724 33.139
714.021 33.232
714.317 33.322
714.613 33.410
714.910 33.504
715.206 33.611
715.502 33.711
715.798 33.803
716.095 33.897
716.391 33.996
716.687 34.102
716.984 34.206
717.280 34.320
717.576 34.423
717.872 34.522
718.169 34.617
718.465 34.716
718.761 34.808
719.058 34.885
719.354 34.966
719.650 35.051
719.946 35.137
720.243 35.229
720.539 35.317
720.835 35.401
721.131 35.503
721.428 35.605
721.724 35.697
722.020 35.785
722.317 35.877
722.613 35.978
722.909 36.090
723.205 36.191
723.502 36.279
723.798 36.388
724.094 36.496
724.391 36.587
724.687 36.692
724.983 36.798
725.279 36.884
725.576 36.962
725.872 37.056
726.168 37.139
726.465 37.209
726.761 37.287
727.057 37.384
727.353 37.489
727.650 37.590
727.946 37.672
728.242 37.756
728.539 37.841
728.835 37.928
729.131 38.019
729.427 38.113
729.724 38.184
730.020 38.257
730.316 38.343
730.613 38.416
730.909 38.489
731.205 38.562
731.501 38.635
731.798 38.721
732.094 38.813
732.390 38.887
732.687 38.965
732.983 39.039
733.279 39.117
733.575 39.200
733.872 39.281
734.168 39.366
734.464 39.451
734.761 39.517
735.057 39.579
735.353 39.658
735.649 39.737
735.946 39.811
736.242 39.904
736.538 39.988
736.835 40.072
737.131 40.170
737.427 40.268
737.723 40.345
738.020 40.430
738.316 40.512
738.612 40.593
738.909 40.560
739.205 40.632
739.501 40.702
739.797 40.770
740.094 40.856
740.390 40.941
740.686 41.022
740.982 41.092
741.279 41.152
741.575 41.221
741.871 41.282
742.168 41.343
742.464 41.397
742.760 41.453
743.056 41.520
743.353 41.612
743.649 41.703
743.945 41.778
744.242 41.849
744.538 41.924
744.834 41.990
745.130 42.050
745.427 42.118
745.723 42.183
746.019 42.240
746.316 42.296
746.612 42.357
746.908 42.411
747.204 42.459
747.501 42.516
747.797 42.566
748.093 42.605
748.390 42.634
748.686 42.698
748.982 42.753
749.278 42.809
749.575 42.863
749.871 42.905
750.167 42.960
750.464 43.020
750.760 43.079
751.056 43.120
751.352 43.163
751.649 43.205
751.945 43.260
752.241 43.317
752.538 43.356
752.834 43.388
753.130 43.425
753.426 43.475
753.723 43.522
754.019 43.546
754.315 43.577
754.611 43.616
754.908 43.657
755.204 43.722
755.500 43.778
755.797 43.821
756.093 43.869
756.389 43.925
756.685 43.963
756.982 44.013
757.278 44.048
757.574 44.063
757.871 44.083
758.167 44.101
758.463 44.133
758.759 44.180
759.056 44.232
759.352 44.275
759.648 44.305
759.945 44.355
760.241 44.410
760.537 44.476
760.833 44.531
761.130 44.558
761.426 44.573
761.722 44.584
762.019 44.609
762.315 44.656
762.611 44.698
762.907 44.732
763.204 44.784
763.500 44.823
763.804 44.861
764.108 44.908
764.412 44.967
764.716 45.012
765.020 45.052
765.324 45.114
765.628 45.157
765.932 45.184
766.236 45.214
766.540 45.247
766.844 45.261
767.148 45.255
767.452 45.260
767.756 45.282
768.060 45.319
768.364 45.333
768.668 45.374
768.972 45.411
769.276 45.453
769.580 45.474
769.884 45.494
770.188 45.522
770.492 45.539
770.796 45.561
771.100 45.596
771.404 45.643
771.708 45.664
772.012 45.706
772.316 45.761
772.620 45.799
772.924 45.827
773.228 45.841
773.532 45.848
773.836 45.861
774.140 45.893
774.444 45.914
774.748 45.926
775.052 45.943
775.356 45.955
775.659 45.985
775.963 46.042
776.267 46.082
776.571 46.114
776.875 46.137
777.179 46.160
777.483 46.178
777.787 46.198
778.091 46.224
778.395 46.238
778.699 46.258
779.003 46.262
779.307 46.264
779.611 46.271
779.915 46.278
780.219 46.310
780.523 46.339
780.827 46.367
781.131 46.396
781.435 46.429
781.739 46.453
782.043 46.494
782.347 46.533
782.651 46.538
782.955 46.531
783.259 46.533
783.563 46.553
783.867 46.554
784.171 46.566
784.475 46.593
784.779 46.624
785.083 46.650
785.387 46.667
785.691 46.694
785.995 46.733
786.299 46.761
786.603 46.775
786.907 46.795
787.211 46.813
787.515 46.848
787.819 46.869
788.123 46.896
788.427 46.926
788.731 46.928
789.035 46.954
789.339 46.995
789.643 47.008
789.947 47.002
790.251 47.002
790.555 46.991
790.859 46.987
791.163 47.015
791.467 47.046
791.771 47.078
792.075 47.104
792.379 47.146
792.683 47.159
792.987 47.176
793.291 47.170
793.595 47.202
793.899 47.231
794.203 47.256
794.507 47.278
794.811 47.315
795.115 47.339
795.419 47.359
795.723 47.338
796.027 47.337
796.331 47.373
796.635 47.419
796.939 47.440
797.243 47.456
797.547 47.480
797.851 47.517
798.155 47.559
798.459 47.577
798.763 47.568
799.067 47.572
799.371 47.581
799.674 47.600
799.978 47.644
800.282 47.679
800.586 47.654
800.890 47.638
801.194 47.655
801.498 47.692
801.802 47.720
802.106 47.758
802.410 47.811
802.714 47.837
803.018 47.845
803.322 47.844
803.626 47.865
803.930 47.918
804.234 47.962
804.538 47.976
804.842 48.005
805.146 48.015
805.450 48.054
805.754 48.085
806.058 48.084
806.362 48.105
806.666 48.123
806.970 48.162
807.274 48.215
807.578 48.242
807.882 48.254
808.186 48.296
808.490 48.355
808.794 48.405
809.098 48.435
809.402 48.468
809.706 48.488
810.010 48.499
810.314 48.524
810.618 48.552
810.922 48.549
811.226 48.560
811.530 48.587
811.834 48.637
812.137 48.648
812.441 48.676
812.744 48.703
813.048 48.711
813.351 48.729
813.655 48.733
813.958 48.717
814.262 48.761
814.565 48.783
814.869 48.792
815.172 48.790
815.476 48.800
815.779 48.807
816.083 48.828
816.386 48.828
816.690 48.829
816.993 48.851
817.297 48.884
817.600 48.927
817.904 48.948
818.208 48.953
818.511 48.921
818.815 48.897
819.118 48.929
819.422 48.960
819.725 48.988
820.029 49.005
820.332 49.039
820.636 49.062
820.939 49.077
821.243 49.096
821.546 49.137
821.850 49.196
822.153 49.243
822.457 49.248
822.760 49.263
823.064 49.291
823.367 49.322
823.671 49.347
823.974 49.349
824.278 49.354
824.582 49.388
824.885 49.410
825.189 49.428
825.492 49.434
825.796 49.438
826.099 49.446
826.403 49.455
826.706 49.463
827.010 49.462
827.313 49.465
827.617 49.474
827.920 49.485
828.224 49.480
828.527 49.488
828.831 49.495
829.134 49.503
829.438 49.525
829.741 49.544
830.045 49.534
830.348 49.514
830.652 49.517
830.956 49.524
831.259 49.541
831.563 49.556
831.866 49.557
832.170 49.575
832.473 49.631
832.777 49.653
833.080 49.648
833.384 49.651
833.687 49.661
833.991 49.684
834.294 49.698
834.598 49.692
834.901 49.704
835.205 49.743
835.508 49.755
835.812 49.789
836.115 49.830
836.419 49.847
836.722 49.856
837.026 49.893
837.330 49.920
837.633 49.955
837.937 49.979
838.240 49.987
838.544 50.010
838.847 50.029
839.151 50.054
839.454 50.065
839.758 50.062
840.061 50.074
840.365 50.094
840.668 50.104
840.972 50.138
841.275 50.152
841.579 50.184
841.882 50.183
842.186 50.197
842.489 50.215
842.793 50.238
843.097 50.284
843.400 50.327
843.704 50.371
844.007 50.424
844.311 50.460
844.614 50.469
844.918 50.503
845.221 50.537
845.525 50.567
845.828 50.558
846.132 50.556
846.435 50.586
846.739 50.609
847.042 50.609
847.346 50.632
847.649 50.656
847.953 50.651
848.256 50.673
848.560 50.735
848.863 50.780
849.167 50.822
849.471 50.842
849.774 50.869
850.078 50.920
850.381 50.960
850.685 51.022
850.988 51.066
851.292 51.082
851.595 51.126
851.899 51.158
852.202 51.190
852.506 51.240
852.809 51.276
853.113 51.330
853.416 51.357
853.720 51.355
854.023 51.389
854.327 51.379
854.630 51.350
854.934 51.368
855.237 51.381
855.541 51.373
855.845 51.401
856.148 51.406
856.452 51.408
856.755 51.411
857.059 51.429
857.362 51.453
857.666 51.461
857.969 51.443
858.273 51.442
858.576 51.465
858.880 51.460
859.183 51.440
859.487 51.433
859.790 51.438
860.094 51.419
860.397 51.424
860.701 51.445
861.004 51.441
861.308 51.410
861.611 51.368
861.915 51.350
862.219 51.334
862.522 51.297
862.826 51.250
863.129 51.229
863.433 51.210
863.736 51.184
864.040 51.158
864.343 51.190
864.647 51.213
864.950 51.206
865.254 51.221
865.557 51.219
865.861 51.227
866.164 51.256
866.468 51.291
866.771 51.288
867.075 51.277
867.378 51.272
867.682 51.269
867.985 51.283
868.289 51.270
868.593 51.243
868.896 51.234
869.200 51.192
869.503 51.173
869.807 51.181
870.110 51.201
870.414 51.244
870.717 51.243
871.021 51.205
871.324 51.211
871.628 51.184
871.931 51.180
872.235 51.164
872.538 51.135
872.842 51.152
873.145 51.136
873.449 51.129
873.752 51.175
874.056 51.207
874.359 51.190
874.663 51.210
874.967 51.260
875.270 51.290
875.574 51.297
875.877 51.276
876.181 51.259
876.484 51.272
876.788 51.299
877.091 51.275
877.395 51.263
877.698 51.287
878.002 51.274
878.305 51.260
878.609 51.273
878.912 51.274
879.216 51.279
879.519 51.300
879.823 51.313
880.126 51.331
880.430 51.348
880.733 51.365
881.037 51.397
881.341 51.449
881.644 51.494
881.948 51.549
882.251 51.614
882.555 51.638
882.858 51.645
883.162 51.695
883.465 51.729
883.769 51.747
884.072 51.796
884.376 51.822
884.679 51.832
884.983 51.837
885.286 51.862
885.590 51.860
885.893 51.861
886.197 51.867
886.500 51.875
886.804 51.901
887.107 51.920
887.411 51.970
887.715 52.037
888.018 52.059
888.322 52.062
888.625 52.071
888.929 52.029
889.232 52.025
889.536 52.048
889.839 52.044
890.143 52.061
890.446 52.107
890.750 52.153
891.053 52.203
891.357 52.231
891.660 52.281
891.964 52.299
892.267 52.263
892.571 52.260
892.874 52.303
893.178 52.313
893.482 52.309
893.785 52.307
894.089 52.296
894.392 52.313
894.696 52.338
894.999 52.357
895.303 52.388
895.606 52.431
895.910 52.464
896.213 52.488
896.517 52.529
896.820 52.599
897.124 52.626
897.427 52.665
897.731 52.700
898.034 52.713
898.338 52.759
898.641 52.767
898.945 52.782
899.248 52.796
899.552 52.846
899.856 52.872
900.159 52.883
900.463 52.897
900.766 52.878
901.070 52.914
901.373 52.948
901.677 52.966
901.980 52.970
902.284 52.977
902.587 52.982
902.891 52.951
903.194 52.902
903.498 52.893
903.801 52.935
904.105 52.967
904.408 53.000
904.712 52.994
905.015 52.980
905.319 52.967
905.622 52.990
905.926 52.961
906.230 52.908
906.533 52.870
906.837 52.873
907.140 52.893
907.444 52.939
907.747 52.959
908.051 52.971
908.354 52.993
908.658 53.025
908.961 53.017
909.265 53.026
909.568 53.063
909.872 53.089
910.175 53.106
910.479 53.124
910.782 53.164
911.086 53.201
911.389 53.218
911.693 53.232
911.996 53.238
912.300 53.263
912.613 53.305
912.926 53.303
913.238 53.345
913.551 53.358
913.864 53.333
914.176 53.374
914.489 53.400
914.802 53.402
915.115 53.443
915.427 53.437
915.740 53.449
916.053 53.468
916.366 53.451
916.678 53.471
916.991 53.533
917.304 53.598
917.617 53.623
917.929 53.670
918.242 53.652
918.555 53.685
918.868 53.727
919.180 53.734
919.493 53.787
919.806 53.806
920.119 53.791
920.431 53.731
920.744 53.704
921.057 53.756
921.370 53.829
921.682 53.886
921.995 53.945
922.308 54.011
922.621 54.054
922.933 54.118
923.246 54.151
923.559 54.168
923.872 54.215
924.184 54.248
924.497 54.245
924.810 54.288
925.123 54.383
925.435 54.488
925.748 54.566
926.061 54.639
926.374 54.667
926.686 54.740
926.999 54.811
927.312 54.929
927.625 55.033
927.937 55.083
928.250 55.173
928.563 55.214
928.876 55.223
929.188 55.264
929.501 55.325
929.814 55.390
930.127 55.426
930.439 55.480
930.752 55.527
931.065 55.565
931.378 55.632
931.690 55.648
932.003 55.675
932.316 55.700
932.629 55.736
932.941 55.793
933.254 55.826
933.567 55.826
933.880 55.850
934.192 55.932
934.505 56.018
934.818 56.128
935.131 56.203
935.443 56.301
935.756 56.365
936.069 56.428
936.382 56.456
936.694 56.520
937.007 56.589
937.320 56.629
937.633 56.636
937.945 56.708
938.258 56.730
938.571 56.716
938.884 56.769
939.196 56.862
939.509 56.989
939.822 57.062
940.135 57.033
940.447 57.043
940.760 57.103
941.073 57.113
941.386 57.142
941.698 57.163
942.011 57.187
942.324 57.249
942.637 57.310
942.949 57.368
943.262 57.411
943.575 57.482
943.888 57.549
944.200 57.535
944.513 57.538
944.826 57.599
945.139 57.622
945.451 57.624
945.764 57.602
946.077 57.559
946.390 57.535
946.702 57.527
947.015 57.496
947.328 57.471
947.641 57.512
947.953 57.586
948.266 57.592
948.579 57.579
948.892 57.567
949.204 57.582
949.517 57.597
949.830 57.656
950.143 57.709
950.455 57.739
950.768 57.795
951.081 57.823
951.394 57.819
951.706 57.842
952.019 57.863
952.332 57.881
952.645 57.909
952.957 57.907
953.270 57.925
953.583 57.954
953.896 57.896
954.208 57.857
954.521 57.825
954.834 57.825
955.147 57.786
955.459 57.790
955.772 57.722
956.085 57.597
956.398 57.588
956.710 57.575
957.023 57.512
957.336 57.544
957.649 57.559
957.961 57.610
958.274 57.702
958.587 57.648
958.900 57.592
959.212 57.531
959.525 57.440
959.838 57.424
960.151 57.478
960.463 57.465
960.776 57.417
961.089 57.371
961.402 57.385
961.714 57.420
962.027 57.381
962.340 57.399
962.653 57.366
962.965 57.302
963.278 57.303
963.591 57.244
963.904 57.162
964.216 57.129
964.529 57.119
964.842 57.109
965.154 57.162
965.467 57.153
965.780 57.068
966.094 57.065
966.409 57.074
966.723 57.021
967.037 56.981
967.352 57.010
967.666 57.032
967.980 57.056
968.295 57.085
968.609 57.019
968.923 56.894
969.238 56.878
969.552 56.785
969.866 56.765
970.181 56.810
970.495 56.771
970.809 56.714
971.124 56.690
971.438 56.615
971.752 56.672
972.067 56.791
972.381 56.709
972.695 56.607
973.010 56.571
973.324 56.577
973.638 56.499
973.953 56.444
974.267 56.445
974.581 56.413
974.896 56.391
975.210 56.434
975.524 56.375
975.839 56.383
976.153 56.490
976.467 56.550
976.781 56.631
977.096 56.600
977.410 56.490
977.724 56.585
978.039 56.700
978.353 56.820
978.667 56.927
978.982 56.934
979.296 56.924
979.610 56.957
979.925 56.935
980.239 56.927
980.553 56.810
980.868 56.721
981.182 56.720
981.496 56.744
981.811 56.733
982.125 56.759
982.439 56.791
982.754 56.890
983.068 56.954
983.382 56.972
983.697 57.005
984.011 57.038
984.325 57.027
984.640 57.007
984.954 57.021
985.268 57.010
985.583 56.941
985.897 56.945
986.211 56.990
986.526 56.978
986.840 56.982
987.154 56.999
987.469 56.969
987.783 57.024
988.097 57.114
988.412 57.079
988.726 57.096
989.040 57.049
989.355 56.984
989.669 57.090
989.983 57.215
990.298 57.253
990.612 57.362
990.926 57.328
991.241 57.312
991.555 57.393
991.869 57.472
992.184 57.549
992.498 57.580
992.812 57.655
993.127 57.749
993.441 57.774
993.755 57.791
994.070 57.822
994.384 57.862
994.698 57.888
995.013 57.899
995.327 57.804
995.641 57.687
995.956 57.567
996.270 57.528
996.584 57.494
996.899 57.416
997.213 57.461
997.527 57.421
997.841 57.307
998.156 57.249
998.470 57.162
998.784 57.089
999.099 57.175
999.413 57.140
999.727 57.164
