200.182 80.320
200.437 79.685
200.691 79.172
200.946 78.444
201.201 77.317
201.455 76.592
201.710 75.869
201.964 75.148
202.219 74.490
202.474 73.686
202.728 72.953
202.983 72.120
203.237 71.266
203.492 70.334
203.747 69.366
204.001 68.633
204.256 67.748
204.510 66.686
204.765 65.680
205.020 65.022
205.274 64.312
205.529 63.291
205.783 62.253
206.038 61.205
206.293 60.135
206.547 59.110
206.802 58.019
207.057 57.119
207.311 56.235
207.566 55.291
207.820 54.410
208.075 53.555
208.330 52.509
208.584 51.418
208.839 50.630
209.093 49.904
209.348 48.999
209.603 48.228
209.857 47.450
210.112 46.654
210.366 45.834
210.621 44.944
210.876 44.135
211.130 43.393
211.385 42.622
211.639 41.857
211.894 40.984
212.149 40.111
212.403 39.369
212.658 38.664
212.913 37.931
213.167 37.174
213.422 36.553
213.676 35.771
213.931 34.975
214.186 34.179
214.440 33.453
214.695 32.919
214.949 32.439
215.204 31.849
215.459 31.241
215.713 30.610
215.968 29.938
216.222 29.218
216.477 28.650
216.732 28.292
216.986 27.793
217.241 27.204
217.495 26.670
217.750 26.162
218.005 25.768
218.259 25.352
218.514 24.834
218.769 24.254
219.023 23.737
219.278 23.316
219.532 22.817
219.787 22.345
220.042 21.899
220.296 21.510
220.551 21.056
220.805 20.658
221.060 20.299
221.315 19.906
221.569 19.468
221.824 19.102
222.078 18.845
222.333 18.491
222.588 18.129
222.842 17.756
223.097 17.414
223.351 17.094
223.606 16.705
223.861 16.295
224.115 15.937
224.370 15.572
224.625 15.174
224.879 14.846
225.134 14.491
225.388 14.173
225.643 13.849
225.898 13.519
226.152 13.209
226.407 12.916
226.661 12.593
226.916 12.311
227.171 12.002
227.425 11.701
227.680 11.417
227.934 11.161
228.189 10.872
228.444 10.647
228.698 10.429
228.953 10.168
229.208 9.942
229.462 9.710
229.717 9.506
229.971 9.282
230.226 9.059
230.481 8.815
230.735 8.635
230.990 8.465
231.244 8.294
231.499 8.148
231.754 7.991
232.008 7.837
232.263 7.729
232.517 7.611
232.772 7.505
233.027 7.360
233.281 7.187
233.536 7.029
233.790 6.853
234.045 6.716
234.300 6.618
234.554 6.521
234.809 6.396
235.064 6.301
235.318 6.223
235.573 6.141
235.827 6.049
236.082 5.950
236.337 5.886
236.591 5.821
236.846 5.746
237.100 5.679
237.355 5.627
237.610 5.567
237.864 5.493
238.119 5.448
238.373 5.387
238.628 5.328
238.883 5.286
239.137 5.245
239.392 5.203
239.646 5.169
239.901 5.139
240.156 5.098
240.410 5.070
240.665 5.038
240.920 5.003
241.174 4.982
241.429 4.963
241.683 4.936
241.938 4.903
242.193 4.879
242.447 4.854
242.702 4.831
242.956 4.815
243.211 4.797
243.466 4.775
243.720 4.769
243.975 4.757
244.229 4.737
244.484 4.712
244.739 4.694
244.993 4.690
245.248 4.685
245.503 4.680
245.757 4.673
246.012 4.665
246.266 4.657
246.521 4.650
246.776 4.648
247.030 4.636
247.285 4.617
247.539 4.604
247.794 4.599
248.049 4.593
248.303 4.588
248.558 4.593
248.812 4.593
249.067 4.570
249.322 4.561
249.576 4.558
249.831 4.558
250.085 4.551
250.340 4.549
250.595 4.552
250.849 4.557
251.104 4.561
251.359 4.561
251.613 4.561
251.868 4.558
252.122 4.548
252.377 4.544
252.632 4.547
252.886 4.538
253.141 4.524
253.395 4.525
253.650 4.525
253.905 4.520
254.161 4.517
254.416 4.511
254.672 4.516
254.927 4.528
255.183 4.525
255.438 4.517
255.694 4.524
255.949 4.535
256.205 4.533
256.460 4.532
256.715 4.525
256.971 4.532
257.226 4.541
257.482 4.550
257.737 4.550
257.993 4.548
258.248 4.550
258.504 4.547
258.759 4.541
259.014 4.546
259.270 4.541
259.525 4.536
259.781 4.540
260.036 4.561
260.292 4.571
260.547 4.570
260.803 4.577
261.058 4.587
261.314 4.593
261.569 4.595
261.824 4.598
262.080 4.609
262.335 4.621
262.591 4.644
262.846 4.662
263.102 4.661
263.357 4.657
263.613 4.665
263.868 4.671
264.123 4.677
264.379 4.674
264.634 4.673
264.890 4.667
265.145 4.674
265.401 4.673
265.656 4.669
265.912 4.663
266.167 4.650
266.423 4.645
266.678 4.647
266.933 4.649
267.189 4.645
267.444 4.638
267.700 4.637
267.955 4.631
268.211 4.619
268.466 4.626
268.722 4.633
268.977 4.635
269.232 4.639
269.488 4.637
269.743 4.640
269.999 4.649
270.254 4.655
270.510 4.650
270.765 4.647
271.021 4.649
271.276 4.651
271.532 4.652
271.787 4.655
272.042 4.656
272.298 4.657
272.553 4.651
272.809 4.646
273.064 4.648
273.320 4.659
273.575 4.669
273.831 4.667
274.086 4.667
274.342 4.668
274.597 4.661
274.852 4.664
275.108 4.667
275.363 4.666
275.619 4.651
275.874 4.639
276.130 4.636
276.385 4.637
276.641 4.640
276.896 4.636
277.151 4.634
277.407 4.630
277.662 4.616
277.918 4.596
278.173 4.579
278.429 4.569
278.684 4.575
278.940 4.581
279.195 4.574
279.451 4.572
279.706 4.563
279.961 4.561
280.217 4.561
280.472 4.566
280.728 4.568
280.983 4.569
281.239 4.568
281.494 4.572
281.750 4.582
282.005 4.584
282.260 4.582
282.516 4.575
282.771 4.571
283.027 4.574
283.282 4.580
283.538 4.580
283.793 4.579
284.049 4.576
284.304 4.571
284.560 4.568
284.815 4.567
285.070 4.568
285.326 4.572
285.581 4.573
285.837 4.561
286.092 4.556
286.348 4.557
286.603 4.561
286.859 4.556
287.114 4.551
287.369 4.548
287.625 4.548
287.880 4.549
288.136 4.558
288.391 4.564
288.647 4.564
288.902 4.557
289.158 4.552
289.413 4.558
289.669 4.561
289.924 4.567
290.179 4.576
290.435 4.577
290.690 4.577
290.946 4.579
291.201 4.586
291.457 4.595
291.712 4.597
291.968 4.596
292.223 4.594
292.479 4.592
292.734 4.590
292.989 4.596
293.245 4.604
293.500 4.616
293.756 4.621
294.011 4.627
294.267 4.629
294.522 4.628
294.778 4.632
295.033 4.637
295.288 4.645
295.544 4.649
295.799 4.655
296.055 4.658
296.310 4.661
296.566 4.668
296.821 4.683
297.077 4.688
297.332 4.686
297.588 4.683
297.843 4.682
298.098 4.687
298.354 4.693
298.609 4.698
298.865 4.698
299.120 4.702
299.376 4.708
299.631 4.709
299.887 4.716
300.142 4.720
300.397 4.720
300.653 4.720
300.908 4.718
301.164 4.723
301.419 4.734
301.675 4.737
301.930 4.733
302.186 4.735
302.441 4.740
302.697 4.743
302.952 4.747
303.207 4.752
303.463 4.758
303.718 4.755
303.974 4.754
304.229 4.761
304.485 4.764
304.740 4.771
304.996 4.781
305.251 4.790
305.506 4.792
305.762 4.792
306.017 4.796
306.273 4.806
306.528 4.814
306.784 4.821
307.039 4.831
307.295 4.837
307.550 4.840
307.806 4.848
308.061 4.858
308.316 4.864
308.572 4.865
308.827 4.869
309.083 4.874
309.338 4.876
309.594 4.876
309.849 4.884
310.105 4.896
310.360 4.901
310.615 4.906
310.871 4.911
311.126 4.914
311.382 4.929
311.637 4.942
311.893 4.944
312.148 4.948
312.404 4.946
312.659 4.950
312.915 4.959
313.170 4.970
313.429 4.980
313.688 4.996
313.947 5.008
314.206 5.016
314.465 5.023
314.724 5.032
314.983 5.042
315.242 5.053
315.501 5.060
315.760 5.074
316.019 5.091
316.278 5.107
316.536 5.123
316.795 5.135
317.054 5.153
317.313 5.172
317.572 5.195
317.831 5.221
318.090 5.242
318.349 5.255
318.608 5.268
318.867 5.277
319.126 5.288
319.385 5.307
319.644 5.328
319.903 5.345
320.162 5.364
320.421 5.377
320.680 5.387
320.939 5.402
321.198 5.415
321.457 5.428
321.716 5.442
321.975 5.450
322.234 5.461
322.493 5.475
322.752 5.486
323.010 5.500
323.269 5.511
323.528 5.517
323.787 5.527
324.046 5.545
324.305 5.566
324.564 5.590
324.823 5.609
325.082 5.627
325.341 5.651
325.600 5.673
325.859 5.692
326.118 5.720
326.377 5.749
326.636 5.766
326.895 5.782
327.154 5.795
327.413 5.810
327.672 5.824
327.931 5.840
328.190 5.861
328.449 5.888
328.708 5.912
328.967 5.935
329.226 5.963
329.485 5.981
329.743 6.001
330.002 6.020
330.261 6.043
330.520 6.072
330.779 6.092
331.038 6.115
331.297 6.141
331.556 6.161
331.815 6.179
332.074 6.187
332.333 6.207
332.592 6.236
332.851 6.254
333.110 6.276
333.369 6.290
333.628 6.297
333.887 6.307
334.146 6.325
334.405 6.348
334.664 6.371
334.923 6.405
335.182 6.434
335.441 6.450
335.700 6.467
335.959 6.493
336.217 6.525
336.476 6.559
336.735 6.587
336.994 6.616
337.253 6.661
337.512 6.703
337.771 6.735
338.030 6.762
338.289 6.791
338.548 6.825
338.807 6.863
339.066 6.910
339.325 6.940
339.584 6.967
339.843 6.998
340.102 7.027
340.361 7.052
340.620 7.086
340.879 7.124
341.138 7.149
341.397 7.166
341.656 7.187
341.915 7.220
342.174 7.243
342.433 7.278
342.691 7.318
342.950 7.351
343.209 7.382
343.468 7.419
343.727 7.458
343.986 7.500
344.245 7.534
344.504 7.571
344.763 7.609
345.022 7.637
345.281 7.669
345.540 7.699
345.799 7.735
346.058 7.770
346.317 7.802
346.576 7.837
346.835 7.875
347.094 7.914
347.353 7.960
347.612 8.000
347.871 8.047
348.130 8.083
348.389 8.111
348.648 8.142
348.907 8.174
349.166 8.221
349.424 8.263
349.683 8.306
349.942 8.359
350.201 8.406
350.460 8.443
350.719 8.472
350.978 8.498
351.237 8.543
351.496 8.588
351.755 8.619
352.014 8.654
352.273 8.691
352.532 8.723
352.791 8.759
353.050 8.805
353.309 8.853
353.568 8.888
353.827 8.925
354.086 8.965
354.345 8.997
354.604 9.028
354.863 9.049
355.122 9.098
355.381 9.150
355.640 9.197
355.898 9.241
356.157 9.283
356.416 9.326
356.675 9.374
356.934 9.422
357.193 9.481
357.452 9.540
357.711 9.575
357.970 9.627
358.229 9.680
358.488 9.724
358.747 9.768
359.006 9.818
359.265 9.884
359.524 9.945
359.783 10.001
360.042 10.052
360.301 10.101
360.560 10.154
360.819 10.207
361.078 10.249
361.337 10.301
361.596 10.359
361.855 10.422
362.114 10.476
362.372 10.540
362.631 10.600
362.890 10.654
363.149 10.697
363.408 10.750
363.667 10.803
363.926 10.866
364.185 10.930
364.444 10.979
364.703 11.034
364.962 11.083
365.221 11.140
365.480 11.203
365.745 11.245
366.009 11.300
366.274 11.375
366.539 11.437
366.804 11.494
367.068 11.555
367.333 11.617
367.598 11.677
367.863 11.729
368.127 11.776
368.392 11.840
368.657 11.907
368.921 11.944
369.186 11.981
369.451 12.045
369.716 12.108
369.980 12.168
370.245 12.233
370.510 12.297
370.775 12.366
371.039 12.429
371.304 12.482
371.569 12.526
371.834 12.575
372.098 12.634
372.363 12.701
372.628 12.762
372.892 12.825
373.157 12.875
373.422 12.929
373.687 12.988
373.951 13.048
374.216 13.101
374.481 13.163
374.746 13.228
375.010 13.289
375.275 13.334
375.540 13.375
375.804 13.419
376.069 13.469
376.334 13.529
376.599 13.585
376.863 13.647
377.128 13.716
377.393 13.783
377.658 13.846
377.922 13.900
378.187 13.960
378.452 14.012
378.716 14.065
378.981 14.122
379.246 14.176
379.511 14.236
379.775 14.307
380.040 14.372
380.305 14.423
380.570 14.492
380.834 14.569
381.099 14.641
381.364 14.710
381.629 14.776
381.893 14.847
382.158 14.909
382.423 14.958
382.687 15.015
382.952 15.081
383.217 15.144
383.482 15.202
383.746 15.258
384.011 15.327
384.276 15.408
384.541 15.474
384.805 15.531
385.070 15.601
385.335 15.676
385.599 15.750
385.864 15.823
386.129 15.898
386.394 15.971
386.658 16.038
386.923 16.104
387.188 16.159
387.453 16.219
387.717 16.291
387.982 16.364
388.247 16.432
388.511 16.487
388.776 16.542
389.041 16.611
389.306 16.684
389.570 16.742
389.835 16.802
390.100 16.869
390.365 16.948
390.629 17.021
390.894 17.089
391.159 17.155
391.424 17.227
391.688 17.293
391.953 17.360
392.218 17.442
392.482 17.516
392.747 17.587
393.012 17.659
393.277 17.738
393.541 17.813
393.806 17.876
394.071 17.946
394.336 18.018
394.600 18.093
394.865 18.159
395.130 18.224
395.394 18.308
395.659 18.388
395.924 18.456
396.189 18.528
396.453 18.598
396.718 18.675
396.983 18.735
397.248 18.801
397.512 18.870
397.777 18.937
398.042 19.002
398.306 19.069
398.571 19.145
398.836 19.224
399.101 19.296
399.365 19.371
399.630 19.455
399.895 19.543
400.160 19.614
400.424 19.676
400.689 19.754
400.954 19.842
401.219 19.925
401.483 19.996
401.748 20.058
402.013 20.127
402.277 20.191
402.542 20.257
402.807 20.335
403.072 20.424
403.336 20.511
403.601 20.597
403.866 20.682
404.131 20.767
404.395 20.855
404.660 20.946
404.929 21.024
405.198 21.095
405.466 21.173
405.735 21.260
406.004 21.359
406.273 21.442
406.542 21.508
406.810 21.580
407.079 21.653
407.348 21.736
407.617 21.814
407.886 21.898
408.154 21.984
408.423 22.058
408.692 22.132
408.961 22.212
409.229 22.290
409.498 22.374
409.767 22.450
410.036 22.527
410.305 22.603
410.573 22.692
410.842 22.775
411.111 22.863
411.380 22.950
411.649 23.022
411.917 23.092
412.186 23.169
412.455 23.242
412.724 23.323
412.993 23.388
413.261 23.456
413.530 23.528
413.799 23.607
414.068 23.685
414.337 23.763
414.605 23.848
414.874 23.927
415.143 23.999
415.412 24.082
415.681 24.161
415.949 24.235
416.218 24.323
416.487 24.407
416.756 24.492
417.024 24.574
417.293 24.637
417.562 24.705
417.831 24.791
418.100 24.878
418.368 24.959
418.637 25.039
418.906 25.127
419.175 25.214
419.444 25.286
419.712 25.364
419.981 25.443
420.250 25.525
420.519 25.601
420.788 25.661
421.056 25.720
421.325 25.802
421.594 25.883
421.863 25.955
422.132 26.027
422.400 26.091
422.669 26.169
422.938 26.253
423.207 26.333
423.476 26.417
423.744 26.501
424.013 26.584
424.282 26.671
424.551 26.752
424.819 26.831
425.088 26.907
425.357 26.981
425.626 27.056
425.895 27.131
426.163 27.216
426.432 27.309
426.701 27.402
426.970 27.474
427.239 27.548
427.507 27.618
427.776 27.700
428.045 27.794
428.314 27.886
428.583 27.977
428.851 28.070
429.120 28.162
429.389 28.261
429.658 28.362
429.927 28.456
430.195 28.545
430.464 28.640
430.733 28.745
431.002 28.842
431.271 28.938
431.539 29.034
431.808 29.130
432.077 29.230
432.346 29.329
432.614 29.420
432.883 29.520
433.152 29.627
433.421 29.726
433.690 29.823
433.958 29.922
434.227 30.010
434.496 30.107
434.765 30.209
435.034 30.312
435.302 30.409
435.571 30.499
435.840 30.590
436.116 30.690
436.393 30.798
436.669 30.902
436.945 31.010
437.221 31.130
437.498 31.247
437.774 31.361
438.050 31.476
438.326 31.586
438.603 31.708
438.879 31.821
439.155 31.924
439.431 32.028
439.708 32.136
439.984 32.239
440.260 32.345
440.537 32.457
440.813 32.558
441.089 32.671
441.365 32.788
441.642 32.894
441.918 33.009
442.194 33.129
442.470 33.238
442.747 33.341
443.023 33.448
443.299 33.552
443.575 33.667
443.852 33.789
444.128 33.917
444.404 34.048
444.680 34.163
444.957 34.277
445.233 34.397
445.509 34.514
445.786 34.628
446.062 34.742
446.338 34.868
446.614 34.994
446.891 35.116
447.167 35.231
447.443 35.346
447.719 35.462
447.996 35.584
448.272 35.709
448.548 35.829
448.824 35.942
449.101 36.058
449.377 36.187
449.653 36.315
449.930 36.435
450.206 36.562
450.482 36.706
450.758 36.845
451.035 36.983
451.311 37.108
451.587 37.223
451.863 37.354
452.140 37.492
452.416 37.629
452.692 37.762
452.968 37.897
453.245 38.027
453.521 38.170
453.797 38.316
454.074 38.449
454.350 38.586
454.626 38.710
454.902 38.845
455.179 38.986
455.455 39.114
455.731 38.735
456.007 38.867
456.284 38.997
456.560 39.137
456.836 39.282
457.112 39.422
457.389 39.558
457.665 39.697
457.941 39.823
458.218 39.950
458.494 40.087
458.770 40.219
459.046 40.350
459.323 40.497
459.599 40.635
459.875 40.772
460.151 40.913
460.428 41.058
460.704 41.198
460.980 41.332
461.256 41.472
461.533 41.633
461.809 41.792
462.085 41.928
462.361 42.075
462.638 42.226
462.914 42.373
463.190 42.522
463.467 42.675
463.743 42.819
464.019 42.954
464.295 43.085
464.572 43.239
464.848 43.392
465.124 43.541
465.400 43.693
465.677 43.846
465.953 44.004
466.229 44.149
466.505 44.298
466.782 44.448
467.058 44.595
467.334 44.753
467.611 44.914
467.887 45.070
468.163 45.215
468.439 45.370
468.716 45.511
468.992 45.648
469.268 45.792
469.544 45.942
469.821 46.085
470.097 46.209
470.373 46.342
470.649 46.481
470.926 46.627
471.202 46.766
471.478 46.905
471.755 47.041
472.031 47.189
472.307 47.339
472.583 47.476
472.860 47.627
473.136 47.776
473.412 47.903
473.688 48.038
473.965 48.169
474.241 48.299
474.517 48.434
474.793 48.573
475.070 48.717
475.346 48.860
475.622 48.999
475.899 49.125
476.175 49.259
476.451 49.385
476.727 49.504
477.004 49.626
477.280 49.744
477.556 49.863
477.832 49.989
478.109 50.111
478.385 50.217
478.661 50.318
478.937 50.428
479.214 50.537
479.490 50.652
479.766 50.768
480.043 50.875
480.319 50.980
480.595 51.093
480.871 51.216
481.148 51.329
481.424 51.416
481.700 51.498
481.976 51.595
482.253 51.688
482.529 51.772
482.805 51.850
483.081 51.943
483.358 52.025
483.634 52.104
483.910 52.183
484.186 52.260
484.463 52.319
484.739 52.381
485.015 52.461
485.292 52.537
485.568 52.610
485.844 52.680
486.120 52.755
486.397 52.809
486.673 52.859
486.949 52.923
487.225 52.970
487.502 53.012
487.778 53.055
488.054 53.100
488.330 53.148
488.607 53.196
488.883 53.236
489.159 53.258
489.436 53.283
489.712 53.305
489.988 53.325
490.264 53.357
490.541 53.381
490.817 53.402
491.093 53.421
491.369 53.440
491.646 53.455
491.922 53.461
492.198 53.458
492.474 53.449
492.751 53.460
493.027 53.460
493.303 53.458
493.580 53.450
493.856 53.449
494.132 53.442
494.408 53.432
494.685 53.412
494.961 53.386
495.237 53.363
495.513 53.340
495.790 53.315
496.066 53.295
496.342 53.277
496.618 53.237
496.895 53.199
497.171 53.155
497.447 53.102
497.724 53.036
498.000 52.971
498.276 52.924
498.552 52.888
498.829 52.832
499.105 52.767
499.381 52.707
499.657 52.646
499.934 52.571
500.210 52.495
500.486 52.430
500.762 52.361
501.039 52.276
501.315 52.205
501.591 52.132
501.867 52.045
502.144 51.958
502.420 51.866
502.696 51.763
502.973 51.659
503.249 51.572
503.525 51.486
503.801 51.382
504.078 51.289
504.354 51.180
504.630 51.075
504.906 50.969
505.183 50.864
505.459 50.748
505.735 50.620
506.011 50.505
506.288 50.388
506.564 50.263
506.840 50.148
507.117 50.034
507.393 49.923
507.669 49.802
507.945 49.673
508.222 49.537
508.498 49.406
508.774 49.269
509.050 49.129
509.327 49.006
509.603 48.866
509.879 48.725
510.155 48.587
510.432 48.456
510.708 48.308
510.984 48.162
511.261 48.019
511.537 47.876
511.813 47.731
512.089 47.579
512.366 47.436
512.642 47.287
512.918 47.130
513.194 46.966
513.471 46.805
513.747 46.636
514.023 46.470
514.299 46.311
514.576 46.166
514.852 46.025
515.128 45.878
515.405 45.715
515.681 45.551
515.957 45.399
516.233 45.239
516.510 45.073
516.786 44.912
517.062 44.759
517.338 44.593
517.615 44.429
517.891 44.269
518.167 44.100
518.443 43.931
518.720 43.762
518.996 43.588
519.272 43.423
519.548 43.263
519.825 43.094
520.101 42.927
520.377 42.765
520.654 42.607
520.930 42.441
521.206 42.279
521.482 42.105
521.759 41.937
522.035 41.763
522.311 41.592
522.587 41.424
522.864 41.268
523.140 41.107
523.416 40.939
523.692 40.762
523.969 40.590
524.245 40.407
524.521 40.228
524.798 40.065
525.074 39.896
525.350 39.720
525.626 39.554
525.903 39.388
526.179 39.212
526.455 39.040
526.731 38.873
527.008 38.712
527.284 38.545
527.560 38.375
527.836 38.200
528.113 38.027
528.389 37.858
528.665 37.686
528.942 37.521
529.218 37.357
529.494 37.203
529.770 37.033
530.047 36.860
530.323 36.696
530.599 36.543
530.875 36.387
531.152 36.222
531.428 36.061
531.704 35.899
531.980 35.729
532.257 35.556
532.533 35.390
532.809 35.225
533.086 35.066
533.362 34.901
533.638 34.738
533.914 34.578
534.191 34.414
534.467 34.245
534.743 34.081
535.019 33.925
535.296 33.772
535.572 33.619
535.848 33.464
536.124 33.306
536.401 33.154
536.677 33.008
536.953 32.851
537.230 32.692
537.506 32.538
537.782 32.387
538.058 32.242
538.335 32.101
538.611 31.955
538.887 31.806
539.163 31.666
539.440 31.522
539.716 31.363
539.992 31.218
540.268 31.088
540.545 30.953
540.821 30.805
541.097 30.657
541.373 30.519
541.650 30.375
541.926 30.233
542.202 30.093
542.479 29.954
542.755 29.818
543.031 29.684
543.307 29.551
543.584 29.415
543.860 29.279
544.136 29.144
544.412 29.010
544.689 28.883
544.965 28.747
545.241 28.612
545.517 28.476
545.794 28.337
546.070 28.200
546.356 28.060
546.642 27.930
546.928 27.810
547.214 27.688
547.500 27.560
547.786 27.439
548.072 27.314
548.358 27.185
548.644 27.058
548.930 26.943
549.216 26.833
549.502 26.714
549.788 26.594
550.074 26.484
550.360 26.376
550.646 26.258
550.932 26.133
551.218 26.018
551.504 25.908
551.790 25.799
552.076 25.681
552.362 25.568
552.648 25.448
552.934 25.337
553.220 25.229
553.506 25.118
553.793 25.010
554.079 24.899
554.365 24.789
554.651 24.681
554.937 24.571
555.223 24.459
555.509 24.358
555.795 24.254
556.081 24.152
556.367 24.045
556.653 23.944
556.939 23.841
557.225 23.735
557.511 23.625
557.797 23.516
558.083 23.412
558.369 23.318
558.655 23.221
558.941 23.128
559.227 23.036
559.513 22.941
559.799 22.848
560.085 22.753
560.371 22.658
560.657 22.565
560.943 22.464
561.229 22.365
561.515 22.269
561.801 22.173
562.087 22.077
562.373 21.986
562.659 21.896
562.945 21.814
563.231 21.738
563.517 21.649
563.803 21.553
564.089 21.468
564.375 21.381
564.661 21.304
564.947 21.223
565.233 21.133
565.519 21.051
565.805 20.969
566.091 20.882
566.377 20.795
566.663 20.712
566.949 20.633
567.235 20.549
567.521 20.459
567.807 20.374
568.093 20.291
568.379 20.212
568.665 20.135
568.951 20.060
569.237 19.979
569.524 19.896
569.810 19.814
570.096 19.743
570.382 19.670
570.668 19.598
570.954 19.524
571.240 19.449
571.526 19.374
571.812 19.302
572.098 19.229
572.384 19.159
572.670 19.087
572.956 19.010
573.242 18.935
573.528 18.864
573.814 18.795
574.100 18.725
574.386 18.662
574.672 18.600
574.958 18.531
575.244 18.465
575.530 18.402
575.816 18.341
576.102 18.280
576.388 18.207
576.674 18.141
576.960 18.079
577.248 18.017
577.536 17.958
577.824 17.895
578.113 17.830
578.401 17.773
578.689 17.714
578.977 17.655
579.265 17.593
579.553 17.533
579.841 17.478
580.130 17.421
580.418 17.362
580.706 17.299
580.994 17.245
581.282 17.197
581.570 17.143
581.858 17.082
582.147 17.011
582.435 16.955
582.723 16.903
583.011 16.852
583.299 16.799
583.587 16.744
583.875 16.689
584.164 16.633
584.452 16.588
584.740 16.541
585.028 16.494
585.316 16.438
585.604 16.388
585.892 16.341
586.181 16.287
586.469 16.232
586.757 16.184
587.045 16.142
587.333 16.096
587.621 16.047
587.909 15.995
588.198 15.943
588.486 15.894
588.774 15.846
589.062 15.805
589.350 15.756
589.638 15.702
589.927 15.649
590.215 15.599
590.503 15.557
590.791 15.510
591.079 15.465
591.367 15.423
591.655 15.378
591.944 15.335
592.232 15.286
592.520 15.241
592.808 15.196
593.096 15.151
593.384 15.104
593.672 15.053
593.961 15.011
594.249 14.965
594.537 14.919
594.825 14.873
595.113 14.823
595.401 14.780
595.689 14.740
595.978 14.699
596.266 14.663
596.554 14.626
596.842 14.589
597.130 14.553
597.418 14.519
597.706 14.484
597.995 14.446
598.283 14.404
598.571 14.359
598.859 14.314
599.147 14.272
599.435 14.239
599.723 14.207
600.012 14.165
600.300 14.122
600.588 14.084
600.876 14.051
601.164 14.023
601.452 13.992
601.740 13.954
602.029 13.909
602.317 13.867
602.605 13.824
602.893 13.791
603.181 13.758
603.469 13.723
603.757 13.687
604.046 13.644
604.334 13.602
604.622 13.569
604.910 13.541
605.198 13.511
605.486 13.484
605.774 13.450
606.063 13.416
606.351 13.381
606.639 13.349
606.927 13.320
607.215 13.293
607.503 13.263
607.791 13.240
608.080 13.212
608.368 13.189
608.656 13.161
608.944 13.129
609.232 13.100
609.520 13.069
609.808 13.046
610.097 13.026
610.385 13.001
610.673 12.979
610.961 12.953
611.249 12.929
611.537 12.909
611.825 12.883
612.114 12.851
612.402 12.819
612.690 12.792
612.978 12.765
613.266 12.737
613.554 12.712
613.843 12.684
614.131 12.654
614.419 12.622
614.707 12.594
614.995 12.562
615.283 12.530
615.571 12.511
615.860 12.497
616.148 12.476
616.436 12.457
616.724 12.436
617.012 12.407
617.300 12.386
617.588 12.362
617.877 12.344
618.165 12.319
618.453 12.294
618.741 12.269
619.029 12.245
619.317 12.224
619.605 12.200
619.894 12.180
620.182 12.161
620.470 12.136
620.758 12.117
621.046 12.101
621.334 12.086
621.622 12.076
621.911 12.064
622.199 12.044
622.487 12.017
622.775 11.988
623.063 11.962
623.351 11.940
623.639 11.922
623.928 11.902
624.216 11.877
624.504 11.851
624.792 11.824
625.080 11.801
625.368 11.773
625.656 11.750
625.945 11.729
626.233 11.705
626.521 11.681
626.809 11.655
627.097 11.634
627.385 11.614
627.673 11.588
627.962 11.570
628.250 11.550
628.538 11.526
628.826 11.505
629.114 11.481
629.402 11.463
629.690 11.457
629.979 11.450
630.267 11.434
630.555 11.414
630.843 11.390
631.131 11.367
631.419 11.343
631.707 11.326
631.996 11.317
632.284 11.308
632.572 11.292
632.860 11.276
633.148 11.250
633.436 11.225
633.724 11.212
634.013 11.198
634.301 11.185
634.589 11.166
634.877 11.145
635.165 11.136
635.453 11.116
635.741 11.098
636.030 11.076
636.318 11.052
636.606 11.028
636.894 11.001
637.182 10.988
637.470 10.971
637.759 10.957
638.047 10.948
638.335 10.932
638.623 10.909
638.911 10.886
639.199 10.872
639.487 10.856
639.776 10.836
640.064 10.826
640.352 10.819
640.640 10.809
640.928 10.800
641.216 10.784
641.504 10.772
641.793 10.760
642.081 10.746
642.369 10.735
642.657 10.727
642.945 10.721
643.233 10.703
643.521 10.683
643.810 10.671
644.098 10.659
644.386 10.646
644.674 10.632
644.962 10.611
645.250 10.594
645.538 10.572
645.827 10.544
646.115 10.526
646.403 10.505
646.691 10.483
646.979 10.465
647.267 10.439
647.555 10.410
647.844 10.388
648.132 10.368
648.420 10.349
648.708 10.329
648.996 10.316
649.284 10.301
649.572 10.274
649.861 10.245
650.149 10.226
650.437 10.214
650.725 10.201
651.013 10.180
651.301 10.161
651.589 10.140
651.878 10.116
652.166 10.103
652.454 10.095
652.742 10.080
653.030 10.068
653.318 10.060
653.606 10.055
653.895 10.048
654.183 10.044
654.471 10.049
654.759 10.037
655.047 10.019
655.335 10.006
655.623 9.994
655.912 9.978
656.200 9.964
656.488 9.959
656.776 9.941
657.064 9.924
657.352 9.920
657.640 9.914
657.929 9.897
658.217 9.880
658.505 9.869
658.793 9.865
659.081 9.854
659.369 9.845
659.657 9.835
659.946 9.822
660.234 9.815
660.522 9.805
660.810 9.796
661.098 9.786
661.386 9.773
661.675 9.763
661.963 9.755
662.251 9.743
662.539 9.738
662.827 9.727
663.115 9.723
663.403 9.723
663.692 9.722
663.980 9.722
664.268 9.726
664.556 9.724
664.844 9.719
665.132 9.721
665.420 9.722
665.709 9.722
665.997 9.719
666.285 9.717
666.573 9.714
666.861 9.710
667.149 9.712
667.437 9.707
667.726 9.710
668.014 9.705
668.302 9.701
668.590 9.710
668.878 9.711
669.166 9.704
669.454 9.699
669.743 9.697
670.031 9.692
670.319 9.687
670.607 9.683
670.895 9.681
671.183 9.674
671.471 9.669
671.760 9.662
672.048 9.649
672.336 9.647
672.624 9.653
672.912 9.649
673.200 9.638
673.488 9.636
673.777 9.638
674.065 9.634
674.353 9.627
674.641 9.620
674.929 9.608
675.217 9.598
675.505 9.600
675.794 9.600
676.082 9.595
676.370 9.592
676.658 9.597
676.946 9.600
677.234 9.598
677.522 9.593
677.811 9.585
678.099 9.578
678.387 9.573
678.675 9.566
678.963 9.560
679.251 9.559
679.539 9.556
679.828 9.556
680.116 9.554
680.404 9.559
680.692 9.559
680.980 9.554
681.268 9.548
681.556 9.537
681.845 9.526
682.133 9.514
682.421 9.512
682.709 9.511
682.997 9.510
683.285 9.507
683.573 9.505
683.862 9.496
684.150 9.493
684.438 9.491
684.726 9.492
685.014 9.511
685.302 9.512
685.591 9.514
685.879 9.515
686.167 9.507
686.455 9.500
686.743 9.499
687.031 9.499
687.319 9.503
687.608 9.498
687.896 9.489
688.184 9.485
688.472 9.479
688.760 9.479
689.048 9.472
689.336 9.463
689.625 9.459
689.913 9.447
690.201 9.435
690.489 9.424
690.777 9.420
691.065 9.417
691.353 9.418
691.642 9.422
691.930 9.416
692.218 9.407
692.506 9.404
692.794 9.402
693.082 9.400
693.370 9.398
693.659 9.394
693.947 9.384
694.235 9.370
694.523 9.360
694.811 9.364
695.099 9.376
695.387 9.382
695.676 9.387
695.964 9.401
696.252 9.417
696.540 9.432
696.836 9.437
697.133 9.437
697.429 9.439
697.725 9.440
698.021 9.444
698.318 9.442
698.614 9.434
698.910 9.435
699.207 9.445
699.503 9.454
699.799 9.461
700.095 9.464
700.392 9.457
700.688 9.444
700.984 9.450
701.281 9.464
701.577 9.478
701.873 9.481
702.169 9.488
702.466 9.487
702.762 9.477
703.058 9.475
703.355 9.476
703.651 9.476
703.947 9.474
704.243 9.478
704.540 9.479
704.836 9.485
705.132 9.479
705.428 9.474
705.725 9.470
706.021 9.461
706.317 9.458
706.614 9.451
706.910 9.448
707.206 9.454
707.502 9.472
707.799 9.484
708.095 9.490
708.391 9.496
708.688 9.504
708.984 9.504
709.280 9.492
709.576 9.478
709.873 9.485
710.169 9.492
710.465 9.503
710.762 9.505
711.058 9.502
711.354 9.496
711.650 9.500
711.947 9.519
712.243 9.533
712.539 9.548
712.836 9.549
713.132 9.541
713.428 9.535
713.724 9.522
714.021 9.505
714.317 9.501
714.613 9.488
714.910 9.481
715.206 9.488
715.502 9.496
715.798 9.498
716.095 9.493
716.391 9.501
716.687 9.518
716.984 9.527
717.280 9.532
717.576 9.528
717.872 9.530
718.169 9.523
718.465 9.519
718.761 9.535
719.058 9.541
719.354 9.530
719.650 9.529
719.946 9.534
720.243 9.531
720.539 9.530
720.835 9.530
721.131 9.529
721.428 9.526
721.724 9.526
722.020 9.525
722.317 9.526
722.613 9.534
722.909 9.533
723.205 9.536
723.502 9.544
723.798 9.560
724.094 9.584
724.391 9.591
724.687 9.599
724.983 9.617
725.279 9.624
725.576 9.619
725.872 9.628
726.168 9.623
726.465 9.617
726.761 9.611
727.057 9.611
727.353 9.626
727.650 9.637
727.946 9.636
728.242 9.634
728.539 9.638
728.835 9.640
729.131 9.645
729.427 9.655
729.724 9.656
730.020 9.654
730.316 9.656
730.613 9.646
730.909 9.647
731.205 9.652
731.501 9.656
731.798 9.683
732.094 9.707
732.390 9.704
732.687 9.704
732.983 9.698
733.279 9.702
733.575 9.700
733.872 9.689
734.168 9.687
734.464 9.691
734.761 9.691
735.057 9.689
735.353 9.698
735.649 9.708
735.946 9.711
736.242 9.732
736.538 9.754
736.835 9.751
737.131 9.740
737.427 9.756
737.723 9.759
738.020 9.765
738.316 9.778
738.612 9.794
738.909 9.801
739.205 9.805
739.501 9.808
739.797 9.814
740.094 9.833
740.390 9.847
740.686 9.858
740.982 9.862
741.279 9.870
741.575 9.881
741.871 9.877
742.168 9.870
742.464 9.862
742.760 9.868
743.056 9.860
743.353 9.863
743.649 9.871
743.945 9.874
744.242 9.885
744.538 9.901
744.834 9.916
745.130 9.927
745.427 9.929
745.723 9.929
746.019 9.939
746.316 9.945
746.612 9.940
746.908 9.947
747.204 9.944
747.501 9.945
747.797 9.945
748.093 9.930
748.390 9.924
748.686 9.938
748.982 9.947
749.278 9.949
749.575 9.945
749.871 9.931
750.167 9.920
750.464 9.934
750.760 9.952
751.056 9.968
751.352 9.967
751.649 9.962
751.945 9.978
752.241 9.991
752.538 9.996
752.834 9.997
753.130 9.995
753.426 9.992
753.723 10.008
754.019 10.019
754.315 10.013
754.611 10.014
754.908 10.040
755.204 10.075
755.500 10.079
755.797 10.088
756.093 10.080
756.389 10.081
756.685 10.083
756.982 10.098
757.278 10.111
757.574 10.110
757.871 10.101
758.167 10.095
758.463 10.100
758.759 10.103
759.056 10.109
759.352 10.119
759.648 10.127
759.945 10.136
760.241 10.142
760.537 10.162
760.833 10.172
761.130 10.186
761.426 10.187
761.722 10.192
762.019 10.204
762.315 10.216
762.611 10.227
762.907 10.239
763.204 10.254
763.500 10.263
763.804 10.273
764.108 10.292
764.412 10.321
764.716 10.341
765.020 10.351
765.324 10.387
765.628 10.401
765.932 10.419
766.236 10.442
766.540 10.452
766.844 10.456
767.148 10.467
767.452 10.482
767.756 10.508
768.060 10.521
768.364 10.531
768.668 10.543
768.972 10.555
769.276 10.564
769.580 10.574
769.884 10.604
770.188 10.617
770.492 10.618
770.796 10.621
771.100 10.647
771.404 10.686
771.708 10.707
772.012 10.709
772.316 10.720
772.620 10.733
772.924 10.733
773.228 10.732
773.532 10.732
773.836 10.748
774.140 10.760
774.444 10.791
774.748 10.808
775.052 10.805
775.356 10.809
775.659 10.838
775.963 10.875
776.267 10.897
776.571 10.907
776.875 10.916
777.179 10.947
777.483 10.981
777.787 10.991
778.091 11.000
778.395 11.028
778.699 11.059
779.003 11.083
779.307 11.094
779.611 11.108
779.915 11.128
780.219 11.140
780.523 11.163
780.827 11.199
781.131 11.211
781.435 11.234
781.739 11.251
782.043 11.280
782.347 11.313
782.651 11.327
782.955 11.337
783.259 11.339
783.563 11.352
783.867 11.356
784.171 11.386
784.475 11.409
784.779 11.419
785.083 11.420
785.387 11.427
785.691 11.435
785.995 11.454
786.299 11.472
786.603 11.493
786.907 11.519
787.211 11.548
787.515 11.580
787.819 11.617
788.123 11.632
788.427 11.628
788.731 11.635
789.035 11.645
789.339 11.675
789.643 11.686
789.947 11.679
790.251 11.692
790.555 11.719
790.859 11.752
791.163 11.792
791.467 11.831
791.771 11.832
792.075 11.837
792.379 11.859
792.683 11.894
792.987 11.924
793.291 11.935
793.595 11.967
793.899 11.999
794.203 11.998
794.507 12.001
794.811 12.017
795.115 12.036
795.419 12.047
795.723 12.029
796.027 12.010
796.331 12.038
796.635 12.083
796.939 12.085
797.243 12.090
797.547 12.096
797.851 12.118
798.155 12.146
798.459 12.157
798.763 12.169
799.067 12.165
799.371 12.143
799.674 12.157
799.978 12.168
800.282 12.194
800.586 12.189
800.890 12.180
801.194 12.188
801.498 12.199
801.802 12.234
802.106 12.251
802.410 12.266
802.714 12.287
803.018 12.312
803.322 12.318
803.626 12.331
803.930 12.361
804.234 12.388
804.538 12.406
804.842 12.435
805.146 12.446
805.450 12.456
805.754 12.448
806.058 12.448
806.362 12.457
806.666 12.462
806.970 12.481
807.274 12.510
807.578 12.551
807.882 12.546
808.186 12.542
808.490 12.555
808.794 12.560
809.098 12.556
809.402 12.559
809.706 12.564
810.010 12.570
810.314 12.613
810.618 12.638
810.922 12.629
811.226 12.615
811.530 12.603
811.834 12.604
812.137 12.605
812.441 12.622
812.744 12.656
813.048 12.655
813.351 12.671
813.655 12.681
813.958 12.675
814.262 12.690
814.565 12.709
814.869 12.708
815.172 12.691
815.476 12.694
815.779 12.714
816.083 12.743
816.386 12.746
816.690 12.761
816.993 12.805
817.297 12.844
817.600 12.899
817.904 12.940
818.208 12.958
818.511 12.965
818.815 12.953
819.118 12.977
819.422 12.997
819.725 13.014
820.029 13.030
820.332 13.030
820.636 13.075
820.939 13.132
821.243 13.121
821.546 13.132
821.850 13.182
822.153 13.253
822.457 13.287
822.760 13.304
823.064 13.317
823.367 13.310
823.671 13.318
823.974 13.330
824.278 13.347
824.582 13.369
824.885 13.392
825.189 13.429
825.492 13.463
825.796 13.483
826.099 13.501
826.403 13.537
826.706 13.593
827.010 13.638
827.313 13.670
827.617 13.697
827.920 13.693
828.224 13.694
828.527 13.703
828.831 13.697
829.134 13.703
829.438 13.728
829.741 13.758
830.045 13.787
830.348 13.776
830.652 13.791
830.956 13.792
831.259 13.797
831.563 13.835
831.866 13.866
832.170 13.916
832.473 13.959
832.777 13.970
833.080 13.949
833.384 13.948
833.687 13.965
833.991 13.991
834.294 13.986
834.598 13.975
834.901 13.997
835.205 14.023
835.508 14.017
835.812 14.029
836.115 14.035
836.419 14.059
836.722 14.063
837.026 14.067
837.330 14.091
837.633 14.121
837.937 14.162
838.240 14.192
838.544 14.204
838.847 14.230
839.151 14.242
839.454 14.255
839.758 14.279
840.061 14.318
840.365 14.373
840.668 14.383
840.972 14.414
841.275 14.444
841.579 14.510
841.882 14.571
842.186 14.623
842.489 14.650
842.793 14.707
843.097 14.726
843.400 14.739
843.704 14.754
844.007 14.792
844.311 14.830
844.614 14.850
844.918 14.884
845.221 14.912
845.525 14.911
845.828 14.913
846.132 14.942
846.435 15.029
846.739 15.076
847.042 15.117
847.346 15.182
847.649 15.234
847.953 15.262
848.256 15.306
848.560 15.348
848.863 15.431
849.167 15.487
849.471 15.520
849.774 15.546
850.078 15.595
850.381 15.645
850.685 15.701
850.988 15.790
851.292 15.832
851.595 15.917
851.899 15.974
852.202 16.009
852.506 16.086
852.809 16.147
853.113 16.150
853.416 16.151
853.720 16.140
854.023 16.166
854.327 16.195
854.630 16.218
854.934 16.218
855.237 16.226
855.541 16.255
855.845 16.291
856.148 16.282
856.452 16.264
856.755 16.239
857.059 16.256
857.362 16.304
857.666 16.340
857.969 16.329
858.273 16.335
858.576 16.347
858.880 16.336
859.183 16.305
859.487 16.276
859.790 16.276
860.094 16.238
860.397 16.211
860.701 16.216
861.004 16.239
861.308 16.211
861.611 16.218
861.915 16.221
862.219 16.204
862.522 16.168
862.826 16.146
863.129 16.160
863.433 16.147
863.736 16.102
864.040 16.105
864.343 16.132
864.647 16.106
864.950 16.062
865.254 16.066
865.557 16.047
865.861 16.016
866.164 16.002
866.468 16.004
866.771 15.980
867.075 15.965
867.378 15.934
867.682 15.914
867.985 15.923
868.289 15.935
868.593 15.908
868.896 15.886
869.200 15.856
869.503 15.817
869.807 15.853
870.110 15.847
870.414 15.850
870.717 15.835
871.021 15.777
871.324 15.766
871.628 15.815
871.931 15.859
872.235 15.879
872.538 15.853
872.842 15.829
873.145 15.798
873.449 15.799
873.752 15.849
874.056 15.878
874.359 15.866
874.663 15.905
874.967 15.956
875.270 15.999
875.574 16.025
875.877 16.010
876.181 15.986
876.484 15.978
876.788 16.010
877.091 15.972
877.395 15.932
877.698 15.952
878.002 15.962
878.305 15.963
878.609 15.972
878.912 15.994
879.216 15.980
879.519 15.942
879.823 15.931
880.126 15.930
880.430 15.941
880.733 15.994
881.037 16.040
881.341 16.066
881.644 16.077
881.948 16.127
882.251 16.196
882.555 16.230
882.858 16.236
883.162 16.286
883.465 16.345
883.769 16.384
884.072 16.427
884.376 16.483
884.679 16.549
884.983 16.572
885.286 16.621
885.590 16.673
885.893 16.709
886.197 16.727
886.500 16.733
886.804 16.738
887.107 16.776
887.411 16.840
887.715 16.898
888.018 16.910
888.322 16.906
888.625 16.973
888.929 17.011
889.232 17.029
889.536 17.060
889.839 17.069
890.143 17.081
890.446 17.094
890.750 17.108
891.053 17.153
891.357 17.193
891.660 17.239
891.964 17.270
892.267 17.274
892.571 17.290
892.874 17.328
893.178 17.344
893.482 17.360
893.785 17.403
894.089 17.446
894.392 17.513
894.696 17.586
894.999 17.637
895.303 17.671
895.606 17.709
895.910 17.759
896.213 17.787
896.517 17.833
896.820 17.888
897.124 17.920
897.427 17.972
897.731 18.047
898.034 18.150
898.338 18.237
898.641 18.275
898.945 18.342
899.248 18.397
899.552 18.450
899.856 18.477
900.159 18.502
900.463 18.519
900.766 18.509
901.070 18.537
901.373 18.578
901.677 18.636
901.980 18.661
902.284 18.675
902.587 18.703
902.891 18.690
903.194 18.652
903.498 18.677
903.801 18.693
904.105 18.717
904.408 18.767
904.712 18.792
905.015 18.817
905.319 18.855
905.622 18.902
905.926 18.895
906.230 18.871
906.533 18.887
906.837 18.920
907.140 18.954
907.444 18.986
907.747 19.038
908.051 19.088
908.354 19.142
908.658 19.213
908.961 19.259
909.265 19.266
909.568 19.299
909.872 19.354
910.175 19.404
910.479 19.431
910.782 19.451
911.086 19.475
911.389 19.516
911.693 19.594
911.996 19.636
912.300 19.666
912.613 19.691
912.926 19.690
913.238 19.713
913.551 19.775
913.864 19.831
914.176 19.928
914.489 19.990
914.802 20.064
915.115 20.139
915.427 20.155
915.740 20.224
916.053 20.311
916.366 20.345
916.678 20.381
916.991 20.438
917.304 20.538
917.617 20.590
917.929 20.682
918.242 20.744
918.555 20.818
918.868 20.892
919.180 20.968
919.493 21.047
919.806 21.077
920.119 21.123
920.431 21.134
920.744 21.153
921.057 21.239
921.370 21.357
921.682 21.458
921.995 21.542
922.308 21.606
922.621 21.728
922.933 21.877
923.246 21.968
923.559 22.055
923.872 22.144
924.184 22.233
924.497 22.315
924.810 22.409
925.123 22.546
925.435 22.675
925.748 22.816
926.061 22.939
926.374 23.027
926.686 23.140
926.999 23.307
927.312 23.519
927.625 23.684
927.937 23.772
928.250 23.947
928.563 24.122
928.876 24.262
929.188 24.411
929.501 24.576
929.814 24.759
930.127 24.872
930.439 25.013
930.752 25.088
931.065 25.184
931.378 25.348
931.690 25.540
932.003 25.711
932.316 25.847
932.629 25.944
932.941 26.081
933.254 26.243
933.567 26.347
933.880 26.510
934.192 26.756
934.505 27.011
934.818 27.204
935.131 27.325
935.443 27.543
935.756 27.737
936.069 27.977
936.382 28.184
936.694 28.438
937.007 28.640
937.320 28.797
937.633 28.954
937.945 29.122
938.258 29.231
938.571 29.355
938.884 29.593
939.196 29.817
939.509 30.028
939.822 30.177
940.135 30.290
940.447 30.430
940.760 30.614
941.073 30.762
941.386 30.940
941.698 31.064
942.011 31.165
942.324 31.317
942.637 31.437
942.949 31.577
943.262 31.741
943.575 31.940
943.888 32.105
944.200 32.251
944.513 32.411
944.826 32.578
945.139 32.714
945.451 32.768
945.764 32.829
946.077 32.910
946.390 32.975
946.702 33.031
947.015 33.087
947.328 33.171
947.641 33.264
947.953 33.297
948.266 33.306
948.579 33.390
948.892 33.449
949.204 33.538
949.517 33.604
949.830 33.727
950.143 33.870
950.455 33.976
950.768 34.030
951.081 34.084
951.394 34.131
951.706 34.234
952.019 34.268
952.332 34.269
952.645 34.292
952.957 34.287
953.270 34.322
953.583 34.367
953.896 34.405
954.208 34.435
954.521 34.420
954.834 34.458
955.147 34.429
955.459 34.410
955.772 34.357
956.085 34.335
956.398 34.349
956.710 34.357
957.023 34.387
957.336 34.489
957.649 34.565
957.961 34.629
958.274 34.714
958.587 34.719
958.900 34.794
959.212 34.808
959.525 34.724
959.838 34.759
960.151 34.875
960.463 34.900
960.776 34.920
961.089 34.905
961.402 34.915
961.714 35.016
962.027 35.059
962.340 35.091
962.653 35.128
962.965 35.220
963.278 35.239
963.591 35.235
963.904 35.254
964.216 35.232
964.529 35.301
964.842 35.396
965.154 35.447
965.467 35.447
965.780 35.466
966.094 35.593
966.409 35.714
966.723 35.800
967.037 35.922
967.352 36.052
967.666 36.107
967.980 36.219
968.295 36.319
968.609 36.370
968.923 36.423
969.238 36.458
969.552 36.465
969.866 36.571
970.181 36.656
970.495 36.706
970.809 36.757
971.124 36.841
971.438 36.895
971.752 37.111
972.067 37.254
972.381 37.194
972.695 37.127
973.010 37.149
973.324 37.247
973.638 37.350
973.953 37.431
974.267 37.493
974.581 37.522
974.896 37.554
975.210 37.643
975.524 37.768
975.839 37.888
976.153 38.068
976.467 38.192
976.781 38.283
977.096 38.296
977.410 38.301
977.724 38.454
978.039 38.571
978.353 38.735
978.667 38.988
978.982 39.111
979.296 39.205
979.610 39.396
979.925 39.446
980.239 39.509
980.553 39.542
980.868 39.573
981.182 39.656
981.496 39.728
981.811 39.676
982.125 39.687
982.439 39.776
982.754 39.885
983.068 39.939
983.382 40.054
983.697 40.193
984.011 40.285
984.325 40.339
984.640 40.410
984.954 40.517
985.268 40.612
985.583 40.672
985.897 40.766
986.211 40.900
986.526 40.986
986.840 41.127
987.154 41.264
987.469 41.327
987.783 41.399
988.097 41.495
988.412 41.563
988.726 41.631
989.040 41.638
989.355 41.693
989.669 41.899
989.983 42.045
990.298 42.133
990.612 42.307
990.926 42.329
991.241 42.414
991.555 42.624
991.869 42.734
992.184 42.827
992.498 42.934
992.812 42.988
993.127 43.102
993.441 43.178
993.755 43.323
994.070 43.431
994.384 43.522
994.698 43.587
995.013 43.743
995.327 43.830
995.641 43.891
995.956 44.012
996.270 44.099
996.584 44.217
996.899 44.277
997.213 44.303
997.527 44.314
997.841 44.356
998.156 44.388
998.470 44.334
998.784 44.313
999.099 44.544
999.413 44.621
999.727 44.660
