200.182 83.279
200.437 82.648
200.691 82.037
200.946 81.376
201.201 80.481
201.455 79.833
201.710 79.260
201.964 78.697
202.219 77.952
202.474 77.116
202.728 76.388
202.983 75.712
203.237 74.941
203.492 74.010
203.747 72.911
204.001 72.011
204.256 71.174
204.510 70.199
204.765 69.338
205.020 68.748
205.274 68.037
205.529 67.154
205.783 66.126
206.038 65.095
206.293 63.991
206.547 62.993
206.802 61.996
207.057 61.069
207.311 60.200
207.566 59.393
207.820 58.422
208.075 57.457
208.330 56.516
208.584 55.599
208.839 54.917
209.093 54.217
209.348 53.275
209.603 52.450
209.857 51.602
210.112 50.851
210.366 50.001
210.621 49.070
210.876 48.140
211.130 47.495
211.385 46.928
211.639 46.273
211.894 45.518
212.149 44.752
212.403 44.039
212.658 43.293
212.913 42.546
213.167 41.873
213.422 41.331
213.676 40.659
213.931 40.048
214.186 39.475
214.440 38.952
214.695 38.465
214.949 38.071
215.204 37.691
215.459 37.302
215.713 36.923
215.968 36.395
216.222 35.751
216.477 35.209
216.732 34.906
216.986 34.487
217.241 33.923
217.495 33.451
217.750 33.058
218.005 32.681
218.259 32.316
218.514 31.880
218.769 31.418
219.023 30.989
219.278 30.636
219.532 30.225
219.787 29.821
220.042 29.462
220.296 29.139
220.551 28.765
220.805 28.402
221.060 28.046
221.315 27.735
221.569 27.403
221.824 27.100
222.078 26.856
222.333 26.564
222.588 26.301
222.842 25.974
223.097 25.659
223.351 25.388
223.606 25.042
223.861 24.654
224.115 24.351
224.370 24.027
224.625 23.695
224.879 23.471
225.134 23.185
225.388 22.925
225.643 22.711
225.898 22.511
226.152 22.249
226.407 21.989
226.661 21.681
226.916 21.445
227.171 21.206
227.425 20.978
227.680 20.759
227.934 20.570
228.189 20.367
228.444 20.180
228.698 19.979
228.953 19.750
229.208 19.543
229.462 19.338
229.717 19.173
229.971 18.969
230.226 18.795
230.481 18.603
230.735 18.407
230.990 18.248
231.244 18.098
231.499 17.954
231.754 17.826
232.008 17.710
232.263 17.615
232.517 17.482
232.772 17.369
233.027 17.229
233.281 17.067
233.536 16.940
233.790 16.813
234.045 16.682
234.300 16.558
234.554 16.458
234.809 16.334
235.064 16.219
235.318 16.141
235.573 16.070
235.827 15.993
236.082 15.909
236.337 15.856
236.591 15.809
236.846 15.744
237.100 15.673
237.355 15.624
237.610 15.576
237.864 15.507
238.119 15.457
238.373 15.409
238.628 15.354
238.883 15.314
239.137 15.269
239.392 15.228
239.646 15.191
239.901 15.164
240.156 15.125
240.410 15.097
240.665 15.064
240.920 15.031
241.174 15.004
241.429 14.974
241.683 14.946
241.938 14.921
242.193 14.899
242.447 14.868
242.702 14.844
242.956 14.817
243.211 14.790
243.466 14.758
243.720 14.738
243.975 14.722
244.229 14.699
244.484 14.678
244.739 14.663
244.993 14.652
245.248 14.635
245.503 14.624
245.757 14.608
246.012 14.590
246.266 14.581
246.521 14.571
246.776 14.565
247.030 14.545
247.285 14.525
247.539 14.505
247.794 14.490
248.049 14.474
248.303 14.459
248.558 14.453
248.812 14.433
249.067 14.408
249.322 14.395
249.576 14.388
249.831 14.381
250.085 14.363
250.340 14.352
250.595 14.349
250.849 14.346
251.104 14.334
251.359 14.326
251.613 14.326
251.868 14.322
252.122 14.307
252.377 14.294
252.632 14.291
252.886 14.272
253.141 14.244
253.395 14.229
253.650 14.216
253.905 14.201
254.161 14.190
254.416 14.178
254.672 14.177
254.927 14.177
255.183 14.162
255.438 14.142
255.694 14.138
255.949 14.135
256.205 14.125
256.460 14.113
256.715 14.094
256.971 14.087
257.226 14.089
257.482 14.086
257.737 14.078
257.993 14.063
258.248 14.051
258.504 14.037
258.759 14.020
259.014 14.021
259.270 14.020
259.525 14.006
259.781 14.001
260.036 14.012
260.292 14.013
260.547 14.002
260.803 13.995
261.058 13.991
261.314 13.996
261.569 13.991
261.824 13.983
262.080 13.979
262.335 13.972
262.591 13.976
262.846 13.982
263.102 13.980
263.357 13.967
263.613 13.970
263.868 13.971
264.123 13.965
264.379 13.958
264.634 13.951
264.890 13.941
265.145 13.943
265.401 13.932
265.656 13.923
265.912 13.914
266.167 13.902
266.423 13.887
266.678 13.879
266.933 13.863
267.189 13.840
267.444 13.821
267.700 13.813
267.955 13.805
268.211 13.793
268.466 13.788
268.722 13.786
268.977 13.786
269.232 13.789
269.488 13.779
269.743 13.766
269.999 13.763
270.254 13.758
270.510 13.744
270.765 13.741
271.021 13.742
271.276 13.739
271.532 13.738
271.787 13.731
272.042 13.719
272.298 13.708
272.553 13.691
272.809 13.672
273.064 13.655
273.320 13.651
273.575 13.651
273.831 13.646
274.086 13.645
274.342 13.640
274.597 13.621
274.852 13.608
275.108 13.606
275.363 13.602
275.619 13.578
275.874 13.557
276.130 13.554
276.385 13.556
276.641 13.560
276.896 13.546
277.151 13.540
277.407 13.537
277.662 13.521
277.918 13.502
278.173 13.488
278.429 13.474
278.684 13.469
278.940 13.471
279.195 13.456
279.451 13.450
279.706 13.439
279.961 13.434
280.217 13.430
280.472 13.424
280.728 13.417
280.983 13.417
281.239 13.422
281.494 13.421
281.750 13.419
282.005 13.416
282.260 13.409
282.516 13.394
282.771 13.381
283.027 13.377
283.282 13.376
283.538 13.367
283.793 13.355
284.049 13.343
284.304 13.331
284.560 13.316
284.815 13.300
285.070 13.291
285.326 13.288
285.581 13.283
285.837 13.264
286.092 13.255
286.348 13.244
286.603 13.236
286.859 13.228
287.114 13.218
287.369 13.213
287.625 13.216
287.880 13.214
288.136 13.214
288.391 13.217
288.647 13.222
288.902 13.210
289.158 13.200
289.413 13.195
289.669 13.191
289.924 13.192
290.179 13.196
290.435 13.196
290.690 13.188
290.946 13.176
291.201 13.178
291.457 13.178
291.712 13.165
291.968 13.154
292.223 13.136
292.479 13.128
292.734 13.112
292.989 13.104
293.245 13.102
293.500 13.107
293.756 13.103
294.011 13.098
294.267 13.087
294.522 13.073
294.778 13.065
295.033 13.054
295.288 13.047
295.544 13.039
295.799 13.034
296.055 13.029
296.310 13.023
296.566 13.020
296.821 13.017
297.077 13.014
297.332 13.006
297.588 12.994
297.843 12.983
298.098 12.983
298.354 12.984
298.609 12.977
298.865 12.967
299.120 12.959
299.376 12.952
299.631 12.942
299.887 12.936
300.142 12.938
300.397 12.938
300.653 12.936
300.908 12.927
301.164 12.917
301.419 12.909
301.675 12.904
301.930 12.895
302.186 12.890
302.441 12.886
302.697 12.877
302.952 12.868
303.207 12.858
303.463 12.853
303.718 12.851
303.974 12.843
304.229 12.839
304.485 12.838
304.740 12.831
304.996 12.822
305.251 12.815
305.506 12.803
305.762 12.791
306.017 12.781
306.273 12.773
306.528 12.770
306.784 12.764
307.039 12.758
307.295 12.749
307.550 12.740
307.806 12.739
308.061 12.739
308.316 12.741
308.572 12.736
308.827 12.731
309.083 12.727
309.338 12.718
309.594 12.701
309.849 12.699
310.105 12.696
310.360 12.695
310.615 12.689
310.871 12.680
311.126 12.674
311.382 12.673
311.637 12.664
311.893 12.645
312.148 12.628
312.404 12.612
312.659 12.600
312.915 12.588
313.170 12.579
313.429 12.574
313.688 12.573
313.947 12.571
314.206 12.565
314.465 12.558
314.724 12.551
314.983 12.547
315.242 12.541
315.501 12.526
315.760 12.517
316.019 12.515
316.278 12.509
316.536 12.500
316.795 12.489
317.054 12.491
317.313 12.489
317.572 12.485
317.831 12.486
318.090 12.478
318.349 12.473
318.608 12.464
318.867 12.453
319.126 12.444
319.385 12.441
319.644 12.437
319.903 12.426
320.162 12.418
320.421 12.410
320.680 12.405
320.939 12.395
321.198 12.380
321.457 12.373
321.716 12.362
321.975 12.350
322.234 12.340
322.493 12.334
322.752 12.331
323.010 12.334
323.269 12.328
323.528 12.314
323.787 12.297
324.046 12.281
324.305 12.276
324.564 12.269
324.823 12.255
325.082 12.243
325.341 12.240
325.600 12.239
325.859 12.239
326.118 12.242
326.377 12.247
326.636 12.244
326.895 12.235
327.154 12.219
327.413 12.216
327.672 12.214
327.931 12.205
328.190 12.196
328.449 12.191
328.708 12.189
328.967 12.187
329.226 12.188
329.485 12.182
329.743 12.174
330.002 12.169
330.261 12.165
330.520 12.161
330.779 12.153
331.038 12.152
331.297 12.160
331.556 12.161
331.815 12.154
332.074 12.140
332.333 12.139
332.592 12.144
332.851 12.139
333.110 12.132
333.369 12.127
333.628 12.115
333.887 12.108
334.146 12.098
334.405 12.091
334.664 12.087
334.923 12.094
335.182 12.093
335.441 12.081
335.700 12.073
335.959 12.072
336.217 12.076
336.476 12.078
336.735 12.082
336.994 12.093
337.253 12.111
337.512 12.122
337.771 12.126
338.030 12.133
338.289 12.137
338.548 12.137
338.807 12.135
339.066 12.148
339.325 12.153
339.584 12.157
339.843 12.169
340.102 12.173
340.361 12.176
340.620 12.181
340.879 12.189
341.138 12.189
341.397 12.175
341.656 12.169
341.915 12.165
342.174 12.154
342.433 12.165
342.691 12.187
342.950 12.199
343.209 12.205
343.468 12.214
343.727 12.223
343.986 12.237
344.245 12.245
344.504 12.251
344.763 12.261
345.022 12.266
345.281 12.268
345.540 12.267
345.799 12.260
346.058 12.258
346.317 12.262
346.576 12.267
346.835 12.276
347.094 12.277
347.353 12.283
347.612 12.285
347.871 12.297
348.130 12.301
348.389 12.294
348.648 12.293
348.907 12.298
349.166 12.309
349.424 12.313
349.683 12.318
349.942 12.330
350.201 12.341
350.460 12.348
350.719 12.344
350.978 12.336
351.237 12.353
351.496 12.365
351.755 12.360
352.014 12.356
352.273 12.352
352.532 12.345
352.791 12.339
353.050 12.339
353.309 12.349
353.568 12.341
353.827 12.332
354.086 12.323
354.345 12.304
354.604 12.298
354.863 12.282
355.122 12.280
355.381 12.278
355.640 12.269
355.898 12.263
356.157 12.261
356.416 12.268
356.675 12.273
356.934 12.273
357.193 12.292
357.452 12.306
357.711 12.297
357.970 12.303
358.229 12.300
358.488 12.287
358.747 12.280
359.006 12.270
359.265 12.273
359.524 12.284
359.783 12.285
360.042 12.278
360.301 12.281
360.560 12.285
360.819 12.278
361.078 12.266
361.337 12.263
361.596 12.277
361.855 12.286
362.114 12.284
362.372 12.293
362.631 12.293
362.890 12.289
363.149 12.269
363.408 12.266
363.667 12.263
363.926 12.262
364.185 12.268
364.444 12.267
364.703 12.267
364.962 12.250
365.221 12.251
365.480 12.260
365.745 12.245
366.009 12.246
366.274 12.259
366.539 12.255
366.804 12.254
367.068 12.249
367.333 12.242
367.598 12.240
367.863 12.234
368.127 12.231
368.392 12.237
368.657 12.246
368.921 12.226
369.186 12.202
369.451 12.201
369.716 12.194
369.980 12.187
370.245 12.199
370.510 12.206
370.775 12.208
371.039 12.213
371.304 12.211
371.569 12.205
371.834 12.204
372.098 12.200
372.363 12.188
372.628 12.186
372.892 12.186
373.157 12.165
373.422 12.141
373.687 12.142
373.951 12.145
374.216 12.138
374.481 12.127
374.746 12.127
375.010 12.132
375.275 12.130
375.540 12.118
375.804 12.101
376.069 12.091
376.334 12.078
376.599 12.060
376.863 12.051
377.128 12.049
377.393 12.049
377.658 12.041
377.922 12.032
378.187 12.035
378.452 12.028
378.716 12.023
378.981 12.020
379.246 12.013
379.511 12.004
379.775 11.998
380.040 11.993
380.305 11.983
380.570 11.976
380.834 11.972
381.099 11.974
381.364 11.968
381.629 11.949
381.893 11.948
382.158 11.939
382.423 11.918
382.687 11.908
382.952 11.903
383.217 11.895
383.482 11.884
383.746 11.875
384.011 11.872
384.276 11.872
384.541 11.855
384.805 11.830
385.070 11.823
385.335 11.819
385.599 11.816
385.864 11.814
386.129 11.817
386.394 11.816
386.658 11.802
386.923 11.788
387.188 11.765
387.453 11.753
387.717 11.746
387.982 11.730
388.247 11.719
388.511 11.706
388.776 11.686
389.041 11.679
389.306 11.677
389.570 11.670
389.835 11.645
390.100 11.616
390.365 11.608
390.629 11.607
390.894 11.594
391.159 11.581
391.424 11.564
391.688 11.539
391.953 11.527
392.218 11.525
392.482 11.517
392.747 11.512
393.012 11.505
393.277 11.501
393.541 11.498
393.806 11.485
394.071 11.478
394.336 11.461
394.600 11.443
394.865 11.427
395.130 11.410
395.394 11.410
395.659 11.411
395.924 11.405
396.189 11.397
396.453 11.382
396.718 11.377
396.983 11.363
397.248 11.354
397.512 11.347
397.777 11.338
398.042 11.314
398.306 11.294
398.571 11.280
398.836 11.274
399.101 11.260
399.365 11.248
399.630 11.250
399.895 11.247
400.160 11.232
400.424 11.207
400.689 11.201
400.954 11.202
401.219 11.199
401.483 11.188
401.748 11.178
402.013 11.175
402.277 11.163
402.542 11.147
402.807 11.142
403.072 11.143
403.336 11.140
403.601 11.136
403.866 11.133
404.131 11.131
404.395 11.129
404.660 11.132
404.929 11.124
405.198 11.115
405.466 11.103
405.735 11.096
406.004 11.108
406.273 11.119
406.542 11.107
406.810 11.085
407.079 11.073
407.348 11.063
407.617 11.049
407.886 11.047
408.154 11.039
408.423 11.025
408.692 11.020
408.961 11.011
409.229 11.001
409.498 11.003
409.767 10.995
410.036 10.985
410.305 10.974
410.573 10.971
410.842 10.962
411.111 10.954
411.380 10.950
411.649 10.938
411.917 10.922
412.186 10.911
412.455 10.897
412.724 10.892
412.993 10.876
413.261 10.863
413.530 10.851
413.799 10.844
414.068 10.847
414.337 10.861
414.605 10.872
414.874 10.870
415.143 10.857
415.412 10.855
415.681 10.846
415.949 10.829
416.218 10.821
416.487 10.817
416.756 10.821
417.024 10.819
417.293 10.800
417.562 10.782
417.831 10.781
418.100 10.782
418.368 10.781
418.637 10.773
418.906 10.766
419.175 10.760
419.444 10.751
419.712 10.752
419.981 10.743
420.250 10.735
420.519 10.729
420.788 10.710
421.056 10.684
421.325 10.674
421.594 10.656
421.863 10.639
422.132 10.625
422.400 10.605
422.669 10.586
422.938 10.575
423.207 10.569
423.476 10.552
423.744 10.547
424.013 10.549
424.282 10.541
424.551 10.538
424.819 10.528
425.088 10.510
425.357 10.499
425.626 10.490
425.895 10.478
426.163 10.469
426.432 10.467
426.701 10.460
426.970 10.446
427.239 10.434
427.507 10.420
427.776 10.410
428.045 10.402
428.314 10.390
428.583 10.387
428.851 10.384
429.120 10.371
429.389 10.366
429.658 10.362
429.927 10.356
430.195 10.341
430.464 10.324
430.733 10.310
431.002 10.293
431.271 10.284
431.539 10.276
431.808 10.259
432.077 10.248
432.346 10.244
432.614 10.238
432.883 10.231
433.152 10.233
433.421 10.235
433.690 10.231
433.958 10.231
434.227 10.220
434.496 10.201
434.765 10.181
435.034 10.177
435.302 10.167
435.571 10.152
435.840 10.135
436.116 10.119
436.393 10.113
436.669 10.107
436.945 10.097
437.221 10.096
437.498 10.107
437.774 10.115
438.050 10.127
438.326 10.132
438.603 10.135
438.879 10.136
439.155 10.127
439.431 10.120
439.708 10.119
439.984 10.125
440.260 10.122
440.537 10.116
440.813 10.115
441.089 10.118
441.365 10.120
441.642 10.130
441.918 10.128
442.194 10.127
442.470 10.107
442.747 10.092
443.023 10.084
443.299 10.083
443.575 10.086
443.852 10.083
444.128 10.084
444.404 10.090
444.680 10.086
444.957 10.082
445.233 10.080
445.509 10.077
445.786 10.076
446.062 10.064
446.338 10.050
446.614 10.042
446.891 10.047
447.167 10.041
447.443 10.035
447.719 10.029
447.996 10.020
448.272 10.013
448.548 10.012
448.824 9.996
449.101 9.987
449.377 9.985
449.653 9.982
449.930 9.971
450.206 9.959
450.482 9.965
450.758 9.960
451.035 9.956
451.311 9.954
451.587 9.944
451.863 9.939
452.140 9.947
452.416 9.951
452.692 9.953
452.968 9.950
453.245 9.945
453.521 9.948
453.797 9.954
454.074 9.949
454.350 9.950
454.626 9.949
454.902 9.949
455.179 9.949
455.455 9.946
455.731 9.935
456.007 9.925
456.284 9.911
456.560 9.898
456.836 9.887
457.112 9.878
457.389 9.871
457.665 9.869
457.941 9.860
458.218 9.847
458.494 9.841
458.770 9.830
459.046 9.824
459.323 9.829
459.599 9.833
459.875 9.831
460.151 9.823
460.428 9.815
460.704 9.813
460.980 9.806
461.256 9.802
461.533 9.807
461.809 9.806
462.085 9.800
462.361 9.790
462.638 9.785
462.914 9.788
463.190 9.782
463.467 9.775
463.743 9.760
464.019 9.748
464.295 9.744
464.572 9.746
464.848 9.752
465.124 9.761
465.400 9.759
465.677 9.760
465.953 9.763
466.229 9.760
466.505 9.753
466.782 9.746
467.058 9.741
467.334 9.736
467.611 9.738
467.887 9.744
468.163 9.736
468.439 9.732
468.716 9.722
468.992 9.705
469.268 9.704
469.544 9.710
469.821 9.711
470.097 9.706
470.373 9.695
470.649 9.683
470.926 9.681
471.202 9.675
471.478 9.672
471.755 9.666
472.031 9.669
472.307 9.672
472.583 9.672
472.860 9.677
473.136 9.687
473.412 9.692
473.688 9.692
473.965 9.691
474.241 9.685
474.517 9.682
474.793 9.681
475.070 9.686
475.346 9.691
475.622 9.695
475.899 9.687
476.175 9.677
476.451 9.674
476.727 9.669
477.004 9.659
477.280 9.649
477.556 9.643
477.832 9.644
478.109 9.636
478.385 9.622
478.661 9.608
478.937 9.600
479.214 9.599
479.490 9.599
479.766 9.598
480.043 9.601
480.319 9.598
480.595 9.596
480.871 9.599
481.148 9.598
481.424 9.587
481.700 9.580
481.976 9.577
482.253 9.572
482.529 9.572
482.805 9.570
483.081 9.571
483.358 9.569
483.634 9.569
483.910 9.566
484.186 9.565
484.463 9.561
484.739 9.552
485.015 9.555
485.292 9.561
485.568 9.566
485.844 9.571
486.120 9.570
486.397 9.558
486.673 9.552
486.949 9.553
487.225 9.555
487.502 9.555
487.778 9.551
488.054 9.552
488.330 9.553
488.607 9.548
488.883 9.532
489.159 9.525
489.436 9.524
489.712 9.518
489.988 9.512
490.264 9.511
490.541 9.510
490.817 9.507
491.093 9.509
491.369 9.514
491.646 9.515
491.922 9.513
492.198 9.511
492.474 9.507
492.751 9.512
493.027 9.512
493.303 9.508
493.580 9.505
493.856 9.513
494.132 9.529
494.408 9.531
494.685 9.527
494.961 9.523
495.237 9.528
495.513 9.537
495.790 9.546
496.066 9.562
496.342 9.572
496.618 9.574
496.895 9.579
497.171 9.576
497.447 9.576
497.724 9.575
498.000 9.569
498.276 9.571
498.552 9.576
498.829 9.573
499.105 9.569
499.381 9.565
499.657 9.565
499.934 9.562
500.210 9.565
500.486 9.570
500.762 9.578
501.039 9.576
501.315 9.571
501.591 9.578
501.867 9.588
502.144 9.592
502.420 9.592
502.696 9.593
502.973 9.591
503.249 9.587
503.525 9.587
503.801 9.589
504.078 9.589
504.354 9.587
504.630 9.591
504.906 9.588
505.183 9.583
505.459 9.585
505.735 9.590
506.011 9.587
506.288 9.589
506.564 9.590
506.840 9.588
507.117 9.595
507.393 9.602
507.669 9.605
507.945 9.606
508.222 9.601
508.498 9.598
508.774 9.598
509.050 9.594
509.327 9.597
509.603 9.602
509.879 9.611
510.155 9.616
510.432 9.627
510.708 9.630
510.984 9.623
511.261 9.627
511.537 9.634
511.813 9.639
512.089 9.639
512.366 9.639
512.642 9.636
512.918 9.624
513.194 9.615
513.471 9.610
513.747 9.608
514.023 9.617
514.299 9.626
514.576 9.632
514.852 9.640
515.128 9.649
515.405 9.647
515.681 9.645
515.957 9.652
516.233 9.655
516.510 9.653
516.786 9.656
517.062 9.658
517.338 9.655
517.615 9.648
517.891 9.649
518.167 9.657
518.443 9.652
518.720 9.640
518.996 9.638
519.272 9.637
519.548 9.634
519.825 9.634
520.101 9.645
520.377 9.659
520.654 9.661
520.930 9.653
521.206 9.655
521.482 9.661
521.759 9.664
522.035 9.664
522.311 9.668
522.587 9.672
522.864 9.681
523.140 9.683
523.416 9.680
523.692 9.680
523.969 9.675
524.245 9.670
524.521 9.672
524.798 9.671
525.074 9.667
525.350 9.663
525.626 9.666
525.903 9.671
526.179 9.662
526.455 9.655
526.731 9.653
527.008 9.657
527.284 9.658
527.560 9.658
527.836 9.659
528.113 9.665
528.389 9.670
528.665 9.670
528.942 9.669
529.218 9.684
529.494 9.715
529.770 9.723
530.047 9.724
530.323 9.731
530.599 9.738
530.875 9.741
531.152 9.740
531.428 9.736
531.704 9.736
531.980 9.733
532.257 9.738
532.533 9.748
532.809 9.755
533.086 9.760
533.362 9.761
533.638 9.760
533.914 9.763
534.191 9.767
534.467 9.768
534.743 9.773
535.019 9.778
535.296 9.782
535.572 9.789
535.848 9.794
536.124 9.800
536.401 9.805
536.677 9.807
536.953 9.813
537.230 9.812
537.506 9.818
537.782 9.832
538.058 9.842
538.335 9.841
538.611 9.848
538.887 9.860
539.163 9.864
539.440 9.869
539.716 9.867
539.992 9.867
540.268 9.880
540.545 9.888
540.821 9.891
541.097 9.895
541.373 9.898
541.650 9.908
541.926 9.921
542.202 9.930
542.479 9.935
542.755 9.945
543.031 9.958
543.307 9.967
543.584 9.973
543.860 9.979
544.136 9.979
544.412 9.985
544.689 9.999
544.965 10.005
545.241 10.006
545.517 10.017
545.794 10.030
546.070 10.031
546.356 10.020
546.642 10.020
546.928 10.028
547.214 10.035
547.500 10.037
547.786 10.042
548.072 10.054
548.358 10.068
548.644 10.083
548.930 10.091
549.216 10.104
549.502 10.114
549.788 10.120
550.074 10.136
550.360 10.149
550.646 10.159
550.932 10.169
551.218 10.180
551.504 10.199
551.790 10.215
552.076 10.222
552.362 10.238
552.648 10.250
552.934 10.264
553.220 10.281
553.506 10.299
553.793 10.323
554.079 10.342
554.365 10.357
554.651 10.376
554.937 10.394
555.223 10.418
555.509 10.448
555.795 10.467
556.081 10.484
556.367 10.503
556.653 10.532
556.939 10.563
557.225 10.594
557.511 10.616
557.797 10.638
558.083 10.660
558.369 10.687
558.655 10.716
558.941 10.747
559.227 10.780
559.513 10.809
559.799 10.840
560.085 10.872
560.371 10.905
560.657 10.941
560.943 10.976
561.229 11.012
561.515 11.052
561.801 11.086
562.087 11.114
562.373 11.148
562.659 11.188
562.945 11.230
563.231 11.271
563.517 11.301
563.803 11.327
564.089 11.368
564.375 11.414
564.661 11.462
564.947 11.507
565.233 11.549
565.519 11.595
565.805 11.645
566.091 11.691
566.377 11.743
566.663 11.798
566.949 11.846
567.235 11.896
567.521 11.944
567.807 12.000
568.093 12.063
568.379 12.124
568.665 12.185
568.951 12.249
569.237 12.310
569.524 12.376
569.810 12.437
570.096 12.506
570.382 12.578
570.668 12.651
570.954 12.718
571.240 12.785
571.526 12.851
571.812 12.925
572.098 13.005
572.384 13.086
572.670 13.163
572.956 13.237
573.242 13.315
573.528 13.400
573.814 13.490
574.100 13.573
574.386 13.662
574.672 13.757
574.958 13.854
575.244 13.955
575.530 14.062
575.816 14.168
576.102 14.271
576.388 14.373
576.674 14.480
576.960 14.590
577.248 14.704
577.536 14.820
577.824 14.937
578.113 15.060
578.401 15.185
578.689 15.313
578.977 15.449
579.265 15.584
579.553 15.719
579.841 15.860
580.130 16.006
580.418 16.152
580.706 16.294
580.994 16.456
581.282 16.624
581.570 16.791
581.858 16.953
582.147 17.117
582.435 17.288
582.723 17.468
583.011 17.654
583.299 17.838
583.587 18.024
583.875 18.213
584.164 18.401
584.452 18.606
584.740 18.818
585.028 19.027
585.316 19.233
585.604 19.440
585.892 19.645
586.181 19.852
586.469 20.063
586.757 20.282
587.045 20.508
587.333 20.744
587.621 20.980
587.909 21.211
588.198 21.446
588.486 21.692
588.774 21.940
589.062 22.196
589.350 22.450
589.638 22.699
589.927 22.957
590.215 23.219
590.503 23.491
590.791 23.773
591.079 24.056
591.367 24.345
591.655 24.640
591.944 24.934
592.232 25.224
592.520 25.519
592.808 25.824
593.096 26.132
593.384 26.444
593.672 26.759
593.961 27.072
594.249 27.383
594.537 27.705
594.825 28.033
595.113 28.363
595.401 28.698
595.689 29.028
595.978 29.365
596.266 29.702
596.554 30.038
596.842 30.381
597.130 30.731
597.418 31.087
597.706 31.435
597.995 31.776
598.283 32.115
598.571 32.455
598.859 32.800
599.147 33.147
599.435 33.504
599.723 33.868
600.012 34.228
600.300 34.587
600.588 34.941
600.876 35.298
601.164 35.652
601.452 36.005
601.740 36.358
602.029 36.708
602.317 37.061
602.605 37.412
602.893 37.769
603.181 38.124
603.469 38.488
603.757 38.842
604.046 39.189
604.334 39.540
604.622 39.894
604.910 40.244
605.198 40.587
605.486 40.940
605.774 41.287
606.063 41.634
606.351 41.984
606.639 42.331
606.927 42.671
607.215 43.018
607.503 43.357
607.791 43.705
608.080 44.041
608.368 44.371
608.656 44.701
608.944 45.020
609.232 45.334
609.520 45.650
609.808 45.970
610.097 46.296
610.385 46.614
610.673 46.929
610.961 47.241
611.249 47.545
611.537 47.847
611.825 48.147
612.114 48.435
612.402 48.727
612.690 49.017
612.978 49.293
613.266 49.567
613.554 49.842
613.843 50.117
614.131 50.387
614.419 50.650
614.707 50.901
614.995 51.149
615.283 51.408
615.571 51.671
615.860 51.935
616.148 52.184
616.436 52.435
616.724 52.681
617.012 52.915
617.300 53.139
617.588 53.361
617.877 53.579
618.165 53.787
618.453 54.004
618.741 54.226
619.029 54.429
619.317 54.643
619.605 54.852
619.894 55.053
620.182 55.254
620.470 55.455
620.758 55.647
621.046 55.834
621.334 56.023
621.622 56.216
621.911 56.407
622.199 56.579
622.487 56.749
622.775 56.915
623.063 57.080
623.351 57.245
623.639 57.407
623.928 57.561
624.216 57.715
624.504 57.871
624.792 58.012
625.080 58.162
625.368 58.302
625.656 58.439
625.945 58.572
626.233 58.700
626.521 58.836
626.809 58.972
627.097 59.103
627.385 59.231
627.673 59.347
627.962 59.461
628.250 59.557
628.538 59.655
628.826 59.763
629.114 59.876
629.402 59.978
629.690 60.091
629.979 60.192
630.267 60.279
630.555 60.390
630.843 60.502
631.131 60.593
631.419 60.682
631.707 60.777
631.996 60.873
632.284 60.965
632.572 61.046
632.860 61.112
633.148 61.173
633.436 61.233
633.724 61.305
634.013 61.371
634.301 61.449
634.589 61.531
634.877 61.612
635.165 61.689
635.453 61.754
635.741 61.824
636.030 61.882
636.318 61.947
636.606 62.026
636.894 62.090
637.182 62.158
637.470 62.219
637.759 62.278
638.047 62.333
638.335 62.390
638.623 62.452
638.911 62.514
639.199 62.566
639.487 62.613
639.776 62.669
640.064 62.732
640.352 62.794
640.640 62.859
640.928 62.922
641.216 62.970
641.504 63.021
641.793 63.071
642.081 63.131
642.369 63.187
642.657 63.220
642.945 63.252
643.233 63.295
643.521 63.331
643.810 63.361
644.098 63.386
644.386 63.419
644.674 63.457
644.962 63.486
645.250 63.502
645.538 63.504
645.827 63.515
646.115 63.527
646.403 63.529
646.691 63.514
646.979 63.524
647.267 63.529
647.555 63.531
647.844 63.549
648.132 63.543
648.420 63.540
648.708 63.542
648.996 63.543
649.284 63.548
649.572 63.557
649.861 63.580
650.149 63.609
650.437 63.647
650.725 63.680
651.013 63.712
651.301 63.730
651.589 63.743
651.878 63.748
652.166 63.754
652.454 63.775
652.742 63.793
653.030 63.819
653.318 63.847
653.606 63.882
653.895 63.897
654.183 63.915
654.471 63.933
654.759 63.939
655.047 63.945
655.335 63.963
655.623 63.987
655.912 64.004
656.200 64.006
656.488 64.016
656.776 64.027
657.064 64.038
657.352 64.043
657.640 64.044
657.929 64.062
658.217 64.068
658.505 64.070
658.793 64.077
659.081 64.081
659.369 64.074
659.657 64.065
659.946 64.065
660.234 64.080
660.522 64.106
660.810 64.133
661.098 64.166
661.386 64.185
661.675 64.216
661.963 64.227
662.251 64.235
662.539 64.260
662.827 64.281
663.115 64.329
663.403 64.387
663.692 64.426
663.980 64.473
664.268 64.533
664.556 64.575
664.844 64.612
665.132 64.650
665.420 64.674
665.709 64.711
665.997 64.745
666.285 64.787
666.573 64.818
666.861 64.842
667.149 64.873
667.437 64.886
667.726 64.905
668.014 64.922
668.302 64.939
668.590 64.966
668.878 64.993
669.166 65.012
669.454 65.031
669.743 65.044
670.031 65.052
670.319 65.061
670.607 65.075
670.895 65.091
671.183 65.094
671.471 65.103
671.760 65.103
672.048 65.107
672.336 65.122
672.624 65.138
672.912 65.148
673.200 65.154
673.488 65.157
673.777 65.174
674.065 65.189
674.353 65.197
674.641 65.204
674.929 65.218
675.217 65.232
675.505 65.241
675.794 65.247
676.082 65.249
676.370 65.246
676.658 65.256
676.946 65.290
677.234 65.317
677.522 65.328
677.811 65.343
678.099 65.347
678.387 65.339
678.675 65.326
678.963 65.326
679.251 65.323
679.539 65.322
679.828 65.326
680.116 65.327
680.404 65.353
680.692 65.357
680.980 65.343
681.268 65.338
681.556 65.336
681.845 65.324
682.133 65.312
682.421 65.320
682.709 65.316
682.997 65.315
683.285 65.314
683.573 65.310
683.862 65.300
684.150 65.308
684.438 65.323
684.726 65.322
685.014 65.336
685.302 65.340
685.591 65.341
685.879 65.336
686.167 65.325
686.455 65.331
686.743 65.341
687.031 65.344
687.319 65.344
687.608 65.343
687.896 65.348
688.184 65.350
688.472 65.343
688.760 65.344
689.048 65.341
689.336 65.339
689.625 65.340
689.913 65.340
690.201 65.345
690.489 65.335
690.777 65.319
691.065 65.327
691.353 65.330
691.642 65.331
691.930 65.338
692.218 65.330
692.506 65.327
692.794 65.324
693.082 65.313
693.370 65.302
693.659 65.305
693.947 65.332
694.235 65.345
694.523 65.325
694.811 65.309
695.099 65.307
695.387 65.304
695.676 65.302
695.964 65.313
696.252 65.339
696.540 65.369
696.836 65.381
697.133 65.394
697.429 65.391
697.725 65.383
698.021 65.371
698.318 65.369
698.614 65.371
698.910 65.394
699.207 65.402
699.503 65.403
699.799 65.415
700.095 65.413
700.392 65.421
700.688 65.432
700.984 65.440
701.281 65.450
701.577 65.466
701.873 65.478
702.169 65.492
702.466 65.506
702.762 65.511
703.058 65.493
703.355 65.474
703.651 65.476
703.947 65.483
704.243 65.479
704.540 65.479
704.836 65.483
705.132 65.499
705.428 65.500
705.725 65.487
706.021 65.472
706.317 65.473
706.614 65.459
706.910 65.457
707.206 65.463
707.502 65.465
707.799 65.472
708.095 65.492
708.391 65.510
708.688 65.525
708.984 65.523
709.280 65.515
709.576 65.493
709.873 65.493
710.169 65.513
710.465 65.517
710.762 65.516
711.058 65.525
711.354 65.533
711.650 65.549
711.947 65.554
712.243 65.549
712.539 65.563
712.836 65.586
713.132 65.606
713.428 65.615
713.724 65.619
714.021 65.602
714.317 65.583
714.613 65.553
714.910 65.535
715.206 65.547
715.502 65.548
715.798 65.549
716.095 65.548
716.391 65.529
716.687 65.532
716.984 65.528
717.280 65.537
717.576 65.548
717.872 65.555
718.169 65.548
718.465 65.530
718.761 65.516
719.058 65.507
719.354 65.494
719.650 65.490
719.946 65.477
720.243 65.453
720.539 65.433
720.835 65.401
721.131 65.401
721.428 65.419
721.724 65.430
722.020 65.429
722.317 65.425
722.613 65.416
722.909 65.411
723.205 65.399
723.502 65.384
723.798 65.397
724.094 65.410
724.391 65.399
724.687 65.396
724.983 65.410
725.279 65.416
725.576 65.415
725.872 65.397
726.168 65.349
726.465 65.320
726.761 65.314
727.057 65.326
727.353 65.343
727.650 65.370
727.946 65.365
728.242 65.352
728.539 65.356
728.835 65.367
729.131 65.372
729.427 65.369
729.724 65.344
730.020 65.324
730.316 65.329
730.613 65.314
730.909 65.292
731.205 65.276
731.501 65.273
731.798 65.271
732.094 65.278
732.390 65.271
732.687 65.279
732.983 65.286
733.279 65.279
733.575 65.276
733.872 65.264
734.168 65.262
734.464 65.278
734.761 65.256
735.057 65.233
735.353 65.227
735.649 65.240
735.946 65.254
736.242 65.269
736.538 65.268
736.835 65.267
737.131 65.271
737.427 65.297
737.723 65.316
738.020 65.325
738.316 65.334
738.612 65.330
738.909 65.346
739.205 65.377
739.501 65.369
739.797 65.369
740.094 65.372
740.390 65.376
740.686 65.403
740.982 65.407
741.279 65.412
741.575 65.438
741.871 65.428
742.168 65.426
742.464 65.438
742.760 65.474
743.056 65.466
743.353 65.465
743.649 65.471
743.945 65.486
744.242 65.511
744.538 65.520
744.834 65.522
745.130 65.512
745.427 65.488
745.723 65.460
746.019 65.444
746.316 65.425
746.612 65.418
746.908 65.402
747.204 65.388
747.501 65.388
747.797 65.392
748.093 65.397
748.390 65.391
748.686 65.410
748.982 65.426
749.278 65.424
749.575 65.402
749.871 65.387
750.167 65.384
750.464 65.384
750.760 65.359
751.056 65.338
751.352 65.327
751.649 65.322
751.945 65.332
752.241 65.330
752.538 65.328
752.834 65.333
753.130 65.348
753.426 65.342
753.723 65.336
754.019 65.315
754.315 65.287
754.611 65.293
754.908 65.309
755.204 65.320
755.500 65.307
755.797 65.294
756.093 65.284
756.389 65.273
756.685 65.278
756.982 65.303
757.278 65.296
757.574 65.300
757.871 65.299
758.167 65.301
758.463 65.308
758.759 65.290
759.056 65.278
759.352 65.275
759.648 65.263
759.945 65.278
760.241 65.270
760.537 65.272
760.833 65.267
761.130 65.270
761.426 65.261
761.722 65.264
762.019 65.267
762.315 65.264
762.611 65.277
762.907 65.277
763.204 65.290
763.500 65.332
763.804 65.369
764.108 65.410
764.412 65.453
764.716 65.470
765.020 65.479
765.324 65.495
765.628 65.506
765.932 65.520
766.236 65.513
766.540 65.496
766.844 65.482
767.148 65.475
767.452 65.468
767.756 65.482
768.060 65.489
768.364 65.480
768.668 65.496
768.972 65.528
769.276 65.550
769.580 65.553
769.884 65.550
770.188 65.547
770.492 65.543
770.796 65.550
771.100 65.560
771.404 65.544
771.708 65.520
772.012 65.483
772.316 65.473
772.620 65.469
772.924 65.456
773.228 65.430
773.532 65.412
773.836 65.418
774.140 65.419
774.444 65.436
774.748 65.453
775.052 65.461
775.356 65.443
775.659 65.419
775.963 65.411
776.267 65.398
776.571 65.386
776.875 65.390
777.179 65.400
777.483 65.404
777.787 65.401
778.091 65.385
778.395 65.366
778.699 65.389
779.003 65.396
779.307 65.365
779.611 65.342
779.915 65.333
780.219 65.332
780.523 65.324
780.827 65.317
781.131 65.303
781.435 65.298
781.739 65.273
782.043 65.256
782.347 65.252
782.651 65.223
782.955 65.203
783.259 65.168
783.563 65.162
783.867 65.151
784.171 65.125
784.475 65.097
784.779 65.080
785.083 65.082
785.387 65.060
785.691 65.051
785.995 65.064
786.299 65.057
786.603 65.052
786.907 65.063
787.211 65.053
787.515 65.062
787.819 65.049
788.123 65.033
788.427 65.022
788.731 65.015
789.035 65.025
789.339 65.022
789.643 65.013
789.947 65.015
790.251 65.026
790.555 65.054
790.859 65.077
791.163 65.122
791.467 65.163
791.771 65.188
792.075 65.186
792.379 65.161
792.683 65.135
792.987 65.115
793.291 65.100
793.595 65.084
793.899 65.088
794.203 65.115
794.507 65.122
794.811 65.126
795.115 65.124
795.419 65.110
795.723 65.090
796.027 65.079
796.331 65.098
796.635 65.153
796.939 65.169
797.243 65.150
797.547 65.148
797.851 65.176
798.155 65.195
798.459 65.186
798.763 65.180
799.067 65.199
799.371 65.209
799.674 65.231
799.978 65.262
800.282 65.295
800.586 65.264
800.890 65.220
801.194 65.227
801.498 65.241
801.802 65.272
802.106 65.296
802.410 65.318
802.714 65.342
803.018 65.368
803.322 65.368
803.626 65.353
803.930 65.378
804.234 65.385
804.538 65.396
804.842 65.402
805.146 65.380
805.450 65.383
805.754 65.397
806.058 65.365
806.362 65.365
806.666 65.383
806.970 65.434
807.274 65.460
807.578 65.448
807.882 65.435
808.186 65.434
808.490 65.454
808.794 65.489
809.098 65.489
809.402 65.488
809.706 65.476
810.010 65.442
810.314 65.451
810.618 65.487
810.922 65.507
811.226 65.530
811.530 65.555
811.834 65.565
812.137 65.582
812.441 65.589
812.744 65.580
813.048 65.584
813.351 65.598
813.655 65.590
813.958 65.575
814.262 65.585
814.565 65.590
814.869 65.582
815.172 65.556
815.476 65.559
815.779 65.554
816.083 65.552
816.386 65.522
816.690 65.487
816.993 65.494
817.297 65.495
817.600 65.495
817.904 65.505
818.208 65.502
818.511 65.460
818.815 65.411
819.118 65.425
819.422 65.454
819.725 65.460
820.029 65.441
820.332 65.440
820.636 65.458
820.939 65.465
821.243 65.440
821.546 65.434
821.850 65.468
822.153 65.517
822.457 65.542
822.760 65.569
823.064 65.569
823.367 65.581
823.671 65.623
823.974 65.612
824.278 65.588
824.582 65.610
824.885 65.633
825.189 65.646
825.492 65.622
825.796 65.596
826.099 65.587
826.403 65.588
826.706 65.617
827.010 65.615
827.313 65.579
827.617 65.562
827.920 65.531
828.224 65.499
828.527 65.498
828.831 65.471
829.134 65.439
829.438 65.438
829.741 65.432
830.045 65.405
830.348 65.367
830.652 65.374
830.956 65.372
831.259 65.364
831.563 65.364
831.866 65.352
832.170 65.362
832.473 65.383
832.777 65.392
833.080 65.375
833.384 65.351
833.687 65.327
833.991 65.325
834.294 65.331
834.598 65.310
834.901 65.343
835.205 65.397
835.508 65.409
835.812 65.424
836.115 65.408
836.419 65.410
836.722 65.377
837.026 65.363
837.330 65.358
837.633 65.353
837.937 65.353
838.240 65.366
838.544 65.384
838.847 65.369
839.151 65.339
839.454 65.326
839.758 65.339
840.061 65.346
840.365 65.355
840.668 65.357
840.972 65.348
841.275 65.307
841.579 65.296
841.882 65.304
842.186 65.264
842.489 65.252
842.793 65.273
843.097 65.287
843.400 65.287
843.704 65.275
844.007 65.290
844.311 65.316
844.614 65.316
844.918 65.296
845.221 65.286
845.525 65.285
845.828 65.249
846.132 65.230
846.435 65.247
846.739 65.253
847.042 65.253
847.346 65.279
847.649 65.307
847.953 65.300
848.256 65.283
848.560 65.296
848.863 65.332
849.167 65.296
849.471 65.254
849.774 65.220
850.078 65.203
850.381 65.192
850.685 65.206
850.988 65.215
851.292 65.194
851.595 65.209
851.899 65.241
852.202 65.245
852.506 65.231
852.809 65.202
853.113 65.183
853.416 65.118
853.720 65.072
854.023 65.082
854.327 65.046
854.630 65.030
854.934 65.011
855.237 65.013
855.541 65.029
855.845 65.039
856.148 65.025
856.452 64.996
856.755 64.933
857.059 64.867
857.362 64.847
857.666 64.835
857.969 64.800
858.273 64.792
858.576 64.766
858.880 64.722
859.183 64.669
859.487 64.646
859.790 64.640
860.094 64.614
860.397 64.585
860.701 64.594
861.004 64.597
861.308 64.547
861.611 64.472
861.915 64.416
862.219 64.400
862.522 64.361
862.826 64.306
863.129 64.300
863.433 64.317
863.736 64.291
864.040 64.269
864.343 64.282
864.647 64.297
864.950 64.285
865.254 64.272
865.557 64.245
865.861 64.212
866.164 64.189
866.468 64.149
866.771 64.121
867.075 64.089
867.378 64.026
867.682 64.012
867.985 64.036
868.289 64.072
868.593 64.082
868.896 64.102
869.200 64.074
869.503 64.055
869.807 64.063
870.110 64.060
870.414 64.054
870.717 64.035
871.021 64.010
871.324 64.024
871.628 64.044
871.931 64.092
872.235 64.106
872.538 64.067
872.842 64.047
873.145 64.019
873.449 63.997
873.752 64.017
874.056 64.013
874.359 64.021
874.663 64.072
874.967 64.095
875.270 64.144
875.574 64.198
875.877 64.209
876.181 64.216
876.484 64.219
876.788 64.219
877.091 64.216
877.395 64.202
877.698 64.192
878.002 64.146
878.305 64.130
878.609 64.108
878.912 64.077
879.216 64.074
879.519 64.067
879.823 64.056
880.126 64.089
880.430 64.111
880.733 64.119
881.037 64.130
881.341 64.139
881.644 64.122
881.948 64.098
882.251 64.108
882.555 64.101
882.858 64.102
883.162 64.123
883.465 64.151
883.769 64.172
884.072 64.191
884.376 64.189
884.679 64.175
884.983 64.162
885.286 64.171
885.590 64.185
885.893 64.233
886.197 64.254
886.500 64.233
886.804 64.194
887.107 64.156
887.411 64.131
887.715 64.140
888.018 64.152
888.322 64.143
888.625 64.133
888.929 64.085
889.232 64.079
889.536 64.087
889.839 64.073
890.143 64.047
890.446 64.018
890.750 63.984
891.053 63.969
891.357 63.945
891.660 63.952
891.964 63.964
892.267 63.926
892.571 63.915
892.874 63.916
893.178 63.880
893.482 63.883
893.785 63.861
894.089 63.848
894.392 63.853
894.696 63.822
894.999 63.775
895.303 63.746
895.606 63.718
895.910 63.726
896.213 63.750
896.517 63.755
896.820 63.746
897.124 63.731
897.427 63.750
897.731 63.742
898.034 63.739
898.338 63.752
898.641 63.725
898.945 63.735
899.248 63.754
899.552 63.759
899.856 63.751
900.159 63.749
900.463 63.762
900.766 63.705
901.070 63.674
901.373 63.666
901.677 63.633
901.980 63.588
902.284 63.561
902.587 63.548
902.891 63.542
903.194 63.519
903.498 63.526
903.801 63.539
904.105 63.553
904.408 63.551
904.712 63.513
905.015 63.500
905.319 63.517
905.622 63.542
905.926 63.515
906.230 63.475
906.533 63.416
906.837 63.400
907.140 63.410
907.444 63.402
907.747 63.384
908.051 63.358
908.354 63.343
908.658 63.365
908.961 63.348
909.265 63.329
909.568 63.345
909.872 63.367
910.175 63.369
910.479 63.343
910.782 63.333
911.086 63.331
911.389 63.309
911.693 63.299
911.996 63.238
912.300 63.216
912.613 63.191
912.926 63.139
913.238 63.129
913.551 63.114
913.864 63.067
914.176 63.074
914.489 63.062
914.802 63.044
915.115 63.069
915.427 63.073
915.740 63.124
916.053 63.135
916.366 63.118
916.678 63.094
916.991 63.098
917.304 63.156
917.617 63.162
917.929 63.146
918.242 63.099
918.555 63.095
918.868 63.098
919.180 63.061
919.493 63.067
919.806 63.033
920.119 62.966
920.431 62.912
920.744 62.845
921.057 62.810
921.370 62.825
921.682 62.779
921.995 62.725
922.308 62.705
922.621 62.712
922.933 62.732
923.246 62.681
923.559 62.637
923.872 62.607
924.184 62.541
924.497 62.469
924.810 62.456
925.123 62.436
925.435 62.442
925.748 62.434
926.061 62.424
926.374 62.364
926.686 62.355
926.999 62.397
927.312 62.442
927.625 62.450
927.937 62.435
928.250 62.487
928.563 62.511
928.876 62.520
929.188 62.542
929.501 62.563
929.814 62.582
930.127 62.551
930.439 62.537
930.752 62.524
931.065 62.528
931.378 62.517
931.690 62.474
932.003 62.467
932.316 62.468
932.629 62.452
932.941 62.439
933.254 62.406
933.567 62.341
933.880 62.294
934.192 62.288
934.505 62.297
934.818 62.276
935.131 62.240
935.443 62.284
935.756 62.272
936.069 62.248
936.382 62.231
936.694 62.255
937.007 62.231
937.320 62.185
937.633 62.135
937.945 62.082
938.258 62.047
938.571 61.985
938.884 62.055
939.196 62.145
939.509 62.159
939.822 62.157
940.135 62.111
940.447 62.048
940.760 62.044
941.073 62.045
941.386 62.014
941.698 61.940
942.011 61.849
942.324 61.828
942.637 61.801
942.949 61.767
943.262 61.792
943.575 61.859
943.888 61.886
944.200 61.904
944.513 61.872
944.826 61.822
945.139 61.759
945.451 61.712
945.764 61.639
946.077 61.544
946.390 61.437
946.702 61.390
947.015 61.379
947.328 61.304
947.641 61.207
947.953 61.108
948.266 60.991
948.579 60.883
948.892 60.764
949.204 60.681
949.517 60.620
949.830 60.578
950.143 60.571
950.455 60.571
950.768 60.579
951.081 60.546
951.394 60.508
951.706 60.509
952.019 60.480
952.332 60.466
952.645 60.487
952.957 60.431
953.270 60.397
953.583 60.424
953.896 60.385
954.208 60.281
954.521 60.146
954.834 60.121
955.147 60.065
955.459 59.979
955.772 59.858
956.085 59.804
956.398 59.812
956.710 59.784
957.023 59.741
957.336 59.743
957.649 59.747
957.961 59.706
958.274 59.709
958.587 59.655
958.900 59.649
959.212 59.641
959.525 59.536
959.838 59.508
960.151 59.544
960.463 59.510
960.776 59.455
961.089 59.406
961.402 59.372
961.714 59.399
962.027 59.393
962.340 59.385
962.653 59.332
962.965 59.295
963.278 59.222
963.591 59.145
963.904 59.096
964.216 59.007
964.529 59.013
964.842 58.996
965.154 59.004
965.467 59.010
965.780 58.889
966.094 58.773
966.409 58.737
966.723 58.698
967.037 58.670
967.352 58.704
967.666 58.764
967.980 58.885
968.295 58.934
968.609 58.928
968.923 58.871
969.238 58.834
969.552 58.724
969.866 58.704
970.181 58.687
970.495 58.627
970.809 58.615
971.124 58.636
971.438 58.557
971.752 58.568
972.067 58.652
972.381 58.567
972.695 58.408
973.010 58.362
973.324 58.432
973.638 58.437
973.953 58.398
974.267 58.388
974.581 58.322
974.896 58.274
975.210 58.226
975.524 58.144
975.839 58.130
976.153 58.227
976.467 58.276
976.781 58.297
977.096 58.270
977.410 58.182
977.724 58.217
978.039 58.194
978.353 58.181
978.667 58.277
978.982 58.288
979.296 58.262
979.610 58.322
979.925 58.376
980.239 58.411
980.553 58.380
980.868 58.335
981.182 58.301
981.496 58.292
981.811 58.232
982.125 58.175
982.439 58.160
982.754 58.205
983.068 58.202
983.382 58.254
983.697 58.302
984.011 58.299
984.325 58.224
984.640 58.172
984.954 58.204
985.268 58.259
985.583 58.227
985.897 58.259
986.211 58.337
986.526 58.261
986.840 58.235
987.154 58.208
987.469 58.132
987.783 58.069
988.097 58.083
988.412 58.020
988.726 58.005
989.040 57.926
989.355 57.906
989.669 57.927
989.983 57.896
990.298 57.824
990.612 57.905
990.926 57.865
991.241 57.811
991.555 57.900
991.869 57.956
992.184 57.969
992.498 57.933
992.812 57.910
993.127 57.955
993.441 57.953
993.755 57.983
994.070 57.957
994.384 57.923
994.698 57.929
995.013 57.949
995.327 57.901
995.641 57.798
995.956 57.731
996.270 57.649
996.584 57.578
996.899 57.521
997.213 57.575
997.527 57.521
997.841 57.372
998.156 57.305
998.470 57.194
998.784 57.127
999.099 57.171
999.413 57.064
999.727 57.016
