200.182 78.755
200.437 78.206
200.691 77.716
200.946 77.049
201.201 76.093
201.455 75.382
201.710 74.712
201.964 74.228
202.219 73.719
202.474 72.948
202.728 72.148
202.983 71.431
203.237 70.870
203.492 70.073
203.747 69.125
204.001 68.369
204.256 67.505
204.510 66.572
204.765 65.779
205.020 65.222
205.274 64.362
205.529 63.351
205.783 62.531
206.038 61.651
206.293 60.556
206.547 59.610
206.802 58.750
207.057 57.971
207.311 57.127
207.566 56.319
207.820 55.486
208.075 54.646
208.330 53.713
208.584 52.745
208.839 51.846
209.093 51.018
209.348 50.065
209.603 49.171
209.857 48.135
210.112 47.281
210.366 46.418
210.621 45.508
210.876 44.635
211.130 43.932
211.385 43.396
211.639 42.700
211.894 41.785
212.149 40.926
212.403 40.171
212.658 39.380
212.913 38.641
213.167 37.899
213.422 37.223
213.676 36.583
213.931 35.984
214.186 35.291
214.440 34.626
214.695 34.011
214.949 33.519
215.204 32.995
215.459 32.439
215.713 31.869
215.968 31.306
216.222 30.670
216.477 30.114
216.732 29.695
216.986 29.182
217.241 28.579
217.495 28.014
217.750 27.484
218.005 27.045
218.259 26.637
218.514 26.128
218.769 25.586
219.023 25.134
219.278 24.725
219.532 24.198
219.787 23.720
220.042 23.231
220.296 22.771
220.551 22.303
220.805 21.912
221.060 21.528
221.315 21.142
221.569 20.751
221.824 20.384
222.078 20.037
222.333 19.651
222.588 19.316
222.842 18.931
223.097 18.512
223.351 18.132
223.606 17.707
223.861 17.285
224.115 16.916
224.370 16.525
224.625 16.127
224.879 15.790
225.134 15.445
225.388 15.164
225.643 14.899
225.898 14.627
226.152 14.327
226.407 14.025
226.661 13.704
226.916 13.407
227.171 13.100
227.425 12.796
227.680 12.506
227.934 12.267
228.189 11.997
228.444 11.745
228.698 11.481
228.953 11.202
229.208 10.959
229.462 10.690
229.717 10.457
229.971 10.219
230.226 10.014
230.481 9.797
230.735 9.598
230.990 9.427
231.244 9.251
231.499 9.069
231.754 8.912
232.008 8.758
232.263 8.616
232.517 8.459
232.772 8.319
233.027 8.173
233.281 8.015
233.536 7.866
233.790 7.708
234.045 7.575
234.300 7.462
234.554 7.348
234.809 7.221
235.064 7.126
235.318 7.042
235.573 6.960
235.827 6.877
236.082 6.785
236.337 6.706
236.591 6.628
236.846 6.539
237.100 6.451
237.355 6.395
237.610 6.344
237.864 6.276
238.119 6.220
238.373 6.152
238.628 6.091
238.883 6.036
239.137 5.975
239.392 5.927
239.646 5.896
239.901 5.871
240.156 5.835
240.410 5.809
240.665 5.773
240.920 5.738
241.174 5.707
241.429 5.676
241.683 5.646
241.938 5.617
242.193 5.589
242.447 5.560
242.702 5.536
242.956 5.513
243.211 5.493
243.466 5.470
243.720 5.460
243.975 5.445
244.229 5.426
244.484 5.404
244.739 5.391
244.993 5.386
245.248 5.373
245.503 5.368
245.757 5.361
246.012 5.356
246.266 5.348
246.521 5.337
246.776 5.335
247.030 5.322
247.285 5.307
247.539 5.303
247.794 5.300
248.049 5.296
248.303 5.289
248.558 5.298
248.812 5.295
249.067 5.274
249.322 5.263
249.576 5.253
249.831 5.243
250.085 5.233
250.340 5.229
250.595 5.233
250.849 5.244
251.104 5.245
251.359 5.247
251.613 5.251
251.868 5.253
252.122 5.246
252.377 5.246
252.632 5.253
252.886 5.244
253.141 5.231
253.395 5.227
253.650 5.225
253.905 5.226
254.161 5.221
254.416 5.216
254.672 5.220
254.927 5.230
255.183 5.229
255.438 5.222
255.694 5.225
255.949 5.233
256.205 5.235
256.460 5.236
256.715 5.230
256.971 5.231
257.226 5.232
257.482 5.234
257.737 5.235
257.993 5.234
258.248 5.238
258.504 5.241
258.759 5.232
259.014 5.234
259.270 5.233
259.525 5.227
259.781 5.232
260.036 5.253
260.292 5.263
260.547 5.262
260.803 5.270
261.058 5.277
261.314 5.282
261.569 5.278
261.824 5.283
262.080 5.294
262.335 5.298
262.591 5.313
262.846 5.324
263.102 5.325
263.357 5.322
263.613 5.325
263.868 5.333
264.123 5.337
264.379 5.338
264.634 5.345
264.890 5.350
265.145 5.363
265.401 5.367
265.656 5.371
265.912 5.371
266.167 5.361
266.423 5.350
266.678 5.349
266.933 5.350
267.189 5.344
267.444 5.340
267.700 5.340
267.955 5.335
268.211 5.328
268.466 5.333
268.722 5.334
268.977 5.339
269.232 5.344
269.488 5.340
269.743 5.340
269.999 5.346
270.254 5.353
270.510 5.349
270.765 5.344
271.021 5.346
271.276 5.348
271.532 5.351
271.787 5.351
272.042 5.349
272.298 5.346
272.553 5.341
272.809 5.343
273.064 5.346
273.320 5.353
273.575 5.360
273.831 5.354
274.086 5.352
274.342 5.356
274.597 5.353
274.852 5.359
275.108 5.363
275.363 5.359
275.619 5.343
275.874 5.332
276.130 5.328
276.385 5.325
276.641 5.321
276.896 5.316
277.151 5.318
277.407 5.314
277.662 5.302
277.918 5.293
278.173 5.283
278.429 5.278
278.684 5.277
278.940 5.279
279.195 5.275
279.451 5.270
279.706 5.260
279.961 5.251
280.217 5.244
280.472 5.238
280.728 5.234
280.983 5.233
281.239 5.227
281.494 5.228
281.750 5.235
282.005 5.232
282.260 5.229
282.516 5.217
282.771 5.210
283.027 5.205
283.282 5.204
283.538 5.198
283.793 5.189
284.049 5.182
284.304 5.176
284.560 5.167
284.815 5.156
285.070 5.148
285.326 5.152
285.581 5.151
285.837 5.135
286.092 5.127
286.348 5.124
286.603 5.124
286.859 5.118
287.114 5.109
287.369 5.102
287.625 5.100
287.880 5.098
288.136 5.100
288.391 5.097
288.647 5.091
288.902 5.077
289.158 5.065
289.413 5.066
289.669 5.066
289.924 5.063
290.179 5.061
290.435 5.056
290.690 5.052
290.946 5.047
291.201 5.047
291.457 5.049
291.712 5.048
291.968 5.049
292.223 5.043
292.479 5.039
292.734 5.030
292.989 5.028
293.245 5.030
293.500 5.031
293.756 5.029
294.011 5.029
294.267 5.026
294.522 5.017
294.778 5.017
295.033 5.018
295.288 5.018
295.544 5.018
295.799 5.014
296.055 5.011
296.310 5.012
296.566 5.014
296.821 5.021
297.077 5.019
297.332 5.008
297.588 4.997
297.843 4.984
298.098 4.980
298.354 4.979
298.609 4.978
298.865 4.979
299.120 4.980
299.376 4.981
299.631 4.978
299.887 4.979
300.142 4.986
300.397 4.992
300.653 4.993
300.908 4.986
301.164 4.983
301.419 4.987
301.675 4.983
301.930 4.974
302.186 4.970
302.441 4.970
302.697 4.965
302.952 4.959
303.207 4.956
303.463 4.958
303.718 4.950
303.974 4.941
304.229 4.943
304.485 4.943
304.740 4.943
304.996 4.945
305.251 4.946
305.506 4.945
305.762 4.943
306.017 4.938
306.273 4.938
306.528 4.939
306.784 4.942
307.039 4.948
307.295 4.945
307.550 4.938
307.806 4.944
308.061 4.945
308.316 4.942
308.572 4.938
308.827 4.938
309.083 4.940
309.338 4.935
309.594 4.928
309.849 4.932
310.105 4.935
310.360 4.934
310.615 4.932
310.871 4.928
311.126 4.924
311.382 4.932
311.637 4.942
311.893 4.936
312.148 4.929
312.404 4.915
312.659 4.906
312.915 4.906
313.170 4.913
313.429 4.924
313.688 4.931
313.947 4.932
314.206 4.929
314.465 4.926
314.724 4.929
314.983 4.936
315.242 4.933
315.501 4.926
315.760 4.926
316.019 4.931
316.278 4.936
316.536 4.937
316.795 4.935
317.054 4.940
317.313 4.948
317.572 4.961
317.831 4.975
318.090 4.982
318.349 4.987
318.608 4.990
318.867 4.991
319.126 4.990
319.385 5.000
319.644 5.012
319.903 5.018
320.162 5.022
320.421 5.026
320.680 5.022
320.939 5.018
321.198 5.014
321.457 5.012
321.716 5.012
321.975 5.008
322.234 5.008
322.493 5.010
322.752 5.007
323.010 5.012
323.269 5.014
323.528 5.010
323.787 5.011
324.046 5.017
324.305 5.022
324.564 5.028
324.823 5.025
325.082 5.027
325.341 5.033
325.600 5.039
325.859 5.044
326.118 5.055
326.377 5.058
326.636 5.058
326.895 5.065
327.154 5.064
327.413 5.061
327.672 5.063
327.931 5.069
328.190 5.076
328.449 5.089
328.708 5.099
328.967 5.103
329.226 5.108
329.485 5.114
329.743 5.117
330.002 5.120
330.261 5.125
330.520 5.128
330.779 5.123
331.038 5.129
331.297 5.148
331.556 5.155
331.815 5.157
332.074 5.157
332.333 5.166
332.592 5.182
332.851 5.189
333.110 5.193
333.369 5.186
333.628 5.173
333.887 5.165
334.146 5.164
334.405 5.170
334.664 5.176
334.923 5.190
335.182 5.200
335.441 5.193
335.700 5.188
335.959 5.193
336.217 5.202
336.476 5.215
336.735 5.225
336.994 5.239
337.253 5.265
337.512 5.287
337.771 5.301
338.030 5.306
338.289 5.312
338.548 5.323
338.807 5.336
339.066 5.356
339.325 5.361
339.584 5.363
339.843 5.372
340.102 5.376
340.361 5.377
340.620 5.388
340.879 5.397
341.138 5.397
341.397 5.388
341.656 5.390
341.915 5.398
342.174 5.403
342.433 5.424
342.691 5.448
342.950 5.461
343.209 5.474
343.468 5.492
343.727 5.504
343.986 5.521
344.245 5.535
344.504 5.546
344.763 5.559
345.022 5.565
345.281 5.568
345.540 5.582
345.799 5.589
346.058 5.594
346.317 5.602
346.576 5.615
346.835 5.628
347.094 5.635
347.353 5.647
347.612 5.652
347.871 5.667
348.130 5.674
348.389 5.671
348.648 5.668
348.907 5.671
349.166 5.695
349.424 5.713
349.683 5.728
349.942 5.748
350.201 5.766
350.460 5.779
350.719 5.780
350.978 5.775
351.237 5.794
351.496 5.812
351.755 5.816
352.014 5.819
352.273 5.822
352.532 5.826
352.791 5.832
353.050 5.840
353.309 5.849
353.568 5.848
353.827 5.856
354.086 5.863
354.345 5.857
354.604 5.854
354.863 5.839
355.122 5.846
355.381 5.861
355.640 5.866
355.898 5.871
356.157 5.882
356.416 5.893
356.675 5.909
356.934 5.920
357.193 5.943
357.452 5.963
357.711 5.967
357.970 5.983
358.229 5.994
358.488 5.988
358.747 5.985
359.006 5.984
359.265 5.994
359.524 6.016
359.783 6.031
360.042 6.034
360.301 6.038
360.560 6.051
360.819 6.063
361.078 6.066
361.337 6.073
361.596 6.093
361.855 6.111
362.114 6.126
362.372 6.147
362.631 6.160
362.890 6.162
363.149 6.157
363.408 6.168
363.667 6.177
363.926 6.187
364.185 6.204
364.444 6.223
364.703 6.231
364.962 6.225
365.221 6.238
365.480 6.255
365.745 6.252
366.009 6.254
366.274 6.275
366.539 6.288
366.804 6.298
367.068 6.304
367.333 6.303
367.598 6.309
367.863 6.314
368.127 6.318
368.392 6.330
368.657 6.343
368.921 6.335
369.186 6.333
369.451 6.349
369.716 6.359
369.980 6.366
370.245 6.385
370.510 6.398
370.775 6.416
371.039 6.429
371.304 6.433
371.569 6.438
371.834 6.446
372.098 6.452
372.363 6.459
372.628 6.467
372.892 6.483
373.157 6.479
373.422 6.471
373.687 6.471
373.951 6.474
374.216 6.472
374.481 6.478
374.746 6.490
375.010 6.499
375.275 6.496
375.540 6.486
375.804 6.476
376.069 6.475
376.334 6.481
376.599 6.477
376.863 6.476
377.128 6.482
377.393 6.485
377.658 6.486
377.922 6.485
378.187 6.488
378.452 6.485
378.716 6.483
378.981 6.489
379.246 6.495
379.511 6.497
379.775 6.499
380.040 6.500
380.305 6.491
380.570 6.487
380.834 6.498
381.099 6.515
381.364 6.520
381.629 6.520
381.893 6.530
382.158 6.534
382.423 6.520
382.687 6.515
382.952 6.522
383.217 6.529
383.482 6.537
383.746 6.538
384.011 6.546
384.276 6.557
384.541 6.551
384.805 6.537
385.070 6.533
385.335 6.533
385.599 6.534
385.864 6.533
386.129 6.538
386.394 6.540
386.658 6.538
386.923 6.536
387.188 6.527
387.453 6.519
387.717 6.519
387.982 6.516
388.247 6.513
388.511 6.503
388.776 6.491
389.041 6.487
389.306 6.486
389.570 6.479
389.835 6.469
390.100 6.469
390.365 6.478
390.629 6.481
390.894 6.478
391.159 6.477
391.424 6.481
391.688 6.473
391.953 6.467
392.218 6.473
392.482 6.481
392.747 6.485
393.012 6.483
393.277 6.491
393.541 6.499
393.806 6.498
394.071 6.503
394.336 6.498
394.600 6.490
394.865 6.488
395.130 6.484
395.394 6.482
395.659 6.485
395.924 6.484
396.189 6.484
396.453 6.488
396.718 6.494
396.983 6.483
397.248 6.477
397.512 6.474
397.777 6.467
398.042 6.452
398.306 6.444
398.571 6.440
398.836 6.440
399.101 6.434
399.365 6.432
399.630 6.442
399.895 6.454
400.160 6.453
400.424 6.448
400.689 6.457
400.954 6.469
401.219 6.475
401.483 6.472
401.748 6.462
402.013 6.459
402.277 6.454
402.542 6.452
402.807 6.456
403.072 6.460
403.336 6.460
403.601 6.467
403.866 6.472
404.131 6.481
404.395 6.491
404.660 6.501
404.929 6.499
405.198 6.494
405.466 6.499
405.735 6.509
406.004 6.526
406.273 6.526
406.542 6.507
406.810 6.497
407.079 6.492
407.348 6.492
407.617 6.485
407.886 6.489
408.154 6.496
408.423 6.497
408.692 6.495
408.961 6.488
409.229 6.489
409.498 6.496
409.767 6.494
410.036 6.489
410.305 6.483
410.573 6.490
410.842 6.495
411.111 6.496
411.380 6.498
411.649 6.492
411.917 6.477
412.186 6.474
412.455 6.473
412.724 6.470
412.993 6.463
413.261 6.469
413.530 6.462
413.799 6.458
414.068 6.459
414.337 6.464
414.605 6.471
414.874 6.474
415.143 6.472
415.412 6.474
415.681 6.465
415.949 6.445
416.218 6.435
416.487 6.432
416.756 6.427
417.024 6.423
417.293 6.413
417.562 6.406
417.831 6.406
418.100 6.413
418.368 6.419
418.637 6.416
418.906 6.411
419.175 6.415
419.444 6.414
419.712 6.419
419.981 6.419
420.250 6.418
420.519 6.412
420.788 6.397
421.056 6.383
421.325 6.385
421.594 6.381
421.863 6.371
422.132 6.361
422.400 6.349
422.669 6.346
422.938 6.349
423.207 6.346
423.476 6.343
423.744 6.340
424.013 6.347
424.282 6.352
424.551 6.344
424.819 6.324
425.088 6.308
425.357 6.307
425.626 6.307
425.895 6.302
426.163 6.295
426.432 6.296
426.701 6.291
426.970 6.274
427.239 6.258
427.507 6.248
427.776 6.236
428.045 6.235
428.314 6.242
428.583 6.243
428.851 6.237
429.120 6.229
429.389 6.228
429.658 6.226
429.927 6.224
430.195 6.218
430.464 6.215
430.733 6.219
431.002 6.217
431.271 6.212
431.539 6.204
431.808 6.195
432.077 6.194
432.346 6.197
432.614 6.198
432.883 6.196
433.152 6.203
433.421 6.206
433.690 6.204
433.958 6.208
434.227 6.206
434.496 6.195
434.765 6.186
435.034 6.189
435.302 6.188
435.571 6.178
435.840 6.165
436.116 6.156
436.393 6.160
436.669 6.162
436.945 6.163
437.221 6.170
437.498 6.174
437.774 6.176
438.050 6.187
438.326 6.192
438.603 6.194
438.879 6.192
439.155 6.184
439.431 6.180
439.708 6.181
439.984 6.181
440.260 6.182
440.537 6.175
440.813 6.166
441.089 6.171
441.365 6.181
441.642 6.180
441.918 6.177
442.194 6.175
442.470 6.162
442.747 6.156
443.023 6.143
443.299 6.142
443.575 6.149
443.852 6.149
444.128 6.150
444.404 6.154
444.680 6.149
444.957 6.138
445.233 6.134
445.509 6.136
445.786 6.138
446.062 6.130
446.338 6.124
446.614 6.121
446.891 6.122
447.167 6.113
447.443 6.110
447.719 6.102
447.996 6.095
448.272 6.095
448.548 6.095
448.824 6.090
449.101 6.089
449.377 6.090
449.653 6.089
449.930 6.081
450.206 6.072
450.482 6.074
450.758 6.073
451.035 6.072
451.311 6.075
451.587 6.074
451.863 6.069
452.140 6.070
452.416 6.067
452.692 6.071
452.968 6.069
453.245 6.062
453.521 6.063
453.797 6.064
454.074 6.058
454.350 6.056
454.626 6.052
454.902 6.050
455.179 6.050
455.455 6.049
455.731 6.045
456.007 6.042
456.284 6.037
456.560 6.026
456.836 6.021
457.112 6.017
457.389 6.015
457.665 6.016
457.941 6.010
458.218 5.999
458.494 5.994
458.770 5.986
459.046 5.985
459.323 5.990
459.599 5.992
459.875 5.998
460.151 5.997
460.428 5.996
460.704 6.001
460.980 5.999
461.256 6.000
461.533 6.005
461.809 6.013
462.085 6.015
462.361 6.012
462.638 6.007
462.914 6.012
463.190 6.009
463.467 6.005
463.743 5.999
464.019 5.993
464.295 5.983
464.572 5.986
464.848 5.991
465.124 5.996
465.400 6.001
465.677 6.004
465.953 6.003
466.229 6.002
466.505 6.003
466.782 5.998
467.058 5.998
467.334 5.999
467.611 6.002
467.887 6.006
468.163 6.003
468.439 6.000
468.716 5.995
468.992 5.987
469.268 5.988
469.544 5.992
469.821 5.994
470.097 5.989
470.373 5.976
470.649 5.966
470.926 5.962
471.202 5.955
471.478 5.956
471.755 5.946
472.031 5.946
472.307 5.950
472.583 5.951
472.860 5.959
473.136 5.968
473.412 5.976
473.688 5.978
473.965 5.977
474.241 5.974
474.517 5.973
474.793 5.976
475.070 5.982
475.346 5.991
475.622 6.000
475.899 5.995
476.175 5.990
476.451 5.989
476.727 5.986
477.004 5.982
477.280 5.970
477.556 5.961
477.832 5.958
478.109 5.950
478.385 5.942
478.661 5.933
478.937 5.920
479.214 5.912
479.490 5.909
479.766 5.904
480.043 5.906
480.319 5.906
480.595 5.903
480.871 5.909
481.148 5.910
481.424 5.904
481.700 5.898
481.976 5.897
482.253 5.891
482.529 5.890
482.805 5.889
483.081 5.885
483.358 5.878
483.634 5.884
483.910 5.880
484.186 5.875
484.463 5.868
484.739 5.856
485.015 5.852
485.292 5.854
485.568 5.854
485.844 5.853
486.120 5.852
486.397 5.842
486.673 5.839
486.949 5.844
487.225 5.849
487.502 5.851
487.778 5.852
488.054 5.856
488.330 5.855
488.607 5.854
488.883 5.846
489.159 5.841
489.436 5.838
489.712 5.829
489.988 5.821
490.264 5.818
490.541 5.817
490.817 5.813
491.093 5.814
491.369 5.818
491.646 5.817
491.922 5.814
492.198 5.810
492.474 5.805
492.751 5.807
493.027 5.805
493.303 5.799
493.580 5.796
493.856 5.799
494.132 5.812
494.408 5.812
494.685 5.812
494.961 5.810
495.237 5.812
495.513 5.816
495.790 5.824
496.066 5.837
496.342 5.847
496.618 5.853
496.895 5.857
497.171 5.852
497.447 5.851
497.724 5.850
498.000 5.846
498.276 5.846
498.552 5.847
498.829 5.843
499.105 5.835
499.381 5.828
499.657 5.827
499.934 5.823
500.210 5.824
500.486 5.827
500.762 5.833
501.039 5.831
501.315 5.826
501.591 5.834
501.867 5.845
502.144 5.849
502.420 5.851
502.696 5.851
502.973 5.849
503.249 5.847
503.525 5.842
503.801 5.838
504.078 5.833
504.354 5.822
504.630 5.821
504.906 5.817
505.183 5.811
505.459 5.810
505.735 5.808
506.011 5.805
506.288 5.807
506.564 5.807
506.840 5.805
507.117 5.808
507.393 5.813
507.669 5.815
507.945 5.814
508.222 5.811
508.498 5.805
508.774 5.804
509.050 5.801
509.327 5.801
509.603 5.802
509.879 5.803
510.155 5.801
510.432 5.806
510.708 5.805
510.984 5.796
511.261 5.797
511.537 5.796
511.813 5.797
512.089 5.800
512.366 5.800
512.642 5.796
512.918 5.789
513.194 5.780
513.471 5.772
513.747 5.769
514.023 5.774
514.299 5.776
514.576 5.774
514.852 5.776
515.128 5.781
515.405 5.781
515.681 5.775
515.957 5.780
516.233 5.782
516.510 5.776
516.786 5.774
517.062 5.775
517.338 5.769
517.615 5.761
517.891 5.760
518.167 5.767
518.443 5.758
518.720 5.739
518.996 5.728
519.272 5.723
519.548 5.721
519.825 5.718
520.101 5.722
520.377 5.732
520.654 5.735
520.930 5.734
521.206 5.742
521.482 5.745
521.759 5.749
522.035 5.747
522.311 5.747
522.587 5.749
522.864 5.751
523.140 5.750
523.416 5.747
523.692 5.747
523.969 5.744
524.245 5.741
524.521 5.735
524.798 5.728
525.074 5.718
525.350 5.713
525.626 5.712
525.903 5.710
526.179 5.702
526.455 5.695
526.731 5.693
527.008 5.699
527.284 5.698
527.560 5.698
527.836 5.694
528.113 5.696
528.389 5.702
528.665 5.703
528.942 5.697
529.218 5.696
529.494 5.702
529.770 5.702
530.047 5.695
530.323 5.693
530.599 5.690
530.875 5.685
531.152 5.679
531.428 5.678
531.704 5.679
531.980 5.674
532.257 5.672
532.533 5.676
532.809 5.676
533.086 5.675
533.362 5.675
533.638 5.676
533.914 5.673
534.191 5.665
534.467 5.659
534.743 5.658
535.019 5.654
535.296 5.658
535.572 5.668
535.848 5.673
536.124 5.671
536.401 5.668
536.677 5.665
536.953 5.664
537.230 5.656
537.506 5.652
537.782 5.653
538.058 5.651
538.335 5.646
538.611 5.644
538.887 5.643
539.163 5.640
539.440 5.639
539.716 5.634
539.992 5.633
540.268 5.642
540.545 5.641
540.821 5.634
541.097 5.625
541.373 5.626
541.650 5.632
541.926 5.635
542.202 5.636
542.479 5.635
542.755 5.636
543.031 5.637
543.307 5.637
543.584 5.634
543.860 5.629
544.136 5.620
544.412 5.614
544.689 5.618
544.965 5.616
545.241 5.609
545.517 5.606
545.794 5.604
546.070 5.603
546.356 5.597
546.642 5.591
546.928 5.593
547.214 5.592
547.500 5.588
547.786 5.590
548.072 5.592
548.358 5.593
548.644 5.591
548.930 5.590
549.216 5.590
549.502 5.589
549.788 5.588
550.074 5.590
550.360 5.590
550.646 5.585
550.932 5.580
551.218 5.580
551.504 5.584
551.790 5.581
552.076 5.573
552.362 5.569
552.648 5.561
552.934 5.562
553.220 5.565
553.506 5.566
553.793 5.570
554.079 5.570
554.365 5.567
554.651 5.563
554.937 5.559
555.223 5.560
555.509 5.562
555.795 5.557
556.081 5.557
556.367 5.555
556.653 5.556
556.939 5.559
557.225 5.559
557.511 5.551
557.797 5.547
558.083 5.546
558.369 5.548
558.655 5.547
558.941 5.543
559.227 5.541
559.513 5.539
559.799 5.538
560.085 5.536
560.371 5.540
560.657 5.540
560.943 5.536
561.229 5.537
561.515 5.540
561.801 5.537
562.087 5.526
562.373 5.519
562.659 5.517
562.945 5.518
563.231 5.520
563.517 5.513
563.803 5.504
564.089 5.506
564.375 5.507
564.661 5.508
564.947 5.505
565.233 5.496
565.519 5.487
565.805 5.485
566.091 5.483
566.377 5.478
566.663 5.479
566.949 5.475
567.235 5.470
567.521 5.465
567.807 5.463
568.093 5.466
568.379 5.465
568.665 5.462
568.951 5.462
569.237 5.462
569.524 5.461
569.810 5.456
570.096 5.458
570.382 5.457
570.668 5.455
570.954 5.450
571.240 5.444
571.526 5.438
571.812 5.436
572.098 5.437
572.384 5.441
572.670 5.436
572.956 5.428
573.242 5.423
573.528 5.418
573.814 5.414
574.100 5.407
574.386 5.403
574.672 5.400
574.958 5.398
575.244 5.396
575.530 5.401
575.816 5.405
576.102 5.403
576.388 5.400
576.674 5.401
576.960 5.398
577.248 5.395
577.536 5.396
577.824 5.392
578.113 5.391
578.401 5.391
578.689 5.387
578.977 5.390
579.265 5.391
579.553 5.390
579.841 5.391
580.130 5.390
580.418 5.389
580.706 5.384
580.994 5.382
581.282 5.387
581.570 5.390
581.858 5.389
582.147 5.391
582.435 5.395
582.723 5.406
583.011 5.416
583.299 5.416
583.587 5.419
583.875 5.423
584.164 5.423
584.452 5.428
584.740 5.431
585.028 5.433
585.316 5.431
585.604 5.432
585.892 5.433
586.181 5.431
586.469 5.427
586.757 5.429
587.045 5.431
587.333 5.430
587.621 5.427
587.909 5.420
588.198 5.414
588.486 5.413
588.774 5.412
589.062 5.415
589.350 5.417
589.638 5.411
589.927 5.402
590.215 5.397
590.503 5.401
590.791 5.403
591.079 5.405
591.367 5.411
591.655 5.416
591.944 5.419
592.232 5.418
592.520 5.420
592.808 5.421
593.096 5.418
593.384 5.419
593.672 5.417
593.961 5.413
594.249 5.407
594.537 5.410
594.825 5.413
595.113 5.413
595.401 5.413
595.689 5.412
595.978 5.413
596.266 5.414
596.554 5.412
596.842 5.416
597.130 5.423
597.418 5.435
597.706 5.439
597.995 5.433
598.283 5.432
598.571 5.433
598.859 5.432
599.147 5.429
599.435 5.434
599.723 5.432
600.012 5.427
600.300 5.423
600.588 5.424
600.876 5.429
601.164 5.429
601.452 5.427
601.740 5.422
602.029 5.419
602.317 5.420
602.605 5.418
602.893 5.421
603.181 5.419
603.469 5.421
603.757 5.424
604.046 5.421
604.334 5.418
604.622 5.421
604.910 5.425
605.198 5.427
605.486 5.437
605.774 5.444
606.063 5.446
606.351 5.448
606.639 5.451
606.927 5.451
607.215 5.460
607.503 5.466
607.791 5.474
608.080 5.477
608.368 5.478
608.656 5.476
608.944 5.472
609.232 5.469
609.520 5.469
609.808 5.475
610.097 5.483
610.385 5.487
610.673 5.497
610.961 5.498
611.249 5.504
611.537 5.511
611.825 5.513
612.114 5.509
612.402 5.506
612.690 5.506
612.978 5.507
613.266 5.513
613.554 5.517
613.843 5.521
614.131 5.520
614.419 5.513
614.707 5.509
614.995 5.499
615.283 5.494
615.571 5.507
615.860 5.523
616.148 5.525
616.436 5.525
616.724 5.524
617.012 5.520
617.300 5.521
617.588 5.523
617.877 5.521
618.165 5.514
618.453 5.512
618.741 5.519
619.029 5.520
619.317 5.525
619.605 5.524
619.894 5.527
620.182 5.529
620.470 5.523
620.758 5.524
621.046 5.532
621.334 5.533
621.622 5.540
621.911 5.548
622.199 5.553
622.487 5.554
622.775 5.551
623.063 5.545
623.351 5.543
623.639 5.546
623.928 5.546
624.216 5.542
624.504 5.539
624.792 5.534
625.080 5.534
625.368 5.532
625.656 5.534
625.945 5.542
626.233 5.549
626.521 5.553
626.809 5.554
627.097 5.553
627.385 5.553
627.673 5.551
627.962 5.549
628.250 5.549
628.538 5.546
628.826 5.544
629.114 5.541
629.402 5.549
629.690 5.566
629.979 5.581
630.267 5.580
630.555 5.582
630.843 5.579
631.131 5.576
631.419 5.571
631.707 5.567
631.996 5.574
632.284 5.580
632.572 5.585
632.860 5.586
633.148 5.579
633.436 5.571
633.724 5.577
634.013 5.584
634.301 5.592
634.589 5.588
634.877 5.585
635.165 5.593
635.453 5.597
635.741 5.597
636.030 5.594
636.318 5.588
636.606 5.584
636.894 5.577
637.182 5.582
637.470 5.581
637.759 5.584
638.047 5.593
638.335 5.597
638.623 5.592
638.911 5.589
639.199 5.594
639.487 5.597
639.776 5.595
640.064 5.598
640.352 5.606
640.640 5.612
640.928 5.613
641.216 5.611
641.504 5.615
641.793 5.622
642.081 5.623
642.369 5.623
642.657 5.623
642.945 5.621
643.233 5.620
643.521 5.614
643.810 5.611
644.098 5.611
644.386 5.609
644.674 5.613
644.962 5.609
645.250 5.603
645.538 5.595
645.827 5.581
646.115 5.576
646.403 5.569
646.691 5.566
646.979 5.564
647.267 5.549
647.555 5.530
647.844 5.531
648.132 5.524
648.420 5.517
648.708 5.511
648.996 5.512
649.284 5.519
649.572 5.513
649.861 5.509
650.149 5.507
650.437 5.512
650.725 5.513
651.013 5.502
651.301 5.496
651.589 5.488
651.878 5.477
652.166 5.482
652.454 5.490
652.742 5.490
653.030 5.490
653.318 5.493
653.606 5.500
653.895 5.502
654.183 5.505
654.471 5.518
654.759 5.516
655.047 5.516
655.335 5.513
655.623 5.510
655.912 5.506
656.200 5.506
656.488 5.513
656.776 5.507
657.064 5.498
657.352 5.499
657.640 5.501
657.929 5.501
658.217 5.495
658.505 5.497
658.793 5.504
659.081 5.506
659.369 5.504
659.657 5.505
659.946 5.505
660.234 5.512
660.522 5.519
660.810 5.515
661.098 5.510
661.386 5.507
661.675 5.504
661.963 5.505
662.251 5.504
662.539 5.508
662.827 5.510
663.115 5.522
663.403 5.537
663.692 5.546
663.980 5.553
664.268 5.559
664.556 5.561
664.844 5.563
665.132 5.569
665.420 5.573
665.709 5.584
665.997 5.597
666.285 5.606
666.573 5.612
666.861 5.613
667.149 5.618
667.437 5.618
667.726 5.625
668.014 5.629
668.302 5.629
668.590 5.645
668.878 5.653
669.166 5.659
669.454 5.667
669.743 5.670
670.031 5.671
670.319 5.673
670.607 5.678
670.895 5.691
671.183 5.694
671.471 5.695
671.760 5.694
672.048 5.694
672.336 5.700
672.624 5.707
672.912 5.705
673.200 5.704
673.488 5.714
673.777 5.721
674.065 5.721
674.353 5.722
674.641 5.724
674.929 5.725
675.217 5.721
675.505 5.726
675.794 5.732
676.082 5.736
676.370 5.736
676.658 5.743
676.946 5.751
677.234 5.757
677.522 5.759
677.811 5.759
678.099 5.758
678.387 5.765
678.675 5.772
678.963 5.775
679.251 5.785
679.539 5.793
679.828 5.795
680.116 5.803
680.404 5.816
680.692 5.820
680.980 5.820
681.268 5.822
681.556 5.820
681.845 5.821
682.133 5.820
682.421 5.827
682.709 5.832
682.997 5.831
683.285 5.830
683.573 5.828
683.862 5.824
684.150 5.826
684.438 5.829
684.726 5.838
685.014 5.857
685.302 5.860
685.591 5.868
685.879 5.879
686.167 5.882
686.455 5.884
686.743 5.889
687.031 5.890
687.319 5.894
687.608 5.896
687.896 5.893
688.184 5.896
688.472 5.896
688.760 5.902
689.048 5.908
689.336 5.908
689.625 5.905
689.913 5.899
690.201 5.896
690.489 5.903
690.777 5.912
691.065 5.911
691.353 5.913
691.642 5.926
691.930 5.928
692.218 5.926
692.506 5.926
692.794 5.925
693.082 5.926
693.370 5.923
693.659 5.922
693.947 5.918
694.235 5.907
694.523 5.905
694.811 5.912
695.099 5.925
695.387 5.931
695.676 5.938
695.964 5.948
696.252 5.959
696.540 5.971
696.836 5.974
697.133 5.971
697.429 5.976
697.725 5.982
698.021 5.984
698.318 5.983
698.614 5.976
698.910 5.977
699.207 5.985
699.503 5.997
699.799 6.008
700.095 6.010
700.392 6.014
700.688 6.018
700.984 6.025
701.281 6.041
701.577 6.058
701.873 6.067
702.169 6.089
702.466 6.095
702.762 6.086
703.058 6.083
703.355 6.087
703.651 6.091
703.947 6.090
704.243 6.096
704.540 6.103
704.836 6.116
705.132 6.118
705.428 6.119
705.725 6.125
706.021 6.119
706.317 6.113
706.614 6.102
706.910 6.099
707.206 6.113
707.502 6.131
707.799 6.136
708.095 6.137
708.391 6.143
708.688 6.142
708.984 6.147
709.280 6.149
709.576 6.135
709.873 6.139
710.169 6.148
710.465 6.159
710.762 6.170
711.058 6.173
711.354 6.181
711.650 6.192
711.947 6.211
712.243 6.225
712.539 6.238
712.836 6.240
713.132 6.233
713.428 6.236
713.724 6.234
714.021 6.232
714.317 6.243
714.613 6.249
714.910 6.255
715.206 6.272
715.502 6.277
715.798 6.269
716.095 6.269
716.391 6.278
716.687 6.293
716.984 6.301
717.280 6.313
717.576 6.308
717.872 6.312
718.169 6.316
718.465 6.318
718.761 6.326
719.058 6.332
719.354 6.321
719.650 6.310
719.946 6.305
720.243 6.296
720.539 6.299
720.835 6.305
721.131 6.311
721.428 6.313
721.724 6.318
722.020 6.318
722.317 6.316
722.613 6.315
722.909 6.311
723.205 6.317
723.502 6.327
723.798 6.339
724.094 6.357
724.391 6.361
724.687 6.377
724.983 6.404
725.279 6.406
725.576 6.401
725.872 6.419
726.168 6.427
726.465 6.426
726.761 6.431
727.057 6.435
727.353 6.444
727.650 6.453
727.946 6.459
728.242 6.463
728.539 6.471
728.835 6.475
729.131 6.482
729.427 6.490
729.724 6.490
730.020 6.492
730.316 6.501
730.613 6.490
730.909 6.489
731.205 6.496
731.501 6.499
731.798 6.517
732.094 6.531
732.390 6.521
732.687 6.512
732.983 6.507
733.279 6.504
733.575 6.504
733.872 6.508
734.168 6.515
734.464 6.522
734.761 6.529
735.057 6.531
735.353 6.539
735.649 6.554
735.946 6.557
736.242 6.569
736.538 6.587
736.835 6.598
737.131 6.596
737.427 6.611
737.723 6.620
738.020 6.634
738.316 6.649
738.612 6.666
738.909 6.678
739.205 6.689
739.501 6.695
739.797 6.696
740.094 6.707
740.390 6.721
740.686 6.729
740.982 6.727
741.279 6.728
741.575 6.733
741.871 6.731
742.168 6.725
742.464 6.724
742.760 6.732
743.056 6.718
743.353 6.727
743.649 6.740
743.945 6.740
744.242 6.752
744.538 6.760
744.834 6.760
745.130 6.760
745.427 6.761
745.723 6.764
746.019 6.776
746.316 6.777
746.612 6.769
746.908 6.766
747.204 6.762
747.501 6.765
747.797 6.768
748.093 6.758
748.390 6.752
748.686 6.767
748.982 6.783
749.278 6.789
749.575 6.786
749.871 6.777
750.167 6.770
750.464 6.784
750.760 6.807
751.056 6.819
751.352 6.829
751.649 6.836
751.945 6.850
752.241 6.855
752.538 6.856
752.834 6.855
753.130 6.854
753.426 6.850
753.723 6.849
754.019 6.854
754.315 6.852
754.611 6.846
754.908 6.858
755.204 6.874
755.500 6.872
755.797 6.881
756.093 6.876
756.389 6.874
756.685 6.868
756.982 6.873
757.278 6.871
757.574 6.859
757.871 6.855
758.167 6.859
758.463 6.864
758.759 6.876
759.056 6.887
759.352 6.905
759.648 6.920
759.945 6.928
760.241 6.930
760.537 6.941
760.833 6.944
761.130 6.951
761.426 6.945
761.722 6.943
762.019 6.941
762.315 6.941
762.611 6.952
762.907 6.981
763.204 7.000
763.500 7.009
763.804 7.027
764.108 7.036
764.412 7.056
764.716 7.075
765.020 7.093
765.324 7.125
765.628 7.136
765.932 7.146
766.236 7.157
766.540 7.170
766.844 7.185
767.148 7.192
767.452 7.201
767.756 7.220
768.060 7.235
768.364 7.255
768.668 7.268
768.972 7.273
769.276 7.273
769.580 7.279
769.884 7.302
770.188 7.311
770.492 7.316
770.796 7.329
771.100 7.356
771.404 7.383
771.708 7.394
772.012 7.403
772.316 7.423
772.620 7.439
772.924 7.450
773.228 7.456
773.532 7.466
773.836 7.497
774.140 7.516
774.444 7.537
774.748 7.552
775.052 7.561
775.356 7.574
775.659 7.610
775.963 7.665
776.267 7.700
776.571 7.706
776.875 7.718
777.179 7.742
777.483 7.772
777.787 7.783
778.091 7.784
778.395 7.800
778.699 7.836
779.003 7.873
779.307 7.887
779.611 7.892
779.915 7.901
780.219 7.908
780.523 7.935
780.827 7.966
781.131 7.976
781.435 7.999
781.739 8.023
782.043 8.056
782.347 8.079
782.651 8.090
782.955 8.096
783.259 8.104
783.563 8.119
783.867 8.111
784.171 8.128
784.475 8.145
784.779 8.154
785.083 8.155
785.387 8.146
785.691 8.143
785.995 8.154
786.299 8.164
786.603 8.165
786.907 8.167
787.211 8.189
787.515 8.211
787.819 8.240
788.123 8.244
788.427 8.234
788.731 8.234
789.035 8.249
789.339 8.271
789.643 8.269
789.947 8.268
790.251 8.278
790.555 8.290
790.859 8.304
791.163 8.329
791.467 8.345
791.771 8.331
792.075 8.324
792.379 8.326
792.683 8.342
792.987 8.368
793.291 8.376
793.595 8.389
793.899 8.407
794.203 8.403
794.507 8.380
794.811 8.371
795.115 8.387
795.419 8.403
795.723 8.394
796.027 8.379
796.331 8.382
796.635 8.413
796.939 8.415
797.243 8.406
797.547 8.406
797.851 8.431
798.155 8.460
798.459 8.477
798.763 8.497
799.067 8.496
799.371 8.478
799.674 8.485
799.978 8.485
800.282 8.502
800.586 8.491
800.890 8.476
801.194 8.496
801.498 8.517
801.802 8.533
802.106 8.542
802.410 8.569
802.714 8.590
803.018 8.606
803.322 8.608
803.626 8.613
803.930 8.643
804.234 8.670
804.538 8.680
804.842 8.694
805.146 8.708
805.450 8.726
805.754 8.723
806.058 8.731
806.362 8.746
806.666 8.747
806.970 8.743
807.274 8.755
807.578 8.782
807.882 8.781
808.186 8.778
808.490 8.781
808.794 8.800
809.098 8.809
809.402 8.811
809.706 8.816
810.010 8.816
810.314 8.851
810.618 8.884
810.922 8.889
811.226 8.890
811.530 8.880
811.834 8.868
812.137 8.861
812.441 8.871
812.744 8.879
813.048 8.882
813.351 8.910
813.655 8.919
813.958 8.901
814.262 8.903
814.565 8.911
814.869 8.909
815.172 8.890
815.476 8.891
815.779 8.905
816.083 8.921
816.386 8.901
816.690 8.904
816.993 8.942
817.297 8.974
817.600 9.023
817.904 9.056
818.208 9.066
818.511 9.066
818.815 9.048
819.118 9.065
819.422 9.089
819.725 9.088
820.029 9.088
820.332 9.099
820.636 9.139
820.939 9.179
821.243 9.177
821.546 9.194
821.850 9.244
822.153 9.303
822.457 9.320
822.760 9.334
823.064 9.353
823.367 9.351
823.671 9.339
823.974 9.333
824.278 9.336
824.582 9.342
824.885 9.357
825.189 9.392
825.492 9.430
825.796 9.458
826.099 9.460
826.403 9.464
826.706 9.509
827.010 9.548
827.313 9.570
827.617 9.596
827.920 9.587
828.224 9.579
828.527 9.592
828.831 9.580
829.134 9.573
829.438 9.589
829.741 9.614
830.045 9.639
830.348 9.639
830.652 9.654
830.956 9.664
831.259 9.688
831.563 9.717
831.866 9.723
832.170 9.750
832.473 9.771
832.777 9.773
833.080 9.761
833.384 9.779
833.687 9.806
833.991 9.818
834.294 9.814
834.598 9.802
834.901 9.839
835.205 9.874
835.508 9.856
835.812 9.840
836.115 9.841
836.419 9.855
836.722 9.855
837.026 9.859
837.330 9.874
837.633 9.893
837.937 9.911
838.240 9.922
838.544 9.928
838.847 9.947
839.151 9.946
839.454 9.953
839.758 9.974
840.061 9.996
840.365 10.035
840.668 10.062
840.972 10.102
841.275 10.140
841.579 10.196
841.882 10.243
842.186 10.298
842.489 10.327
842.793 10.366
843.097 10.391
843.400 10.402
843.704 10.411
844.007 10.433
844.311 10.461
844.614 10.476
844.918 10.504
845.221 10.529
845.525 10.535
845.828 10.516
846.132 10.533
846.435 10.601
846.739 10.637
847.042 10.666
847.346 10.723
847.649 10.765
847.953 10.778
848.256 10.801
848.560 10.833
848.863 10.910
849.167 10.967
849.471 10.990
849.774 11.006
850.078 11.051
850.381 11.084
850.685 11.116
850.988 11.193
851.292 11.224
851.595 11.262
851.899 11.276
852.202 11.287
852.506 11.357
852.809 11.425
853.113 11.448
853.416 11.429
853.720 11.419
854.023 11.458
854.327 11.489
854.630 11.490
854.934 11.491
855.237 11.511
855.541 11.529
855.845 11.553
856.148 11.539
856.452 11.512
856.755 11.489
857.059 11.496
857.362 11.526
857.666 11.558
857.969 11.541
858.273 11.516
858.576 11.522
858.880 11.502
859.183 11.437
859.487 11.382
859.790 11.347
860.094 11.318
860.397 11.323
860.701 11.322
861.004 11.331
861.308 11.307
861.611 11.305
861.915 11.309
862.219 11.290
862.522 11.266
862.826 11.239
863.129 11.250
863.433 11.247
863.736 11.201
864.040 11.203
864.343 11.234
864.647 11.219
864.950 11.195
865.254 11.199
865.557 11.180
865.861 11.149
866.164 11.141
866.468 11.145
866.771 11.134
867.075 11.129
867.378 11.083
867.682 11.039
867.985 11.022
868.289 11.011
868.593 10.982
868.896 10.973
869.200 10.955
869.503 10.914
869.807 10.943
870.110 10.963
870.414 10.982
870.717 10.976
871.021 10.916
871.324 10.869
871.628 10.866
871.931 10.898
872.235 10.894
872.538 10.852
872.842 10.843
873.145 10.813
873.449 10.808
873.752 10.828
874.056 10.828
874.359 10.786
874.663 10.804
874.967 10.846
875.270 10.883
875.574 10.895
875.877 10.850
876.181 10.785
876.484 10.761
876.788 10.795
877.091 10.766
877.395 10.737
877.698 10.761
878.002 10.777
878.305 10.797
878.609 10.791
878.912 10.772
879.216 10.758
879.519 10.723
879.823 10.704
880.126 10.682
880.430 10.676
880.733 10.703
881.037 10.722
881.341 10.743
881.644 10.735
881.948 10.758
882.251 10.815
882.555 10.819
882.858 10.811
883.162 10.845
883.465 10.880
883.769 10.898
884.072 10.918
884.376 10.952
884.679 10.997
884.983 10.993
885.286 11.004
885.590 11.013
885.893 11.043
886.197 11.072
886.500 11.100
886.804 11.119
887.107 11.136
887.411 11.183
887.715 11.231
888.018 11.235
888.322 11.216
888.625 11.243
888.929 11.245
889.232 11.234
889.536 11.241
889.839 11.250
890.143 11.272
890.446 11.270
890.750 11.271
891.053 11.296
891.357 11.303
891.660 11.348
891.964 11.366
892.267 11.351
892.571 11.362
892.874 11.417
893.178 11.437
893.482 11.437
893.785 11.459
894.089 11.494
894.392 11.552
894.696 11.609
894.999 11.648
895.303 11.657
895.606 11.664
895.910 11.677
896.213 11.684
896.517 11.704
896.820 11.712
897.124 11.718
897.427 11.742
897.731 11.785
898.034 11.866
898.338 11.922
898.641 11.949
898.945 11.995
899.248 12.029
899.552 12.075
899.856 12.088
900.159 12.101
900.463 12.121
900.766 12.102
901.070 12.134
901.373 12.179
901.677 12.220
901.980 12.223
902.284 12.238
902.587 12.253
902.891 12.223
903.194 12.167
903.498 12.172
903.801 12.172
904.105 12.186
904.408 12.207
904.712 12.194
905.015 12.176
905.319 12.178
905.622 12.190
905.926 12.138
906.230 12.080
906.533 12.067
906.837 12.069
907.140 12.097
907.444 12.152
907.747 12.204
908.051 12.250
908.354 12.270
908.658 12.307
908.961 12.338
909.265 12.348
909.568 12.392
909.872 12.426
910.175 12.436
910.479 12.457
910.782 12.472
911.086 12.469
911.389 12.452
911.693 12.472
911.996 12.507
912.300 12.540
912.613 12.563
912.926 12.575
913.238 12.612
913.551 12.669
913.864 12.715
914.176 12.782
914.489 12.830
914.802 12.861
915.115 12.906
915.427 12.914
915.740 12.955
916.053 13.033
916.366 13.043
916.678 13.038
916.991 13.083
917.304 13.133
917.617 13.155
917.929 13.214
918.242 13.222
918.555 13.252
918.868 13.289
919.180 13.326
919.493 13.377
919.806 13.377
920.119 13.364
920.431 13.323
920.744 13.341
921.057 13.382
921.370 13.469
921.682 13.594
921.995 13.655
922.308 13.715
922.621 13.856
922.933 13.991
923.246 14.033
923.559 14.086
923.872 14.174
924.184 14.213
924.497 14.250
924.810 14.336
925.123 14.466
925.435 14.583
925.748 14.682
926.061 14.783
926.374 14.825
926.686 14.894
926.999 15.017
927.312 15.191
927.625 15.332
927.937 15.406
928.250 15.526
928.563 15.629
928.876 15.693
929.188 15.779
929.501 15.869
929.814 16.006
930.127 16.118
930.439 16.290
930.752 16.417
931.065 16.508
931.378 16.602
931.690 16.701
932.003 16.789
932.316 16.898
932.629 16.963
932.941 17.053
933.254 17.178
933.567 17.277
933.880 17.402
934.192 17.594
934.505 17.776
934.818 17.916
935.131 18.004
935.443 18.224
935.756 18.393
936.069 18.524
936.382 18.655
936.694 18.858
937.007 19.032
937.320 19.147
937.633 19.272
937.945 19.404
938.258 19.477
938.571 19.551
938.884 19.737
939.196 19.944
939.509 20.136
939.822 20.224
940.135 20.290
940.447 20.378
940.760 20.479
941.073 20.564
941.386 20.660
941.698 20.692
942.011 20.797
942.324 20.967
942.637 21.066
942.949 21.138
943.262 21.278
943.575 21.444
943.888 21.574
944.200 21.653
944.513 21.743
944.826 21.855
945.139 21.944
945.451 22.037
945.764 22.099
946.077 22.121
946.390 22.149
946.702 22.162
947.015 22.112
947.328 22.094
947.641 22.135
947.953 22.162
948.266 22.189
948.579 22.289
948.892 22.336
949.204 22.380
949.517 22.367
949.830 22.391
950.143 22.436
950.455 22.527
950.768 22.590
951.081 22.620
951.394 22.652
951.706 22.729
952.019 22.725
952.332 22.714
952.645 22.686
952.957 22.670
953.270 22.671
953.583 22.723
953.896 22.731
954.208 22.683
954.521 22.600
954.834 22.599
955.147 22.599
955.459 22.598
955.772 22.512
956.085 22.447
956.398 22.464
956.710 22.452
957.023 22.455
957.336 22.534
957.649 22.587
957.961 22.611
958.274 22.628
958.587 22.550
958.900 22.559
959.212 22.569
959.525 22.448
959.838 22.381
960.151 22.461
960.463 22.488
960.776 22.491
961.089 22.385
961.402 22.317
961.714 22.366
962.027 22.376
962.340 22.404
962.653 22.407
962.965 22.417
963.278 22.412
963.591 22.391
963.904 22.360
964.216 22.280
964.529 22.233
964.842 22.214
965.154 22.205
965.467 22.187
965.780 22.140
966.094 22.262
966.409 22.404
966.723 22.436
967.037 22.459
967.352 22.491
967.666 22.492
967.980 22.564
968.295 22.591
968.609 22.590
968.923 22.564
969.238 22.521
969.552 22.479
969.866 22.543
970.181 22.583
970.495 22.574
970.809 22.555
971.124 22.589
971.438 22.629
971.752 22.811
972.067 22.909
972.381 22.852
972.695 22.802
973.010 22.861
973.324 22.972
973.638 23.017
973.953 23.033
974.267 23.058
974.581 23.083
974.896 23.107
975.210 23.170
975.524 23.233
975.839 23.341
976.153 23.494
976.467 23.556
976.781 23.608
977.096 23.592
977.410 23.561
977.724 23.723
978.039 23.820
978.353 23.925
978.667 24.185
978.982 24.328
979.296 24.339
979.610 24.431
979.925 24.466
980.239 24.507
980.553 24.496
980.868 24.535
981.182 24.590
981.496 24.643
981.811 24.615
982.125 24.616
982.439 24.703
982.754 24.807
983.068 24.897
983.382 25.022
983.697 25.177
984.011 25.278
984.325 25.336
984.640 25.372
984.954 25.478
985.268 25.558
985.583 25.557
985.897 25.591
986.211 25.701
986.526 25.773
986.840 25.818
987.154 25.855
987.469 25.904
987.783 26.011
988.097 26.136
988.412 26.205
988.726 26.245
989.040 26.229
989.355 26.300
989.669 26.432
989.983 26.525
990.298 26.605
990.612 26.733
990.926 26.740
991.241 26.826
991.555 26.979
991.869 27.045
992.184 27.079
992.498 27.059
992.812 27.036
993.127 27.082
993.441 27.132
993.755 27.261
994.070 27.333
994.384 27.415
994.698 27.506
995.013 27.599
995.327 27.602
995.641 27.591
995.956 27.669
996.270 27.702
996.584 27.790
996.899 27.809
997.213 27.845
997.527 27.823
997.841 27.721
998.156 27.695
998.470 27.691
998.784 27.680
999.099 27.831
999.413 27.908
999.727 28.088
