200.182 79.904
200.437 79.171
200.691 78.586
200.946 78.064
201.201 77.216
201.455 76.337
201.710 75.554
201.964 74.882
202.219 74.161
202.474 73.460
202.728 72.787
202.983 72.041
203.237 71.321
203.492 70.520
203.747 69.419
204.001 68.511
204.256 67.641
204.510 66.598
204.765 65.661
205.020 65.017
205.274 64.237
205.529 63.289
205.783 62.400
206.038 61.396
206.293 60.163
206.547 59.056
206.802 57.917
207.057 56.935
207.311 55.953
207.566 55.082
207.820 54.166
208.075 53.176
208.330 52.160
208.584 51.250
208.839 50.555
209.093 49.853
209.348 49.013
209.603 48.371
209.857 47.659
210.112 46.919
210.366 46.166
210.621 45.293
210.876 44.405
211.130 43.709
211.385 42.994
211.639 42.214
211.894 41.262
212.149 40.446
212.403 39.665
212.658 38.916
212.913 38.213
213.167 37.437
213.422 36.810
213.676 36.174
213.931 35.568
214.186 34.908
214.440 34.241
214.695 33.641
214.949 33.169
215.204 32.663
215.459 32.119
215.713 31.601
215.968 31.001
216.222 30.328
216.477 29.729
216.732 29.332
216.986 28.904
217.241 28.323
217.495 27.769
217.750 27.306
218.005 26.970
218.259 26.610
218.514 26.072
218.769 25.481
219.023 24.940
219.278 24.509
219.532 23.989
219.787 23.480
220.042 23.057
220.296 22.690
220.551 22.283
220.805 21.912
221.060 21.499
221.315 21.083
221.569 20.700
221.824 20.366
222.078 20.091
222.333 19.768
222.588 19.437
222.842 19.039
223.097 18.666
223.351 18.342
223.606 17.914
223.861 17.437
224.115 17.061
224.370 16.681
224.625 16.269
224.879 15.893
225.134 15.483
225.388 15.146
225.643 14.827
225.898 14.525
226.152 14.226
226.407 13.925
226.661 13.534
226.916 13.197
227.171 12.868
227.425 12.591
227.680 12.321
227.934 12.078
228.189 11.795
228.444 11.532
228.698 11.306
228.953 11.059
229.208 10.810
229.462 10.553
229.717 10.324
229.971 10.095
230.226 9.922
230.481 9.693
230.735 9.471
230.990 9.290
231.244 9.091
231.499 8.909
231.754 8.737
232.008 8.571
232.263 8.434
232.517 8.270
232.772 8.137
233.027 7.982
233.281 7.807
233.536 7.647
233.790 7.473
234.045 7.323
234.300 7.205
234.554 7.084
234.809 6.948
235.064 6.838
235.318 6.757
235.573 6.673
235.827 6.569
236.082 6.458
236.337 6.382
236.591 6.302
236.846 6.203
237.100 6.097
237.355 6.031
237.610 5.976
237.864 5.903
238.119 5.852
238.373 5.786
238.628 5.710
238.883 5.648
239.137 5.591
239.392 5.536
239.646 5.489
239.901 5.453
240.156 5.416
240.410 5.393
240.665 5.353
240.920 5.308
241.174 5.276
241.429 5.247
241.683 5.213
241.938 5.179
242.193 5.157
242.447 5.133
242.702 5.115
242.956 5.096
243.211 5.072
243.466 5.047
243.720 5.037
243.975 5.024
244.229 5.005
244.484 4.975
244.739 4.963
244.993 4.961
245.248 4.946
245.503 4.933
245.757 4.923
246.012 4.913
246.266 4.901
246.521 4.893
246.776 4.891
247.030 4.878
247.285 4.863
247.539 4.854
247.794 4.845
248.049 4.838
248.303 4.831
248.558 4.840
248.812 4.835
249.067 4.806
249.322 4.799
249.576 4.799
249.831 4.802
250.085 4.792
250.340 4.789
250.595 4.796
250.849 4.806
251.104 4.807
251.359 4.809
251.613 4.811
251.868 4.811
252.122 4.804
252.377 4.805
252.632 4.816
252.886 4.810
253.141 4.796
253.395 4.791
253.650 4.796
253.905 4.802
254.161 4.803
254.416 4.803
254.672 4.809
254.927 4.824
255.183 4.824
255.438 4.819
255.694 4.826
255.949 4.837
256.205 4.835
256.460 4.831
256.715 4.829
256.971 4.835
257.226 4.844
257.482 4.854
257.737 4.856
257.993 4.855
258.248 4.857
258.504 4.857
258.759 4.853
259.014 4.858
259.270 4.857
259.525 4.850
259.781 4.854
260.036 4.875
260.292 4.890
260.547 4.892
260.803 4.900
261.058 4.913
261.314 4.921
261.569 4.930
261.824 4.940
262.080 4.949
262.335 4.959
262.591 4.979
262.846 4.993
263.102 4.991
263.357 4.986
263.613 4.992
263.868 4.999
264.123 5.001
264.379 5.001
264.634 5.010
264.890 5.012
265.145 5.022
265.401 5.022
265.656 5.028
265.912 5.028
266.167 5.020
266.423 5.012
266.678 5.012
266.933 5.014
267.189 5.014
267.444 5.012
267.700 5.017
267.955 5.019
268.211 5.013
268.466 5.017
268.722 5.020
268.977 5.030
269.232 5.034
269.488 5.028
269.743 5.030
269.999 5.037
270.254 5.043
270.510 5.042
270.765 5.045
271.021 5.053
271.276 5.063
271.532 5.067
271.787 5.074
272.042 5.078
272.298 5.077
272.553 5.073
272.809 5.071
273.064 5.074
273.320 5.085
273.575 5.097
273.831 5.099
274.086 5.101
274.342 5.104
274.597 5.103
274.852 5.112
275.108 5.121
275.363 5.125
275.619 5.113
275.874 5.097
276.130 5.093
276.385 5.095
276.641 5.096
276.896 5.094
277.151 5.098
277.407 5.102
277.662 5.094
277.918 5.084
278.173 5.077
278.429 5.070
278.684 5.076
278.940 5.089
279.195 5.091
279.451 5.092
279.706 5.084
279.961 5.083
280.217 5.083
280.472 5.083
280.728 5.081
280.983 5.087
281.239 5.090
281.494 5.094
281.750 5.101
282.005 5.098
282.260 5.100
282.516 5.095
282.771 5.087
283.027 5.083
283.282 5.083
283.538 5.078
283.793 5.076
284.049 5.075
284.304 5.074
284.560 5.072
284.815 5.068
285.070 5.070
285.326 5.073
285.581 5.068
285.837 5.054
286.092 5.049
286.348 5.053
286.603 5.056
286.859 5.051
287.114 5.052
287.369 5.056
287.625 5.059
287.880 5.066
288.136 5.073
288.391 5.074
288.647 5.070
288.902 5.059
289.158 5.050
289.413 5.056
289.669 5.062
289.924 5.072
290.179 5.082
290.435 5.085
290.690 5.083
290.946 5.084
291.201 5.095
291.457 5.107
291.712 5.114
291.968 5.117
292.223 5.116
292.479 5.118
292.734 5.109
292.989 5.108
293.245 5.117
293.500 5.126
293.756 5.132
294.011 5.139
294.267 5.143
294.522 5.142
294.778 5.147
295.033 5.156
295.288 5.166
295.544 5.174
295.799 5.178
296.055 5.186
296.310 5.197
296.566 5.204
296.821 5.217
297.077 5.230
297.332 5.238
297.588 5.246
297.843 5.253
298.098 5.264
298.354 5.279
298.609 5.292
298.865 5.301
299.120 5.315
299.376 5.331
299.631 5.341
299.887 5.353
300.142 5.365
300.397 5.377
300.653 5.387
300.908 5.394
301.164 5.413
301.419 5.435
301.675 5.448
301.930 5.458
302.186 5.468
302.441 5.479
302.697 5.485
302.952 5.492
303.207 5.506
303.463 5.520
303.718 5.527
303.974 5.540
304.229 5.565
304.485 5.586
304.740 5.603
304.996 5.618
305.251 5.633
305.506 5.643
305.762 5.650
306.017 5.663
306.273 5.685
306.528 5.703
306.784 5.724
307.039 5.746
307.295 5.760
307.550 5.775
307.806 5.801
308.061 5.822
308.316 5.844
308.572 5.864
308.827 5.883
309.083 5.901
309.338 5.917
309.594 5.931
309.849 5.953
310.105 5.973
310.360 5.995
310.615 6.015
310.871 6.035
311.126 6.055
311.382 6.087
311.637 6.112
311.893 6.125
312.148 6.142
312.404 6.154
312.659 6.164
312.915 6.182
313.170 6.205
313.429 6.227
313.688 6.253
313.947 6.275
314.206 6.299
314.465 6.324
314.724 6.344
314.983 6.364
315.242 6.386
315.501 6.409
315.760 6.437
316.019 6.470
316.278 6.502
316.536 6.532
316.795 6.559
317.054 6.593
317.313 6.628
317.572 6.666
317.831 6.708
318.090 6.744
318.349 6.777
318.608 6.808
318.867 6.834
319.126 6.860
319.385 6.898
319.644 6.938
319.903 6.964
320.162 6.990
320.421 7.022
320.680 7.050
320.939 7.077
321.198 7.103
321.457 7.132
321.716 7.158
321.975 7.186
322.234 7.216
322.493 7.243
322.752 7.273
323.010 7.307
323.269 7.338
323.528 7.364
323.787 7.396
324.046 7.429
324.305 7.463
324.564 7.499
324.823 7.529
325.082 7.564
325.341 7.606
325.600 7.650
325.859 7.693
326.118 7.738
326.377 7.786
326.636 7.828
326.895 7.870
327.154 7.901
327.413 7.933
327.672 7.971
327.931 8.009
328.190 8.054
328.449 8.107
328.708 8.158
328.967 8.209
329.226 8.259
329.485 8.304
329.743 8.347
330.002 8.387
330.261 8.427
330.520 8.470
330.779 8.513
331.038 8.562
331.297 8.613
331.556 8.655
331.815 8.690
332.074 8.720
332.333 8.762
332.592 8.812
332.851 8.854
333.110 8.892
333.369 8.922
333.628 8.951
333.887 8.984
334.146 9.025
334.405 9.071
334.664 9.121
334.923 9.180
335.182 9.233
335.441 9.271
335.700 9.311
335.959 9.358
336.217 9.407
336.476 9.459
336.735 9.508
336.994 9.565
337.253 9.633
337.512 9.696
337.771 9.747
338.030 9.795
338.289 9.846
338.548 9.900
338.807 9.955
339.066 10.012
339.325 10.055
339.584 10.097
339.843 10.148
340.102 10.201
340.361 10.251
340.620 10.306
340.879 10.359
341.138 10.404
341.397 10.435
341.656 10.474
341.915 10.526
342.174 10.567
342.433 10.624
342.691 10.693
342.950 10.755
343.209 10.819
343.468 10.887
343.727 10.956
343.986 11.023
344.245 11.090
344.504 11.158
344.763 11.224
345.022 11.284
345.281 11.348
345.540 11.423
345.799 11.496
346.058 11.568
346.317 11.644
346.576 11.720
346.835 11.801
347.094 11.888
347.353 11.992
347.612 12.088
347.871 12.185
348.130 12.284
348.389 12.372
348.648 12.464
348.907 12.566
349.166 12.690
349.424 12.808
349.683 12.925
349.942 13.052
350.201 13.181
350.460 13.299
350.719 13.415
350.978 13.531
351.237 13.681
351.496 13.833
351.755 13.974
352.014 14.127
352.273 14.286
352.532 14.444
352.791 14.603
353.050 14.778
353.309 14.966
353.568 15.139
353.827 15.318
354.086 15.492
354.345 15.665
354.604 15.850
354.863 16.033
355.122 16.245
355.381 16.465
355.640 16.681
355.898 16.900
356.157 17.127
356.416 17.353
356.675 17.589
356.934 17.825
357.193 18.077
357.452 18.328
357.711 18.566
357.970 18.821
358.229 19.070
358.488 19.306
358.747 19.545
359.006 19.794
359.265 20.052
359.524 20.329
359.783 20.605
360.042 20.866
360.301 21.127
360.560 21.389
360.819 21.653
361.078 21.918
361.337 22.181
361.596 22.445
361.855 22.717
362.114 22.987
362.372 23.260
362.631 23.522
362.890 23.793
363.149 24.044
363.408 24.305
363.667 24.576
363.926 24.836
364.185 25.104
364.444 25.359
364.703 25.605
364.962 25.838
365.221 26.085
365.480 26.328
365.745 26.546
366.009 26.771
366.274 27.012
366.539 27.238
366.804 27.464
367.068 27.677
367.333 27.884
367.598 28.092
367.863 28.286
368.127 28.473
368.392 28.669
368.657 28.856
368.921 29.007
369.186 29.147
369.451 29.315
369.716 29.490
369.980 29.656
370.245 29.825
370.510 29.969
370.775 30.114
371.039 30.241
371.304 30.348
371.569 30.448
371.834 30.554
372.098 30.650
372.363 30.750
372.628 30.835
372.892 30.927
373.157 30.995
373.422 31.058
373.687 31.119
373.951 31.167
374.216 31.214
374.481 31.251
374.746 31.293
375.010 31.321
375.275 31.339
375.540 31.334
375.804 31.334
376.069 31.332
376.334 31.329
376.599 31.324
376.863 31.304
377.128 31.281
377.393 31.253
377.658 31.229
377.922 31.195
378.187 31.163
378.452 31.127
378.716 31.080
378.981 31.015
379.246 30.953
379.511 30.894
379.775 30.830
380.040 30.762
380.305 30.678
380.570 30.599
380.834 30.535
381.099 30.459
381.364 30.372
381.629 30.285
381.893 30.202
382.158 30.104
382.423 29.989
382.687 29.881
382.952 29.768
383.217 29.648
383.482 29.526
383.746 29.400
384.011 29.280
384.276 29.163
384.541 29.022
384.805 28.881
385.070 28.754
385.335 28.629
385.599 28.496
385.864 28.344
386.129 28.205
386.394 28.065
386.658 27.926
386.923 27.778
387.188 27.637
387.453 27.506
387.717 27.366
387.982 27.213
388.247 27.064
388.511 26.911
388.776 26.755
389.041 26.593
389.306 26.441
389.570 26.284
389.835 26.126
390.100 25.968
390.365 25.817
390.629 25.675
390.894 25.520
391.159 25.369
391.424 25.215
391.688 25.053
391.953 24.883
392.218 24.734
392.482 24.585
392.747 24.429
393.012 24.283
393.277 24.140
393.541 24.005
393.806 23.857
394.071 23.708
394.336 23.550
394.600 23.387
394.865 23.234
395.130 23.079
395.394 22.931
395.659 22.782
395.924 22.623
396.189 22.471
396.453 22.324
396.718 22.176
396.983 22.013
397.248 21.859
397.512 21.708
397.777 21.559
398.042 21.406
398.306 21.260
398.571 21.119
398.836 20.974
399.101 20.832
399.365 20.694
399.630 20.567
399.895 20.444
400.160 20.307
400.424 20.159
400.689 20.033
400.954 19.913
401.219 19.789
401.483 19.662
401.748 19.531
402.013 19.408
402.277 19.281
402.542 19.148
402.807 19.018
403.072 18.897
403.336 18.774
403.601 18.648
403.866 18.533
404.131 18.419
404.395 18.306
404.660 18.198
404.929 18.082
405.198 17.964
405.466 17.852
405.735 17.747
406.004 17.647
406.273 17.543
406.542 17.425
406.810 17.304
407.079 17.190
407.348 17.087
407.617 16.988
407.886 16.894
408.154 16.800
408.423 16.692
408.692 16.591
408.961 16.492
409.229 16.400
409.498 16.315
409.767 16.213
410.036 16.111
410.305 16.017
410.573 15.936
410.842 15.852
411.111 15.769
411.380 15.685
411.649 15.589
411.917 15.497
412.186 15.414
412.455 15.326
412.724 15.241
412.993 15.166
413.261 15.096
413.530 15.014
413.799 14.931
414.068 14.855
414.337 14.785
414.605 14.716
414.874 14.643
415.143 14.571
415.412 14.496
415.681 14.422
415.949 14.344
416.218 14.275
416.487 14.210
416.756 14.151
417.024 14.091
417.293 14.023
417.562 13.958
417.831 13.898
418.100 13.843
418.368 13.795
418.637 13.731
418.906 13.670
419.175 13.622
419.444 13.573
419.712 13.520
419.981 13.468
420.250 13.416
420.519 13.371
420.788 13.315
421.056 13.254
421.325 13.204
421.594 13.156
421.863 13.104
422.132 13.056
422.400 12.999
422.669 12.949
422.938 12.907
423.207 12.868
423.476 12.829
423.744 12.789
424.013 12.752
424.282 12.719
424.551 12.685
424.819 12.649
425.088 12.608
425.357 12.574
425.626 12.540
425.895 12.502
426.163 12.467
426.432 12.450
426.701 12.424
426.970 12.386
427.239 12.351
427.507 12.316
427.776 12.292
428.045 12.274
428.314 12.252
428.583 12.234
428.851 12.213
429.120 12.189
429.389 12.165
429.658 12.144
429.927 12.130
430.195 12.116
430.464 12.097
430.733 12.085
431.002 12.072
431.271 12.066
431.539 12.056
431.808 12.049
432.077 12.050
432.346 12.049
432.614 12.044
432.883 12.045
433.152 12.052
433.421 12.057
433.690 12.052
433.958 12.056
434.227 12.052
434.496 12.046
434.765 12.042
435.034 12.049
435.302 12.055
435.571 12.052
435.840 12.043
436.116 12.041
436.393 12.052
436.669 12.065
436.945 12.070
437.221 12.081
437.498 12.097
437.774 12.118
438.050 12.139
438.326 12.162
438.603 12.180
438.879 12.206
439.155 12.232
439.431 12.254
439.708 12.280
439.984 12.312
440.260 12.340
440.537 12.362
440.813 12.385
441.089 12.416
441.365 12.448
441.642 12.470
441.918 12.493
442.194 12.522
442.470 12.540
442.747 12.560
443.023 12.579
443.299 12.607
443.575 12.642
443.852 12.675
444.128 12.713
444.404 12.746
444.680 12.780
444.957 12.813
445.233 12.847
445.509 12.888
445.786 12.931
446.062 12.968
446.338 13.008
446.614 13.050
446.891 13.097
447.167 13.145
447.443 13.196
447.719 13.240
447.996 13.285
448.272 13.335
448.548 13.381
448.824 13.419
449.101 13.465
449.377 13.518
449.653 13.566
449.930 13.607
450.206 13.648
450.482 13.701
450.758 13.751
451.035 13.806
451.311 13.858
451.587 13.909
451.863 13.967
452.140 14.025
452.416 14.083
452.692 14.152
452.968 14.218
453.245 14.280
453.521 14.346
453.797 14.413
454.074 14.477
454.350 14.537
454.626 14.600
454.902 14.676
455.179 14.747
455.455 14.814
455.731 14.878
456.007 14.939
456.284 15.005
456.560 15.068
456.836 15.127
457.112 15.185
457.389 15.247
457.665 15.315
457.941 15.371
458.218 15.425
458.494 15.493
458.770 15.565
459.046 15.637
459.323 15.717
459.599 15.798
459.875 15.877
460.151 15.951
460.428 16.023
460.704 16.101
460.980 16.171
461.256 16.251
461.533 16.335
461.809 16.415
462.085 16.491
462.361 16.565
462.638 16.641
462.914 16.719
463.190 16.791
463.467 16.863
463.743 16.929
464.019 16.992
464.295 17.059
464.572 17.136
464.848 17.211
465.124 17.293
465.400 17.381
465.677 17.463
465.953 17.538
466.229 17.610
466.505 17.691
466.782 17.768
467.058 17.849
467.334 17.934
467.611 18.015
467.887 18.100
468.163 18.181
468.439 18.263
468.716 18.345
468.992 18.418
469.268 18.499
469.544 18.573
469.821 18.645
470.097 18.713
470.373 18.774
470.649 18.844
470.926 18.920
471.202 18.998
471.478 19.079
471.755 19.151
472.031 19.233
472.307 19.321
472.583 19.403
472.860 19.490
473.136 19.579
473.412 19.666
473.688 19.752
473.965 19.841
474.241 19.927
474.517 20.008
474.793 20.096
475.070 20.196
475.346 20.293
475.622 20.382
475.899 20.467
476.175 20.556
476.451 20.647
476.727 20.736
477.004 20.822
477.280 20.902
477.556 20.986
477.832 21.078
478.109 21.161
478.385 21.240
478.661 21.327
478.937 21.416
479.214 21.507
479.490 21.598
479.766 21.691
480.043 21.791
480.319 21.890
480.595 21.990
480.871 22.096
481.148 22.195
481.424 22.288
481.700 22.384
481.976 22.484
482.253 22.578
482.529 22.677
482.805 22.777
483.081 22.883
483.358 22.986
483.634 23.096
483.910 23.202
484.186 23.307
484.463 23.407
484.739 23.503
485.015 23.612
485.292 23.724
485.568 23.830
485.844 23.944
486.120 24.062
486.397 24.177
486.673 24.292
486.949 24.414
487.225 24.542
487.502 24.664
487.778 24.779
488.054 24.896
488.330 25.008
488.607 25.115
488.883 25.220
489.159 25.322
489.436 25.437
489.712 25.548
489.988 25.661
490.264 25.780
490.541 25.904
490.817 26.024
491.093 26.143
491.369 26.267
491.646 26.395
491.922 26.515
492.198 26.632
492.474 26.747
492.751 26.868
493.027 26.983
493.303 27.101
493.580 27.222
493.856 27.352
494.132 27.489
494.408 27.614
494.685 27.732
494.961 27.851
495.237 27.983
495.513 28.116
495.790 28.249
496.066 28.384
496.342 28.518
496.618 28.647
496.895 28.768
497.171 28.883
497.447 28.997
497.724 29.108
498.000 29.218
498.276 29.335
498.552 29.460
498.829 29.576
499.105 29.681
499.381 29.784
499.657 29.893
499.934 29.994
500.210 30.097
500.486 30.199
500.762 30.306
501.039 30.406
501.315 30.508
501.591 30.617
501.867 30.715
502.144 30.807
502.420 30.900
502.696 30.992
502.973 31.079
503.249 31.167
503.525 31.244
503.801 31.311
504.078 31.376
504.354 31.436
504.630 31.502
504.906 31.568
505.183 31.634
505.459 31.702
505.735 31.763
506.011 31.817
506.288 31.867
506.564 31.920
506.840 31.964
507.117 32.013
507.393 32.061
507.669 32.100
507.945 32.129
508.222 32.154
508.498 32.176
508.774 32.194
509.050 32.210
509.327 32.243
509.603 32.267
509.879 32.281
510.155 32.284
510.432 32.291
510.708 32.285
510.984 32.271
511.261 32.271
511.537 32.268
511.813 32.257
512.089 32.235
512.366 32.207
512.642 32.175
512.918 32.136
513.194 32.092
513.471 32.047
513.747 31.999
514.023 31.959
514.299 31.919
514.576 31.880
514.852 31.837
515.128 31.784
515.405 31.722
515.681 31.660
515.957 31.604
516.233 31.550
516.510 31.487
516.786 31.420
517.062 31.352
517.338 31.271
517.615 31.191
517.891 31.110
518.167 31.023
518.443 30.926
518.720 30.834
518.996 30.733
519.272 30.630
519.548 30.526
519.825 30.417
520.101 30.314
520.377 30.224
520.654 30.132
520.930 30.025
521.206 29.923
521.482 29.815
521.759 29.702
522.035 29.582
522.311 29.463
522.587 29.340
522.864 29.224
523.140 29.105
523.416 28.982
523.692 28.862
523.969 28.731
524.245 28.594
524.521 28.458
524.798 28.324
525.074 28.181
525.350 28.034
525.626 27.899
525.903 27.767
526.179 27.615
526.455 27.469
526.731 27.339
527.008 27.209
527.284 27.065
527.560 26.924
527.836 26.781
528.113 26.636
528.389 26.495
528.665 26.353
528.942 26.206
529.218 26.067
529.494 25.940
529.770 25.795
530.047 25.642
530.323 25.499
530.599 25.360
530.875 25.216
531.152 25.072
531.428 24.921
531.704 24.770
531.980 24.619
532.257 24.467
532.533 24.317
532.809 24.169
533.086 24.015
533.362 23.859
533.638 23.711
533.914 23.557
534.191 23.404
534.467 23.249
534.743 23.095
535.019 22.939
535.296 22.789
535.572 22.643
535.848 22.502
536.124 22.353
536.401 22.202
536.677 22.056
536.953 21.908
537.230 21.753
537.506 21.604
537.782 21.467
538.058 21.319
538.335 21.168
538.611 21.025
538.887 20.881
539.163 20.739
539.440 20.607
539.716 20.468
539.992 20.330
540.268 20.194
540.545 20.051
540.821 19.905
541.097 19.762
541.373 19.626
541.650 19.501
541.926 19.376
542.202 19.251
542.479 19.117
542.755 18.978
543.031 18.843
543.307 18.708
543.584 18.568
543.860 18.434
544.136 18.300
544.412 18.165
544.689 18.039
544.965 17.909
545.241 17.773
545.517 17.647
545.794 17.524
546.070 17.393
546.356 17.255
546.642 17.129
546.928 17.013
547.214 16.890
547.500 16.767
547.786 16.648
548.072 16.529
548.358 16.412
548.644 16.298
548.930 16.184
549.216 16.070
549.502 15.958
549.788 15.839
550.074 15.729
550.360 15.622
550.646 15.507
550.932 15.393
551.218 15.283
551.504 15.176
551.790 15.074
552.076 14.970
552.362 14.867
552.648 14.756
552.934 14.647
553.220 14.548
553.506 14.447
553.793 14.348
554.079 14.247
554.365 14.151
554.651 14.049
554.937 13.944
555.223 13.853
555.509 13.767
555.795 13.671
556.081 13.576
556.367 13.481
556.653 13.385
556.939 13.289
557.225 13.194
557.511 13.099
557.797 13.010
558.083 12.923
558.369 12.837
558.655 12.752
558.941 12.663
559.227 12.576
559.513 12.490
559.799 12.409
560.085 12.334
560.371 12.259
560.657 12.179
560.943 12.093
561.229 12.012
561.515 11.936
561.801 11.856
562.087 11.773
562.373 11.693
562.659 11.617
562.945 11.539
563.231 11.464
563.517 11.384
563.803 11.304
564.089 11.234
564.375 11.161
564.661 11.094
564.947 11.025
565.233 10.949
565.519 10.875
565.805 10.805
566.091 10.736
566.377 10.668
566.663 10.601
566.949 10.529
567.235 10.464
567.521 10.403
567.807 10.340
568.093 10.280
568.379 10.226
568.665 10.170
568.951 10.107
569.237 10.039
569.524 9.979
569.810 9.918
570.096 9.861
570.382 9.805
570.668 9.753
570.954 9.701
571.240 9.640
571.526 9.575
571.812 9.518
572.098 9.465
572.384 9.415
572.670 9.360
572.956 9.303
573.242 9.250
573.528 9.203
573.814 9.157
574.100 9.106
574.386 9.062
574.672 9.016
574.958 8.968
575.244 8.919
575.530 8.876
575.816 8.836
576.102 8.789
576.388 8.744
576.674 8.705
576.960 8.664
577.248 8.622
577.536 8.577
577.824 8.532
578.113 8.494
578.401 8.460
578.689 8.418
578.977 8.379
579.265 8.342
579.553 8.307
579.841 8.269
580.130 8.233
580.418 8.198
580.706 8.160
580.994 8.127
581.282 8.095
581.570 8.063
581.858 8.028
582.147 7.990
582.435 7.958
582.723 7.931
583.011 7.906
583.299 7.876
583.587 7.846
583.875 7.814
584.164 7.784
584.452 7.765
584.740 7.738
585.028 7.707
585.316 7.675
585.604 7.644
585.892 7.612
586.181 7.580
586.469 7.552
586.757 7.528
587.045 7.505
587.333 7.481
587.621 7.456
587.909 7.427
588.198 7.397
588.486 7.369
588.774 7.343
589.062 7.325
589.350 7.304
589.638 7.279
589.927 7.247
590.215 7.218
590.503 7.199
590.791 7.176
591.079 7.153
591.367 7.131
591.655 7.108
591.944 7.090
592.232 7.068
592.520 7.048
592.808 7.030
593.096 7.009
593.384 6.988
593.672 6.969
593.961 6.950
594.249 6.926
594.537 6.909
594.825 6.895
595.113 6.880
595.401 6.863
595.689 6.846
595.978 6.831
596.266 6.817
596.554 6.798
596.842 6.783
597.130 6.766
597.418 6.761
597.706 6.753
597.995 6.734
598.283 6.717
598.571 6.703
598.859 6.685
599.147 6.668
599.435 6.663
599.723 6.653
600.012 6.636
600.300 6.617
600.588 6.602
600.876 6.591
601.164 6.578
601.452 6.569
601.740 6.556
602.029 6.537
602.317 6.524
602.605 6.509
602.893 6.501
603.181 6.494
603.469 6.487
603.757 6.478
604.046 6.463
604.334 6.450
604.622 6.442
604.910 6.435
605.198 6.426
605.486 6.426
605.774 6.417
606.063 6.406
606.351 6.401
606.639 6.395
606.927 6.389
607.215 6.386
607.503 6.382
607.791 6.384
608.080 6.380
608.368 6.378
608.656 6.372
608.944 6.362
609.232 6.361
609.520 6.355
609.808 6.355
610.097 6.356
610.385 6.354
610.673 6.358
610.961 6.356
611.249 6.352
611.537 6.352
611.825 6.348
612.114 6.337
612.402 6.322
612.690 6.311
612.978 6.309
613.266 6.309
613.554 6.308
613.843 6.308
614.131 6.305
614.419 6.297
614.707 6.295
614.995 6.286
615.283 6.280
615.571 6.291
615.860 6.305
616.148 6.305
616.436 6.306
616.724 6.306
617.012 6.302
617.300 6.302
617.588 6.302
617.877 6.305
618.165 6.301
618.453 6.297
618.741 6.300
619.029 6.298
619.317 6.294
619.605 6.290
619.894 6.292
620.182 6.293
620.470 6.288
620.758 6.286
621.046 6.289
621.334 6.294
621.622 6.305
621.911 6.313
622.199 6.317
622.487 6.317
622.775 6.312
623.063 6.308
623.351 6.310
623.639 6.316
623.928 6.320
624.216 6.323
624.504 6.319
624.792 6.315
625.080 6.316
625.368 6.314
625.656 6.319
625.945 6.326
626.233 6.328
626.521 6.331
626.809 6.325
627.097 6.321
627.385 6.324
627.673 6.321
627.962 6.321
628.250 6.323
628.538 6.320
628.826 6.322
629.114 6.321
629.402 6.328
629.690 6.346
629.979 6.361
630.267 6.365
630.555 6.365
630.843 6.363
631.131 6.361
631.419 6.355
631.707 6.360
631.996 6.378
632.284 6.384
632.572 6.389
632.860 6.389
633.148 6.379
633.436 6.366
633.724 6.370
634.013 6.379
634.301 6.390
634.589 6.391
634.877 6.392
635.165 6.405
635.453 6.416
635.741 6.421
636.030 6.422
636.318 6.425
636.606 6.434
636.894 6.440
637.182 6.449
637.470 6.452
637.759 6.457
638.047 6.469
638.335 6.478
638.623 6.479
638.911 6.484
639.199 6.493
639.487 6.506
639.776 6.515
640.064 6.528
640.352 6.546
640.640 6.563
640.928 6.569
641.216 6.573
641.504 6.584
641.793 6.595
642.081 6.606
642.369 6.623
642.657 6.635
642.945 6.646
643.233 6.657
643.521 6.664
643.810 6.673
644.098 6.685
644.386 6.699
644.674 6.718
644.962 6.728
645.250 6.739
645.538 6.745
645.827 6.743
646.115 6.754
646.403 6.761
646.691 6.770
646.979 6.782
647.267 6.782
647.555 6.782
647.844 6.797
648.132 6.809
648.420 6.816
648.708 6.822
648.996 6.834
649.284 6.845
649.572 6.845
649.861 6.852
650.149 6.863
650.437 6.881
650.725 6.897
651.013 6.909
651.301 6.921
651.589 6.929
651.878 6.933
652.166 6.951
652.454 6.972
652.742 6.984
653.030 6.998
653.318 7.015
653.606 7.040
653.895 7.054
654.183 7.065
654.471 7.087
654.759 7.106
655.047 7.127
655.335 7.149
655.623 7.165
655.912 7.177
656.200 7.193
656.488 7.210
656.776 7.218
657.064 7.223
657.352 7.234
657.640 7.250
657.929 7.259
658.217 7.268
658.505 7.288
658.793 7.309
659.081 7.326
659.369 7.342
659.657 7.363
659.946 7.380
660.234 7.401
660.522 7.423
660.810 7.438
661.098 7.453
661.386 7.470
661.675 7.486
661.963 7.505
662.251 7.515
662.539 7.533
662.827 7.553
663.115 7.576
663.403 7.604
663.692 7.626
663.980 7.650
664.268 7.676
664.556 7.696
664.844 7.720
665.132 7.746
665.420 7.771
665.709 7.799
665.997 7.829
666.285 7.864
666.573 7.892
666.861 7.919
667.149 7.951
667.437 7.980
667.726 8.017
668.014 8.043
668.302 8.070
668.590 8.108
668.878 8.139
669.166 8.167
669.454 8.195
669.743 8.222
670.031 8.247
670.319 8.272
670.607 8.303
670.895 8.340
671.183 8.369
671.471 8.402
671.760 8.439
672.048 8.474
672.336 8.511
672.624 8.551
672.912 8.583
673.200 8.615
673.488 8.650
673.777 8.690
674.065 8.729
674.353 8.763
674.641 8.800
674.929 8.837
675.217 8.867
675.505 8.910
675.794 8.954
676.082 8.996
676.370 9.037
676.658 9.083
676.946 9.131
677.234 9.168
677.522 9.203
677.811 9.243
678.099 9.280
678.387 9.319
678.675 9.363
678.963 9.407
679.251 9.459
679.539 9.507
679.828 9.556
680.116 9.606
680.404 9.654
680.692 9.702
680.980 9.746
681.268 9.793
681.556 9.840
681.845 9.885
682.133 9.926
682.421 9.975
682.709 10.022
682.997 10.064
683.285 10.109
683.573 10.155
683.862 10.191
684.150 10.240
684.438 10.295
684.726 10.342
685.014 10.402
685.302 10.451
685.591 10.508
685.879 10.563
686.167 10.608
686.455 10.659
686.743 10.720
687.031 10.771
687.319 10.826
687.608 10.879
687.896 10.928
688.184 10.981
688.472 11.030
688.760 11.082
689.048 11.125
689.336 11.164
689.625 11.207
689.913 11.247
690.201 11.284
690.489 11.335
690.777 11.384
691.065 11.432
691.353 11.473
691.642 11.527
691.930 11.570
692.218 11.608
692.506 11.652
692.794 11.697
693.082 11.743
693.370 11.781
693.659 11.818
693.947 11.855
694.235 11.886
694.523 11.922
694.811 11.974
695.099 12.031
695.387 12.082
695.676 12.133
695.964 12.188
696.252 12.236
696.540 12.285
696.836 12.329
697.133 12.359
697.429 12.394
697.725 12.437
698.021 12.487
698.318 12.529
698.614 12.560
698.910 12.601
699.207 12.646
699.503 12.694
699.799 12.739
700.095 12.769
700.392 12.806
700.688 12.850
700.984 12.900
701.281 12.946
701.577 13.002
701.873 13.051
702.169 13.105
702.466 13.157
702.762 13.194
703.058 13.230
703.355 13.271
703.651 13.316
703.947 13.359
704.243 13.406
704.540 13.454
704.836 13.510
705.132 13.556
705.428 13.600
705.725 13.652
706.021 13.692
706.317 13.733
706.614 13.786
706.910 13.851
707.206 13.930
707.502 14.008
707.799 14.081
708.095 14.152
708.391 14.222
708.688 14.294
708.984 14.362
709.280 14.431
709.576 14.494
709.873 14.576
710.169 14.662
710.465 14.745
710.762 14.835
711.058 14.919
711.354 15.007
711.650 15.101
711.947 15.207
712.243 15.305
712.539 15.410
712.836 15.514
713.132 15.610
713.428 15.710
713.724 15.809
714.021 15.915
714.317 16.029
714.613 16.135
714.910 16.247
715.206 16.383
715.502 16.513
715.798 16.624
716.095 16.740
716.391 16.870
716.687 17.012
716.984 17.147
717.280 17.287
717.576 17.414
717.872 17.556
718.169 17.702
718.465 17.842
718.761 17.989
719.058 18.127
719.354 18.262
719.650 18.401
719.946 18.546
720.243 18.692
720.539 18.848
720.835 18.997
721.131 19.153
721.428 19.315
721.724 19.487
722.020 19.662
722.317 19.834
722.613 19.993
722.909 20.148
723.205 20.325
723.502 20.502
723.798 20.683
724.094 20.878
724.391 21.060
724.687 21.238
724.983 21.425
725.279 21.590
725.576 21.748
725.872 21.921
726.168 22.095
726.465 22.258
726.761 22.426
727.057 22.607
727.353 22.797
727.650 22.977
727.946 23.156
728.242 23.339
728.539 23.525
728.835 23.706
729.131 23.894
729.427 24.079
729.724 24.261
730.020 24.447
730.316 24.638
730.613 24.814
730.909 25.000
731.205 25.187
731.501 25.373
731.798 25.567
732.094 25.754
732.390 25.924
732.687 26.109
732.983 26.300
733.279 26.489
733.575 26.675
733.872 26.868
734.168 27.056
734.464 27.247
734.761 27.431
735.057 27.614
735.353 27.796
735.649 27.982
735.946 28.173
736.242 28.386
736.538 28.591
736.835 28.781
737.131 28.970
737.427 29.183
737.723 29.390
738.020 29.593
738.316 29.787
738.612 29.978
738.909 30.171
739.205 30.373
739.501 30.569
739.797 30.763
740.094 30.964
740.390 31.165
740.686 31.367
740.982 31.559
741.279 31.745
741.575 31.938
741.871 32.120
742.168 32.296
742.464 32.488
742.760 32.699
743.056 32.885
743.353 33.081
743.649 33.279
743.945 33.472
744.242 33.663
744.538 33.861
744.834 34.057
745.130 34.243
745.427 34.426
745.723 34.613
746.019 34.799
746.316 34.982
746.612 35.163
746.908 35.352
747.204 35.528
747.501 35.717
747.797 35.903
748.093 36.071
748.390 36.243
748.686 36.433
748.982 36.602
749.278 36.773
749.575 36.944
749.871 37.121
750.167 37.317
750.464 37.524
750.760 37.718
751.056 37.901
751.352 38.086
751.649 38.274
751.945 38.466
752.241 38.656
752.538 38.836
752.834 39.015
753.130 39.188
753.426 39.373
753.723 39.576
754.019 39.757
754.315 39.907
754.611 40.077
754.908 40.263
755.204 40.458
755.500 40.642
755.797 40.825
756.093 40.990
756.389 41.159
756.685 41.327
756.982 41.499
757.278 41.668
757.574 41.831
757.871 41.978
758.167 42.119
758.463 42.277
758.759 42.438
759.056 42.602
759.352 42.766
759.648 42.925
759.945 43.094
760.241 43.259
760.537 43.432
760.833 43.592
761.130 43.748
761.426 43.908
761.722 44.076
762.019 44.227
762.315 44.390
762.611 44.560
762.907 44.720
763.204 44.891
763.500 45.056
763.804 45.210
764.108 45.385
764.412 45.569
764.716 45.725
765.020 45.876
765.324 46.051
765.628 46.212
765.932 46.371
766.236 46.538
766.540 46.700
766.844 46.854
767.148 47.026
767.452 47.181
767.756 47.341
768.060 47.505
768.364 47.640
768.668 47.775
768.972 47.913
769.276 48.056
769.580 48.183
769.884 48.323
770.188 48.484
770.492 48.645
770.796 48.790
771.100 48.932
771.404 49.078
771.708 49.209
772.012 49.339
772.316 49.492
772.620 49.651
772.924 49.802
773.228 49.920
773.532 50.030
773.836 50.149
774.140 50.279
774.444 50.415
774.748 50.564
775.052 50.707
775.356 50.849
775.659 50.976
775.963 51.113
776.267 51.266
776.571 51.419
776.875 51.556
777.179 51.691
777.483 51.831
777.787 51.974
778.091 52.108
778.395 52.227
778.699 52.353
779.003 52.465
779.307 52.570
779.611 52.685
779.915 52.800
780.219 52.914
780.523 53.051
780.827 53.184
781.131 53.311
781.435 53.454
781.739 53.573
782.043 53.702
782.347 53.857
782.651 53.962
782.955 54.062
783.259 54.200
783.563 54.333
783.867 54.442
784.171 54.548
784.475 54.651
784.779 54.751
785.083 54.862
785.387 54.965
785.691 55.055
785.995 55.167
786.299 55.264
786.603 55.360
786.907 55.447
787.211 55.540
787.515 55.661
787.819 55.759
788.123 55.848
788.427 55.936
788.731 56.004
789.035 56.088
789.339 56.192
789.643 56.290
789.947 56.389
790.251 56.485
790.555 56.587
790.859 56.702
791.163 56.806
791.467 56.901
791.771 57.022
792.075 57.149
792.379 57.256
792.683 57.344
792.987 57.445
793.291 57.515
793.595 57.586
793.899 57.694
794.203 57.812
794.507 57.911
794.811 57.985
795.115 58.066
795.419 58.157
795.723 58.221
796.027 58.302
796.331 58.380
796.635 58.477
796.939 58.569
797.243 58.664
797.547 58.778
797.851 58.880
798.155 58.978
798.459 59.075
798.763 59.164
799.067 59.238
799.371 59.296
799.674 59.377
799.978 59.463
800.282 59.564
800.586 59.627
800.890 59.655
801.194 59.719
801.498 59.801
801.802 59.879
802.106 59.985
802.410 60.087
802.714 60.185
803.018 60.277
803.322 60.357
803.626 60.419
803.930 60.484
804.234 60.567
804.538 60.656
804.842 60.747
805.146 60.799
805.450 60.887
805.754 60.965
806.058 61.001
806.362 61.060
806.666 61.134
806.970 61.210
807.274 61.288
807.578 61.350
807.882 61.406
808.186 61.464
808.490 61.516
808.794 61.589
809.098 61.641
809.402 61.695
809.706 61.762
810.010 61.786
810.314 61.819
810.618 61.850
810.922 61.887
811.226 61.934
811.530 61.972
811.834 62.029
812.137 62.103
812.441 62.163
812.744 62.204
813.048 62.247
813.351 62.319
813.655 62.364
813.958 62.399
814.262 62.462
814.565 62.495
814.869 62.537
815.172 62.564
815.476 62.605
815.779 62.658
816.083 62.689
816.386 62.705
816.690 62.743
816.993 62.781
817.297 62.828
817.600 62.891
817.904 62.969
818.208 63.005
818.511 63.017
818.815 63.027
819.118 63.075
819.422 63.129
819.725 63.186
820.029 63.233
820.332 63.248
820.636 63.258
820.939 63.295
821.243 63.322
821.546 63.349
821.850 63.398
822.153 63.485
822.457 63.560
822.760 63.602
823.064 63.620
823.367 63.641
823.671 63.684
823.974 63.709
824.278 63.745
824.582 63.791
824.885 63.842
825.189 63.880
825.492 63.928
825.796 63.961
826.099 63.980
826.403 63.991
826.706 64.022
827.010 64.061
827.313 64.070
827.617 64.092
827.920 64.084
828.224 64.078
828.527 64.127
828.831 64.159
829.134 64.186
829.438 64.214
829.741 64.249
830.045 64.266
830.348 64.279
830.652 64.312
830.956 64.366
831.259 64.413
831.563 64.435
831.866 64.461
832.170 64.488
832.473 64.516
832.777 64.541
833.080 64.556
833.384 64.572
833.687 64.591
833.991 64.600
834.294 64.605
834.598 64.602
834.901 64.647
835.205 64.672
835.508 64.683
835.812 64.704
836.115 64.692
836.419 64.683
836.722 64.684
837.026 64.718
837.330 64.744
837.633 64.739
837.937 64.759
838.240 64.768
838.544 64.782
838.847 64.829
839.151 64.853
839.454 64.844
839.758 64.829
840.061 64.831
840.365 64.829
840.668 64.778
840.972 64.755
841.275 64.778
841.579 64.808
841.882 64.819
842.186 64.808
842.489 64.825
842.793 64.852
843.097 64.885
843.400 64.907
843.704 64.919
844.007 64.949
844.311 64.980
844.614 64.994
844.918 65.031
845.221 65.078
845.525 65.136
845.828 65.130
846.132 65.132
846.435 65.169
846.739 65.186
847.042 65.207
847.346 65.225
847.649 65.246
847.953 65.262
848.256 65.275
848.560 65.312
848.863 65.345
849.167 65.316
849.471 65.264
849.774 65.242
850.078 65.233
850.381 65.209
850.685 65.257
850.988 65.319
851.292 65.348
851.595 65.379
851.899 65.417
852.202 65.447
852.506 65.496
852.809 65.521
853.113 65.547
853.416 65.526
853.720 65.500
854.023 65.494
854.327 65.482
854.630 65.510
854.934 65.514
855.237 65.508
855.541 65.476
855.845 65.479
856.148 65.508
856.452 65.512
856.755 65.491
857.059 65.477
857.362 65.470
857.666 65.463
857.969 65.450
858.273 65.447
858.576 65.442
858.880 65.444
859.183 65.460
859.487 65.470
859.790 65.424
860.094 65.376
860.397 65.379
860.701 65.404
861.004 65.402
861.308 65.367
861.611 65.352
861.915 65.326
862.219 65.335
862.522 65.329
862.826 65.309
863.129 65.313
863.433 65.289
863.736 65.249
864.040 65.214
864.343 65.270
864.647 65.297
864.950 65.279
865.254 65.279
865.557 65.239
865.861 65.227
866.164 65.229
866.468 65.211
866.771 65.203
867.075 65.188
867.378 65.154
867.682 65.163
867.985 65.176
868.289 65.182
868.593 65.186
868.896 65.197
869.200 65.175
869.503 65.156
869.807 65.167
870.110 65.184
870.414 65.185
870.717 65.157
871.021 65.109
871.324 65.099
871.628 65.114
871.931 65.134
872.235 65.165
872.538 65.164
872.842 65.161
873.145 65.141
873.449 65.142
873.752 65.163
874.056 65.177
874.359 65.168
874.663 65.186
874.967 65.204
875.270 65.234
875.574 65.233
875.877 65.198
876.181 65.181
876.484 65.176
876.788 65.186
877.091 65.174
877.395 65.136
877.698 65.088
878.002 65.036
878.305 65.036
878.609 65.040
878.912 64.999
879.216 64.981
879.519 64.967
879.823 64.952
880.126 64.949
880.430 64.972
880.733 64.987
881.037 64.992
881.341 64.990
881.644 64.989
881.948 65.018
882.251 65.069
882.555 65.049
882.858 65.007
883.162 65.001
883.465 64.989
883.769 64.969
884.072 64.980
884.376 64.997
884.679 65.019
884.983 65.029
885.286 65.024
885.590 65.022
885.893 65.045
886.197 65.071
886.500 65.080
886.804 65.061
887.107 65.064
887.411 65.071
887.715 65.079
888.018 65.058
888.322 65.021
888.625 65.003
888.929 64.950
889.232 64.948
889.536 64.959
889.839 64.935
890.143 64.889
890.446 64.856
890.750 64.855
891.053 64.875
891.357 64.852
891.660 64.838
891.964 64.844
892.267 64.814
892.571 64.824
892.874 64.876
893.178 64.896
893.482 64.912
893.785 64.896
894.089 64.896
894.392 64.921
894.696 64.912
894.999 64.901
895.303 64.920
895.606 64.949
895.910 64.987
896.213 65.043
896.517 65.082
896.820 65.099
897.124 65.121
897.427 65.166
897.731 65.200
898.034 65.216
898.338 65.249
898.641 65.228
898.945 65.202
899.248 65.197
899.552 65.183
899.856 65.189
900.159 65.196
900.463 65.181
900.766 65.114
901.070 65.113
901.373 65.132
901.677 65.136
901.980 65.136
902.284 65.151
902.587 65.165
902.891 65.155
903.194 65.095
903.498 65.064
903.801 65.076
904.105 65.089
904.408 65.112
904.712 65.068
905.015 65.015
905.319 64.988
905.622 64.986
905.926 64.947
906.230 64.897
906.533 64.844
906.837 64.772
907.140 64.771
907.444 64.818
907.747 64.827
908.051 64.814
908.354 64.809
908.658 64.818
908.961 64.831
909.265 64.807
909.568 64.797
909.872 64.801
910.175 64.800
910.479 64.759
910.782 64.749
911.086 64.725
911.389 64.666
911.693 64.616
911.996 64.556
912.300 64.540
912.613 64.520
912.926 64.476
913.238 64.471
913.551 64.485
913.864 64.472
914.176 64.464
914.489 64.470
914.802 64.450
915.115 64.460
915.427 64.420
915.740 64.419
916.053 64.409
916.366 64.340
916.678 64.286
916.991 64.250
917.304 64.253
917.617 64.254
917.929 64.246
918.242 64.226
918.555 64.219
918.868 64.216
919.180 64.219
919.493 64.232
919.806 64.198
920.119 64.170
920.431 64.108
920.744 64.074
921.057 64.040
921.370 64.005
921.682 63.969
921.995 63.938
922.308 63.923
922.621 63.934
922.933 63.957
923.246 63.920
923.559 63.903
923.872 63.895
924.184 63.903
924.497 63.875
924.810 63.856
925.123 63.884
925.435 63.910
925.748 63.947
926.061 63.895
926.374 63.825
926.686 63.826
926.999 63.877
927.312 63.890
927.625 63.915
927.937 63.928
928.250 63.936
928.563 63.953
928.876 63.973
929.188 63.959
929.501 63.992
929.814 63.992
930.127 63.940
930.439 63.923
930.752 63.858
931.065 63.806
931.378 63.827
931.690 63.833
932.003 63.810
932.316 63.770
932.629 63.722
932.941 63.680
933.254 63.649
933.567 63.557
933.880 63.479
934.192 63.452
934.505 63.450
934.818 63.467
935.131 63.492
935.443 63.526
935.756 63.548
936.069 63.545
936.382 63.537
936.694 63.540
937.007 63.552
937.320 63.517
937.633 63.460
937.945 63.384
938.258 63.301
938.571 63.252
938.884 63.290
939.196 63.282
939.509 63.266
939.822 63.223
940.135 63.189
940.447 63.200
940.760 63.193
941.073 63.177
941.386 63.181
941.698 63.128
942.011 63.064
942.324 63.007
942.637 62.926
942.949 62.923
943.262 62.952
943.575 62.992
943.888 63.014
944.200 62.951
944.513 62.929
944.826 62.980
945.139 63.019
945.451 63.007
945.764 62.978
946.077 62.885
946.390 62.879
946.702 62.868
947.015 62.783
947.328 62.733
947.641 62.659
947.953 62.601
948.266 62.556
948.579 62.484
948.892 62.448
949.204 62.384
949.517 62.292
949.830 62.333
950.143 62.458
950.455 62.466
950.768 62.450
951.081 62.454
951.394 62.464
951.706 62.487
952.019 62.483
952.332 62.516
952.645 62.570
952.957 62.609
953.270 62.665
953.583 62.669
953.896 62.609
954.208 62.532
954.521 62.512
954.834 62.510
955.147 62.503
955.459 62.456
955.772 62.363
956.085 62.293
956.398 62.262
956.710 62.229
957.023 62.221
957.336 62.258
957.649 62.259
957.961 62.237
958.274 62.284
958.587 62.229
958.900 62.156
959.212 62.119
959.525 61.983
959.838 61.953
960.151 61.995
960.463 61.961
960.776 61.926
961.089 61.858
961.402 61.870
961.714 61.946
962.027 61.932
962.340 61.897
962.653 61.885
962.965 61.919
963.278 61.923
963.591 61.841
963.904 61.743
964.216 61.704
964.529 61.678
964.842 61.623
965.154 61.638
965.467 61.621
965.780 61.510
966.094 61.455
966.409 61.480
966.723 61.503
967.037 61.465
967.352 61.428
967.666 61.455
967.980 61.496
968.295 61.570
968.609 61.582
968.923 61.504
969.238 61.427
969.552 61.326
969.866 61.326
970.181 61.341
970.495 61.349
970.809 61.341
971.124 61.348
971.438 61.283
971.752 61.321
972.067 61.367
972.381 61.308
972.695 61.268
973.010 61.248
973.324 61.287
973.638 61.245
973.953 61.229
974.267 61.256
974.581 61.304
974.896 61.322
975.210 61.282
975.524 61.219
975.839 61.212
976.153 61.252
976.467 61.274
976.781 61.320
977.096 61.301
977.410 61.226
977.724 61.340
978.039 61.456
978.353 61.505
978.667 61.640
978.982 61.722
979.296 61.782
979.610 61.864
979.925 61.841
980.239 61.880
980.553 61.868
980.868 61.859
981.182 61.811
981.496 61.799
981.811 61.655
982.125 61.536
982.439 61.579
982.754 61.658
983.068 61.667
983.382 61.685
983.697 61.681
984.011 61.644
984.325 61.605
984.640 61.556
984.954 61.603
985.268 61.713
985.583 61.701
985.897 61.726
986.211 61.860
986.526 61.927
986.840 61.927
987.154 61.922
987.469 61.920
987.783 62.002
988.097 62.049
988.412 61.973
988.726 61.953
989.040 61.867
989.355 61.778
989.669 61.785
989.983 61.773
990.298 61.726
990.612 61.820
990.926 61.811
991.241 61.848
991.555 61.869
991.869 61.918
992.184 61.960
992.498 61.963
992.812 62.033
993.127 62.080
993.441 62.068
993.755 62.046
994.070 62.095
994.384 62.210
994.698 62.272
995.013 62.323
995.327 62.356
995.641 62.360
995.956 62.360
996.270 62.336
996.584 62.338
996.899 62.344
997.213 62.433
997.527 62.429
997.841 62.360
998.156 62.321
998.470 62.217
998.784 62.141
999.099 62.231
999.413 62.208
999.727 62.197
