200.182 83.913
200.437 83.201
200.691 82.568
200.946 81.856
201.201 80.820
201.455 79.969
201.710 79.242
201.964 78.715
202.219 78.179
202.474 77.549
202.728 76.829
202.983 76.060
203.237 75.417
203.492 74.574
203.747 73.523
204.001 72.609
204.256 71.615
204.510 70.453
204.765 69.445
205.020 68.696
205.274 67.809
205.529 66.751
205.783 65.652
206.038 64.544
206.293 63.468
206.547 62.533
206.802 61.506
207.057 60.657
207.311 59.788
207.566 58.992
207.820 58.207
208.075 57.257
208.330 56.245
208.584 55.278
208.839 54.620
209.093 53.934
209.348 53.017
209.603 52.138
209.857 51.125
210.112 50.282
210.366 49.334
210.621 48.338
210.876 47.409
211.130 46.671
211.385 45.884
211.639 44.941
211.894 43.954
212.149 43.246
212.403 42.488
212.658 41.737
212.913 41.048
213.167 40.312
213.422 39.623
213.676 38.799
213.931 38.015
214.186 37.243
214.440 36.562
214.695 36.015
214.949 35.536
215.204 34.883
215.459 34.276
215.713 33.772
215.968 33.166
216.222 32.498
216.477 31.872
216.732 31.464
216.986 31.050
217.241 30.450
217.495 29.883
217.750 29.355
218.005 28.895
218.259 28.486
218.514 28.038
218.769 27.493
219.023 27.013
219.278 26.680
219.532 26.218
219.787 25.756
220.042 25.359
220.296 24.996
220.551 24.574
220.805 24.236
221.060 23.930
221.315 23.553
221.569 23.140
221.824 22.781
222.078 22.411
222.333 22.016
222.588 21.709
222.842 21.336
223.097 20.966
223.351 20.633
223.606 20.236
223.861 19.807
224.115 19.420
224.370 18.996
224.625 18.577
224.879 18.209
225.134 17.838
225.388 17.553
225.643 17.264
225.898 17.015
226.152 16.762
226.407 16.493
226.661 16.141
226.916 15.839
227.171 15.536
227.425 15.249
227.680 14.954
227.934 14.734
228.189 14.487
228.444 14.252
228.698 14.033
228.953 13.794
229.208 13.577
229.462 13.324
229.717 13.108
229.971 12.879
230.226 12.695
230.481 12.482
230.735 12.315
230.990 12.156
231.244 11.989
231.499 11.836
231.754 11.697
232.008 11.569
232.263 11.466
232.517 11.330
232.772 11.224
233.027 11.089
233.281 10.928
233.536 10.791
233.790 10.641
234.045 10.512
234.300 10.403
234.554 10.291
234.809 10.165
235.064 10.069
235.318 10.001
235.573 9.927
235.827 9.843
236.082 9.753
236.337 9.693
236.591 9.625
236.846 9.560
237.100 9.505
237.355 9.464
237.610 9.417
237.864 9.367
238.119 9.334
238.373 9.292
238.628 9.248
238.883 9.210
239.137 9.166
239.392 9.130
239.646 9.109
239.901 9.085
240.156 9.049
240.410 9.030
240.665 9.001
240.920 8.968
241.174 8.944
241.429 8.928
241.683 8.906
241.938 8.880
242.193 8.862
242.447 8.839
242.702 8.823
242.956 8.811
243.211 8.801
243.466 8.789
243.720 8.786
243.975 8.786
244.229 8.782
244.484 8.766
244.739 8.758
244.993 8.755
245.248 8.746
245.503 8.746
245.757 8.735
246.012 8.728
246.266 8.723
246.521 8.718
246.776 8.725
247.030 8.720
247.285 8.701
247.539 8.688
247.794 8.676
248.049 8.665
248.303 8.665
248.558 8.673
248.812 8.666
249.067 8.637
249.322 8.622
249.576 8.611
249.831 8.608
250.085 8.596
250.340 8.588
250.595 8.586
250.849 8.588
251.104 8.583
251.359 8.579
251.613 8.577
251.868 8.573
252.122 8.560
252.377 8.549
252.632 8.544
252.886 8.527
253.141 8.504
253.395 8.490
253.650 8.478
253.905 8.464
254.161 8.454
254.416 8.444
254.672 8.445
254.927 8.447
255.183 8.429
255.438 8.411
255.694 8.403
255.949 8.395
256.205 8.384
256.460 8.369
256.715 8.350
256.971 8.342
257.226 8.334
257.482 8.322
257.737 8.308
257.993 8.295
258.248 8.283
258.504 8.268
258.759 8.243
259.014 8.233
259.270 8.226
259.525 8.202
259.781 8.185
260.036 8.188
260.292 8.184
260.547 8.166
260.803 8.154
261.058 8.148
261.314 8.139
261.569 8.125
261.824 8.113
262.080 8.102
262.335 8.087
262.591 8.082
262.846 8.079
263.102 8.066
263.357 8.055
263.613 8.049
263.868 8.037
264.123 8.022
264.379 8.007
264.634 8.004
264.890 7.999
265.145 8.004
265.401 7.996
265.656 7.984
265.912 7.972
266.167 7.958
266.423 7.938
266.678 7.924
266.933 7.910
267.189 7.896
267.444 7.883
267.700 7.872
267.955 7.859
268.211 7.847
268.466 7.841
268.722 7.838
268.977 7.834
269.232 7.827
269.488 7.815
269.743 7.802
269.999 7.796
270.254 7.788
270.510 7.780
270.765 7.775
271.021 7.771
271.276 7.769
271.532 7.770
271.787 7.769
272.042 7.766
272.298 7.760
272.553 7.747
272.809 7.739
273.064 7.741
273.320 7.745
273.575 7.746
273.831 7.742
274.086 7.736
274.342 7.736
274.597 7.725
274.852 7.713
275.108 7.712
275.363 7.711
275.619 7.695
275.874 7.679
276.130 7.676
276.385 7.673
276.641 7.668
276.896 7.662
277.151 7.663
277.407 7.659
277.662 7.647
277.918 7.633
278.173 7.625
278.429 7.621
278.684 7.629
278.940 7.634
279.195 7.631
279.451 7.631
279.706 7.628
279.961 7.632
280.217 7.630
280.472 7.630
280.728 7.626
280.983 7.625
281.239 7.625
281.494 7.626
281.750 7.629
282.005 7.632
282.260 7.638
282.516 7.639
282.771 7.636
283.027 7.634
283.282 7.640
283.538 7.641
283.793 7.638
284.049 7.638
284.304 7.634
284.560 7.629
284.815 7.625
285.070 7.624
285.326 7.631
285.581 7.634
285.837 7.629
286.092 7.627
286.348 7.633
286.603 7.638
286.859 7.638
287.114 7.641
287.369 7.646
287.625 7.655
287.880 7.664
288.136 7.678
288.391 7.685
288.647 7.686
288.902 7.680
289.158 7.681
289.413 7.689
289.669 7.696
289.924 7.704
290.179 7.719
290.435 7.733
290.690 7.735
290.946 7.739
291.201 7.747
291.457 7.754
291.712 7.757
291.968 7.765
292.223 7.768
292.479 7.772
292.734 7.771
292.989 7.782
293.245 7.797
293.500 7.808
293.756 7.814
294.011 7.820
294.267 7.813
294.522 7.806
294.778 7.814
295.033 7.818
295.288 7.825
295.544 7.824
295.799 7.824
296.055 7.823
296.310 7.825
296.566 7.829
296.821 7.842
297.077 7.846
297.332 7.843
297.588 7.841
297.843 7.840
298.098 7.842
298.354 7.848
298.609 7.853
298.865 7.860
299.120 7.868
299.376 7.873
299.631 7.874
299.887 7.879
300.142 7.888
300.397 7.894
300.653 7.900
300.908 7.901
301.164 7.901
301.419 7.907
301.675 7.908
301.930 7.902
302.186 7.899
302.441 7.901
302.697 7.898
302.952 7.895
303.207 7.892
303.463 7.892
303.718 7.883
303.974 7.879
304.229 7.886
304.485 7.894
304.740 7.900
304.996 7.901
305.251 7.902
305.506 7.898
305.762 7.890
306.017 7.885
306.273 7.891
306.528 7.898
306.784 7.907
307.039 7.920
307.295 7.921
307.550 7.916
307.806 7.923
308.061 7.933
308.316 7.940
308.572 7.938
308.827 7.935
309.083 7.937
309.338 7.935
309.594 7.928
309.849 7.938
310.105 7.948
310.360 7.945
310.615 7.940
310.871 7.936
311.126 7.941
311.382 7.953
311.637 7.959
311.893 7.958
312.148 7.954
312.404 7.943
312.659 7.941
312.915 7.942
313.170 7.938
313.429 7.937
313.688 7.940
313.947 7.941
314.206 7.943
314.465 7.940
314.724 7.932
314.983 7.930
315.242 7.926
315.501 7.924
315.760 7.926
316.019 7.932
316.278 7.937
316.536 7.936
316.795 7.934
317.054 7.936
317.313 7.937
317.572 7.943
317.831 7.954
318.090 7.957
318.349 7.957
318.608 7.956
318.867 7.950
319.126 7.943
319.385 7.949
319.644 7.960
319.903 7.955
320.162 7.949
320.421 7.945
320.680 7.941
320.939 7.941
321.198 7.937
321.457 7.931
321.716 7.930
321.975 7.922
322.234 7.913
322.493 7.907
322.752 7.904
323.010 7.904
323.269 7.905
323.528 7.899
323.787 7.892
324.046 7.886
324.305 7.888
324.564 7.891
324.823 7.886
325.082 7.887
325.341 7.893
325.600 7.898
325.859 7.897
326.118 7.903
326.377 7.906
326.636 7.901
326.895 7.896
327.154 7.883
327.413 7.877
327.672 7.873
327.931 7.870
328.190 7.868
328.449 7.871
328.708 7.874
328.967 7.874
329.226 7.875
329.485 7.873
329.743 7.872
330.002 7.868
330.261 7.866
330.520 7.868
330.779 7.862
331.038 7.862
331.297 7.867
331.556 7.866
331.815 7.862
332.074 7.850
332.333 7.844
332.592 7.847
332.851 7.845
333.110 7.841
333.369 7.830
333.628 7.822
333.887 7.813
334.146 7.809
334.405 7.809
334.664 7.816
334.923 7.830
335.182 7.831
335.441 7.817
335.700 7.808
335.959 7.809
336.217 7.811
336.476 7.821
336.735 7.827
336.994 7.833
337.253 7.852
337.512 7.869
337.771 7.874
338.030 7.875
338.289 7.881
338.548 7.885
338.807 7.889
339.066 7.897
339.325 7.893
339.584 7.893
339.843 7.902
340.102 7.904
340.361 7.900
340.620 7.906
340.879 7.911
341.138 7.906
341.397 7.889
341.656 7.885
341.915 7.887
342.174 7.881
342.433 7.887
342.691 7.898
342.950 7.909
343.209 7.919
343.468 7.930
343.727 7.932
343.986 7.941
344.245 7.943
344.504 7.948
344.763 7.961
345.022 7.970
345.281 7.973
345.540 7.970
345.799 7.960
346.058 7.957
346.317 7.956
346.576 7.963
346.835 7.970
347.094 7.974
347.353 7.984
347.612 7.982
347.871 7.987
348.130 7.996
348.389 7.990
348.648 7.982
348.907 7.985
349.166 8.003
349.424 8.006
349.683 8.010
349.942 8.023
350.201 8.033
350.460 8.032
350.719 8.022
350.978 8.016
351.237 8.027
351.496 8.040
351.755 8.039
352.014 8.031
352.273 8.020
352.532 8.008
352.791 8.005
353.050 8.009
353.309 8.007
353.568 8.001
353.827 7.998
354.086 7.991
354.345 7.977
354.604 7.970
354.863 7.955
355.122 7.962
355.381 7.965
355.640 7.961
355.898 7.956
356.157 7.955
356.416 7.959
356.675 7.961
356.934 7.958
357.193 7.973
357.452 7.989
357.711 7.987
357.970 8.000
358.229 8.011
358.488 8.006
358.747 7.995
359.006 7.986
359.265 7.995
359.524 8.015
359.783 8.026
360.042 8.027
360.301 8.030
360.560 8.028
360.819 8.027
361.078 8.026
361.337 8.032
361.596 8.051
361.855 8.071
362.114 8.086
362.372 8.104
362.631 8.108
362.890 8.107
363.149 8.099
363.408 8.104
363.667 8.107
363.926 8.111
364.185 8.125
364.444 8.133
364.703 8.136
364.962 8.128
365.221 8.137
365.480 8.149
365.745 8.136
366.009 8.130
366.274 8.145
366.539 8.150
366.804 8.151
367.068 8.149
367.333 8.144
367.598 8.150
367.863 8.155
368.127 8.158
368.392 8.172
368.657 8.186
368.921 8.173
369.186 8.162
369.451 8.169
369.716 8.176
369.980 8.177
370.245 8.186
370.510 8.195
370.775 8.206
371.039 8.210
371.304 8.211
371.569 8.204
371.834 8.207
372.098 8.214
372.363 8.216
372.628 8.217
372.892 8.224
373.157 8.217
373.422 8.200
373.687 8.192
373.951 8.187
374.216 8.176
374.481 8.169
374.746 8.171
375.010 8.177
375.275 8.165
375.540 8.146
375.804 8.133
376.069 8.127
376.334 8.125
376.599 8.119
376.863 8.109
377.128 8.108
377.393 8.109
377.658 8.103
377.922 8.088
378.187 8.084
378.452 8.071
378.716 8.071
378.981 8.070
379.246 8.062
379.511 8.061
379.775 8.068
380.040 8.070
380.305 8.057
380.570 8.052
380.834 8.053
381.099 8.062
381.364 8.062
381.629 8.053
381.893 8.057
382.158 8.063
382.423 8.048
382.687 8.038
382.952 8.037
383.217 8.035
383.482 8.034
383.746 8.026
384.011 8.027
384.276 8.031
384.541 8.014
384.805 7.987
385.070 7.975
385.335 7.975
385.599 7.981
385.864 7.982
386.129 7.990
386.394 7.996
386.658 7.989
386.923 7.983
387.188 7.969
387.453 7.957
387.717 7.960
387.982 7.953
388.247 7.944
388.511 7.930
388.776 7.918
389.041 7.914
389.306 7.914
389.570 7.908
389.835 7.902
390.100 7.896
390.365 7.901
390.629 7.912
390.894 7.913
391.159 7.906
391.424 7.906
391.688 7.896
391.953 7.889
392.218 7.891
392.482 7.890
392.747 7.891
393.012 7.896
393.277 7.906
393.541 7.915
393.806 7.914
394.071 7.913
394.336 7.901
394.600 7.891
394.865 7.884
395.130 7.878
395.394 7.882
395.659 7.889
395.924 7.886
396.189 7.890
396.453 7.895
396.718 7.901
396.983 7.893
397.248 7.884
397.512 7.874
397.777 7.865
398.042 7.850
398.306 7.837
398.571 7.842
398.836 7.853
399.101 7.852
399.365 7.856
399.630 7.869
399.895 7.881
400.160 7.880
400.424 7.871
400.689 7.881
400.954 7.903
401.219 7.912
401.483 7.912
401.748 7.902
402.013 7.897
402.277 7.889
402.542 7.882
402.807 7.884
403.072 7.891
403.336 7.894
403.601 7.903
403.866 7.908
404.131 7.917
404.395 7.928
404.660 7.938
404.929 7.936
405.198 7.930
405.466 7.927
405.735 7.929
406.004 7.943
406.273 7.958
406.542 7.957
406.810 7.947
407.079 7.943
407.348 7.948
407.617 7.951
407.886 7.958
408.154 7.962
408.423 7.964
408.692 7.969
408.961 7.971
409.229 7.972
409.498 7.979
409.767 7.976
410.036 7.976
410.305 7.985
410.573 8.003
410.842 8.013
411.111 8.018
411.380 8.026
411.649 8.021
411.917 8.013
412.186 8.012
412.455 8.006
412.724 8.005
412.993 8.003
413.261 8.010
413.530 8.016
413.799 8.027
414.068 8.045
414.337 8.066
414.605 8.077
414.874 8.076
415.143 8.073
415.412 8.075
415.681 8.073
415.949 8.063
416.218 8.062
416.487 8.065
416.756 8.075
417.024 8.085
417.293 8.083
417.562 8.091
417.831 8.098
418.100 8.109
418.368 8.125
418.637 8.133
418.906 8.137
419.175 8.147
419.444 8.152
419.712 8.160
419.981 8.166
420.250 8.174
420.519 8.177
420.788 8.172
421.056 8.166
421.325 8.175
421.594 8.188
421.863 8.194
422.132 8.205
422.400 8.204
422.669 8.202
422.938 8.207
423.207 8.217
423.476 8.225
423.744 8.231
424.013 8.242
424.282 8.252
424.551 8.262
424.819 8.262
425.088 8.259
425.357 8.268
425.626 8.276
425.895 8.279
426.163 8.288
426.432 8.304
426.701 8.312
426.970 8.307
427.239 8.305
427.507 8.306
427.776 8.313
428.045 8.328
428.314 8.339
428.583 8.355
428.851 8.374
429.120 8.385
429.389 8.396
429.658 8.404
429.927 8.412
430.195 8.419
430.464 8.425
430.733 8.437
431.002 8.452
431.271 8.467
431.539 8.482
431.808 8.499
432.077 8.518
432.346 8.537
432.614 8.555
432.883 8.570
433.152 8.595
433.421 8.616
433.690 8.633
433.958 8.647
434.227 8.660
434.496 8.670
434.765 8.677
435.034 8.699
435.302 8.719
435.571 8.729
435.840 8.743
436.116 8.760
436.393 8.784
436.669 8.809
436.945 8.833
437.221 8.862
437.498 8.893
437.774 8.919
438.050 8.946
438.326 8.973
438.603 8.996
438.879 9.022
439.155 9.044
439.431 9.068
439.708 9.097
439.984 9.120
440.260 9.143
440.537 9.163
440.813 9.184
441.089 9.213
441.365 9.246
441.642 9.275
441.918 9.306
442.194 9.340
442.470 9.357
442.747 9.375
443.023 9.393
443.299 9.420
443.575 9.459
443.852 9.498
444.128 9.534
444.404 9.569
444.680 9.600
444.957 9.632
445.233 9.655
445.509 9.682
445.786 9.719
446.062 9.755
446.338 9.790
446.614 9.821
446.891 9.857
447.167 9.891
447.443 9.930
447.719 9.963
447.996 9.998
448.272 10.036
448.548 10.073
448.824 10.100
449.101 10.138
449.377 10.180
449.653 10.227
449.930 10.263
450.206 10.294
450.482 10.340
450.758 10.384
451.035 10.422
451.311 10.465
451.587 10.505
451.863 10.548
452.140 10.595
452.416 10.640
452.692 10.689
452.968 10.733
453.245 10.776
453.521 10.823
453.797 10.869
454.074 10.909
454.350 10.954
454.626 11.006
454.902 11.060
455.179 11.113
455.455 11.165
455.731 11.216
456.007 11.270
456.284 11.319
456.560 11.368
456.836 11.424
457.112 11.477
457.389 11.531
457.665 11.589
457.941 11.635
458.218 11.681
458.494 11.732
458.770 11.782
459.046 11.838
459.323 11.906
459.599 11.969
459.875 12.031
460.151 12.088
460.428 12.145
460.704 12.207
460.980 12.264
461.256 12.325
461.533 12.391
461.809 12.456
462.085 12.521
462.361 12.582
462.638 12.642
462.914 12.711
463.190 12.779
463.467 12.849
463.743 12.910
464.019 12.968
464.295 13.031
464.572 13.106
464.848 13.175
465.124 13.241
465.400 13.309
465.677 13.380
465.953 13.448
466.229 13.519
466.505 13.591
466.782 13.656
467.058 13.725
467.334 13.799
467.611 13.878
467.887 13.961
468.163 14.031
468.439 14.101
468.716 14.173
468.992 14.241
469.268 14.316
469.544 14.393
469.821 14.475
470.097 14.548
470.373 14.614
470.649 14.687
470.926 14.766
471.202 14.840
471.478 14.917
471.755 14.985
472.031 15.060
472.307 15.140
472.583 15.217
472.860 15.303
473.136 15.393
473.412 15.477
473.688 15.559
473.965 15.644
474.241 15.729
474.517 15.817
474.793 15.906
475.070 15.997
475.346 16.091
475.622 16.182
475.899 16.262
476.175 16.345
476.451 16.438
476.727 16.527
477.004 16.616
477.280 16.697
477.556 16.777
477.832 16.867
478.109 16.956
478.385 17.038
478.661 17.118
478.937 17.201
479.214 17.290
479.490 17.381
479.766 17.470
480.043 17.564
480.319 17.654
480.595 17.747
480.871 17.847
481.148 17.936
481.424 18.017
481.700 18.108
481.976 18.202
482.253 18.295
482.529 18.394
482.805 18.488
483.081 18.575
483.358 18.663
483.634 18.761
483.910 18.854
484.186 18.944
484.463 19.033
484.739 19.122
485.015 19.229
485.292 19.340
485.568 19.435
485.844 19.531
486.120 19.635
486.397 19.728
486.673 19.821
486.949 19.926
487.225 20.028
487.502 20.126
487.778 20.236
488.054 20.346
488.330 20.446
488.607 20.542
488.883 20.633
489.159 20.729
489.436 20.826
489.712 20.917
489.988 21.012
490.264 21.116
490.541 21.215
490.817 21.307
491.093 21.399
491.369 21.497
491.646 21.595
491.922 21.692
492.198 21.786
492.474 21.877
492.751 21.978
493.027 22.075
493.303 22.171
493.580 22.267
493.856 22.370
494.132 22.473
494.408 22.563
494.685 22.654
494.961 22.739
495.237 22.833
495.513 22.930
495.790 23.029
496.066 23.126
496.342 23.225
496.618 23.321
496.895 23.415
497.171 23.505
497.447 23.589
497.724 23.674
498.000 23.761
498.276 23.857
498.552 23.955
498.829 24.048
499.105 24.138
499.381 24.228
499.657 24.321
499.934 24.407
500.210 24.500
500.486 24.600
500.762 24.704
501.039 24.787
501.315 24.871
501.591 24.961
501.867 25.046
502.144 25.130
502.420 25.220
502.696 25.312
502.973 25.395
503.249 25.480
503.525 25.562
503.801 25.635
504.078 25.717
504.354 25.796
504.630 25.869
504.906 25.943
505.183 26.029
505.459 26.123
505.735 26.210
506.011 26.288
506.288 26.365
506.564 26.439
506.840 26.511
507.117 26.584
507.393 26.669
507.669 26.757
507.945 26.838
508.222 26.916
508.498 26.996
508.774 27.078
509.050 27.152
509.327 27.229
509.603 27.304
509.879 27.384
510.155 27.453
510.432 27.528
510.708 27.598
510.984 27.673
511.261 27.763
511.537 27.850
511.813 27.935
512.089 28.018
512.366 28.101
512.642 28.180
512.918 28.254
513.194 28.321
513.471 28.387
513.747 28.459
514.023 28.535
514.299 28.623
514.576 28.701
514.852 28.779
515.128 28.851
515.405 28.913
515.681 28.978
515.957 29.054
516.233 29.134
516.510 29.203
516.786 29.274
517.062 29.346
517.338 29.408
517.615 29.470
517.891 29.542
518.167 29.616
518.443 29.684
518.720 29.752
518.996 29.819
519.272 29.886
519.548 29.953
519.825 30.019
520.101 30.088
520.377 30.165
520.654 30.241
520.930 30.306
521.206 30.382
521.482 30.461
521.759 30.536
522.035 30.600
522.311 30.662
522.587 30.734
522.864 30.815
523.140 30.890
523.416 30.958
523.692 31.030
523.969 31.098
524.245 31.155
524.521 31.215
524.798 31.276
525.074 31.334
525.350 31.394
525.626 31.462
525.903 31.534
526.179 31.597
526.455 31.658
526.731 31.727
527.008 31.798
527.284 31.864
527.560 31.932
527.836 31.997
528.113 32.058
528.389 32.118
528.665 32.174
528.942 32.235
529.218 32.303
529.494 32.378
529.770 32.441
530.047 32.506
530.323 32.569
530.599 32.625
530.875 32.686
531.152 32.737
531.428 32.800
531.704 32.861
531.980 32.918
532.257 32.989
532.533 33.060
532.809 33.128
533.086 33.186
533.362 33.246
533.638 33.313
533.914 33.373
534.191 33.430
534.467 33.485
534.743 33.548
535.019 33.609
535.296 33.677
535.572 33.741
535.848 33.802
536.124 33.859
536.401 33.914
536.677 33.977
536.953 34.043
537.230 34.102
537.506 34.162
537.782 34.232
538.058 34.294
538.335 34.344
538.611 34.398
538.887 34.452
539.163 34.510
539.440 34.570
539.716 34.622
539.992 34.681
540.268 34.752
540.545 34.810
540.821 34.863
541.097 34.918
541.373 34.972
541.650 35.036
541.926 35.099
542.202 35.156
542.479 35.209
542.755 35.265
543.031 35.329
543.307 35.397
543.584 35.449
543.860 35.504
544.136 35.562
544.412 35.617
544.689 35.672
544.965 35.733
545.241 35.794
545.517 35.854
545.794 35.905
546.070 35.956
546.356 36.002
546.642 36.054
546.928 36.112
547.214 36.172
547.500 36.240
547.786 36.306
548.072 36.374
548.358 36.437
548.644 36.500
548.930 36.560
549.216 36.610
549.502 36.661
549.788 36.710
550.074 36.765
550.360 36.817
550.646 36.862
550.932 36.915
551.218 36.968
551.504 37.029
551.790 37.092
552.076 37.149
552.362 37.195
552.648 37.237
552.934 37.280
553.220 37.334
553.506 37.388
553.793 37.432
554.079 37.479
554.365 37.529
554.651 37.583
554.937 37.628
555.223 37.674
555.509 37.732
555.795 37.789
556.081 37.848
556.367 37.895
556.653 37.949
556.939 37.998
557.225 38.048
557.511 38.092
557.797 38.141
558.083 38.197
558.369 38.254
558.655 38.311
558.941 38.364
559.227 38.413
559.513 38.468
559.799 38.528
560.085 38.584
560.371 38.630
560.657 38.679
560.943 38.727
561.229 38.768
561.515 38.806
561.801 38.849
562.087 38.894
562.373 38.931
562.659 38.970
562.945 39.012
563.231 39.061
563.517 39.104
563.803 39.152
564.089 39.202
564.375 39.241
564.661 39.285
564.947 39.324
565.233 39.364
565.519 39.399
565.805 39.435
566.091 39.471
566.377 39.514
566.663 39.564
566.949 39.608
567.235 39.648
567.521 39.688
567.807 39.732
568.093 39.779
568.379 39.823
568.665 39.863
568.951 39.904
569.237 39.942
569.524 39.978
569.810 40.019
570.096 40.073
570.382 40.132
570.668 40.179
570.954 40.218
571.240 40.259
571.526 40.292
571.812 40.332
572.098 40.374
572.384 40.422
572.670 40.464
572.956 40.496
573.242 40.533
573.528 40.576
573.814 40.617
574.100 40.650
574.386 40.689
574.672 40.737
574.958 40.782
575.244 40.823
575.530 40.863
575.816 40.904
576.102 40.950
576.388 40.992
576.674 41.036
576.960 41.077
577.248 41.112
577.536 41.146
577.824 41.195
578.113 41.238
578.401 41.276
578.689 41.325
578.977 41.383
579.265 41.432
579.553 41.474
579.841 41.520
580.130 41.566
580.418 41.615
580.706 41.664
580.994 41.719
581.282 41.769
581.570 41.825
581.858 41.878
582.147 41.924
582.435 41.969
582.723 42.013
583.011 42.066
583.299 42.115
583.587 42.167
583.875 42.215
584.164 42.257
584.452 42.308
584.740 42.362
585.028 42.416
585.316 42.458
585.604 42.508
585.892 42.554
586.181 42.596
586.469 42.642
586.757 42.688
587.045 42.737
587.333 42.790
587.621 42.842
587.909 42.886
588.198 42.929
588.486 42.981
588.774 43.039
589.062 43.098
589.350 43.143
589.638 43.186
589.927 43.231
590.215 43.274
590.503 43.331
590.791 43.381
591.079 43.427
591.367 43.481
591.655 43.533
591.944 43.587
592.232 43.622
592.520 43.662
592.808 43.711
593.096 43.766
593.384 43.814
593.672 43.860
593.961 43.907
594.249 43.956
594.537 44.008
594.825 44.057
595.113 44.109
595.401 44.148
595.689 44.188
595.978 44.244
596.266 44.295
596.554 44.332
596.842 44.368
597.130 44.413
597.418 44.466
597.706 44.521
597.995 44.563
598.283 44.601
598.571 44.627
598.859 44.651
599.147 44.682
599.435 44.724
599.723 44.767
600.012 44.814
600.300 44.858
600.588 44.897
600.876 44.937
601.164 44.976
601.452 45.017
601.740 45.055
602.029 45.094
602.317 45.139
602.605 45.176
602.893 45.227
603.181 45.270
603.469 45.307
603.757 45.345
604.046 45.373
604.334 45.404
604.622 45.447
604.910 45.483
605.198 45.512
605.486 45.547
605.774 45.582
606.063 45.617
606.351 45.654
606.639 45.691
606.927 45.738
607.215 45.781
607.503 45.811
607.791 45.852
608.080 45.881
608.368 45.916
608.656 45.957
608.944 45.995
609.232 46.042
609.520 46.084
609.808 46.133
610.097 46.189
610.385 46.236
610.673 46.280
610.961 46.325
611.249 46.369
611.537 46.413
611.825 46.443
612.114 46.467
612.402 46.507
612.690 46.550
612.978 46.586
613.266 46.626
613.554 46.661
613.843 46.704
614.131 46.743
614.419 46.777
614.707 46.814
614.995 46.850
615.283 46.879
615.571 46.921
615.860 46.978
616.148 47.031
616.436 47.087
616.724 47.138
617.012 47.181
617.300 47.224
617.588 47.261
617.877 47.300
618.165 47.330
618.453 47.372
618.741 47.420
619.029 47.459
619.317 47.500
619.605 47.538
619.894 47.574
620.182 47.610
620.470 47.645
620.758 47.688
621.046 47.732
621.334 47.780
621.622 47.835
621.911 47.890
622.199 47.936
622.487 47.980
622.775 48.015
623.063 48.054
623.351 48.097
623.639 48.147
623.928 48.194
624.216 48.247
624.504 48.287
624.792 48.330
625.080 48.379
625.368 48.421
625.656 48.464
625.945 48.505
626.233 48.546
626.521 48.580
626.809 48.611
627.097 48.648
627.385 48.691
627.673 48.720
627.962 48.751
628.250 48.778
628.538 48.809
628.826 48.848
629.114 48.887
629.402 48.941
629.690 48.998
629.979 49.043
630.267 49.078
630.555 49.129
630.843 49.169
631.131 49.213
631.419 49.246
631.707 49.295
631.996 49.352
632.284 49.392
632.572 49.423
632.860 49.458
633.148 49.489
633.436 49.502
633.724 49.520
634.013 49.558
634.301 49.605
634.589 49.649
634.877 49.685
635.165 49.722
635.453 49.763
635.741 49.818
636.030 49.862
636.318 49.900
636.606 49.936
636.894 49.975
637.182 50.018
637.470 50.051
637.759 50.096
638.047 50.142
638.335 50.177
638.623 50.220
638.911 50.257
639.199 50.297
639.487 50.338
639.776 50.368
640.064 50.396
640.352 50.435
640.640 50.473
640.928 50.512
641.216 50.541
641.504 50.576
641.793 50.609
642.081 50.648
642.369 50.679
642.657 50.713
642.945 50.748
643.233 50.786
643.521 50.816
643.810 50.838
644.098 50.873
644.386 50.905
644.674 50.932
644.962 50.953
645.250 50.978
645.538 50.998
645.827 51.018
646.115 51.039
646.403 51.041
646.691 51.035
646.979 51.031
647.267 51.025
647.555 51.020
647.844 51.025
648.132 51.027
648.420 51.032
648.708 51.033
648.996 51.039
649.284 51.057
649.572 51.061
649.861 51.080
650.149 51.105
650.437 51.131
650.725 51.161
651.013 51.194
651.301 51.228
651.589 51.236
651.878 51.239
652.166 51.265
652.454 51.304
652.742 51.339
653.030 51.367
653.318 51.384
653.606 51.414
653.895 51.437
654.183 51.468
654.471 51.497
654.759 51.518
655.047 51.530
655.335 51.543
655.623 51.560
655.912 51.576
656.200 51.598
656.488 51.625
656.776 51.650
657.064 51.661
657.352 51.674
657.640 51.706
657.929 51.731
658.217 51.757
658.505 51.794
658.793 51.831
659.081 51.857
659.369 51.874
659.657 51.891
659.946 51.908
660.234 51.920
660.522 51.951
660.810 51.982
661.098 52.016
661.386 52.056
661.675 52.088
661.963 52.113
662.251 52.135
662.539 52.165
662.827 52.195
663.115 52.241
663.403 52.290
663.692 52.327
663.980 52.379
664.268 52.452
664.556 52.513
664.844 52.566
665.132 52.616
665.420 52.674
665.709 52.729
665.997 52.778
666.285 52.830
666.573 52.885
666.861 52.921
667.149 52.975
667.437 53.017
667.726 53.059
668.014 53.101
668.302 53.137
668.590 53.173
668.878 53.209
669.166 53.256
669.454 53.290
669.743 53.315
670.031 53.337
670.319 53.358
670.607 53.384
670.895 53.415
671.183 53.440
671.471 53.473
671.760 53.505
672.048 53.537
672.336 53.567
672.624 53.616
672.912 53.660
673.200 53.687
673.488 53.721
673.777 53.755
674.065 53.782
674.353 53.799
674.641 53.831
674.929 53.876
675.217 53.904
675.505 53.942
675.794 53.974
676.082 54.002
676.370 54.032
676.658 54.070
676.946 54.114
677.234 54.153
677.522 54.196
677.811 54.242
678.099 54.272
678.387 54.291
678.675 54.317
678.963 54.350
679.251 54.384
679.539 54.416
679.828 54.445
680.116 54.480
680.404 54.520
680.692 54.545
680.980 54.572
681.268 54.615
681.556 54.641
681.845 54.643
682.133 54.663
682.421 54.701
682.709 54.730
682.997 54.744
683.285 54.769
683.573 54.800
683.862 54.819
684.150 54.837
684.438 54.869
684.726 54.906
685.014 54.951
685.302 54.980
685.591 55.024
685.879 55.060
686.167 55.086
686.455 55.103
686.743 55.124
687.031 55.157
687.319 55.191
687.608 55.221
687.896 55.261
688.184 55.294
688.472 55.326
688.760 55.365
689.048 55.403
689.336 55.428
689.625 55.461
689.913 55.499
690.201 55.528
690.489 55.547
690.777 55.569
691.065 55.602
691.353 55.623
691.642 55.660
691.930 55.696
692.218 55.723
692.506 55.742
692.794 55.762
693.082 55.781
693.370 55.810
693.659 55.828
693.947 55.831
694.235 55.839
694.523 55.851
694.811 55.873
695.099 55.905
695.387 55.933
695.676 55.959
695.964 55.998
696.252 56.040
696.540 56.064
696.836 56.113
697.133 56.148
697.429 56.189
697.725 56.221
698.021 56.245
698.318 56.283
698.614 56.306
698.910 56.330
699.207 56.357
699.503 56.396
699.799 56.426
700.095 56.447
700.392 56.465
700.688 56.487
700.984 56.521
701.281 56.562
701.577 56.613
701.873 56.660
702.169 56.699
702.466 56.732
702.762 56.750
703.058 56.773
703.355 56.784
703.651 56.808
703.947 56.840
704.243 56.883
704.540 56.917
704.836 56.947
705.132 56.977
705.428 57.001
705.725 57.021
706.021 57.037
706.317 57.051
706.614 57.061
706.910 57.063
707.206 57.091
707.502 57.114
707.799 57.135
708.095 57.165
708.391 57.206
708.688 57.256
708.984 57.281
709.280 57.305
709.576 57.324
709.873 57.351
710.169 57.373
710.465 57.400
710.762 57.434
711.058 57.469
711.354 57.502
711.650 57.542
711.947 57.606
712.243 57.644
712.539 57.682
712.836 57.731
713.132 57.754
713.428 57.782
713.724 57.816
714.021 57.846
714.317 57.863
714.613 57.872
714.910 57.856
715.206 57.878
715.502 57.912
715.798 57.934
716.095 57.952
716.391 57.969
716.687 57.992
716.984 58.010
717.280 58.046
717.576 58.072
717.872 58.103
718.169 58.121
718.465 58.161
718.761 58.202
719.058 58.213
719.354 58.215
719.650 58.210
719.946 58.200
720.243 58.204
720.539 58.208
720.835 58.230
721.131 58.269
721.428 58.305
721.724 58.333
722.020 58.361
722.317 58.391
722.613 58.404
722.909 58.420
723.205 58.435
723.502 58.453
723.798 58.490
724.094 58.526
724.391 58.549
724.687 58.578
724.983 58.627
725.279 58.648
725.576 58.658
725.872 58.676
726.168 58.680
726.465 58.673
726.761 58.678
727.057 58.715
727.353 58.752
727.650 58.772
727.946 58.796
728.242 58.815
728.539 58.831
728.835 58.852
729.131 58.878
729.427 58.898
729.724 58.909
730.020 58.913
730.316 58.931
730.613 58.928
730.909 58.917
731.205 58.931
731.501 58.954
731.798 58.975
732.094 59.000
732.390 59.019
732.687 59.052
732.983 59.094
733.279 59.120
733.575 59.123
733.872 59.134
734.168 59.164
734.464 59.188
734.761 59.204
735.057 59.216
735.353 59.232
735.649 59.250
735.946 59.265
736.242 59.303
736.538 59.332
736.835 59.369
737.131 59.406
737.427 59.447
737.723 59.496
738.020 59.550
738.316 59.579
738.612 59.616
738.909 59.639
739.205 59.666
739.501 59.679
739.797 59.720
740.094 59.761
740.390 59.776
740.686 59.804
740.982 59.816
741.279 59.837
741.575 59.877
741.871 59.883
742.168 59.889
742.464 59.909
742.760 59.939
743.056 59.952
743.353 59.982
743.649 60.019
743.945 60.045
744.242 60.069
744.538 60.102
744.834 60.129
745.130 60.127
745.427 60.128
745.723 60.157
746.019 60.173
746.316 60.194
746.612 60.228
746.908 60.251
747.204 60.262
747.501 60.277
747.797 60.285
748.093 60.293
748.390 60.314
748.686 60.347
748.982 60.376
749.278 60.405
749.575 60.407
749.871 60.413
750.167 60.420
750.464 60.425
750.760 60.425
751.056 60.425
751.352 60.426
751.649 60.433
751.945 60.451
752.241 60.471
752.538 60.487
752.834 60.504
753.130 60.537
753.426 60.558
753.723 60.586
754.019 60.603
754.315 60.594
754.611 60.597
754.908 60.596
755.204 60.607
755.500 60.613
755.797 60.608
756.093 60.606
756.389 60.627
756.685 60.631
756.982 60.631
757.278 60.618
757.574 60.616
757.871 60.590
758.167 60.580
758.463 60.607
758.759 60.642
759.056 60.674
759.352 60.683
759.648 60.672
759.945 60.681
760.241 60.706
760.537 60.740
760.833 60.758
761.130 60.768
761.426 60.771
761.722 60.784
762.019 60.791
762.315 60.818
762.611 60.844
762.907 60.846
763.204 60.851
763.500 60.870
763.804 60.884
764.108 60.914
764.412 60.938
764.716 60.949
765.020 60.964
765.324 60.989
765.628 61.011
765.932 61.047
766.236 61.050
766.540 61.045
766.844 61.059
767.148 61.063
767.452 61.050
767.756 61.066
768.060 61.110
768.364 61.136
768.668 61.157
768.972 61.173
769.276 61.197
769.580 61.205
769.884 61.217
770.188 61.248
770.492 61.250
770.796 61.251
771.100 61.271
771.404 61.275
771.708 61.264
772.012 61.255
772.316 61.268
772.620 61.285
772.924 61.303
773.228 61.301
773.532 61.301
773.836 61.329
774.140 61.357
774.444 61.368
774.748 61.379
775.052 61.393
775.356 61.433
775.659 61.480
775.963 61.515
776.267 61.537
776.571 61.545
776.875 61.562
777.179 61.576
777.483 61.595
777.787 61.609
778.091 61.619
778.395 61.635
778.699 61.652
779.003 61.657
779.307 61.643
779.611 61.640
779.915 61.656
780.219 61.676
780.523 61.697
780.827 61.705
781.131 61.718
781.435 61.761
781.739 61.803
782.043 61.834
782.347 61.863
782.651 61.854
782.955 61.850
783.259 61.864
783.563 61.864
783.867 61.843
784.171 61.821
784.475 61.815
784.779 61.844
785.083 61.869
785.387 61.880
785.691 61.880
785.995 61.912
786.299 61.935
786.603 61.926
786.907 61.930
787.211 61.959
787.515 61.985
787.819 61.993
788.123 62.017
788.427 62.045
788.731 62.037
789.035 62.059
789.339 62.078
789.643 62.072
789.947 62.082
790.251 62.122
790.555 62.157
790.859 62.177
791.163 62.208
791.467 62.223
791.771 62.245
792.075 62.269
792.379 62.283
792.683 62.302
792.987 62.331
793.291 62.341
793.595 62.347
793.899 62.347
794.203 62.351
794.507 62.374
794.811 62.404
795.115 62.446
795.419 62.459
795.723 62.467
796.027 62.469
796.331 62.489
796.635 62.533
796.939 62.559
797.243 62.563
797.547 62.575
797.851 62.608
798.155 62.635
798.459 62.633
798.763 62.620
799.067 62.601
799.371 62.591
799.674 62.596
799.978 62.600
800.282 62.618
800.586 62.603
800.890 62.586
801.194 62.604
801.498 62.646
801.802 62.663
802.106 62.701
802.410 62.768
802.714 62.826
803.018 62.849
803.322 62.862
803.626 62.859
803.930 62.859
804.234 62.883
804.538 62.884
804.842 62.890
805.146 62.891
805.450 62.888
805.754 62.885
806.058 62.893
806.362 62.923
806.666 62.932
806.970 62.959
807.274 62.989
807.578 62.992
807.882 62.992
808.186 63.008
808.490 63.033
808.794 63.057
809.098 63.062
809.402 63.090
809.706 63.119
810.010 63.109
810.314 63.123
810.618 63.134
810.922 63.118
811.226 63.115
811.530 63.126
811.834 63.122
812.137 63.149
812.441 63.196
812.744 63.190
813.048 63.157
813.351 63.155
813.655 63.142
813.958 63.143
814.262 63.176
814.565 63.193
814.869 63.202
815.172 63.193
815.476 63.155
815.779 63.135
816.083 63.130
816.386 63.118
816.690 63.129
816.993 63.166
817.297 63.196
817.600 63.247
817.904 63.279
818.208 63.282
818.511 63.256
818.815 63.214
819.118 63.208
819.422 63.191
819.725 63.180
820.029 63.180
820.332 63.193
820.636 63.200
820.939 63.195
821.243 63.167
821.546 63.156
821.850 63.165
822.153 63.208
822.457 63.230
822.760 63.250
823.064 63.261
823.367 63.256
823.671 63.260
823.974 63.269
824.278 63.269
824.582 63.274
824.885 63.284
825.189 63.310
825.492 63.305
825.796 63.292
826.099 63.280
826.403 63.273
826.706 63.296
827.010 63.300
827.313 63.283
827.617 63.286
827.920 63.252
828.224 63.213
828.527 63.235
828.831 63.249
829.134 63.251
829.438 63.273
829.741 63.288
830.045 63.282
830.348 63.266
830.652 63.259
830.956 63.248
831.259 63.269
831.563 63.316
831.866 63.322
832.170 63.309
832.473 63.310
832.777 63.287
833.080 63.260
833.384 63.243
833.687 63.217
833.991 63.236
834.294 63.257
834.598 63.254
834.901 63.278
835.205 63.283
835.508 63.273
835.812 63.286
836.115 63.294
836.419 63.294
836.722 63.286
837.026 63.284
837.330 63.297
837.633 63.338
837.937 63.349
838.240 63.347
838.544 63.341
838.847 63.348
839.151 63.365
839.454 63.371
839.758 63.387
840.061 63.395
840.365 63.404
840.668 63.393
840.972 63.406
841.275 63.410
841.579 63.438
841.882 63.468
842.186 63.467
842.489 63.492
842.793 63.505
843.097 63.494
843.400 63.487
843.704 63.487
844.007 63.510
844.311 63.547
844.614 63.558
844.918 63.584
845.221 63.630
845.525 63.648
845.828 63.642
846.132 63.627
846.435 63.668
846.739 63.672
847.042 63.684
847.346 63.705
847.649 63.703
847.953 63.687
848.256 63.688
848.560 63.689
848.863 63.722
849.167 63.724
849.471 63.693
849.774 63.660
850.078 63.627
850.381 63.626
850.685 63.697
850.988 63.719
851.292 63.714
851.595 63.737
851.899 63.745
852.202 63.751
852.506 63.799
852.809 63.814
853.113 63.808
853.416 63.765
853.720 63.734
854.023 63.713
854.327 63.661
854.630 63.625
854.934 63.619
855.237 63.602
855.541 63.612
855.845 63.633
856.148 63.596
856.452 63.575
856.755 63.567
857.059 63.559
857.362 63.561
857.666 63.569
857.969 63.550
858.273 63.508
858.576 63.504
858.880 63.488
859.183 63.447
859.487 63.434
859.790 63.427
860.094 63.402
860.397 63.384
860.701 63.387
861.004 63.353
861.308 63.323
861.611 63.329
861.915 63.329
862.219 63.318
862.522 63.290
862.826 63.241
863.129 63.231
863.433 63.224
863.736 62.903
864.040 62.898
864.343 62.930
864.647 62.957
864.950 62.968
865.254 62.992
865.557 62.966
865.861 62.933
866.164 62.927
866.468 62.880
866.771 62.858
867.075 62.849
867.378 62.830
867.682 62.815
867.985 62.815
868.289 62.834
868.593 62.826
868.896 62.842
869.200 62.833
869.503 62.789
869.807 62.794
870.110 62.786
870.414 62.767
870.717 62.739
871.021 62.739
871.324 62.743
871.628 62.765
871.931 62.801
872.235 62.818
872.538 62.794
872.842 62.821
873.145 62.829
873.449 62.821
873.752 62.851
874.056 62.870
874.359 62.866
874.663 62.892
874.967 62.910
875.270 62.922
875.574 62.951
875.877 62.966
876.181 62.950
876.484 62.945
876.788 62.958
877.091 62.916
877.395 62.871
877.698 62.856
878.002 62.827
878.305 62.808
878.609 62.816
878.912 62.804
879.216 62.796
879.519 62.787
879.823 62.781
880.126 62.807
880.430 62.837
880.733 62.846
881.037 62.823
881.341 62.808
881.644 62.813
881.948 62.813
882.251 62.837
882.555 62.812
882.858 62.767
883.162 62.737
883.465 62.735
883.769 62.713
884.072 62.729
884.376 62.762
884.679 62.768
884.983 62.780
885.286 62.782
885.590 62.758
885.893 62.754
886.197 62.752
886.500 62.736
886.804 62.711
887.107 62.697
887.411 62.671
887.715 62.679
888.018 62.698
888.322 62.685
888.625 62.697
888.929 62.675
889.232 62.660
889.536 62.629
889.839 62.588
890.143 62.570
890.446 62.574
890.750 62.589
891.053 62.615
891.357 62.573
891.660 62.556
891.964 62.544
892.267 62.498
892.571 62.488
892.874 62.504
893.178 62.494
893.482 62.503
893.785 62.498
894.089 62.483
894.392 62.486
894.696 62.477
894.999 62.470
895.303 62.472
895.606 62.497
895.910 62.534
896.213 62.563
896.517 62.592
896.820 62.625
897.124 62.626
897.427 62.608
897.731 62.597
898.034 62.633
898.338 62.643
898.641 62.601
898.945 62.573
899.248 62.535
899.552 62.523
899.856 62.533
900.159 62.546
900.463 62.558
900.766 62.521
901.070 62.519
901.373 62.559
901.677 62.586
901.980 62.549
902.284 62.550
902.587 62.542
902.891 62.477
903.194 62.438
903.498 62.433
903.801 62.430
904.105 62.446
904.408 62.453
904.712 62.478
905.015 62.489
905.319 62.484
905.622 62.507
905.926 62.485
906.230 62.453
906.533 62.437
906.837 62.444
907.140 62.450
907.444 62.452
907.747 62.460
908.051 62.464
908.354 62.463
908.658 62.461
908.961 62.433
909.265 62.397
909.568 62.373
909.872 62.389
910.175 62.398
910.479 62.371
910.782 62.385
911.086 62.384
911.389 62.352
911.693 62.295
911.996 62.257
912.300 62.252
912.613 62.236
912.926 62.198
913.238 62.184
913.551 62.189
913.864 62.184
914.176 62.175
914.489 62.154
914.802 62.123
915.115 62.091
915.427 62.010
915.740 61.947
916.053 61.941
916.366 61.898
916.678 61.853
916.991 61.847
917.304 61.890
917.617 61.891
917.929 61.910
918.242 61.890
918.555 61.872
918.868 61.853
919.180 61.810
919.493 61.800
919.806 61.786
920.119 61.750
920.431 61.688
920.744 61.615
921.057 61.579
921.370 61.627
921.682 61.673
921.995 61.681
922.308 61.708
922.621 61.755
922.933 61.787
923.246 61.770
923.559 61.736
923.872 61.739
924.184 61.717
924.497 61.648
924.810 61.638
925.123 61.657
925.435 61.643
925.748 61.626
926.061 61.629
926.374 61.655
926.686 61.688
926.999 61.739
927.312 61.820
927.625 61.885
927.937 61.897
928.250 61.926
928.563 61.951
928.876 61.972
929.188 61.988
929.501 62.055
929.814 62.031
930.127 61.952
930.439 61.971
930.752 62.012
931.065 61.996
931.378 61.972
931.690 61.943
932.003 61.942
932.316 61.944
932.629 61.898
932.941 61.828
933.254 61.834
933.567 61.785
933.880 61.719
934.192 61.732
934.505 61.813
934.818 61.915
935.131 61.968
935.443 62.022
935.756 62.027
936.069 62.062
936.382 62.064
936.694 62.108
937.007 62.085
937.320 62.060
937.633 62.087
937.945 62.107
938.258 62.104
938.571 62.045
938.884 62.039
939.196 62.059
939.509 62.101
939.822 62.130
940.135 62.085
940.447 62.038
940.760 62.035
941.073 62.007
941.386 61.951
941.698 61.855
942.011 61.797
942.324 61.774
942.637 61.725
942.949 61.669
943.262 61.705
943.575 61.758
943.888 61.771
944.200 61.727
944.513 61.669
944.826 61.649
945.139 61.606
945.451 61.514
945.764 61.439
946.077 61.364
946.390 61.276
946.702 61.181
947.015 61.102
947.328 61.043
947.641 60.964
947.953 60.911
948.266 60.852
948.579 60.751
948.892 60.680
949.204 60.669
949.517 60.645
949.830 60.643
950.143 60.671
950.455 60.712
950.768 60.720
951.081 60.713
951.394 60.745
951.706 60.838
952.019 60.886
952.332 60.923
952.645 60.987
952.957 61.013
953.270 61.057
953.583 61.083
953.896 61.035
954.208 60.986
954.521 60.960
954.834 60.972
955.147 60.942
955.459 60.878
955.772 60.787
956.085 60.779
956.398 60.778
956.710 60.718
957.023 60.694
957.336 60.712
957.649 60.735
957.961 60.775
958.274 60.806
958.587 60.748
958.900 60.752
959.212 60.717
959.525 60.566
959.838 60.532
960.151 60.542
960.463 60.490
960.776 60.441
961.089 60.361
961.402 60.366
961.714 60.409
962.027 60.410
962.340 60.360
962.653 60.348
962.965 60.391
963.278 60.432
963.591 60.449
963.904 60.401
964.216 60.338
964.529 60.350
964.842 60.383
965.154 60.400
965.467 60.403
965.780 60.340
966.094 60.286
966.409 60.251
966.723 60.277
967.037 60.260
967.352 60.249
967.666 60.277
967.980 60.375
968.295 60.473
968.609 60.455
968.923 60.384
969.238 60.350
969.552 60.251
969.866 60.276
970.181 60.286
970.495 60.220
970.809 60.107
971.124 60.100
971.438 59.969
971.752 59.893
972.067 59.900
972.381 59.768
972.695 59.609
973.010 59.528
973.324 59.476
973.638 59.439
973.953 59.405
974.267 59.385
974.581 59.431
974.896 59.431
975.210 59.347
975.524 59.204
975.839 59.166
976.153 59.197
976.467 59.279
976.781 59.357
977.096 59.313
977.410 59.262
977.724 59.391
978.039 59.424
978.353 59.523
978.667 59.729
978.982 59.743
979.296 59.735
979.610 59.754
979.925 59.791
980.239 59.816
980.553 59.728
980.868 59.628
981.182 59.618
981.496 59.667
981.811 59.610
982.125 59.513
982.439 59.452
982.754 59.487
983.068 59.538
983.382 59.620
983.697 59.640
984.011 59.609
984.325 59.610
984.640 59.606
984.954 59.606
985.268 59.625
985.583 59.649
985.897 59.667
986.211 59.757
986.526 59.749
986.840 59.713
987.154 59.683
987.469 59.604
987.783 59.558
988.097 59.583
988.412 59.547
988.726 59.559
989.040 59.487
989.355 59.438
989.669 59.479
989.983 59.510
990.298 59.534
990.612 59.668
990.926 59.713
991.241 59.782
991.555 59.920
991.869 59.951
992.184 59.983
992.498 60.052
992.812 60.095
993.127 60.169
993.441 60.153
993.755 60.066
994.070 60.029
994.384 60.106
994.698 60.282
995.013 60.402
995.327 60.371
995.641 60.247
995.956 60.211
996.270 60.200
996.584 60.198
996.899 60.221
997.213 60.343
997.527 60.290
997.841 60.183
998.156 60.222
998.470 60.201
998.784 60.243
999.099 60.351
999.413 60.362
999.727 60.416
