200.182 81.833
200.437 81.154
200.691 80.508
200.946 79.898
201.201 78.973
201.455 78.159
201.710 77.465
201.964 76.868
202.219 76.191
202.474 75.341
202.728 74.581
202.983 73.901
203.237 73.247
203.492 72.483
203.747 71.607
204.001 70.786
204.256 69.863
204.510 68.916
204.765 68.161
205.020 67.407
205.274 66.626
205.529 65.708
205.783 64.842
206.038 63.866
206.293 62.764
206.547 61.902
206.802 60.928
207.057 60.012
207.311 59.107
207.566 58.099
207.820 57.260
208.075 56.546
208.330 55.775
208.584 54.941
208.839 54.324
209.093 53.742
209.348 52.881
209.603 51.957
209.857 51.013
210.112 50.164
210.366 49.282
210.621 48.473
210.876 47.722
211.130 47.030
211.385 46.339
211.639 45.551
211.894 44.647
212.149 43.866
212.403 43.087
212.658 42.395
212.913 41.737
213.167 41.040
213.422 40.403
213.676 39.707
213.931 39.015
214.186 38.255
214.440 37.643
214.695 37.116
214.949 36.575
215.204 36.003
215.459 35.507
215.713 35.001
215.968 34.412
216.222 33.783
216.477 33.203
216.732 32.753
216.986 32.274
217.241 31.726
217.495 31.200
217.750 30.713
218.005 30.312
218.259 29.937
218.514 29.418
218.769 28.846
219.023 28.331
219.278 27.835
219.532 27.303
219.787 26.874
220.042 26.443
220.296 25.988
220.551 25.517
220.805 25.156
221.060 24.794
221.315 24.397
221.569 24.011
221.824 23.676
222.078 23.348
222.333 22.993
222.588 22.684
222.842 22.341
223.097 22.051
223.351 21.748
223.606 21.316
223.861 20.855
224.115 20.471
224.370 20.098
224.625 19.715
224.879 19.386
225.134 19.023
225.388 18.697
225.643 18.391
225.898 18.103
226.152 17.827
226.407 17.524
226.661 17.176
226.916 16.893
227.171 16.587
227.425 16.270
227.680 15.995
227.934 15.771
228.189 15.488
228.444 15.239
228.698 14.983
228.953 14.752
229.208 14.527
229.462 14.258
229.717 14.029
229.971 13.791
230.226 13.573
230.481 13.338
230.735 13.132
230.990 12.963
231.244 12.765
231.499 12.580
231.754 12.402
232.008 12.232
232.263 12.098
232.517 11.938
232.772 11.787
233.027 11.615
233.281 11.445
233.536 11.286
233.790 11.098
234.045 10.936
234.300 10.795
234.554 10.653
234.809 10.517
235.064 10.410
235.318 10.321
235.573 10.229
235.827 10.126
236.082 10.023
236.337 9.942
236.591 9.849
236.846 9.751
237.100 9.663
237.355 9.598
237.610 9.536
237.864 9.456
238.119 9.394
238.373 9.324
238.628 9.242
238.883 9.184
239.137 9.130
239.392 9.075
239.646 9.024
239.901 8.980
240.156 8.942
240.410 8.918
240.665 8.882
240.920 8.836
241.174 8.803
241.429 8.769
241.683 8.733
241.938 8.707
242.193 8.678
242.447 8.637
242.702 8.612
242.956 8.598
243.211 8.572
243.466 8.534
243.720 8.516
243.975 8.505
244.229 8.492
244.484 8.468
244.739 8.441
244.993 8.423
245.248 8.405
245.503 8.390
245.757 8.376
246.012 8.363
246.266 8.362
246.521 8.357
246.776 8.352
247.030 8.337
247.285 8.318
247.539 8.302
247.794 8.296
248.049 8.294
248.303 8.290
248.558 8.295
248.812 8.282
249.067 8.253
249.322 8.243
249.576 8.237
249.831 8.229
250.085 8.220
250.340 8.216
250.595 8.218
250.849 8.225
251.104 8.224
251.359 8.223
251.613 8.220
251.868 8.217
252.122 8.209
252.377 8.208
252.632 8.206
252.886 8.191
253.141 8.175
253.395 8.171
253.650 8.168
253.905 8.162
254.161 8.163
254.416 8.159
254.672 8.161
254.927 8.176
255.183 8.182
255.438 8.175
255.694 8.172
255.949 8.176
256.205 8.176
256.460 8.174
256.715 8.164
256.971 8.167
257.226 8.177
257.482 8.179
257.737 8.177
257.993 8.175
258.248 8.173
258.504 8.163
258.759 8.152
259.014 8.156
259.270 8.157
259.525 8.147
259.781 8.146
260.036 8.166
260.292 8.186
260.547 8.185
260.803 8.194
261.058 8.205
261.314 8.208
261.569 8.208
261.824 8.209
262.080 8.212
262.335 8.217
262.591 8.235
262.846 8.252
263.102 8.263
263.357 8.263
263.613 8.268
263.868 8.269
264.123 8.267
264.379 8.269
264.634 8.277
264.890 8.276
265.145 8.287
265.401 8.292
265.656 8.293
265.912 8.292
266.167 8.283
266.423 8.269
266.678 8.267
266.933 8.270
267.189 8.267
267.444 8.263
267.700 8.266
267.955 8.265
268.211 8.261
268.466 8.267
268.722 8.270
268.977 8.275
269.232 8.283
269.488 8.284
269.743 8.284
269.999 8.288
270.254 8.289
270.510 8.284
270.765 8.281
271.021 8.286
271.276 8.296
271.532 8.301
271.787 8.303
272.042 8.306
272.298 8.310
272.553 8.308
272.809 8.303
273.064 8.307
273.320 8.319
273.575 8.327
273.831 8.325
274.086 8.332
274.342 8.337
274.597 8.334
274.852 8.338
275.108 8.347
275.363 8.350
275.619 8.335
275.874 8.320
276.130 8.316
276.385 8.309
276.641 8.307
276.896 8.305
277.151 8.307
277.407 8.302
277.662 8.292
277.918 8.279
278.173 8.266
278.429 8.255
278.684 8.251
278.940 8.257
279.195 8.252
279.451 8.257
279.706 8.259
279.961 8.262
280.217 8.261
280.472 8.264
280.728 8.265
280.983 8.268
281.239 8.270
281.494 8.272
281.750 8.278
282.005 8.282
282.260 8.285
282.516 8.277
282.771 8.271
283.027 8.272
283.282 8.272
283.538 8.265
283.793 8.263
284.049 8.262
284.304 8.261
284.560 8.257
284.815 8.250
285.070 8.249
285.326 8.255
285.581 8.259
285.837 8.254
286.092 8.248
286.348 8.247
286.603 8.249
286.859 8.240
287.114 8.238
287.369 8.240
287.625 8.240
287.880 8.240
288.136 8.247
288.391 8.252
288.647 8.250
288.902 8.242
289.158 8.238
289.413 8.242
289.669 8.246
289.924 8.250
290.179 8.257
290.435 8.260
290.690 8.255
290.946 8.248
291.201 8.252
291.457 8.255
291.712 8.258
291.968 8.266
292.223 8.264
292.479 8.261
292.734 8.256
292.989 8.261
293.245 8.273
293.500 8.283
293.756 8.286
294.011 8.293
294.267 8.296
294.522 8.289
294.778 8.290
295.033 8.288
295.288 8.288
295.544 8.285
295.799 8.285
296.055 8.288
296.310 8.293
296.566 8.293
296.821 8.300
297.077 8.304
297.332 8.301
297.588 8.292
297.843 8.285
298.098 8.289
298.354 8.296
298.609 8.296
298.865 8.295
299.120 8.298
299.376 8.301
299.631 8.300
299.887 8.305
300.142 8.313
300.397 8.313
300.653 8.307
300.908 8.299
301.164 8.298
301.419 8.302
301.675 8.305
301.930 8.300
302.186 8.296
302.441 8.297
302.697 8.291
302.952 8.286
303.207 8.287
303.463 8.288
303.718 8.280
303.974 8.271
304.229 8.270
304.485 8.268
304.740 8.267
304.996 8.268
305.251 8.270
305.506 8.265
305.762 8.261
306.017 8.254
306.273 8.258
306.528 8.266
306.784 8.269
307.039 8.280
307.295 8.279
307.550 8.273
307.806 8.282
308.061 8.287
308.316 8.285
308.572 8.280
308.827 8.277
309.083 8.272
309.338 8.265
309.594 8.252
309.849 8.249
310.105 8.253
310.360 8.257
310.615 8.254
310.871 8.250
311.126 8.248
311.382 8.251
311.637 8.250
311.893 8.243
312.148 8.240
312.404 8.229
312.659 8.221
312.915 8.219
313.170 8.224
313.429 8.223
313.688 8.227
313.947 8.230
314.206 8.228
314.465 8.224
314.724 8.223
314.983 8.220
315.242 8.214
315.501 8.205
315.760 8.206
316.019 8.215
316.278 8.226
316.536 8.232
316.795 8.233
317.054 8.240
317.313 8.242
317.572 8.251
317.831 8.263
318.090 8.269
318.349 8.272
318.608 8.274
318.867 8.273
319.126 8.274
319.385 8.286
319.644 8.304
319.903 8.314
320.162 8.318
320.421 8.320
320.680 8.318
320.939 8.312
321.198 8.304
321.457 8.298
321.716 8.296
321.975 8.285
322.234 8.274
322.493 8.272
322.752 8.264
323.010 8.266
323.269 8.263
323.528 8.250
323.787 8.248
324.046 8.254
324.305 8.258
324.564 8.262
324.823 8.266
325.082 8.274
325.341 8.288
325.600 8.297
325.859 8.301
326.118 8.311
326.377 8.323
326.636 8.328
326.895 8.334
327.154 8.333
327.413 8.334
327.672 8.331
327.931 8.332
328.190 8.337
328.449 8.344
328.708 8.352
328.967 8.354
329.226 8.364
329.485 8.366
329.743 8.363
330.002 8.365
330.261 8.370
330.520 8.374
330.779 8.372
331.038 8.376
331.297 8.388
331.556 8.391
331.815 8.389
332.074 8.379
332.333 8.376
332.592 8.382
332.851 8.380
333.110 8.379
333.369 8.372
333.628 8.363
333.887 8.352
334.146 8.351
334.405 8.353
334.664 8.359
334.923 8.370
335.182 8.373
335.441 8.357
335.700 8.346
335.959 8.354
336.217 8.363
336.476 8.372
336.735 8.381
336.994 8.397
337.253 8.424
337.512 8.446
337.771 8.463
338.030 8.472
338.289 8.480
338.548 8.490
338.807 8.501
339.066 8.521
339.325 8.531
339.584 8.537
339.843 8.546
340.102 8.550
340.361 8.551
340.620 8.562
340.879 8.574
341.138 8.576
341.397 8.568
341.656 8.564
341.915 8.565
342.174 8.563
342.433 8.574
342.691 8.592
342.950 8.604
343.209 8.614
343.468 8.628
343.727 8.638
343.986 8.649
344.245 8.661
344.504 8.667
344.763 8.681
345.022 8.689
345.281 8.697
345.540 8.706
345.799 8.712
346.058 8.722
346.317 8.732
346.576 8.743
346.835 8.762
347.094 8.773
347.353 8.785
347.612 8.792
347.871 8.812
348.130 8.822
348.389 8.822
348.648 8.823
348.907 8.830
349.166 8.853
349.424 8.868
349.683 8.885
349.942 8.904
350.201 8.917
350.460 8.925
350.719 8.924
350.978 8.924
351.237 8.942
351.496 8.960
351.755 8.962
352.014 8.969
352.273 8.977
352.532 8.978
352.791 8.979
353.050 8.986
353.309 9.000
353.568 9.004
353.827 9.011
354.086 9.018
354.345 9.021
354.604 9.025
354.863 9.012
355.122 9.026
355.381 9.040
355.640 9.043
355.898 9.053
356.157 9.062
356.416 9.069
356.675 9.080
356.934 9.091
357.193 9.121
357.452 9.151
357.711 9.153
357.970 9.165
358.229 9.178
358.488 9.179
358.747 9.182
359.006 9.185
359.265 9.196
359.524 9.224
359.783 9.249
360.042 9.256
360.301 9.261
360.560 9.270
360.819 9.282
361.078 9.284
361.337 9.294
361.596 9.315
361.855 9.335
362.114 9.358
362.372 9.385
362.631 9.398
362.890 9.408
363.149 9.412
363.408 9.425
363.667 9.436
363.926 9.452
364.185 9.473
364.444 9.483
364.703 9.497
364.962 9.496
365.221 9.509
365.480 9.525
365.745 9.523
366.009 9.536
366.274 9.557
366.539 9.571
366.804 9.588
367.068 9.606
367.333 9.616
367.598 9.628
367.863 9.640
368.127 9.652
368.392 9.674
368.657 9.700
368.921 9.698
369.186 9.690
369.451 9.701
369.716 9.720
369.980 9.730
370.245 9.743
370.510 9.763
370.775 9.787
371.039 9.804
371.304 9.817
371.569 9.826
371.834 9.838
372.098 9.851
372.363 9.869
372.628 9.887
372.892 9.905
373.157 9.905
373.422 9.906
373.687 9.919
373.951 9.933
374.216 9.940
374.481 9.953
374.746 9.970
375.010 9.990
375.275 10.004
375.540 10.004
375.804 9.997
376.069 10.003
376.334 10.024
376.599 10.038
376.863 10.046
377.128 10.060
377.393 10.077
377.658 10.086
377.922 10.086
378.187 10.090
378.452 10.090
378.716 10.091
378.981 10.100
379.246 10.112
379.511 10.126
379.775 10.143
380.040 10.159
380.305 10.159
380.570 10.172
380.834 10.194
381.099 10.222
381.364 10.240
381.629 10.250
381.893 10.271
382.158 10.283
382.423 10.290
382.687 10.303
382.952 10.311
383.217 10.313
383.482 10.317
383.746 10.324
384.011 10.338
384.276 10.356
384.541 10.360
384.805 10.353
385.070 10.366
385.335 10.382
385.599 10.403
385.864 10.415
386.129 10.428
386.394 10.445
386.658 10.452
386.923 10.465
387.188 10.468
387.453 10.472
387.717 10.488
387.982 10.494
388.247 10.501
388.511 10.502
388.776 10.497
389.041 10.505
389.306 10.520
389.570 10.528
389.835 10.534
390.100 10.542
390.365 10.560
390.629 10.574
390.894 10.581
391.159 10.589
391.424 10.601
391.688 10.604
391.953 10.612
392.218 10.632
392.482 10.641
392.747 10.652
393.012 10.661
393.277 10.678
393.541 10.693
393.806 10.709
394.071 10.730
394.336 10.738
394.600 10.750
394.865 10.766
395.130 10.764
395.394 10.768
395.659 10.782
395.924 10.792
396.189 10.804
396.453 10.824
396.718 10.846
396.983 10.846
397.248 10.848
397.512 10.853
397.777 10.855
398.042 10.851
398.306 10.853
398.571 10.859
398.836 10.867
399.101 10.878
399.365 10.899
399.630 10.927
399.895 10.948
400.160 10.955
400.424 10.957
400.689 10.977
400.954 11.008
401.219 11.024
401.483 11.036
401.748 11.043
402.013 11.054
402.277 11.064
402.542 11.076
402.807 11.092
403.072 11.107
403.336 11.121
403.601 11.140
403.866 11.157
404.131 11.182
404.395 11.209
404.660 11.232
404.929 11.240
405.198 11.247
405.466 11.260
405.735 11.278
406.004 11.313
406.273 11.335
406.542 11.333
406.810 11.333
407.079 11.343
407.348 11.353
407.617 11.357
407.886 11.374
408.154 11.391
408.423 11.402
408.692 11.418
408.961 11.427
409.229 11.443
409.498 11.468
409.767 11.482
410.036 11.488
410.305 11.490
410.573 11.509
410.842 11.517
411.111 11.526
411.380 11.551
411.649 11.567
411.917 11.571
412.186 11.576
412.455 11.577
412.724 11.587
412.993 11.595
413.261 11.609
413.530 11.615
413.799 11.628
414.068 11.655
414.337 11.688
414.605 11.716
414.874 11.734
415.143 11.750
415.412 11.765
415.681 11.773
415.949 11.777
416.218 11.792
416.487 11.806
416.756 11.821
417.024 11.837
417.293 11.842
417.562 11.851
417.831 11.866
418.100 11.885
418.368 11.910
418.637 11.926
418.906 11.939
419.175 11.952
419.444 11.968
419.712 11.988
419.981 12.001
420.250 12.014
420.519 12.024
420.788 12.029
421.056 12.038
421.325 12.062
421.594 12.076
421.863 12.083
422.132 12.093
422.400 12.097
422.669 12.111
422.938 12.135
423.207 12.156
423.476 12.177
423.744 12.202
424.013 12.229
424.282 12.252
424.551 12.272
424.819 12.288
425.088 12.307
425.357 12.337
425.626 12.361
425.895 12.377
426.163 12.396
426.432 12.424
426.701 12.452
426.970 12.473
427.239 12.496
427.507 12.514
427.776 12.536
428.045 12.568
428.314 12.602
428.583 12.638
428.851 12.674
429.120 12.701
429.389 12.727
429.658 12.756
429.927 12.789
430.195 12.816
430.464 12.837
430.733 12.866
431.002 12.894
431.271 12.920
431.539 12.950
431.808 12.975
432.077 13.011
432.346 13.058
432.614 13.099
432.883 13.141
433.152 13.192
433.421 13.232
433.690 13.264
433.958 13.303
434.227 13.338
434.496 13.362
434.765 13.380
435.034 13.420
435.302 13.459
435.571 13.489
435.840 13.513
436.116 13.540
436.393 13.584
436.669 13.628
436.945 13.670
437.221 13.709
437.498 13.748
437.774 13.785
438.050 13.832
438.326 13.879
438.603 13.922
438.879 13.959
439.155 13.996
439.431 14.038
439.708 14.079
439.984 14.113
440.260 14.147
440.537 14.181
440.813 14.217
441.089 14.260
441.365 14.302
441.642 14.327
441.918 14.354
442.194 14.389
442.470 14.413
442.747 14.437
443.023 14.455
443.299 14.484
443.575 14.515
443.852 14.548
444.128 14.584
444.404 14.622
444.680 14.645
444.957 14.668
445.233 14.696
445.509 14.723
445.786 14.751
446.062 14.778
446.338 14.803
446.614 14.826
446.891 14.859
447.167 14.887
447.443 14.912
447.719 14.928
447.996 14.951
448.272 14.976
448.548 15.003
448.824 15.017
449.101 15.028
449.377 15.042
449.653 15.055
449.930 15.058
450.206 15.064
450.482 15.085
450.758 15.106
451.035 15.122
451.311 15.135
451.587 15.152
451.863 15.169
452.140 15.183
452.416 15.197
452.692 15.215
452.968 15.227
453.245 15.229
453.521 15.240
453.797 15.253
454.074 15.254
454.350 15.261
454.626 15.270
454.902 15.280
455.179 15.286
455.455 15.286
455.731 15.284
456.007 15.283
456.284 15.282
456.560 15.286
456.836 15.297
457.112 15.304
457.389 15.308
457.665 15.309
457.941 15.303
458.218 15.298
458.494 15.301
458.770 15.300
459.046 15.297
459.323 15.300
459.599 15.310
459.875 15.318
460.151 15.317
460.428 15.321
460.704 15.330
460.980 15.335
461.256 15.334
461.533 15.341
461.809 15.346
462.085 15.345
462.361 15.345
462.638 15.343
462.914 15.351
463.190 15.353
463.467 15.358
463.743 15.352
464.019 15.346
464.295 15.338
464.572 15.339
464.848 15.341
465.124 15.341
465.400 15.348
465.677 15.359
465.953 15.361
466.229 15.358
466.505 15.362
466.782 15.368
467.058 15.376
467.334 15.383
467.611 15.384
467.887 15.397
468.163 15.410
468.439 15.418
468.716 15.415
468.992 15.413
469.268 15.422
469.544 15.431
469.821 15.440
470.097 15.443
470.373 15.442
470.649 15.445
470.926 15.459
471.202 15.460
471.478 15.460
471.755 15.456
472.031 15.468
472.307 15.481
472.583 15.491
472.860 15.504
473.136 15.520
473.412 15.530
473.688 15.538
473.965 15.543
474.241 15.549
474.517 15.560
474.793 15.573
475.070 15.591
475.346 15.607
475.622 15.624
475.899 15.636
476.175 15.652
476.451 15.665
476.727 15.680
477.004 15.695
477.280 15.697
477.556 15.701
477.832 15.711
478.109 15.716
478.385 15.726
478.661 15.737
478.937 15.744
479.214 15.753
479.490 15.770
479.766 15.784
480.043 15.805
480.319 15.823
480.595 15.843
480.871 15.869
481.148 15.894
481.424 15.910
481.700 15.930
481.976 15.955
482.253 15.971
482.529 15.985
482.805 16.010
483.081 16.039
483.358 16.061
483.634 16.089
483.910 16.111
484.186 16.131
484.463 16.151
484.739 16.166
485.015 16.192
485.292 16.225
485.568 16.257
485.844 16.290
486.120 16.315
486.397 16.333
486.673 16.355
486.949 16.391
487.225 16.425
487.502 16.455
487.778 16.481
488.054 16.520
488.330 16.564
488.607 16.600
488.883 16.627
489.159 16.664
489.436 16.700
489.712 16.730
489.988 16.759
490.264 16.796
490.541 16.827
490.817 16.855
491.093 16.894
491.369 16.945
491.646 16.992
491.922 17.031
492.198 17.073
492.474 17.113
492.751 17.157
493.027 17.199
493.303 17.241
493.580 17.285
493.856 17.339
494.132 17.396
494.408 17.443
494.685 17.486
494.961 17.537
495.237 17.591
495.513 17.645
495.790 17.703
496.066 17.767
496.342 17.823
496.618 17.873
496.895 17.924
497.171 17.967
497.447 18.008
497.724 18.053
498.000 18.104
498.276 18.163
498.552 18.223
498.829 18.272
499.105 18.320
499.381 18.368
499.657 18.419
499.934 18.470
500.210 18.529
500.486 18.588
500.762 18.649
501.039 18.701
501.315 18.756
501.591 18.819
501.867 18.882
502.144 18.948
502.420 19.011
502.696 19.067
502.973 19.128
503.249 19.193
503.525 19.262
503.801 19.319
504.078 19.370
504.354 19.425
504.630 19.493
504.906 19.556
505.183 19.614
505.459 19.678
505.735 19.743
506.011 19.803
506.288 19.865
506.564 19.933
506.840 20.001
507.117 20.078
507.393 20.164
507.669 20.247
507.945 20.315
508.222 20.377
508.498 20.439
508.774 20.507
509.050 20.566
509.327 20.635
509.603 20.710
509.879 20.787
510.155 20.858
510.432 20.937
510.708 21.007
510.984 21.083
511.261 21.168
511.537 21.251
511.813 21.333
512.089 21.407
512.366 21.482
512.642 21.559
512.918 21.630
513.194 21.708
513.471 21.786
513.747 21.863
514.023 21.954
514.299 22.045
514.576 22.130
514.852 22.215
515.128 22.304
515.405 22.383
515.681 22.462
515.957 22.554
516.233 22.645
516.510 22.725
516.786 22.810
517.062 22.893
517.338 22.964
517.615 23.046
517.891 23.141
518.167 23.235
518.443 23.317
518.720 23.400
518.996 23.474
519.272 23.556
519.548 23.644
519.825 23.728
520.101 23.824
520.377 23.927
520.654 24.026
520.930 24.124
521.206 24.222
521.482 24.319
521.759 24.422
522.035 24.513
522.311 24.604
522.587 24.700
522.864 24.802
523.140 24.902
523.416 24.997
523.692 25.097
523.969 25.187
524.245 25.273
524.521 25.370
524.798 25.473
525.074 25.571
525.350 25.666
525.626 25.772
525.903 25.883
526.179 25.984
526.455 26.083
526.731 26.189
527.008 26.299
527.284 26.408
527.560 26.518
527.836 26.613
528.113 26.709
528.389 26.819
528.665 26.924
528.942 27.037
529.218 27.158
529.494 27.288
529.770 27.403
530.047 27.504
530.323 27.608
530.599 27.719
530.875 27.836
531.152 27.948
531.428 28.064
531.704 28.179
531.980 28.290
532.257 28.408
532.533 28.527
532.809 28.645
533.086 28.763
533.362 28.883
533.638 29.003
533.914 29.124
534.191 29.254
534.467 29.371
534.743 29.483
535.019 29.601
535.296 29.731
535.572 29.858
535.848 29.985
536.124 30.113
536.401 30.243
536.677 30.373
536.953 30.503
537.230 30.618
537.506 30.743
537.782 30.872
538.058 31.004
538.335 31.130
538.611 31.252
538.887 31.387
539.163 31.525
539.440 31.658
539.716 31.784
539.992 31.917
540.268 32.055
540.545 32.183
540.821 32.308
541.097 32.434
541.373 32.567
541.650 32.705
541.926 32.838
542.202 32.978
542.479 33.110
542.755 33.243
543.031 33.382
543.307 33.521
543.584 33.648
543.860 33.778
544.136 33.908
544.412 34.040
544.689 34.187
544.965 34.330
545.241 34.456
545.517 34.588
545.794 34.713
546.070 34.836
546.356 34.954
546.642 35.084
546.928 35.226
547.214 35.370
547.500 35.506
547.786 35.641
548.072 35.779
548.358 35.912
548.644 36.045
548.930 36.177
549.216 36.314
549.502 36.455
549.788 36.588
550.074 36.725
550.360 36.867
550.646 36.998
550.932 37.125
551.218 37.256
551.504 37.401
551.790 37.550
552.076 37.691
552.362 37.823
552.648 37.947
552.934 38.084
553.220 38.216
553.506 38.344
553.793 38.473
554.079 38.598
554.365 38.725
554.651 38.861
554.937 38.996
555.223 39.123
555.509 39.255
555.795 39.387
556.081 39.522
556.367 39.646
556.653 39.777
556.939 39.906
557.225 40.034
557.511 40.159
557.797 40.280
558.083 40.410
558.369 40.544
558.655 40.674
558.941 40.801
559.227 40.929
559.513 41.050
559.799 41.172
560.085 41.293
560.371 41.416
560.657 41.543
560.943 41.662
561.229 41.777
561.515 41.890
561.801 42.001
562.087 42.107
562.373 42.217
562.659 42.333
562.945 42.449
563.231 42.556
563.517 42.663
563.803 42.772
564.089 42.884
564.375 42.999
564.661 43.111
564.947 43.222
565.233 43.328
565.519 43.428
565.805 43.528
566.091 43.625
566.377 43.722
566.663 43.819
566.949 43.915
567.235 44.019
567.521 44.119
567.807 44.215
568.093 44.319
568.379 44.427
568.665 44.528
568.951 44.622
569.237 44.708
569.524 44.798
569.810 44.890
570.096 44.986
570.382 45.069
570.668 45.158
570.954 45.250
571.240 45.335
571.526 45.419
571.812 45.516
572.098 45.601
572.384 45.684
572.670 45.765
572.956 45.848
573.242 45.932
573.528 46.008
573.814 46.085
574.100 46.158
574.386 46.232
574.672 46.311
574.958 46.390
575.244 46.472
575.530 46.552
575.816 46.631
576.102 46.701
576.388 46.770
576.674 46.845
576.960 46.917
577.248 46.991
577.536 47.067
577.824 47.136
578.113 47.201
578.401 47.267
578.689 47.339
578.977 47.417
579.265 47.484
579.553 47.546
579.841 47.610
580.130 47.674
580.418 47.731
580.706 47.797
580.994 47.864
581.282 47.927
581.570 47.986
581.858 48.034
582.147 48.081
582.435 48.130
582.723 48.178
583.011 48.235
583.299 48.288
583.587 48.348
583.875 48.400
584.164 48.450
584.452 48.507
584.740 48.553
585.028 48.599
585.316 48.642
585.604 48.687
585.892 48.723
586.181 48.756
586.469 48.792
586.757 48.833
587.045 48.871
587.333 48.906
587.621 48.940
587.909 48.974
588.198 49.008
588.486 49.037
588.774 49.078
589.062 49.117
589.350 49.137
589.638 49.153
589.927 49.171
590.215 49.198
590.503 49.229
590.791 49.254
591.079 49.285
591.367 49.320
591.655 49.343
591.944 49.368
592.232 49.387
592.520 49.405
592.808 49.430
593.096 49.452
593.384 49.463
593.672 49.484
593.961 49.501
594.249 49.512
594.537 49.522
594.825 49.532
595.113 49.544
595.401 49.550
595.689 49.558
595.978 49.576
596.266 49.594
596.554 49.597
596.842 49.606
597.130 49.621
597.418 49.634
597.706 49.650
597.995 49.658
598.283 49.660
598.571 49.659
598.859 49.653
599.147 49.652
599.435 49.654
599.723 49.658
600.012 49.667
600.300 49.670
600.588 49.669
600.876 49.681
601.164 49.684
601.452 49.695
601.740 49.700
602.029 49.703
602.317 49.708
602.605 49.706
602.893 49.698
603.181 49.694
603.469 49.703
603.757 49.701
604.046 49.692
604.334 49.682
604.622 49.671
604.910 49.668
605.198 49.660
605.486 49.664
605.774 49.656
606.063 49.647
606.351 49.641
606.639 49.634
606.927 49.631
607.215 49.638
607.503 49.641
607.791 49.642
608.080 49.632
608.368 49.634
608.656 49.629
608.944 49.627
609.232 49.623
609.520 49.625
609.808 49.621
610.097 49.624
610.385 49.621
610.673 49.628
610.961 49.635
611.249 49.627
611.537 49.624
611.825 49.611
612.114 49.601
612.402 49.596
612.690 49.591
612.978 49.589
613.266 49.583
613.554 49.566
613.843 49.555
614.131 49.547
614.419 49.531
614.707 49.515
614.995 49.506
615.283 49.485
615.571 49.487
615.860 49.499
616.148 49.496
616.436 49.496
616.724 49.493
617.012 49.498
617.300 49.504
617.588 49.501
617.877 49.493
618.165 49.481
618.453 49.467
618.741 49.462
619.029 49.443
619.317 49.430
619.605 49.405
619.894 49.385
620.182 49.383
620.470 49.380
620.758 49.368
621.046 49.353
621.334 49.345
621.622 49.341
621.911 49.342
622.199 49.345
622.487 49.335
622.775 49.317
623.063 49.303
623.351 49.297
623.639 49.298
623.928 49.292
624.216 49.290
624.504 49.285
624.792 49.272
625.080 49.264
625.368 49.252
625.656 49.240
625.945 49.223
626.233 49.214
626.521 49.202
626.809 49.197
627.097 49.182
627.385 49.173
627.673 49.159
627.962 49.139
628.250 49.108
628.538 49.081
628.826 49.065
629.114 49.056
629.402 49.046
629.690 49.048
629.979 49.039
630.267 49.019
630.555 49.006
630.843 48.986
631.131 48.980
631.419 48.968
631.707 48.957
631.996 48.950
632.284 48.938
632.572 48.923
632.860 48.917
633.148 48.902
633.436 48.874
633.724 48.863
634.013 48.863
634.301 48.864
634.589 48.854
634.877 48.833
635.165 48.815
635.453 48.809
635.741 48.805
636.030 48.792
636.318 48.779
636.606 48.785
636.894 48.780
637.182 48.776
637.470 48.768
637.759 48.757
638.047 48.753
638.335 48.756
638.623 48.759
638.911 48.758
639.199 48.756
639.487 48.749
639.776 48.736
640.064 48.728
640.352 48.734
640.640 48.740
640.928 48.744
641.216 48.736
641.504 48.729
641.793 48.720
642.081 48.724
642.369 48.720
642.657 48.713
642.945 48.710
643.233 48.707
643.521 48.694
643.810 48.671
644.098 48.652
644.386 48.641
644.674 48.627
644.962 48.616
645.250 48.600
645.538 48.572
645.827 48.543
646.115 48.520
646.403 48.487
646.691 48.444
646.979 48.423
647.267 48.395
647.555 48.370
647.844 48.356
648.132 48.338
648.420 48.320
648.708 48.297
648.996 48.274
649.284 48.266
649.572 48.265
649.861 48.265
650.149 48.261
650.437 48.258
650.725 48.247
651.013 48.241
651.301 48.236
651.589 48.210
651.878 48.185
652.166 48.171
652.454 48.171
652.742 48.174
653.030 48.170
653.318 48.163
653.606 48.165
653.895 48.165
654.183 48.152
654.471 48.148
654.759 48.146
655.047 48.144
655.335 48.143
655.623 48.137
655.912 48.123
656.200 48.112
656.488 48.111
656.776 48.107
657.064 48.096
657.352 48.095
657.640 48.100
657.929 48.102
658.217 48.086
658.505 48.076
658.793 48.083
659.081 48.082
659.369 48.077
659.657 48.066
659.946 48.060
660.234 48.063
660.522 48.070
660.810 48.068
661.098 48.075
661.386 48.085
661.675 48.095
661.963 48.092
662.251 48.093
662.539 48.102
662.827 48.108
663.115 48.125
663.403 48.152
663.692 48.167
663.980 48.198
664.268 48.236
664.556 48.255
664.844 48.279
665.132 48.307
665.420 48.323
665.709 48.351
665.997 48.379
666.285 48.408
666.573 48.432
666.861 48.432
667.149 48.440
667.437 48.455
667.726 48.480
668.014 48.497
668.302 48.503
668.590 48.510
668.878 48.519
669.166 48.531
669.454 48.544
669.743 48.554
670.031 48.568
670.319 48.577
670.607 48.578
670.895 48.595
671.183 48.596
671.471 48.596
671.760 48.608
672.048 48.617
672.336 48.632
672.624 48.652
672.912 48.664
673.200 48.674
673.488 48.683
673.777 48.685
674.065 48.685
674.353 48.683
674.641 48.691
674.929 48.710
675.217 48.715
675.505 48.721
675.794 48.733
676.082 48.741
676.370 48.738
676.658 48.763
676.946 48.781
677.234 48.790
677.522 48.803
677.811 48.809
678.099 48.808
678.387 48.817
678.675 48.830
678.963 48.841
679.251 48.861
679.539 48.890
679.828 48.918
680.116 48.935
680.404 48.962
680.692 48.994
680.980 49.008
681.268 49.021
681.556 49.021
681.845 49.023
682.133 49.032
682.421 49.039
682.709 49.039
682.997 49.050
683.285 49.058
683.573 49.065
683.862 49.056
684.150 49.067
684.438 49.098
684.726 49.116
685.014 49.134
685.302 49.143
685.591 49.156
685.879 49.173
686.167 49.195
686.455 49.207
686.743 49.229
687.031 49.245
687.319 49.259
687.608 49.270
687.896 49.294
688.184 49.321
688.472 49.338
688.760 49.366
689.048 49.385
689.336 49.387
689.625 49.401
689.913 49.414
690.201 49.422
690.489 49.425
690.777 49.436
691.065 49.458
691.353 49.484
691.642 49.515
691.930 49.538
692.218 49.566
692.506 49.574
692.794 49.594
693.082 49.619
693.370 49.641
693.659 49.664
693.947 49.684
694.235 49.690
694.523 49.710
694.811 49.734
695.099 49.763
695.387 49.796
695.676 49.829
695.964 49.858
696.252 49.886
696.540 49.917
696.836 49.933
697.133 49.938
697.429 49.950
697.725 49.970
698.021 49.980
698.318 49.993
698.614 50.024
698.910 50.064
699.207 50.097
699.503 50.124
699.799 50.152
700.095 50.175
700.392 50.198
700.688 50.218
700.984 50.236
701.281 50.275
701.577 50.342
701.873 50.387
702.169 50.419
702.466 50.445
702.762 50.457
703.058 50.471
703.355 50.490
703.651 50.524
703.947 50.549
704.243 50.577
704.540 50.596
704.836 50.618
705.132 50.642
705.428 50.651
705.725 50.654
706.021 50.670
706.317 50.685
706.614 50.695
706.910 50.724
707.206 50.767
707.502 50.799
707.799 50.831
708.095 50.869
708.391 50.911
708.688 50.957
708.984 50.981
709.280 50.992
709.576 50.997
709.873 51.023
710.169 51.038
710.465 51.058
710.762 51.083
711.058 51.101
711.354 51.118
711.650 51.150
711.947 51.203
712.243 51.235
712.539 51.260
712.836 51.288
713.132 51.301
713.428 51.310
713.724 51.327
714.021 51.347
714.317 51.370
714.613 51.388
714.910 51.416
715.206 51.454
715.502 51.473
715.798 51.475
716.095 51.494
716.391 51.512
716.687 51.541
716.984 51.567
717.280 51.612
717.576 51.641
717.872 51.669
718.169 51.696
718.465 51.727
718.761 51.756
719.058 51.777
719.354 51.776
719.650 51.774
719.946 51.784
720.243 51.793
720.539 51.817
720.835 51.849
721.131 51.879
721.428 51.904
721.724 51.930
722.020 51.955
722.317 51.981
722.613 52.003
722.909 52.032
723.205 52.062
723.502 52.098
723.798 52.147
724.094 52.196
724.391 52.230
724.687 52.267
724.983 52.300
725.279 52.324
725.576 52.337
725.872 52.361
726.168 52.370
726.465 52.372
726.761 52.377
727.057 52.403
727.353 52.450
727.650 52.495
727.946 52.520
728.242 52.560
728.539 52.597
728.835 52.621
729.131 52.655
729.427 52.694
729.724 52.709
730.020 52.716
730.316 52.737
730.613 52.738
730.909 52.750
731.205 52.776
731.501 52.808
731.798 52.839
732.094 52.870
732.390 52.880
732.687 52.892
732.983 52.912
733.279 52.937
733.575 52.958
733.872 52.982
734.168 53.020
734.464 53.070
734.761 53.091
735.057 53.098
735.353 53.106
735.649 53.131
735.946 53.158
736.242 53.203
736.538 53.229
736.835 53.261
737.131 53.281
737.427 53.321
737.723 53.348
738.020 53.386
738.316 53.427
738.612 53.450
738.909 53.476
739.205 53.505
739.501 53.538
739.797 53.577
740.094 53.616
740.390 53.642
740.686 53.678
740.982 53.701
741.279 53.727
741.575 53.757
741.871 53.770
742.168 53.776
742.464 53.801
742.760 53.841
743.056 53.862
743.353 53.884
743.649 53.916
743.945 53.941
744.242 53.968
744.538 54.003
744.834 54.023
745.130 54.035
745.427 54.046
745.723 54.057
746.019 54.074
746.316 54.077
746.612 54.091
746.908 54.110
747.204 54.109
747.501 54.127
747.797 54.155
748.093 54.166
748.390 54.173
748.686 54.215
748.982 54.260
749.278 54.291
749.575 54.296
749.871 54.296
750.167 54.293
750.464 54.314
750.760 54.330
751.056 54.335
751.352 54.347
751.649 54.369
751.945 54.390
752.241 54.400
752.538 54.399
752.834 54.406
753.130 54.428
753.426 54.444
753.723 54.474
754.019 54.491
754.315 54.484
754.611 54.494
754.908 54.507
755.204 54.537
755.500 54.560
755.797 54.577
756.093 54.566
756.389 54.559
756.685 54.561
756.982 54.574
757.278 54.583
757.574 54.582
757.871 54.559
758.167 54.537
758.463 54.554
758.759 54.572
759.056 54.574
759.352 54.572
759.648 54.572
759.945 54.581
760.241 54.584
760.537 54.582
760.833 54.586
761.130 54.592
761.426 54.579
761.722 54.577
762.019 54.574
762.315 54.579
762.611 54.586
762.907 54.594
763.204 54.614
763.500 54.613
763.804 54.621
764.108 54.649
764.412 54.676
764.716 54.694
765.020 54.706
765.324 54.733
765.628 54.752
765.932 54.756
766.236 54.749
766.540 54.748
766.844 54.748
767.148 54.744
767.452 54.741
767.756 54.753
768.060 54.768
768.364 54.780
768.668 54.794
768.972 54.811
769.276 54.839
769.580 54.839
769.884 54.838
770.188 54.854
770.492 54.851
770.796 54.837
771.100 54.838
771.404 54.840
771.708 54.829
772.012 54.815
772.316 54.821
772.620 54.818
772.924 54.798
773.228 54.778
773.532 54.774
773.836 54.787
774.140 54.800
774.444 54.817
774.748 54.836
775.052 54.855
775.356 54.861
775.659 54.857
775.963 54.865
776.267 54.872
776.571 54.882
776.875 54.872
777.179 54.856
777.483 54.859
777.787 54.860
778.091 54.837
778.395 54.819
778.699 54.815
779.003 54.817
779.307 54.805
779.611 54.784
779.915 54.790
780.219 54.796
780.523 54.800
780.827 54.806
781.131 54.800
781.435 54.809
781.739 54.791
782.043 54.789
782.347 54.786
782.651 54.763
782.955 54.751
783.259 54.729
783.563 54.709
783.867 54.703
784.171 54.671
784.475 54.634
784.779 54.637
785.083 54.633
785.387 54.607
785.691 54.576
785.995 54.558
786.299 54.546
786.603 54.540
786.907 54.529
787.211 54.519
787.515 54.498
787.819 54.478
788.123 54.473
788.427 54.461
788.731 54.424
789.035 54.396
789.339 54.385
789.643 54.355
789.947 54.333
790.251 54.325
790.555 54.317
790.859 54.297
791.163 54.316
791.467 54.335
791.771 54.333
792.075 54.306
792.379 54.265
792.683 54.226
792.987 54.218
793.291 54.178
793.595 54.139
793.899 54.124
794.203 54.126
794.507 54.125
794.811 54.129
795.115 54.128
795.419 54.099
795.723 54.053
796.027 54.014
796.331 54.008
796.635 54.028
796.939 54.018
797.243 54.013
797.547 54.009
797.851 53.991
798.155 53.986
798.459 53.958
798.763 53.919
799.067 53.887
799.371 53.840
799.674 53.830
799.978 53.834
800.282 53.856
800.586 53.839
800.890 53.811
801.194 53.800
801.498 53.782
801.802 53.770
802.106 53.763
802.410 53.751
802.714 53.755
803.018 53.781
803.322 53.753
803.626 53.735
803.930 53.741
804.234 53.742
804.538 53.724
804.842 53.705
805.146 53.676
805.450 53.664
805.754 53.641
806.058 53.628
806.362 53.615
806.666 53.587
806.970 53.588
807.274 53.598
807.578 53.599
807.882 53.570
808.186 53.527
808.490 53.501
808.794 53.495
809.098 53.485
809.402 53.486
809.706 53.464
810.010 53.426
810.314 53.424
810.618 53.408
810.922 53.367
811.226 53.318
811.530 53.270
811.834 53.269
812.137 53.270
812.441 53.261
812.744 53.233
813.048 53.182
813.351 53.141
813.655 53.090
813.958 53.071
814.262 53.095
814.565 53.093
814.869 53.067
815.172 53.029
815.476 52.995
815.779 52.948
816.083 52.907
816.386 52.867
816.690 52.848
816.993 52.830
817.297 52.833
817.600 52.865
817.904 52.879
818.208 52.858
818.511 52.808
818.815 52.727
819.118 52.694
819.422 52.669
819.725 52.640
820.029 52.596
820.332 52.582
820.636 52.589
820.939 52.587
821.243 52.547
821.546 52.510
821.850 52.503
822.153 52.507
822.457 52.476
822.760 52.456
823.064 52.454
823.367 52.438
823.671 52.424
823.974 52.393
824.278 52.360
824.582 52.342
824.885 52.324
825.189 52.313
825.492 52.293
825.796 52.263
826.099 52.226
826.403 52.204
826.706 52.213
827.010 52.222
827.313 52.188
827.617 52.149
827.920 52.090
828.224 52.022
828.527 51.985
828.831 51.927
829.134 51.911
829.438 51.923
829.741 51.941
830.045 51.927
830.348 51.847
830.652 51.806
830.956 51.769
831.259 51.742
831.563 51.727
831.866 51.733
832.170 51.743
832.473 51.716
832.777 51.673
833.080 51.628
833.384 51.600
833.687 51.585
833.991 51.571
834.294 51.536
834.598 51.479
834.901 51.466
835.205 51.444
835.508 51.419
835.812 51.417
836.115 51.374
836.419 51.342
836.722 51.288
837.026 51.261
837.330 51.254
837.633 51.241
837.937 51.219
838.240 51.196
838.544 51.190
838.847 51.171
839.151 51.132
839.454 51.090
839.758 51.066
840.061 51.050
840.365 51.055
840.668 51.038
840.972 51.047
841.275 51.050
841.579 51.062
841.882 51.079
842.186 51.078
842.489 51.048
842.793 51.029
843.097 51.013
843.400 51.005
843.704 50.988
844.007 50.978
844.311 50.999
844.614 51.005
844.918 51.027
845.221 51.034
845.525 51.005
845.828 50.951
846.132 50.895
846.435 50.886
846.739 50.891
847.042 50.903
847.346 50.925
847.649 50.918
847.953 50.882
848.256 50.849
848.560 50.843
848.863 50.909
849.167 50.910
849.471 50.879
849.774 50.853
850.078 50.856
850.381 50.828
850.685 50.817
850.988 50.839
851.292 50.836
851.595 50.847
851.899 50.816
852.202 50.785
852.506 50.806
852.809 50.828
853.113 50.850
853.416 50.829
853.720 50.773
854.023 50.772
854.327 50.725
854.630 50.671
854.934 50.631
855.237 50.615
855.541 50.597
855.845 50.589
856.148 50.564
856.452 50.547
856.755 50.512
857.059 50.468
857.362 50.435
857.666 50.405
857.969 50.364
858.273 50.324
858.576 50.283
858.880 50.237
859.183 50.206
859.487 50.173
859.790 50.102
860.094 50.009
860.397 49.933
860.701 49.890
861.004 49.876
861.308 49.831
861.611 49.788
861.915 49.763
862.219 49.726
862.522 49.656
862.826 49.563
863.129 49.507
863.433 49.456
863.736 49.404
864.040 49.393
864.343 49.410
864.647 49.420
864.950 49.410
865.254 49.408
865.557 49.348
865.861 49.285
866.164 49.242
866.468 49.208
866.771 49.179
867.075 49.160
867.378 49.073
867.682 49.010
867.985 48.970
868.289 48.944
868.593 48.912
868.896 48.874
869.200 48.816
869.503 48.762
869.807 48.739
870.110 48.717
870.414 48.737
870.717 48.717
871.021 48.655
871.324 48.613
871.628 48.584
871.931 48.569
872.235 48.559
872.538 48.506
872.842 48.493
873.145 48.472
873.449 48.450
873.752 48.479
874.056 48.463
874.359 48.396
874.663 48.369
874.967 48.336
875.270 48.318
875.574 48.322
875.877 48.294
876.181 48.263
876.484 48.269
876.788 48.294
877.091 48.270
877.395 48.226
877.698 48.189
878.002 48.124
878.305 48.082
878.609 48.053
878.912 48.049
879.216 48.031
879.519 47.994
879.823 47.988
880.126 47.976
880.430 47.953
880.733 47.940
881.037 47.940
881.341 47.943
881.644 47.968
881.948 47.976
882.251 47.998
882.555 47.969
882.858 47.941
883.162 47.926
883.465 47.897
883.769 47.872
884.072 47.878
884.376 47.892
884.679 47.899
884.983 47.883
885.286 47.886
885.590 47.884
885.893 47.899
886.197 47.906
886.500 47.919
886.804 47.905
887.107 47.893
887.411 47.923
887.715 47.992
888.018 48.020
888.322 48.001
888.625 47.995
888.929 47.954
889.232 47.933
889.536 47.905
889.839 47.874
890.143 47.870
890.446 47.876
890.750 47.887
891.053 47.914
891.357 47.896
891.660 47.890
891.964 47.890
892.267 47.856
892.571 47.853
892.874 47.884
893.178 47.894
893.482 47.897
893.785 47.878
894.089 47.854
894.392 47.879
894.696 47.889
894.999 47.853
895.303 47.806
895.606 47.802
895.910 47.808
896.213 47.809
896.517 47.830
896.820 47.845
897.124 47.852
897.427 47.847
897.731 47.833
898.034 47.852
898.338 47.847
898.641 47.829
898.945 47.815
899.248 47.815
899.552 47.824
899.856 47.842
900.159 47.847
900.463 47.887
900.766 47.870
901.070 47.873
901.373 47.872
901.677 47.874
901.980 47.869
902.284 47.835
902.587 47.814
902.891 47.766
903.194 47.718
903.498 47.713
903.801 47.709
904.105 47.661
904.408 47.656
904.712 47.655
905.015 47.640
905.319 47.639
905.622 47.625
905.926 47.596
906.230 47.529
906.533 47.474
906.837 47.454
907.140 47.434
907.444 47.441
907.747 47.464
908.051 47.488
908.354 47.524
908.658 47.516
908.961 47.475
909.265 47.454
909.568 47.452
909.872 47.456
910.175 47.449
910.479 47.442
910.782 47.426
911.086 47.395
911.389 47.378
911.693 47.356
911.996 47.324
912.300 47.354
912.613 47.384
912.926 47.356
913.238 47.335
913.551 47.346
913.864 47.362
914.176 47.378
914.489 47.391
914.802 47.389
915.115 47.404
915.427 47.406
915.740 47.433
916.053 47.458
916.366 47.448
916.678 47.462
916.991 47.518
917.304 47.555
917.617 47.556
917.929 47.599
918.242 47.610
918.555 47.596
918.868 47.556
919.180 47.494
919.493 47.471
919.806 47.415
920.119 47.387
920.431 47.373
920.744 47.369
921.057 47.402
921.370 47.442
921.682 47.493
921.995 47.494
922.308 47.496
922.621 47.539
922.933 47.601
923.246 47.592
923.559 47.592
923.872 47.603
924.184 47.606
924.497 47.597
924.810 47.596
925.123 47.617
925.435 47.639
925.748 47.661
926.061 47.691
926.374 47.675
926.686 47.672
926.999 47.715
927.312 47.791
927.625 47.877
927.937 47.915
928.250 47.942
928.563 47.954
928.876 47.959
929.188 48.000
929.501 48.041
929.814 48.095
930.127 48.115
930.439 48.153
930.752 48.177
931.065 48.182
931.378 48.238
931.690 48.275
932.003 48.319
932.316 48.386
932.629 48.394
932.941 48.444
933.254 48.483
933.567 48.443
933.880 48.473
934.192 48.545
934.505 48.615
934.818 48.696
935.131 48.718
935.443 48.774
935.756 48.800
936.069 48.846
936.382 48.932
936.694 49.080
937.007 49.137
937.320 49.190
937.633 49.212
937.945 49.230
938.258 49.235
938.571 49.245
938.884 49.335
939.196 49.413
939.509 49.479
939.822 49.486
940.135 49.479
940.447 49.477
940.760 49.483
941.073 49.489
941.386 49.476
941.698 49.423
942.011 49.430
942.324 49.497
942.637 49.516
942.949 49.555
943.262 49.627
943.575 49.725
943.888 49.764
944.200 49.760
944.513 49.813
944.826 49.872
945.139 49.898
945.451 49.897
945.764 49.891
946.077 49.885
946.390 49.858
946.702 49.840
947.015 49.804
947.328 49.786
947.641 49.793
947.953 49.804
948.266 49.762
948.579 49.698
948.892 49.620
949.204 49.571
949.517 49.517
949.830 49.536
950.143 49.622
950.455 49.674
950.768 49.714
951.081 49.691
951.394 49.649
951.706 49.653
952.019 49.591
952.332 49.567
952.645 49.580
952.957 49.518
953.270 49.489
953.583 49.477
953.896 49.406
954.208 49.360
954.521 49.357
954.834 49.334
955.147 49.232
955.459 49.113
955.772 48.986
956.085 48.882
956.398 48.805
956.710 48.760
957.023 48.782
957.336 48.876
957.649 48.914
957.961 48.963
958.274 48.996
958.587 48.929
958.900 48.943
959.212 48.911
959.525 48.805
959.838 48.786
960.151 48.883
960.463 48.916
960.776 48.903
961.089 48.840
961.402 48.788
961.714 48.769
962.027 48.708
962.340 48.641
962.653 48.595
962.965 48.613
963.278 48.640
963.591 48.558
963.904 48.487
964.216 48.441
964.529 48.434
964.842 48.413
965.154 48.435
965.467 48.419
965.780 48.333
966.094 48.335
966.409 48.420
966.723 48.452
967.037 48.424
967.352 48.437
967.666 48.542
967.980 48.671
968.295 48.781
968.609 48.835
968.923 48.783
969.238 48.725
969.552 48.615
969.866 48.636
970.181 48.659
970.495 48.603
970.809 48.560
971.124 48.622
971.438 48.630
971.752 48.736
972.067 48.840
972.381 48.761
972.695 48.709
973.010 48.712
973.324 48.732
973.638 48.693
973.953 48.728
974.267 48.848
974.581 48.947
974.896 48.946
975.210 48.974
975.524 48.977
975.839 49.066
976.153 49.172
976.467 49.163
976.781 49.174
977.096 49.147
977.410 49.143
977.724 49.225
978.039 49.241
978.353 49.340
978.667 49.544
978.982 49.625
979.296 49.647
979.610 49.728
979.925 49.756
980.239 49.749
980.553 49.715
980.868 49.740
981.182 49.778
981.496 49.833
981.811 49.747
982.125 49.669
982.439 49.662
982.754 49.729
983.068 49.775
983.382 49.856
983.697 49.963
984.011 50.060
984.325 50.024
984.640 49.997
984.954 50.014
985.268 50.012
985.583 49.917
985.897 49.912
986.211 50.074
986.526 50.137
986.840 50.152
987.154 50.153
987.469 50.132
987.783 50.151
988.097 50.257
988.412 50.255
988.726 50.234
989.040 50.153
989.355 50.136
989.669 50.288
989.983 50.392
990.298 50.369
990.612 50.420
990.926 50.430
991.241 50.464
991.555 50.595
991.869 50.641
992.184 50.642
992.498 50.695
992.812 50.790
993.127 50.858
993.441 50.827
993.755 50.843
994.070 50.865
994.384 50.924
994.698 50.981
995.013 51.064
995.327 51.062
995.641 51.036
995.956 51.036
996.270 50.977
996.584 50.948
996.899 50.970
997.213 51.015
997.527 50.945
997.841 50.786
998.156 50.749
998.470 50.673
998.784 50.640
999.099 50.735
999.413 50.785
999.727 50.840
