200.182 81.665
200.437 80.893
200.691 80.144
200.946 79.466
201.201 78.650
201.455 77.939
201.710 77.144
201.964 76.388
202.219 75.661
202.474 74.911
202.728 74.230
202.983 73.605
203.237 72.991
203.492 72.216
203.747 71.371
204.001 70.550
204.256 69.511
204.510 68.456
204.765 67.699
205.020 66.916
205.274 66.044
205.529 65.193
205.783 64.369
206.038 63.432
206.293 62.485
206.547 61.587
206.802 60.429
207.057 59.466
207.311 58.578
207.566 57.743
207.820 56.945
208.075 56.149
208.330 55.164
208.584 54.139
208.839 53.327
209.093 52.459
209.348 51.361
209.603 50.343
209.857 49.318
210.112 48.446
210.366 47.573
210.621 46.682
210.876 45.880
211.130 45.239
211.385 44.486
211.639 43.520
211.894 42.597
212.149 41.728
212.403 40.882
212.658 40.027
212.913 39.323
213.167 38.651
213.422 37.933
213.676 37.186
213.931 36.403
214.186 35.629
214.440 34.930
214.695 34.328
214.949 33.779
215.204 33.205
215.459 32.675
215.713 32.130
215.968 31.557
216.222 30.932
216.477 30.349
216.732 29.901
216.986 29.389
217.241 28.807
217.495 28.236
217.750 27.685
218.005 27.249
218.259 26.820
218.514 26.360
218.769 25.804
219.023 25.246
219.278 24.750
219.532 24.160
219.787 23.705
220.042 23.288
220.296 22.894
220.551 22.464
220.805 22.052
221.060 21.621
221.315 21.192
221.569 20.799
221.824 20.408
222.078 20.076
222.333 19.753
222.588 19.431
222.842 19.038
223.097 18.669
223.351 18.311
223.606 17.847
223.861 17.380
224.115 17.019
224.370 16.655
224.625 16.259
224.879 15.921
225.134 15.557
225.388 15.210
225.643 14.851
225.898 14.565
226.152 14.260
226.407 13.936
226.661 13.596
226.916 13.274
227.171 12.919
227.425 12.595
227.680 12.327
227.934 12.093
228.189 11.834
228.444 11.596
228.698 11.320
228.953 11.023
229.208 10.769
229.462 10.517
229.717 10.305
229.971 10.079
230.226 9.860
230.481 9.626
230.735 9.412
230.990 9.223
231.244 9.046
231.499 8.852
231.754 8.642
232.008 8.456
232.263 8.315
232.517 8.158
232.772 8.008
233.027 7.860
233.281 7.703
233.536 7.550
233.790 7.372
234.045 7.221
234.300 7.082
234.554 6.958
234.809 6.836
235.064 6.740
235.318 6.656
235.573 6.567
235.827 6.467
236.082 6.367
236.337 6.285
236.591 6.204
236.846 6.119
237.100 6.035
237.355 5.965
237.610 5.901
237.864 5.818
238.119 5.761
238.373 5.700
238.628 5.641
238.883 5.594
239.137 5.542
239.392 5.494
239.646 5.449
239.901 5.410
240.156 5.368
240.410 5.344
240.665 5.302
240.920 5.256
241.174 5.226
241.429 5.198
241.683 5.162
241.938 5.128
242.193 5.103
242.447 5.080
242.702 5.059
242.956 5.034
243.211 5.009
243.466 4.984
243.720 4.973
243.975 4.962
244.229 4.946
244.484 4.923
244.739 4.906
244.993 4.897
245.248 4.882
245.503 4.872
245.757 4.860
246.012 4.848
246.266 4.839
246.521 4.831
246.776 4.833
247.030 4.825
247.285 4.809
247.539 4.798
247.794 4.793
248.049 4.787
248.303 4.783
248.558 4.782
248.812 4.771
249.067 4.745
249.322 4.736
249.576 4.737
249.831 4.739
250.085 4.734
250.340 4.736
250.595 4.744
250.849 4.750
251.104 4.750
251.359 4.751
251.613 4.751
251.868 4.753
252.122 4.750
252.377 4.750
252.632 4.755
252.886 4.747
253.141 4.737
253.395 4.735
253.650 4.731
253.905 4.724
254.161 4.720
254.416 4.720
254.672 4.730
254.927 4.744
255.183 4.746
255.438 4.743
255.694 4.745
255.949 4.754
256.205 4.760
256.460 4.767
256.715 4.767
256.971 4.775
257.226 4.784
257.482 4.788
257.737 4.787
257.993 4.786
258.248 4.792
258.504 4.797
258.759 4.794
259.014 4.798
259.270 4.796
259.525 4.787
259.781 4.786
260.036 4.802
260.292 4.816
260.547 4.817
260.803 4.820
261.058 4.829
261.314 4.833
261.569 4.836
261.824 4.842
262.080 4.849
262.335 4.857
262.591 4.875
262.846 4.889
263.102 4.891
263.357 4.888
263.613 4.894
263.868 4.898
264.123 4.903
264.379 4.906
264.634 4.911
264.890 4.913
265.145 4.922
265.401 4.922
265.656 4.920
265.912 4.918
266.167 4.909
266.423 4.898
266.678 4.894
266.933 4.890
267.189 4.883
267.444 4.878
267.700 4.876
267.955 4.869
268.211 4.860
268.466 4.866
268.722 4.869
268.977 4.874
269.232 4.881
269.488 4.882
269.743 4.887
269.999 4.891
270.254 4.892
270.510 4.883
270.765 4.882
271.021 4.888
271.276 4.894
271.532 4.891
271.787 4.887
272.042 4.881
272.298 4.876
272.553 4.870
272.809 4.868
273.064 4.868
273.320 4.872
273.575 4.877
273.831 4.870
274.086 4.867
274.342 4.868
274.597 4.861
274.852 4.862
275.108 4.867
275.363 4.868
275.619 4.854
275.874 4.837
276.130 4.829
276.385 4.824
276.641 4.823
276.896 4.821
277.151 4.819
277.407 4.814
277.662 4.801
277.918 4.782
278.173 4.767
278.429 4.759
278.684 4.761
278.940 4.762
279.195 4.753
279.451 4.754
279.706 4.743
279.961 4.737
280.217 4.731
280.472 4.722
280.728 4.711
280.983 4.707
281.239 4.702
281.494 4.699
281.750 4.705
282.005 4.707
282.260 4.705
282.516 4.696
282.771 4.691
283.027 4.685
283.282 4.683
283.538 4.676
283.793 4.670
284.049 4.664
284.304 4.655
284.560 4.646
284.815 4.634
285.070 4.626
285.326 4.620
285.581 4.616
285.837 4.605
286.092 4.602
286.348 4.602
286.603 4.597
286.859 4.589
287.114 4.586
287.369 4.583
287.625 4.582
287.880 4.584
288.136 4.585
288.391 4.582
288.647 4.580
288.902 4.573
289.158 4.559
289.413 4.554
289.669 4.551
289.924 4.552
290.179 4.558
290.435 4.558
290.690 4.550
290.946 4.543
291.201 4.544
291.457 4.545
291.712 4.546
291.968 4.548
292.223 4.538
292.479 4.534
292.734 4.525
292.989 4.521
293.245 4.526
293.500 4.533
293.756 4.530
294.011 4.527
294.267 4.520
294.522 4.512
294.778 4.511
295.033 4.505
295.288 4.506
295.544 4.504
295.799 4.498
296.055 4.498
296.310 4.502
296.566 4.505
296.821 4.514
297.077 4.518
297.332 4.515
297.588 4.506
297.843 4.499
298.098 4.497
298.354 4.498
298.609 4.501
298.865 4.500
299.120 4.504
299.376 4.504
299.631 4.496
299.887 4.498
300.142 4.507
300.397 4.511
300.653 4.513
300.908 4.513
301.164 4.513
301.419 4.516
301.675 4.515
301.930 4.506
302.186 4.501
302.441 4.500
302.697 4.493
302.952 4.491
303.207 4.491
303.463 4.489
303.718 4.482
303.974 4.478
304.229 4.477
304.485 4.474
304.740 4.480
304.996 4.487
305.251 4.486
305.506 4.477
305.762 4.467
306.017 4.464
306.273 4.471
306.528 4.478
306.784 4.484
307.039 4.493
307.295 4.491
307.550 4.489
307.806 4.500
308.061 4.504
308.316 4.504
308.572 4.505
308.827 4.502
309.083 4.498
309.338 4.494
309.594 4.488
309.849 4.494
310.105 4.496
310.360 4.494
310.615 4.494
310.871 4.492
311.126 4.489
311.382 4.497
311.637 4.503
311.893 4.496
312.148 4.489
312.404 4.480
312.659 4.472
312.915 4.467
313.170 4.469
313.429 4.473
313.688 4.479
313.947 4.485
314.206 4.486
314.465 4.486
314.724 4.483
314.983 4.483
315.242 4.483
315.501 4.478
315.760 4.475
316.019 4.479
316.278 4.485
316.536 4.488
316.795 4.490
317.054 4.494
317.313 4.496
317.572 4.504
317.831 4.518
318.090 4.521
318.349 4.521
318.608 4.518
318.867 4.510
319.126 4.508
319.385 4.516
319.644 4.527
319.903 4.531
320.162 4.536
320.421 4.533
320.680 4.530
320.939 4.534
321.198 4.534
321.457 4.536
321.716 4.537
321.975 4.533
322.234 4.526
322.493 4.522
322.752 4.522
323.010 4.521
323.269 4.516
323.528 4.508
323.787 4.507
324.046 4.508
324.305 4.515
324.564 4.525
324.823 4.526
325.082 4.530
325.341 4.543
325.600 4.550
325.859 4.556
326.118 4.570
326.377 4.583
326.636 4.584
326.895 4.589
327.154 4.591
327.413 4.590
327.672 4.593
327.931 4.598
328.190 4.602
328.449 4.610
328.708 4.618
328.967 4.626
329.226 4.636
329.485 4.640
329.743 4.638
330.002 4.637
330.261 4.637
330.520 4.645
330.779 4.648
331.038 4.656
331.297 4.667
331.556 4.678
331.815 4.685
332.074 4.677
332.333 4.677
332.592 4.685
332.851 4.688
333.110 4.691
333.369 4.689
333.628 4.683
333.887 4.679
334.146 4.683
334.405 4.686
334.664 4.692
334.923 4.709
335.182 4.718
335.441 4.713
335.700 4.713
335.959 4.721
336.217 4.735
336.476 4.751
336.735 4.760
336.994 4.774
337.253 4.803
337.512 4.818
337.771 4.823
338.030 4.830
338.289 4.841
338.548 4.850
338.807 4.865
339.066 4.890
339.325 4.896
339.584 4.904
339.843 4.914
340.102 4.913
340.361 4.914
340.620 4.928
340.879 4.937
341.138 4.940
341.397 4.941
341.656 4.947
341.915 4.952
342.174 4.950
342.433 4.970
342.691 4.994
342.950 5.007
343.209 5.020
343.468 5.037
343.727 5.051
343.986 5.065
344.245 5.077
344.504 5.088
344.763 5.102
345.022 5.109
345.281 5.115
345.540 5.123
345.799 5.130
346.058 5.145
346.317 5.158
346.576 5.168
346.835 5.181
347.094 5.196
347.353 5.212
347.612 5.215
347.871 5.229
348.130 5.244
348.389 5.248
348.648 5.251
348.907 5.263
349.166 5.288
349.424 5.307
349.683 5.322
349.942 5.340
350.201 5.358
350.460 5.372
350.719 5.374
350.978 5.374
351.237 5.396
351.496 5.417
351.755 5.420
352.014 5.426
352.273 5.426
352.532 5.427
352.791 5.436
353.050 5.447
353.309 5.469
353.568 5.484
353.827 5.497
354.086 5.508
354.345 5.511
354.604 5.514
354.863 5.509
355.122 5.530
355.381 5.545
355.640 5.557
355.898 5.573
356.157 5.587
356.416 5.606
356.675 5.632
356.934 5.644
357.193 5.666
357.452 5.692
357.711 5.701
357.970 5.723
358.229 5.738
358.488 5.745
358.747 5.756
359.006 5.770
359.265 5.796
359.524 5.828
359.783 5.855
360.042 5.876
360.301 5.895
360.560 5.914
360.819 5.935
361.078 5.958
361.337 5.982
361.596 6.016
361.855 6.050
362.114 6.081
362.372 6.118
362.631 6.146
362.890 6.170
363.149 6.189
363.408 6.222
363.667 6.257
363.926 6.290
364.185 6.336
364.444 6.381
364.703 6.412
364.962 6.435
365.221 6.479
365.480 6.534
365.745 6.572
366.009 6.625
366.274 6.693
366.539 6.757
366.804 6.823
367.068 6.884
367.333 6.947
367.598 7.027
367.863 7.110
368.127 7.203
368.392 7.306
368.657 7.408
368.921 7.498
369.186 7.602
369.451 7.731
369.716 7.869
369.980 8.005
370.245 8.163
370.510 8.334
370.775 8.517
371.039 8.711
371.304 8.913
371.569 9.126
371.834 9.366
372.098 9.623
372.363 9.887
372.628 10.161
372.892 10.459
373.157 10.765
373.422 11.081
373.687 11.427
373.951 11.795
374.216 12.186
374.481 12.593
374.746 13.023
375.010 13.475
375.275 13.938
375.540 14.409
375.804 14.911
376.069 15.451
376.334 16.006
376.599 16.576
376.863 17.155
377.128 17.760
377.393 18.392
377.658 19.032
377.922 19.684
378.187 20.371
378.452 21.068
378.716 21.784
378.981 22.517
379.246 23.262
379.511 24.018
379.775 24.782
380.040 25.549
380.305 26.328
380.570 27.130
380.834 27.954
381.099 28.773
381.364 29.600
381.629 30.435
381.893 31.284
382.158 32.138
382.423 32.986
382.687 33.836
382.952 34.702
383.217 35.576
383.482 36.461
383.746 37.337
384.011 38.220
384.276 39.101
384.541 39.970
384.805 40.848
385.070 41.727
385.335 42.578
385.599 43.431
385.864 44.282
386.129 45.143
386.394 46.000
386.658 46.844
386.923 47.676
387.188 48.491
387.453 49.309
387.717 50.113
387.982 50.879
388.247 51.636
388.511 52.377
388.776 53.114
389.041 53.849
389.306 54.561
389.570 55.263
389.835 55.954
390.100 56.619
390.365 57.267
390.629 57.902
390.894 58.527
391.159 59.134
391.424 59.699
391.688 60.247
391.953 60.783
392.218 61.295
392.482 61.794
392.747 62.273
393.012 62.753
393.277 63.209
393.541 63.651
393.806 64.069
394.071 64.474
394.336 64.845
394.600 65.205
394.865 65.552
395.130 65.883
395.394 66.199
395.659 66.503
395.924 66.802
396.189 67.100
396.453 67.369
396.718 67.624
396.983 67.882
397.248 68.138
397.512 68.378
397.777 68.597
398.042 68.809
398.306 69.007
398.571 69.201
398.836 69.385
399.101 69.551
399.365 69.718
399.630 69.883
399.895 70.056
400.160 70.215
400.424 70.372
400.689 70.542
400.954 70.689
401.219 70.835
401.483 70.989
401.748 71.123
402.013 71.258
402.277 71.376
402.542 71.496
402.807 71.631
403.072 71.757
403.336 71.873
403.601 71.979
403.866 72.101
404.131 72.225
404.395 72.359
404.660 72.497
404.929 72.609
405.198 72.707
405.466 72.819
405.735 72.922
406.004 73.026
406.273 73.130
406.542 73.217
406.810 73.323
407.079 73.423
407.348 73.505
407.617 73.599
407.886 73.700
408.154 73.790
408.423 73.873
408.692 73.949
408.961 74.034
409.229 74.120
409.498 74.205
409.767 74.267
410.036 74.339
410.305 74.413
410.573 74.492
410.842 74.556
411.111 74.619
411.380 74.682
411.649 74.754
411.917 74.826
412.186 74.898
412.455 74.967
412.724 75.039
412.993 75.101
413.261 75.149
413.530 75.205
413.799 75.253
414.068 75.311
414.337 75.372
414.605 75.440
414.874 75.496
415.143 75.557
415.412 75.621
415.681 75.669
415.949 75.702
416.218 75.747
416.487 75.779
416.756 75.818
417.024 75.848
417.293 75.883
417.562 75.918
417.831 75.957
418.100 76.006
418.368 76.049
418.637 76.080
418.906 76.108
419.175 76.126
419.444 76.155
419.712 76.187
419.981 76.213
420.250 76.227
420.519 76.258
420.788 76.267
421.056 76.263
421.325 76.285
421.594 76.310
421.863 76.332
422.132 76.355
422.400 76.365
422.669 76.383
422.938 76.424
423.207 76.446
423.476 76.454
423.744 76.472
424.013 76.490
424.282 76.491
424.551 76.510
424.819 76.529
425.088 76.544
425.357 76.554
425.626 76.556
425.895 76.570
426.163 76.595
426.432 76.618
426.701 76.633
426.970 76.667
427.239 76.695
427.507 76.705
427.776 76.722
428.045 76.742
428.314 76.766
428.583 76.799
428.851 76.826
429.120 76.850
429.389 76.873
429.658 76.900
429.927 76.921
430.195 76.942
430.464 76.958
430.733 76.976
431.002 76.993
431.271 77.013
431.539 77.039
431.808 77.075
432.077 77.118
432.346 77.166
432.614 77.190
432.883 77.219
433.152 77.238
433.421 77.245
433.690 77.254
433.958 77.267
434.227 77.276
434.496 77.286
434.765 77.300
435.034 77.339
435.302 77.362
435.571 77.370
435.840 77.378
436.116 77.400
436.393 77.435
436.669 77.462
436.945 77.483
437.221 77.505
437.498 77.538
437.774 77.564
438.050 77.587
438.326 77.594
438.603 77.614
438.879 77.640
439.155 77.649
439.431 77.637
439.708 77.628
439.984 77.642
440.260 77.652
440.537 77.668
440.813 77.696
441.089 77.706
441.365 77.719
441.642 77.737
441.918 77.757
442.194 77.781
442.470 77.781
442.747 77.783
443.023 77.790
443.299 77.790
443.575 77.767
443.852 77.770
444.128 77.797
444.404 77.814
444.680 77.828
444.957 77.827
445.233 77.822
445.509 77.809
445.786 77.793
446.062 77.801
446.338 77.805
446.614 77.812
446.891 77.825
447.167 77.840
447.443 77.851
447.719 77.849
447.996 77.851
448.272 77.851
448.548 77.845
448.824 77.819
449.101 77.795
449.377 77.800
449.653 77.798
449.930 77.793
450.206 77.806
450.482 77.828
450.758 77.841
451.035 77.848
451.311 77.851
451.587 77.859
451.863 77.865
452.140 77.864
452.416 77.865
452.692 77.866
452.968 77.858
453.245 77.855
453.521 77.879
453.797 77.900
454.074 77.901
454.350 77.891
454.626 77.880
454.902 77.882
455.179 77.894
455.455 77.896
455.731 77.890
456.007 77.895
456.284 77.907
456.560 77.913
456.836 77.913
457.112 77.907
457.389 77.913
457.665 77.926
457.941 77.918
458.218 77.909
458.494 77.910
458.770 77.913
459.046 77.919
459.323 77.931
459.599 77.939
459.875 77.943
460.151 77.953
460.428 77.974
460.704 77.973
460.980 77.966
461.256 77.972
461.533 77.982
461.809 77.985
462.085 77.976
462.361 77.975
462.638 77.982
462.914 77.977
463.190 77.971
463.467 77.961
463.743 77.946
464.019 77.928
464.295 77.920
464.572 77.923
464.848 77.930
465.124 77.938
465.400 77.948
465.677 77.969
465.953 77.990
466.229 77.985
466.505 77.987
466.782 77.991
467.058 77.991
467.334 77.983
467.611 77.985
467.887 77.998
468.163 78.013
468.439 78.024
468.716 78.013
468.992 78.011
469.268 78.014
469.544 78.017
469.821 78.032
470.097 78.030
470.373 78.014
470.649 77.995
470.926 77.989
471.202 78.001
471.478 78.019
471.755 78.029
472.031 78.042
472.307 78.055
472.583 78.065
472.860 78.074
473.136 78.073
473.412 78.068
473.688 78.066
473.965 78.074
474.241 78.067
474.517 78.055
474.793 78.057
475.070 78.076
475.346 78.084
475.622 78.081
475.899 78.076
476.175 78.075
476.451 78.069
476.727 78.065
477.004 78.062
477.280 78.045
477.556 78.047
477.832 78.055
478.109 78.049
478.385 78.031
478.661 78.022
478.937 78.024
479.214 78.034
479.490 78.045
479.766 78.058
480.043 78.075
480.319 78.096
480.595 78.108
480.871 78.113
481.148 78.117
481.424 78.114
481.700 78.098
481.976 78.107
482.253 78.108
482.529 78.098
482.805 78.085
483.081 78.085
483.358 78.092
483.634 78.107
483.910 78.116
484.186 78.126
484.463 78.120
484.739 78.113
485.015 78.120
485.292 78.123
485.568 78.133
485.844 78.137
486.120 78.148
486.397 78.159
486.673 78.141
486.949 78.136
487.225 78.145
487.502 78.154
487.778 78.170
488.054 78.186
488.330 78.200
488.607 78.201
488.883 78.202
489.159 78.201
489.436 78.207
489.712 78.219
489.988 78.245
490.264 78.268
490.541 78.280
490.817 78.291
491.093 78.301
491.369 78.326
491.646 78.355
491.922 78.372
492.198 78.385
492.474 78.396
492.751 78.400
493.027 78.409
493.303 78.426
493.580 78.439
493.856 78.456
494.132 78.479
494.408 78.493
494.685 78.498
494.961 78.495
495.237 78.494
495.513 78.512
495.790 78.541
496.066 78.547
496.342 78.556
496.618 78.569
496.895 78.571
497.171 78.561
497.447 78.566
497.724 78.580
498.000 78.584
498.276 78.597
498.552 78.619
498.829 78.617
499.105 78.618
499.381 78.629
499.657 78.649
499.934 78.657
500.210 78.659
500.486 78.667
500.762 78.680
501.039 78.678
501.315 78.690
501.591 78.712
501.867 78.706
502.144 78.706
502.420 78.709
502.696 78.714
502.973 78.735
503.249 78.762
503.525 78.788
503.801 78.804
504.078 78.803
504.354 78.805
504.630 78.813
504.906 78.813
505.183 78.814
505.459 78.828
505.735 78.833
506.011 78.833
506.288 78.831
506.564 78.825
506.840 78.809
507.117 78.818
507.393 78.835
507.669 78.850
507.945 78.867
508.222 78.867
508.498 78.863
508.774 78.847
509.050 78.846
509.327 78.858
509.603 78.862
509.879 78.867
510.155 78.874
510.432 78.889
510.708 78.890
510.984 78.895
511.261 78.907
511.537 78.916
511.813 78.940
512.089 78.970
512.366 78.979
512.642 78.979
512.918 79.003
513.194 79.007
513.471 78.995
513.747 78.994
514.023 79.013
514.299 79.026
514.576 79.041
514.852 79.063
515.128 79.076
515.405 79.081
515.681 79.088
515.957 79.098
516.233 79.113
516.510 79.119
516.786 79.132
517.062 79.147
517.338 79.135
517.615 79.143
517.891 79.162
518.167 79.164
518.443 79.158
518.720 79.171
518.996 79.169
519.272 79.178
519.548 79.197
519.825 79.191
520.101 79.173
520.377 79.180
520.654 79.188
520.930 79.194
521.206 79.194
521.482 79.195
521.759 79.199
522.035 79.202
522.311 79.200
522.587 79.207
522.864 79.235
523.140 79.258
523.416 79.273
523.692 79.281
523.969 79.282
524.245 79.269
524.521 79.263
524.798 79.261
525.074 79.263
525.350 79.266
525.626 79.285
525.903 79.304
526.179 79.304
526.455 79.303
526.731 79.312
527.008 79.327
527.284 79.336
527.560 79.357
527.836 79.364
528.113 79.368
528.389 79.371
528.665 79.361
528.942 79.342
529.218 79.323
529.494 79.304
529.770 79.288
530.047 79.284
530.323 79.288
530.599 79.284
530.875 79.280
531.152 79.265
531.428 79.263
531.704 79.260
531.980 79.249
532.257 79.251
532.533 79.245
532.809 79.243
533.086 79.238
533.362 79.227
533.638 79.216
533.914 79.209
534.191 79.219
534.467 79.200
534.743 79.186
535.019 79.173
535.296 79.160
535.572 79.158
535.848 79.178
536.124 79.185
536.401 79.180
536.677 79.186
536.953 79.194
537.230 79.196
537.506 79.204
537.782 79.208
538.058 79.222
538.335 79.226
538.611 79.226
538.887 79.218
539.163 79.217
539.440 79.206
539.716 79.181
539.992 79.175
540.268 79.187
540.545 79.204
540.821 79.204
541.097 79.202
541.373 79.197
541.650 79.198
541.926 79.194
542.202 79.181
542.479 79.168
542.755 79.145
543.031 79.144
543.307 79.156
543.584 79.157
543.860 79.145
544.136 79.126
544.412 79.106
544.689 79.085
544.965 79.072
545.241 79.060
545.517 79.060
545.794 79.065
546.070 79.083
546.356 79.089
546.642 79.083
546.928 79.086
547.214 79.091
547.500 79.100
547.786 79.092
548.072 79.103
548.358 79.101
548.644 79.096
548.930 79.101
549.216 79.093
549.502 79.086
549.788 79.080
550.074 79.074
550.360 79.075
550.646 79.080
550.932 79.080
551.218 79.086
551.504 79.099
551.790 79.108
552.076 79.125
552.362 79.138
552.648 79.124
552.934 79.085
553.220 79.058
553.506 79.047
553.793 79.040
554.079 79.032
554.365 79.012
554.651 78.991
554.937 78.988
555.223 78.981
555.509 78.974
555.795 78.972
556.081 78.972
556.367 78.956
556.653 78.952
556.939 78.942
557.225 78.928
557.511 78.903
557.797 78.876
558.083 78.856
558.369 78.848
558.655 78.854
558.941 78.856
559.227 78.851
559.513 78.854
559.799 78.850
560.085 78.847
560.371 78.836
560.657 78.823
560.943 78.798
561.229 78.772
561.515 78.763
561.801 78.744
562.087 78.733
562.373 78.724
562.659 78.716
562.945 78.705
563.231 78.685
563.517 78.655
563.803 78.639
564.089 78.630
564.375 78.614
564.661 78.589
564.947 78.570
565.233 78.563
565.519 78.536
565.805 78.512
566.091 78.492
566.377 78.471
566.663 78.461
566.949 78.446
567.235 78.418
567.521 78.398
567.807 78.376
568.093 78.344
568.379 78.316
568.665 78.285
568.951 78.259
569.237 78.235
569.524 78.209
569.810 78.183
570.096 78.169
570.382 78.168
570.668 78.153
570.954 78.125
571.240 78.085
571.526 78.049
571.812 78.030
572.098 78.017
572.384 77.991
572.670 77.955
572.956 77.927
573.242 77.897
573.528 77.865
573.814 77.847
574.100 77.825
574.386 77.809
574.672 77.784
574.958 77.759
575.244 77.746
575.530 77.734
575.816 77.717
576.102 77.695
576.388 77.665
576.674 77.649
576.960 77.631
577.248 77.622
577.536 77.609
577.824 77.602
578.113 77.586
578.401 77.565
578.689 77.559
578.977 77.547
579.265 77.536
579.553 77.521
579.841 77.500
580.130 77.489
580.418 77.483
580.706 77.486
580.994 77.499
581.282 77.506
581.570 77.505
581.858 77.494
582.147 77.494
582.435 77.481
582.723 77.456
583.011 77.447
583.299 77.441
583.587 77.433
583.875 77.418
584.164 77.409
584.452 77.406
584.740 77.413
585.028 77.413
585.316 77.409
585.604 77.413
585.892 77.415
586.181 77.403
586.469 77.386
586.757 77.373
587.045 77.363
587.333 77.365
587.621 77.374
587.909 77.379
588.198 77.378
588.486 77.386
588.774 77.400
589.062 77.411
589.350 77.411
589.638 77.412
589.927 77.420
590.215 77.427
590.503 77.430
590.791 77.437
591.079 77.452
591.367 77.468
591.655 77.471
591.944 77.473
592.232 77.473
592.520 77.476
592.808 77.476
593.096 77.473
593.384 77.468
593.672 77.467
593.961 77.470
594.249 77.470
594.537 77.460
594.825 77.447
595.113 77.449
595.401 77.435
595.689 77.434
595.978 77.445
596.266 77.447
596.554 77.440
596.842 77.439
597.130 77.446
597.418 77.449
597.706 77.452
597.995 77.440
598.283 77.424
598.571 77.407
598.859 77.375
599.147 77.347
599.435 77.339
599.723 77.330
600.012 77.331
600.300 77.341
600.588 77.341
600.876 77.338
601.164 77.336
601.452 77.338
601.740 77.335
602.029 77.348
602.317 77.353
602.605 77.345
602.893 77.337
603.181 77.325
603.469 77.328
603.757 77.327
604.046 77.324
604.334 77.321
604.622 77.317
604.910 77.306
605.198 77.282
605.486 77.263
605.774 77.251
606.063 77.249
606.351 77.243
606.639 77.228
606.927 77.222
607.215 77.212
607.503 77.191
607.791 77.186
608.080 77.184
608.368 77.171
608.656 77.155
608.944 77.145
609.232 77.145
609.520 77.141
609.808 77.134
610.097 77.135
610.385 77.128
610.673 77.135
610.961 77.141
611.249 77.137
611.537 77.123
611.825 77.117
612.114 77.112
612.402 77.118
612.690 77.106
612.978 77.093
613.266 77.082
613.554 77.083
613.843 77.084
614.131 77.078
614.419 77.070
614.707 77.060
614.995 77.063
615.283 77.052
615.571 77.052
615.860 77.062
616.148 77.062
616.436 77.080
616.724 77.096
617.012 77.095
617.300 77.097
617.588 77.095
617.877 77.085
618.165 77.073
618.453 77.058
618.741 77.047
619.029 77.040
619.317 77.028
619.605 76.995
619.894 76.977
620.182 76.975
620.470 76.981
620.758 76.982
621.046 76.965
621.334 76.963
621.622 76.959
621.911 76.955
622.199 76.957
622.487 76.948
622.775 76.929
623.063 76.931
623.351 76.935
623.639 76.926
623.928 76.918
624.216 76.925
624.504 76.921
624.792 76.911
625.080 76.924
625.368 76.928
625.656 76.920
625.945 76.911
626.233 76.907
626.521 76.888
626.809 76.867
627.097 76.855
627.385 76.859
627.673 76.846
627.962 76.834
628.250 76.813
628.538 76.800
628.826 76.790
629.114 76.786
629.402 76.779
629.690 76.785
629.979 76.775
630.267 76.770
630.555 76.774
630.843 76.766
631.131 76.761
631.419 76.750
631.707 76.755
631.996 76.753
632.284 76.730
632.572 76.700
632.860 76.693
633.148 76.685
633.436 76.661
633.724 76.648
634.013 76.646
634.301 76.638
634.589 76.635
634.877 76.629
635.165 76.628
635.453 76.624
635.741 76.631
636.030 76.640
636.318 76.642
636.606 76.639
636.894 76.636
637.182 76.646
637.470 76.646
637.759 76.633
638.047 76.617
638.335 76.611
638.623 76.608
638.911 76.596
639.199 76.603
639.487 76.612
639.776 76.598
640.064 76.599
640.352 76.615
640.640 76.607
640.928 76.600
641.216 76.594
641.504 76.606
641.793 76.611
642.081 76.614
642.369 76.608
642.657 76.586
642.945 76.561
643.233 76.543
643.521 76.528
643.810 76.510
644.098 76.504
644.386 76.496
644.674 76.490
644.962 76.473
645.250 76.453
645.538 76.421
645.827 76.378
646.115 76.340
646.403 76.290
646.691 76.241
646.979 76.194
647.267 76.141
647.555 76.082
647.844 76.035
648.132 75.984
648.420 75.941
648.708 75.890
648.996 75.846
649.284 75.811
649.572 75.781
649.861 75.775
650.149 75.773
650.437 75.765
650.725 75.745
651.013 75.723
651.301 75.697
651.589 75.651
651.878 75.620
652.166 75.592
652.454 75.571
652.742 75.550
653.030 75.524
653.318 75.502
653.606 75.493
653.895 75.478
654.183 75.473
654.471 75.453
654.759 75.427
655.047 75.398
655.335 75.385
655.623 75.383
655.912 75.372
656.200 75.359
656.488 75.347
656.776 75.328
657.064 75.308
657.352 75.296
657.640 75.281
657.929 75.274
658.217 75.268
658.505 75.267
658.793 75.267
659.081 75.240
659.369 75.204
659.657 75.180
659.946 75.167
660.234 75.165
660.522 75.170
660.810 75.177
661.098 75.186
661.386 75.188
661.675 75.189
661.963 75.181
662.251 75.164
662.539 75.160
662.827 75.168
663.115 75.204
663.403 75.236
663.692 75.255
663.980 75.289
664.268 75.340
664.556 75.366
664.844 75.397
665.132 75.436
665.420 75.461
665.709 75.497
665.997 75.532
666.285 75.567
666.573 75.599
666.861 75.614
667.149 75.642
667.437 75.647
667.726 75.642
668.014 75.650
668.302 75.653
668.590 75.675
668.878 75.696
669.166 75.709
669.454 75.708
669.743 75.708
670.031 75.705
670.319 75.688
670.607 75.689
670.895 75.687
671.183 75.677
671.471 75.670
671.760 75.651
672.048 75.647
672.336 75.645
672.624 75.653
672.912 75.655
673.200 75.655
673.488 75.662
673.777 75.666
674.065 75.668
674.353 75.645
674.641 75.626
674.929 75.627
675.217 75.615
675.505 75.596
675.794 75.572
676.082 75.542
676.370 75.510
676.658 75.501
676.946 75.509
677.234 75.517
677.522 75.528
677.811 75.528
678.099 75.520
678.387 75.517
678.675 75.510
678.963 75.498
679.251 75.474
679.539 75.468
679.828 75.480
680.116 75.477
680.404 75.470
680.692 75.458
680.980 75.452
681.268 75.445
681.556 75.423
681.845 75.388
682.133 75.368
682.421 75.352
682.709 75.335
682.997 75.331
683.285 75.324
683.573 75.306
683.862 75.271
684.150 75.246
684.438 75.235
684.726 75.223
685.014 75.218
685.302 75.217
685.591 75.205
685.879 75.195
686.167 75.190
686.455 75.174
686.743 75.174
687.031 75.175
687.319 75.158
687.608 75.145
687.896 75.149
688.184 75.153
688.472 75.147
688.760 75.140
689.048 75.133
689.336 75.113
689.625 75.104
689.913 75.105
690.201 75.114
690.489 75.108
690.777 75.077
691.065 75.046
691.353 75.023
691.642 74.999
691.930 75.000
692.218 75.000
692.506 74.983
692.794 74.982
693.082 74.985
693.370 75.000
693.659 75.010
693.947 75.013
694.235 75.013
694.523 75.005
694.811 74.987
695.099 74.968
695.387 74.947
695.676 74.934
695.964 74.913
696.252 74.905
696.540 74.919
696.836 74.939
697.133 74.942
697.429 74.924
697.725 74.918
698.021 74.907
698.318 74.895
698.614 74.892
698.910 74.906
699.207 74.908
699.503 74.903
699.799 74.908
700.095 74.915
700.392 74.917
700.688 74.908
700.984 74.905
701.281 74.907
701.577 74.916
701.873 74.917
702.169 74.912
702.466 74.907
702.762 74.902
703.058 74.892
703.355 74.863
703.651 74.852
703.947 74.835
704.243 74.830
704.540 74.830
704.836 74.830
705.132 74.836
705.428 74.830
705.725 74.811
706.021 74.792
706.317 74.776
706.614 74.763
706.910 74.762
707.206 74.773
707.502 74.781
707.799 74.786
708.095 74.774
708.391 74.758
708.688 74.768
708.984 74.767
709.280 74.759
709.576 74.759
709.873 74.757
710.169 74.751
710.465 74.738
710.762 74.733
711.058 74.728
711.354 74.711
711.650 74.711
711.947 74.729
712.243 74.723
712.539 74.722
712.836 74.724
713.132 74.712
713.428 74.698
713.724 74.686
714.021 74.684
714.317 74.676
714.613 74.641
714.910 74.604
715.206 74.590
715.502 74.584
715.798 74.565
716.095 74.552
716.391 74.533
716.687 74.511
716.984 74.490
717.280 74.488
717.576 74.485
717.872 74.471
718.169 74.439
718.465 74.425
718.761 74.389
719.058 74.349
719.354 74.335
719.650 74.332
719.946 74.320
720.243 74.309
720.539 74.305
720.835 74.284
721.131 74.280
721.428 74.300
721.724 74.300
722.020 74.286
722.317 74.274
722.613 74.238
722.909 74.213
723.205 74.203
723.502 74.193
723.798 74.197
724.094 74.189
724.391 74.185
724.687 74.178
724.983 74.165
725.279 74.153
725.576 74.119
725.872 74.090
726.168 74.068
726.465 74.043
726.761 74.021
727.057 74.014
727.353 74.018
727.650 74.023
727.946 74.020
728.242 74.004
728.539 74.002
728.835 73.986
729.131 73.969
729.427 73.960
729.724 73.933
730.020 73.906
730.316 73.899
730.613 73.877
730.909 73.856
731.205 73.835
731.501 73.838
731.798 73.831
732.094 73.826
732.390 73.807
732.687 73.799
732.983 73.799
733.279 73.799
733.575 73.779
733.872 73.769
734.168 73.762
734.464 73.751
734.761 73.732
735.057 73.714
735.353 73.706
735.649 73.699
735.946 73.710
736.242 73.734
736.538 73.722
736.835 73.743
737.131 73.771
737.427 73.778
737.723 73.776
738.020 73.779
738.316 73.763
738.612 73.732
738.909 73.727
739.205 73.717
739.501 73.690
739.797 73.690
740.094 73.693
740.390 73.685
740.686 73.721
740.982 73.743
741.279 73.742
741.575 73.752
741.871 73.753
742.168 73.747
742.464 73.743
742.760 73.745
743.056 73.758
743.353 73.768
743.649 73.793
743.945 73.806
744.242 73.799
744.538 73.803
744.834 73.795
745.130 73.784
745.427 73.771
745.723 73.737
746.019 73.699
746.316 73.688
746.612 73.681
746.908 73.665
747.204 73.639
747.501 73.630
747.797 73.627
748.093 73.611
748.390 73.583
748.686 73.580
748.982 73.576
749.278 73.576
749.575 73.546
749.871 73.546
750.167 73.542
750.464 73.530
750.760 73.508
751.056 73.498
751.352 73.478
751.649 73.461
751.945 73.455
752.241 73.470
752.538 73.491
752.834 73.509
753.130 73.511
753.426 73.506
753.723 73.511
754.019 73.492
754.315 73.448
754.611 73.428
754.908 73.416
755.204 73.408
755.500 73.388
755.797 73.378
756.093 73.371
756.389 73.380
756.685 73.391
756.982 73.398
757.278 73.383
757.574 73.366
757.871 73.347
758.167 73.318
758.463 73.320
758.759 73.292
759.056 73.263
759.352 73.262
759.648 73.251
759.945 73.240
760.241 73.246
760.537 73.267
760.833 73.272
761.130 73.246
761.426 73.228
761.722 73.223
762.019 73.202
762.315 73.202
762.611 73.210
762.907 73.209
763.204 73.208
763.500 73.193
763.804 73.202
764.108 73.228
764.412 73.253
764.716 73.268
765.020 73.287
765.324 73.317
765.628 73.335
765.932 73.341
766.236 73.342
766.540 73.356
766.844 73.353
767.148 73.358
767.452 73.368
767.756 73.378
768.060 73.366
768.364 73.340
768.668 73.335
768.972 73.326
769.276 73.317
769.580 73.309
769.884 73.308
770.188 73.336
770.492 73.339
770.796 73.326
771.100 73.296
771.404 73.276
771.708 73.256
772.012 73.249
772.316 73.249
772.620 73.269
772.924 73.277
773.228 73.250
773.532 73.227
773.836 73.237
774.140 73.260
774.444 73.277
774.748 73.292
775.052 73.310
775.356 73.333
775.659 73.338
775.963 73.347
776.267 73.355
776.571 73.393
776.875 73.412
777.179 73.410
777.483 73.406
777.787 73.402
778.091 73.398
778.395 73.399
778.699 73.389
779.003 73.330
779.307 73.276
779.611 73.265
779.915 73.277
780.219 73.294
780.523 73.308
780.827 73.308
781.131 73.320
781.435 73.342
781.739 73.356
782.043 73.393
782.347 73.426
782.651 73.428
782.955 73.392
783.259 73.377
783.563 73.371
783.867 73.380
784.171 73.388
784.475 73.373
784.779 73.368
785.083 73.379
785.387 73.385
785.691 73.373
785.995 73.364
786.299 73.380
786.603 73.403
786.907 73.420
787.211 73.437
787.515 73.481
787.819 73.495
788.123 73.504
788.427 73.510
788.731 73.467
789.035 73.451
789.339 73.461
789.643 73.478
789.947 73.470
790.251 73.474
790.555 73.472
790.859 73.487
791.163 73.500
791.467 73.535
791.771 73.589
792.075 73.622
792.379 73.636
792.683 73.605
792.987 73.577
793.291 73.542
793.595 73.527
793.899 73.520
794.203 73.524
794.507 73.507
794.811 73.502
795.115 73.491
795.419 73.477
795.723 73.470
796.027 73.482
796.331 73.495
796.635 73.503
796.939 73.513
797.243 73.533
797.547 73.591
797.851 73.645
798.155 73.659
798.459 73.648
798.763 73.605
799.067 73.585
799.371 73.592
799.674 73.595
799.978 73.599
800.282 73.605
800.586 73.562
800.890 73.510
801.194 73.502
801.498 73.524
801.802 73.511
802.106 73.515
802.410 73.517
802.714 73.510
803.018 73.534
803.322 73.540
803.626 73.525
803.930 73.519
804.234 73.509
804.538 73.508
804.842 73.501
805.146 73.466
805.450 73.460
805.754 73.458
806.058 73.418
806.362 73.402
806.666 73.408
806.970 73.422
807.274 73.448
807.578 73.445
807.882 73.416
808.186 73.416
808.490 73.463
808.794 73.492
809.098 73.518
809.402 73.547
809.706 73.563
810.010 73.521
810.314 73.501
810.618 73.510
810.922 73.493
811.226 73.501
811.530 73.498
811.834 73.496
812.137 73.476
812.441 73.483
812.744 73.503
813.048 73.551
813.351 73.590
813.655 73.585
813.958 73.554
814.262 73.587
814.565 73.586
814.869 73.556
815.172 73.545
815.476 73.510
815.779 73.465
816.083 73.445
816.386 73.433
816.690 73.449
816.993 73.435
817.297 73.431
817.600 73.432
817.904 73.411
818.208 73.394
818.511 73.378
818.815 73.358
819.118 73.379
819.422 73.408
819.725 73.405
820.029 73.390
820.332 73.405
820.636 73.418
820.939 73.425
821.243 73.425
821.546 73.421
821.850 73.432
822.153 73.457
822.457 73.477
822.760 73.496
823.064 73.525
823.367 73.555
823.671 73.574
823.974 73.565
824.278 73.567
824.582 73.590
824.885 73.599
825.189 73.582
825.492 73.600
825.796 73.605
826.099 73.578
826.403 73.570
826.706 73.574
827.010 73.535
827.313 73.483
827.617 73.454
827.920 73.424
828.224 73.384
828.527 73.396
828.831 73.382
829.134 73.340
829.438 73.362
829.741 73.381
830.045 73.389
830.348 73.364
830.652 73.359
830.956 73.361
831.259 73.354
831.563 73.304
831.866 73.253
832.170 73.247
832.473 73.254
832.777 73.222
833.080 73.196
833.384 73.217
833.687 73.236
833.991 73.251
834.294 73.286
834.598 73.293
834.901 73.293
835.205 73.276
835.508 73.308
835.812 73.360
836.115 73.406
836.419 73.444
836.722 73.424
837.026 73.387
837.330 73.357
837.633 73.336
837.937 73.333
838.240 73.375
838.544 73.415
838.847 73.408
839.151 73.399
839.454 73.371
839.758 73.361
840.061 73.362
840.365 73.357
840.668 73.362
840.972 73.389
841.275 73.419
841.579 73.435
841.882 73.454
842.186 73.479
842.489 73.499
842.793 73.505
843.097 73.537
843.400 73.593
843.704 73.636
844.007 73.654
844.311 73.664
844.614 73.682
844.918 73.714
845.221 73.734
845.525 73.757
845.828 73.758
846.132 73.714
846.435 73.695
846.739 73.704
847.042 73.715
847.346 73.747
847.649 73.785
847.953 73.781
848.256 73.773
848.560 73.780
848.863 73.852
849.167 73.888
849.471 73.849
849.774 73.853
850.078 73.926
850.381 73.976
850.685 73.994
850.988 74.015
851.292 74.015
851.595 74.048
851.899 74.061
852.202 74.036
852.506 74.052
852.809 74.059
853.113 74.072
853.416 74.069
853.720 74.050
854.023 74.037
854.327 73.992
854.630 73.953
854.934 73.918
855.237 73.915
855.541 73.949
855.845 73.987
856.148 74.008
856.452 73.988
856.755 73.917
857.059 73.860
857.362 73.863
857.666 73.843
857.969 73.816
858.273 73.765
858.576 73.747
858.880 73.727
859.183 73.680
859.487 73.629
859.790 73.563
860.094 73.505
860.397 73.444
860.701 73.398
861.004 73.359
861.308 73.318
861.611 73.275
861.915 73.211
862.219 73.163
862.522 73.121
862.826 73.097
863.129 73.089
863.433 73.058
863.736 73.017
864.040 72.990
864.343 73.005
864.647 73.007
864.950 72.991
865.254 72.979
865.557 72.935
865.861 72.897
866.164 72.858
866.468 72.784
866.771 72.741
867.075 72.729
867.378 72.683
867.682 72.641
867.985 72.654
868.289 72.648
868.593 72.596
868.896 72.543
869.200 72.501
869.503 72.487
869.807 72.483
870.110 72.451
870.414 72.403
870.717 72.394
871.021 72.378
871.324 72.363
871.628 72.342
871.931 72.317
872.235 72.302
872.538 72.262
872.842 72.248
873.145 72.197
873.449 72.150
873.752 72.174
874.056 72.170
874.359 72.148
874.663 72.150
874.967 72.159
875.270 72.192
875.574 72.207
875.877 72.169
876.181 72.169
876.484 72.171
876.788 72.176
877.091 72.136
877.395 72.105
877.698 72.065
878.002 72.027
878.305 72.016
878.609 71.995
878.912 71.971
879.216 71.979
879.519 71.979
879.823 71.974
880.126 71.956
880.430 71.968
880.733 71.977
881.037 71.969
881.341 71.945
881.644 71.930
881.948 71.934
882.251 71.966
882.555 71.968
882.858 71.961
883.162 72.018
883.465 72.045
883.769 72.048
884.072 72.060
884.376 72.079
884.679 72.079
884.983 72.085
885.286 72.099
885.590 72.078
885.893 72.066
886.197 72.072
886.500 72.055
886.804 72.024
887.107 72.001
887.411 72.006
887.715 72.054
888.018 72.078
888.322 72.067
888.625 72.073
888.929 72.086
889.232 72.098
889.536 72.074
889.839 72.038
890.143 72.018
890.446 72.008
890.750 72.000
891.053 72.025
891.357 72.018
891.660 72.027
891.964 72.094
892.267 72.103
892.571 72.083
892.874 72.067
893.178 72.065
893.482 72.076
893.785 72.036
894.089 72.020
894.392 72.048
894.696 72.043
894.999 72.067
895.303 72.113
895.606 72.136
895.910 72.175
896.213 72.239
896.517 72.259
896.820 72.284
897.124 72.326
897.427 72.361
897.731 72.365
898.034 72.395
898.338 72.425
898.641 72.426
898.945 72.411
899.248 72.409
899.552 72.417
899.856 72.430
900.159 72.462
900.463 72.509
900.766 72.464
901.070 72.455
901.373 72.479
901.677 72.446
901.980 72.424
902.284 72.454
902.587 72.480
902.891 72.479
903.194 72.490
903.498 72.482
903.801 72.481
904.105 72.503
904.408 72.538
904.712 72.554
905.015 72.561
905.319 72.548
905.622 72.556
905.926 72.562
906.230 72.540
906.533 72.531
906.837 72.565
907.140 72.577
907.444 72.571
907.747 72.560
908.051 72.586
908.354 72.628
908.658 72.655
908.961 72.685
909.265 72.699
909.568 72.705
909.872 72.740
910.175 72.780
910.479 72.751
910.782 72.724
911.086 72.748
911.389 72.783
911.693 72.778
911.996 72.768
912.300 72.816
912.613 72.849
912.926 72.850
913.238 72.869
913.551 72.839
913.864 72.805
914.176 72.828
914.489 72.844
914.802 72.815
915.115 72.824
915.427 72.836
915.740 72.850
916.053 72.861
916.366 72.825
916.678 72.788
916.991 72.786
917.304 72.849
917.617 72.893
917.929 72.924
918.242 72.938
918.555 72.969
918.868 73.002
919.180 72.990
919.493 73.025
919.806 73.045
920.119 73.025
920.431 72.991
920.744 72.963
921.057 72.932
921.370 72.903
921.682 72.886
921.995 72.876
922.308 72.928
922.621 72.930
922.933 72.926
923.246 72.910
923.559 72.898
923.872 72.874
924.184 72.872
924.497 72.841
924.810 72.855
925.123 72.886
925.435 72.889
925.748 72.865
926.061 72.860
926.374 72.865
926.686 72.931
926.999 73.003
927.312 73.037
927.625 73.100
927.937 73.150
928.250 73.232
928.563 73.223
928.876 73.204
929.188 73.266
929.501 73.368
929.814 73.419
930.127 73.442
930.439 73.471
930.752 73.526
931.065 73.559
931.378 73.574
931.690 73.592
932.003 73.590
932.316 73.613
932.629 73.636
932.941 73.681
933.254 73.741
933.567 73.740
933.880 73.766
934.192 73.861
934.505 73.919
934.818 73.990
935.131 74.054
935.443 74.131
935.756 74.165
936.069 74.226
936.382 74.257
936.694 74.286
937.007 74.316
937.320 74.339
937.633 74.367
937.945 74.355
938.258 74.306
938.571 74.297
938.884 74.357
939.196 74.410
939.509 74.500
939.822 74.558
940.135 74.581
940.447 74.634
940.760 74.636
941.073 74.653
941.386 74.643
941.698 74.631
942.011 74.684
942.324 74.715
942.637 74.720
942.949 74.802
943.262 74.905
943.575 74.967
943.888 74.962
944.200 74.949
944.513 74.975
944.826 75.075
945.139 75.159
945.451 75.140
945.764 75.058
946.077 74.974
946.390 74.962
946.702 74.930
947.015 74.858
947.328 74.803
947.641 74.809
947.953 74.820
948.266 74.717
948.579 74.596
948.892 74.529
949.204 74.437
949.517 74.429
949.830 74.451
950.143 74.488
950.455 74.537
950.768 74.583
951.081 74.623
951.394 74.667
951.706 74.700
952.019 74.653
952.332 74.645
952.645 74.701
952.957 74.702
953.270 74.683
953.583 74.701
953.896 74.613
954.208 74.530
954.521 74.571
954.834 74.607
955.147 74.551
955.459 74.520
955.772 74.502
956.085 74.466
956.398 74.391
956.710 74.297
957.023 74.280
957.336 74.375
957.649 74.385
957.961 74.359
958.274 74.391
958.587 74.339
958.900 74.296
959.212 74.236
959.525 74.127
959.838 74.102
960.151 74.078
960.463 74.077
960.776 74.099
961.089 74.026
961.402 74.007
961.714 74.040
962.027 73.965
962.340 73.913
962.653 73.911
962.965 73.926
963.278 73.913
963.591 73.824
963.904 73.668
964.216 73.576
964.529 73.581
964.842 73.562
965.154 73.567
965.467 73.517
965.780 73.444
966.094 73.443
966.409 73.459
966.723 73.484
967.037 73.507
967.352 73.583
967.666 73.684
967.980 73.759
968.295 73.801
968.609 73.771
968.923 73.688
969.238 73.651
969.552 73.584
969.866 73.575
970.181 73.583
970.495 73.514
970.809 73.511
971.124 73.577
971.438 73.516
971.752 73.497
972.067 73.527
972.381 73.529
972.695 73.490
973.010 73.518
973.324 73.593
973.638 73.530
973.953 73.511
974.267 73.585
974.581 73.565
974.896 73.496
975.210 73.562
975.524 73.652
975.839 73.737
976.153 73.804
976.467 73.834
976.781 73.899
977.096 73.921
977.410 73.956
977.724 74.061
978.039 74.110
978.353 74.166
978.667 74.278
978.982 74.348
979.296 74.454
979.610 74.498
979.925 74.496
980.239 74.575
980.553 74.627
980.868 74.634
981.182 74.689
981.496 74.757
981.811 74.757
982.125 74.767
982.439 74.822
982.754 74.919
983.068 75.063
983.382 75.261
983.697 75.361
984.011 75.417
984.325 75.437
984.640 75.487
984.954 75.609
985.268 75.624
985.583 75.570
985.897 75.587
986.211 75.723
986.526 75.762
986.840 75.793
987.154 75.861
987.469 75.965
987.783 75.994
988.097 76.029
988.412 76.049
988.726 76.053
989.040 76.017
989.355 76.018
989.669 76.153
989.983 76.254
990.298 76.289
990.612 76.373
990.926 76.390
991.241 76.466
991.555 76.464
991.869 76.421
992.184 76.406
992.498 76.434
992.812 76.555
993.127 76.685
993.441 76.708
993.755 76.748
994.070 76.819
994.384 76.809
994.698 76.794
995.013 76.826
995.327 76.852
995.641 76.874
995.956 76.871
996.270 76.851
996.584 76.765
996.899 76.740
997.213 76.900
997.527 76.917
997.841 76.873
998.156 76.882
998.470 76.777
998.784 76.815
999.099 76.914
999.413 76.887
999.727 76.866